14.0523600578308,1096.6480546884,778.014419911792,152.8,-58,2.79184530717959,2.79184530717959
14.9772610664368,1098.1215799074,777.039540640216,152.8,-59,2.58935530717959,2.58935530717959
16.8100788593292,1100.36902946911,775.367078229943,152.8,-58,1.98190530717959,1.98190530717959
18.6422350406647,1100.83554263192,774.03957266237,152.8,-58,1.52170530717959,1.52170530717959
19.2542500495911,1100.47516764341,773.719113367304,152.8,-56,1.33149530717959,1.33149530717959
19.8281090259552,1103.25284498157,772.625480765106,152.8,-57,1.27627530717959,1.27627530717959
20.5221688747406,1104.73271643638,771.772435671138,152.8,-58,1.17196530717959,1.17196530717959
21.1479969024658,1105.47163446932,771.158071106596,152.8,-60,1.00629530717959,1.00629530717959
21.6433010101318,1106.03486007771,770.685955523093,152.8,-57,0.809945307179587,0.809945307179587
22.5645589828491,1107.11460397852,769.782137991557,152.8,-61,0.595185307179587,0.595185307179587
22.9053859710693,1106.87710187191,769.510805659953,152.8,-58,0.466325307179586,0.466325307179586
24.4637730121613,1106.36834950947,768.10472379072,152.8,-62,6.11137930717959,-0.171806
24.7475020885468,1106.69719588635,767.81843920767,152.8,-62,5.99479730717959,-0.288388
25.428013086319,1107.46209551084,767.148154903151,152.8,-62,5.67572930717959,-0.607456
25.9518239498138,1108.16780469585,766.546260788333,152.8,-60,5.35666130717959,-0.926524
26.2669820785522,1108.59240449261,766.184122779856,152.8,-61,5.31984530717959,-0.96334
26.7064280509949,1109.12496886869,765.726171656018,152.8,-61,5.03145530717959,-1.25173
27.706090927124,1110.37429733391,765.006231899231,152.8,-62,4.61421530717959,-1.66897
28.1343500614166,1110.92197445508,764.794627608412,152.8,-61,4.44854530717959,-1.83464
28.8517870903015,1111.72894622711,764.04757948282,152.8,-61,4.00062530717959,-2.28256
29.2860848903656,1112.21507311785,763.600567950929,152.8,-61,3.90858530717959,-2.3746
29.6761510372162,1112.65082542405,763.200983086145,152.8,-61,3.22135530717959,-3.06183
30.6060168743134,1113.80122571229,762.174966693495,152.8,-60,3.46679530717959,-2.81639
31.3916239738464,1114.7381288946,761.351326941024,152.8,-60,3.23976530717959,-3.04342
32.2922968864441,1115.33290649097,760.540423217491,152.8,-60,3.06182530717959,-3.22136
32.8520400524139,1115.86013936973,759.973080606599,152.8,-59,2.98819530717959,-3.29499
33.210305929184,1116.33943344666,759.56248534736,152.8,-59,2.77957530717959,-3.50361
33.9519560337067,1117.23867012985,758.80131118883,152.8,-59,2.57095530717959,-3.71223
34.527960062027,1117.94654737212,758.205127097965,152.8,-59,2.34392530717959,-3.93926
34.9813239574432,1118.5665908848,757.682026896395,152.8,-59,2.34392530717959,-3.93926
35.3676090240479,1119.0727096022,757.257514578183,152.8,-59,2.38687530717959,-3.89631
36.1983480453491,1120.03816482189,756.457630504064,152.8,-59,2.06780530717959,-4.21538
36.7700729370117,1120.50359371745,755.986957339253,152.8,-59,2.05553530717959,-4.22765
37.2995939254761,1121.02961801438,755.513825319125,152.8,-60,1.90213530717959,-4.38105
37.6556119918823,1121.4539071664,755.168049486825,152.8,-60,1.76714530717959,-4.51604
38.3971309661865,1122.3840703444,754.418743724477,152.8,-61,1.58306530717959,-4.70012
38.8108379840851,1122.9197077268,753.990233818557,152.8,-62,1.51557530717959,-4.76761
39.4769880771637,1123.74229914663,753.325112942639,152.8,-62,1.29467530717959,-4.98851
39.9332060813904,1124.30421511615,752.868369450425,152.8,-62,1.26399530717959,-5.01919
40.4418060779572,1124.93048810184,752.35596428031,152.8,-62,1.19036530717959,-5.09282
41.2403490543365,1125.95161479895,751.412278232158,152.8,-63,1.00015530717959,-5.28303
41.7521600723267,1126.61727297346,750.818780499841,152.8,-63,0.785395307179586,-5.49779
42.1573240756989,1127.14719560611,750.38415097218,152.8,-63,0.656545307179586,-5.62664
43.3225069046021,1128.5862514324,749.20388220568,152.8,-63,0.386565307179586,-5.89662
43.9453299045563,1129.39237725933,748.5298526277,152.8,-64,0.153395307179586,-6.12979
44.6591219902039,1130.25066456855,747.818320734553,152.8,-64,6.28318530717959,-6.28318530717959
45.2256429195404,1131.00534543947,747.22157819266,152.8,-63,6.07456430717959,-6.49180630717959
45.644711971283,1131.81510286584,746.639301754273,152.8,-63,5.96411730717959,-6.60225330717959
46.1823980808258,1132.72251402078,745.958085408413,152.8,-63,5.90889430717959,-6.65747630717959
47.3721840381622,1134.1947511591,744.71643235454,152.8,-62,5.57141830717959,-6.99495230717959
47.9828119277954,1134.90018612374,744.117438204752,152.8,-62,5.35666130717959,-7.20970930717959
48.4733550548553,1135.40304273073,743.686184005929,152.8,-62,5.30143730717959,-7.26493330717959
49.1911370754242,1136.13894523166,743.056170574971,152.8,-61,5.17258530717959,-7.39378530717959
49.7465889453888,1136.75900875303,742.497093870974,152.8,-61,5.14803530717959,-7.41833530717959
50.380352973938,1137.60386309172,741.66420830208,152.8,-60,4.92714530717959,-7.63922530717959
51.2013509273529,1138.5921366157,740.804442901005,152.8,-61,4.72466530717959,-7.84170530717959
51.8538908958435,1139.44958583319,740.07707980238,152.8,-59,4.61421530717959,-7.95215530717959
52.0566718578339,1139.72383327959,739.84466671221,152.8,-59,4.54058530717959,-8.02578530717959
53.0805289745331,1140.83829463705,738.883144647887,152.8,-58,4.25833530717959,-8.30803530717959
53.6613988876343,1141.49940826621,738.316412541771,152.8,-58,4.14174530717959,-8.42462530717959
54.0917119979858,1142.00466737035,737.89393181728,152.8,-58,3.99448530717959,-8.57188530717959
55.1388509273529,1143.42493898021,736.877889887567,152.8,-57,3.81040530717959,-8.75596530717959
55.3139359951019,1143.61174561981,736.721213351131,152.8,-57,3.77972530717959,-8.78664530717959
56.2481808662415,1144.68741275642,735.817309445297,152.8,-56,3.48520530717959,-9.08116530717959
56.9082839488983,1145.51423052075,735.119665808812,152.8,-56,3.36862530717959,-9.19774530717959
57.4301030635834,1146.1613201413,734.571437102509,152.8,-55,3.25203530717959,-9.31433530717959
58.1860499382019,1146.93368648218,733.92373494218,152.8,-55,3.01887530717959,-9.54749530717959
58.9500389099121,1147.52881430839,733.356527867401,152.8,-54,2.87774530717959,-9.68862530717959
59.6459400653839,1148.1280310815,732.788357138252,152.8,-54,2.69980530717959,-9.86656530717959
60.2435500621796,1148.85284553562,732.173927270726,152.8,-53,2.58935530717959,-9.97701530717959
60.5863680839539,1149.24636347976,731.838437231919,152.8,-53,2.46050530717959,-10.1058653071796
61.4729490280151,1150.26670543504,730.967588274365,152.8,-53,2.26415530717959,-10.3022153071796
62.1033420562744,1151.00724641416,730.336109533618,152.8,-53,2.14143530717959,-10.4249353071796
62.658812046051,1151.62755511346,729.811328374009,152.8,-52,2.15984530717959,-10.4065253071796
63.1831660270691,1152.27645831784,729.277568417921,152.8,-52,2.07394530717959,-10.4924253071796
63.9469749927521,1153.30252979378,728.45255256261,152.8,-52,1.93895530717959,-10.6274153071796
64.6379690170288,1154.05272619287,727.824638176567,152.8,-51,1.85918530717959,-10.7071853071796
65.4112520217896,1154.9307608196,727.089723193994,152.8,-51,1.78555530717959,-10.7808153071796
65.8358249664307,1155.42344476074,726.677369530328,152.8,-51,1.71805530717959,-10.8483153071796
66.5877408981323,1156.31460183627,725.931877016346,152.8,-51,1.58920530717959,-10.9771653071796
67.2320849895477,1157.12841719188,725.254190774761,152.8,-51,1.54011530717959,-11.0262553071796
68.0539500713348,1158.38392272694,724.05378770217,152.8,-51,1.46034530717959,-11.1060253071796
68.5435280799866,1159.02057642981,723.472060627724,152.8,-51,1.35603530717959,-11.2103353071796
69.3057949542999,1159.79319211329,722.846001303665,152.8,-51,1.27627530717959,-11.2900953071796
70.0156760215759,1160.51887053006,722.256194590463,152.8,-51,1.22104530717959,-11.3453253071796
70.7552440166473,1161.36892264519,721.557240174553,152.8,-51,1.20264530717959,-11.3637253071796
71.3448178768158,1162.10698971818,720.951805783276,152.8,-51,1.11060530717959,-11.4557653071796
72.0462760925293,1162.94389542956,720.282953798204,152.8,-51,1.04310530717959,-11.5232653071796
72.687793970108,1163.50927458771,719.875737670372,152.8,-51,0.994015307179586,-11.5723553071796
73.3550128936768,1164.29765116578,719.215165433775,152.8,-51,0.963335307179586,-11.6030353071796
73.8290219306946,1164.86783260824,718.732714762487,152.8,-52,0.859025307179587,-11.7073453071796
74.1807060241699,1165.28297041364,718.382589103966,152.8,-52,0.779265307179586,-11.7871053071796
74.9850239753723,1166.26731497625,717.556245656226,152.8,-52,0.760855307179586,-11.8055153071796
75.5834519863129,1166.99857998713,716.94577861068,152.8,-52,0.766995307179586,-11.7993753071796
76.2910740375519,1167.7879765818,716.290579437105,152.8,-52,0.662675307179586,-11.9036953071796
77.1437420845032,1168.94041122661,715.258385005628,152.8,-52,0.625865307179586,-11.9405053071796
77.6743779182434,1169.58120262236,714.72163893326,152.8,-52,0.595185307179587,-11.9711853071796
78.4238920211792,1170.48931594395,713.972597777051,152.8,-53,0.539965307179586,-12.0264053071796
79.0235469341278,1171.24348796752,713.35257493644,152.8,-52,0.478605307179587,-12.0877653071796
79.6138620376587,1172.0133375498,712.720876882216,152.8,-53,0.509285307179586,-12.0570853071796
80.4872560501099,1173.19161574844,711.7532057267,152.8,-53,0.472465307179586,-12.0939053071796
80.9255819320679,1173.71085836416,711.320638616477,152.8,-53,0.466325307179586,-12.1000453071796
81.6516370773315,1174.20273947769,710.880446704713,152.8,-53,0.484735307179586,-12.0816353071796
82.421767950058,1175.09056471951,710.132896526359,152.8,-53,0.484735307179586,-12.0816353071796
83.1004650592804,1175.88028832377,709.469814098372,152.8,-53,0.447925307179586,-12.1184453071796
83.5418169498444,1176.39181554069,709.040617184557,152.8,-53,0.472465307179586,-12.0939053071796
84.551521062851,1177.54929725152,708.07092084184,152.8,-53,0.429515307179586,-12.1368553071796
85.2026870250702,1178.34281532002,707.404074465014,152.8,-53,0.404975307179586,-12.1613953071796
85.9468500614166,1179.33011829381,706.728758946512,152.8,-53,0.460195307179586,-12.1061753071796
86.6422748565674,1180.08506538991,706.152721971765,152.8,-53,0.521555307179586,-12.0448153071796
87.6307480335236,1181.11900543518,705.297912163995,152.8,-53,0.503145307179587,-12.0632253071796
87.9886128902435,1181.51314867078,704.971385368482,152.8,-53,0.527685307179587,-12.0386853071796
88.9534850120544,1182.59072646012,704.07752743432,152.8,-53,0.582915307179587,-11.9834553071796
89.6748208999634,1183.4667899093,703.363817028023,152.8,-53,0.613595307179586,-11.9527753071796
89.9742178916931,1183.85062219798,703.039392511408,152.8,-53,0.607455307179587,-11.9589153071796
90.6861140727997,1184.79646887193,702.221417101814,152.8,-53,0.687225307179586,-11.8791453071796
91.4916989803314,1185.76236330833,701.424784166657,152.8,-53,0.797665307179586,-11.7687053071796
92.4391000270844,1186.83913262292,700.540346865407,152.8,-53,0.877435307179586,-11.6889353071796
92.8479480743408,1187.32082848067,700.145237925027,152.8,-53,0.840625307179586,-11.7257453071796
93.7330870628357,1188.40139992267,699.262506497589,152.8,-53,0.981745307179586,-11.5846253071796
94.5375130176544,1189.41784455619,698.443313701781,152.8,-53,1.05537530717959,-11.5109953071796
95.3723769187927,1190.43420947412,697.628158771566,152.8,-53,1.11673530717959,-11.4496353071796
95.8932650089264,1191.06175457309,697.105204522426,152.8,-53,1.14741530717959,-11.4189553071796
96.3929569721222,1191.64857248664,696.613238121801,152.8,-52,1.24559530717959,-11.3207753071796
97.4631960391998,1192.90993349701,695.556400689226,152.8,-53,1.32535530717959,-11.2410153071796
97.9243130683899,1193.45826006312,695.097698795646,152.8,-53,1.33149530717959,-11.2348753071796
98.6101100444794,1194.24373760804,694.43300694867,152.8,-53,1.42966530717959,-11.1367053071796
99.002543926239,1194.716629716,694.043996327972,152.8,-53,1.48489530717959,-11.0814753071796
100.01918387413,1195.97224970122,693.021590784317,152.8,-53,1.57079530717959,-10.9955753071796
100.791985034943,1196.85689276494,692.275876920919,152.8,-53,1.66283530717959,-10.9035353071796
101.962918043137,1198.18330980116,691.146356323199,152.8,-53,1.79168530717959,-10.7746853071796
102.507610082626,1198.86297057786,690.570589861705,152.8,-52,1.85304530717959,-10.7133253071796
102.99250793457,1199.49343552743,690.03784697932,152.8,-53,1.87759530717959,-10.6887753071796
103.632160902023,1200.29464241404,689.431621478892,152.8,-52,1.96963530717959,-10.5967353071796
104.459250926971,1201.33108898335,688.661218988095,152.8,-53,2.08007530717959,-10.4862953071796
105.649489879608,1202.82963157761,687.39160045227,152.8,-53,2.19052530717959,-10.3758453071796
106.411660909653,1203.62698231598,686.708280701111,152.8,-54,2.24574530717959,-10.3206253071796
107.083096027374,1204.3116282155,686.122804388613,152.8,-54,2.34392530717959,-10.2224453071796
107.529048919678,1204.79627957424,685.710366082318,152.8,-54,2.37460530717959,-10.1917653071796
108.266617059708,1205.57813278065,685.044693116683,152.8,-54,2.42368530717959,-10.1426853071796
109.057713031769,1206.41720890712,684.33553085506,152.8,-55,2.42368530717959,-10.1426853071796
109.714874982834,1207.12766269028,683.73525461752,152.8,-54,2.55867530717959,-10.0076953071796
110.494776964188,1207.98516840273,683.000324568942,152.8,-55,2.65071530717959,-9.91565530717959
110.891957044601,1208.37890097132,682.668969856725,152.8,-55,2.69980530717959,-9.86656530717959
111.625074863434,1209.13226728549,682.032937118661,152.8,-56,2.78570530717959,-9.78066530717959
112.533545017242,1210.27472733677,681.088550162353,152.8,-57,3.04955530717959,-9.51681530717959
113.004847049713,1211.03703322417,680.479217067126,152.8,-58,3.12318530717959,-9.44318530717959
113.240638971329,1211.38785273625,680.194403559051,152.8,-57,3.17227530717959,-9.39409530717959
114.261858940125,1212.70009072713,679.096263455169,152.8,-57,3.34407530717959,-9.22229530717959
115.035244941711,1213.66029914752,678.289170301798,152.8,-58,3.53429530717959,-9.03207530717959
115.834534883499,1214.52826004946,677.549872366138,152.8,-59,3.72450530717959,-8.84186530717959
116.367647886276,1215.14090448827,677.034180396764,152.8,-59,3.87176530717959,-8.69460530717959
117.592686891556,1216.38285450895,676.011134594248,152.8,-59,4.30741530717959,-8.25895530717959
118.140110015869,1216.97073230532,675.530422021167,152.8,-59,4.50376530717959,-8.06260530717959
118.900853872299,1217.81975356327,674.826846021103,152.8,-60,4.75534530717959,-7.81102530717959
119.730450868607,1218.72048572872,674.075697259266,152.8,-59,5.01304530717959,-7.55332530717959
120.284575939178,1219.29507350362,673.597740702927,152.8,-59,5.12963530717959,-7.43673530717959
120.844572067261,1219.92320087652,673.074093922743,152.8,-58,5.24621530717959,-7.32015530717959
121.069843053818,1220.17587918246,672.863445275611,152.8,-58,5.24621530717959,-7.32015530717959
122.052571058273,1221.56732586545,671.754931706107,152.8,-58,5.42415630717959,-7.14221430717959
122.512527942657,1222.07569183115,671.33179179937,152.8,-58,5.51005930717959,-7.05631130717959
122.996876955032,1222.61468794199,670.882970166544,152.8,-58,5.53460230717959,-7.03176830717959
123.841635942459,1223.60454329805,670.056206566674,152.8,-58,5.71868030717959,-6.84769030717959
124.333241939545,1224.1828881989,669.573316649461,152.8,-57,5.78617530717959,-6.78019530717959
125.038945913315,1225.02362352281,668.873854795384,152.8,-58,5.87207830717959,-6.69429230717959
125.745266914368,1225.86932763991,668.156420173128,152.8,-58,6.02547630717959,-6.54089430717959
126.267484903336,1226.47480329432,667.601306512403,152.8,-59,6.09297130717959,-6.47339930717959
126.893756866455,1227.13795107083,667.02261507737,152.8,-59,6.19114650717959,-6.37522410717959
127.601594924927,1227.86041675064,666.417031818091,152.8,-59,0.0368153071795865,-6.24637
128.454459905624,1228.82068376903,665.618774054687,152.8,-59,0.214755307179586,-6.06843
128.674769878387,1229.11121501281,665.374980445776,152.8,-60,0.233165307179586,-6.05002
129.284440040588,1229.90536013111,664.708798518811,152.8,-60,0.331335307179586,-5.95185
129.431144952774,1230.08228442451,664.56068761034,152.8,-60,0.312935307179586,-5.97025
130.385416030884,1231.24297304988,663.598527465007,152.8,-62,0.490875307179587,-5.79231
130.970597028732,1231.96589099633,663.009638157162,152.8,-63,0.711765307179586,-5.57142
131.12960100174,1232.15752544051,662.847525776003,152.8,-63,0.613595307179586,-5.66959
132.069357872009,1233.29671574393,661.883467185403,152.8,-64,0.785395307179586,-5.49779
132.485889911652,1233.81193021758,661.446890710363,152.8,-64,0.975615307179586,-5.30757
133.197361946106,1234.64596168743,660.741931329016,152.8,-65,1.18423530717959,-5.09895
133.411124944687,1234.88661185673,660.538927423828,152.8,-65,1.19036530717959,-5.09282
137.071887016296,1239.25915327922,656.842825119723,152.8,-66,2.41755530717959,-3.86563
138.163722991943,1240.43750702969,655.854093056326,152.8,-66,2.92683530717959,-3.35635
138.866277933121,1241.18668142968,655.227356825491,152.8,-66,3.21522530717959,-3.06796
139.339961051941,1241.63576200107,654.839991380874,152.8,-65,3.23363530717959,-3.04955
139.833847999573,1242.07071708525,654.457004956107,152.8,-64,3.44838530717959,-2.8348
140.266553878784,1242.5344226949,654.068629163237,152.8,-64,3.58951530717959,-2.69367
140.86603307724,1243.19924402375,653.517045727743,152.8,-64,3.79813530717959,-2.48505
141.574475049973,1243.94993350873,652.896739153317,152.8,-64,4.11106530717959,-2.17212
142.141742944717,1244.58494623024,652.375823429166,152.8,-65,4.17242530717959,-2.11076
142.563062906265,1245.06423454374,651.983464858804,152.8,-64,4.07425530717959,-2.20893
142.967933893204,1245.54510376518,651.587457762734,152.8,-64,4.26446530717959,-2.01872
143.777484893799,1246.50479180877,650.744991079535,152.8,-64,4.58353530717959,-1.69965
