28.4143118858337,1111.23687496963,764.50311079544,152.8,-64,4.42706530717959,4.42706530717959
28.9636480808258,1111.85476725127,763.931101604018,152.8,-63,4.24605530717959,4.24605530717959
29.5380339622498,1112.4965315064,763.342470608634,152.8,-62,4.35650530717959,4.35650530717959
30.0041139125824,1113.0372485116,762.851823687091,152.8,-62,4.22151530717959,4.22151530717959
30.5069088935852,1113.67543095384,762.286416435633,152.8,-62,4.04970530717959,4.04970530717959
31.6841740608215,1115.06783759067,761.053819824383,152.8,-62,4.12947530717959,4.12947530717959
32.0000250339508,1115.20551088064,760.787168399612,152.8,-62,4.24605530717959,4.24605530717959
32.7646369934082,1115.7432100968,760.073250017078,152.8,-62,4.25219530717959,4.25219530717959
33.4014098644257,1116.59509548477,759.34346820138,152.8,-61,4.41786530717959,4.41786530717959
33.9870059490204,1117.27925837514,758.767162424765,152.8,-62,4.23378530717959,4.23378530717959
34.5146920681,1117.92840138907,758.220435970965,152.8,-61,4.28900530717959,4.28900530717959
34.951593875885,1118.52593051376,757.716330050689,152.8,-61,4.33196530717959,4.33196530717959
35.5245549678802,1119.25661443356,757.105793092316,152.8,-61,4.35036530717959,4.35036530717959
35.8531730175018,1119.64167979759,756.788114166988,152.8,-61,4.31355530717959,4.31355530717959
36.7202780246735,1120.46305675397,756.027951057251,152.8,-61,4.28900530717959,4.28900530717959
37.2416498661041,1120.96056242946,755.570102393933,152.8,-61,4.16015530717959,4.16015530717959
37.6342148780823,1121.42840687827,755.188831030042,152.8,-61,4.08652530717959,4.08652530717959
38.3593800067902,1122.33519318207,754.457845454347,152.8,-62,3.92085530717959,3.92085530717959
39.2928359508514,1123.51544041826,753.508643697656,152.8,-62,3.80427530717959,3.80427530717959
39.8191959857941,1124.16382690645,752.983232531084,152.8,-63,3.54656530717959,3.54656530717959
40.330894947052,1124.79391585338,752.46770521087,152.8,-63,3.52201530717959,3.52201530717959
41.2126030921936,1125.91571175951,751.446624414135,152.8,-65,3.41770530717959,3.41770530717959
