6.04700899124146,1,4.23379,-61,8.04653797812684,9.70266810571119,0.633,0.746582764477708
6.17212700843811,1,4.33196,-61,8.04786710500237,9.70130151351434,0.633,0.746539054936164
6.36135792732239,1,4.29515,-61,8.04987730229933,9.69923465293787,0.633,0.746472947776733
6.67224097251892,1,4.43627,-61,8.05316029435972,9.69584377360397,0.633,0.746479606999683
6.81008982658386,1,4.49763,-62,8.05458655012447,9.694347343021,0.633,0.746656561338581
6.90476298332214,1,4.44854,-61,8.05556608772369,9.69331961008778,0.633,0.746778091734867
7.11044692993164,1,4.59581,-60,8.05769420055103,9.69108678958143,0.633,0.747042124882195
7.4103798866272,1,4.60194,-60,8.06097813341533,9.68779682422202,0.633,0.747372447380533
7.55107188224792,1,4.65103,-60,8.06274414117861,9.68621110045653,0.633,0.747459100011728
7.92577791213989,1,4.68785,-60,8.06744756268329,9.68198783065321,0.633,0.74768988260367
8.1654589176178,1,4.75534,-60,8.0702306504564,9.67926782972082,0.633,0.747556125621614
8.22193384170532,1,4.63262,-61,8.07082506098911,9.67862187139124,0.633,0.747448036335043
8.50846695899963,1,4.63876,-60,8.07384088271247,9.67534451499268,0.633,0.74689963081299
8.68089389801025,1,4.83511,-60,8.07565571275122,9.67337230131914,0.633,0.746569617003776
8.98508501052856,1,4.89647,-61,8.07874260709878,9.66999324530754,0.633,0.746711939138034
9.14598488807678,1,4.81056,-60,8.0803557020106,9.66822312345739,0.633,0.746911553685383
9.36471700668335,1,4.87806,-61,8.08254859160724,9.66581676673188,0.633,0.747182915687091
9.50887584686279,1,4.95169,-60,8.08397865379352,9.66424484330294,0.633,0.747439087819277
9.67505502700806,1,4.93942,-60,8.08561196029357,9.66244683362641,0.633,0.747811728756053
9.8825888633728,1,5.08054,-60,8.08765172462276,9.66020137877663,0.633,0.748277103558889
10.1336538791656,1,5.07441,-60,8.09011933892842,9.65748492941494,0.633,0.748840092873163
10.444394826889,1,5.1235,-60,8.09297121481995,9.65436167869285,0.633,0.749027773634913
10.5433678627014,1,5.31371,-60,8.09387404533274,9.65337341082928,0.633,0.749073680271156
10.7654919624329,1,5.24621,-60,8.0959002579594,9.65115545209247,0.633,0.749176708031834
11.0677778720856,1,5.50392,-60,8.09864425022849,9.6487435422663,0.633,0.749352512297262
11.3069548606873,1,5.59596,-61,8.10080191137419,9.64744194431852,0.633,0.749527225567025
11.4654169082642,1,5.6021,-61,8.1022314276714,9.64657959599174,0.633,0.749642978435339
11.5586638450623,1,5.54687,-61,8.10307262603944,9.64607214741868,0.633,0.749711093170451
11.7269048690796,1,5.69414,-61,8.10461181486407,9.64496500416995,0.633,0.749777370158589
12.0758018493652,1,5.85981,-61,8.10794160978132,9.641438208399,0.633,0.749551059421789
12.3015739917755,1,5.89662,-61,8.1100963287234,9.63915600969267,0.633,0.749404613156028
12.4739859104156,1,5.98866,-61,8.11181940265979,9.63732196174406,0.633,0.749191514629371
12.6871199607849,1,6.01934,-61,8.11412027869144,9.63485391506281,0.633,0.748705200012376
12.7921419143677,1,6.01934,-61,8.1152540369782,9.63363778332061,0.633,0.748465568141991
13.1023378372192,1,0.0245437,-62,8.11860273871202,9.63004578093241,0.633,0.74775778442018
13.251060962677,1,6.27091,-62,8.12014285714185,9.62836871878947,0.633,0.747531802292406
13.5518498420715,1,0.214757,-61,8.1232472852513,9.62498409158131,0.633,0.747092823704436
13.6927819252014,1,0.0122718,-62,8.12470183876164,9.62339825315529,0.633,0.74688714400319
13.9129548072815,1,0.0306796,-61,8.12709609484479,9.62079947115154,0.633,0.746808322518922
14.1499998569489,1,0.312932,-61,8.1297766011526,9.61789925121194,0.633,0.746927981943004
14.2692568302155,1,0.490874,-62,8.13112515945213,9.61644015534688,0.633,0.746988182401772
14.5153880119324,1,0.613592,-61,8.13382576393533,9.61358741069762,0.633,0.74723005770098
14.6801569461823,1,0.668816,-62,8.13513586971773,9.61263316409833,0.633,0.748100439397244
14.842983007431,1,0.674952,-62,8.13643052738689,9.61169016949847,0.633,0.74896055798714
15.018581867218,1,0.859029,-61,8.13782674374671,9.61067320221909,0.633,0.7498881480947
15.2288188934326,1,0.944932,-62,8.13951789082048,9.60939956373528,0.633,0.750957475065861
15.4648368358612,1,1.00016,-61,8.14180894723228,9.60684210541513,0.633,0.751328557253491
15.7145438194275,1,1.08606,-62,8.1442328849206,9.60413631450724,0.633,0.751721162208754
16.0057339668274,1,1.28854,-60,8.14706494233088,9.60097598028618,0.633,0.751926104413806
16.2105979919434,1,1.20264,-61,8.14908543271651,9.59872659518553,0.633,0.750766936363197
16.3476028442383,1,1.36831,-60,8.1504366557372,9.59722229654992,0.633,0.74999173121203
16.6542398929596,1,1.54012,-62,8.15346089197618,9.59385545452722,0.633,0.748256707848071
16.9168558120728,1,1.5892,-61,8.15595273347935,9.59108856225864,0.633,0.747081873013639
17.0676558017731,1,1.88373,-61,8.15737302420291,9.58951230988901,0.633,0.746440766673856
17.4807438850403,1,1.99418,-61,8.16129226928386,9.58516768119153,0.633,0.744566281649282
17.7177419662476,1,2.08008,-61,8.16363777438117,9.58258436793852,0.633,0.74309024226096
17.915424823761,1,2.08621,-61,8.1655941874778,9.58042959629181,0.633,0.741859060630292
18.3124129772186,1,2.39301,-62,8.1693971034802,9.57673821381888,0.633,0.740335658211395
18.6760518550873,1,2.58322,-61,8.17271663117115,9.57418435820847,0.633,0.740175254756547
19.0038018226624,1,2.71821,-61,8.17564237966131,9.57158154198246,0.633,0.740444654635179
19.1944799423218,1,2.82252,-61,8.17726286597815,9.5696957896721,0.633,0.741112284492132
19.6308867931366,1,2.93911,-61,8.18098145361885,9.56536875064081,0.633,0.742631332585909
19.8169348239899,1,3.06183,-61,8.18286129837941,9.56318925760099,0.633,0.743008582086221
20.4054639339447,1,3.36249,-62,8.18874023496007,9.55636779256687,0.633,0.744133450231658
20.6698808670044,1,3.42385,-61,8.19108220817783,9.55362606224592,0.633,0.74433559155931
21.0281128883362,1,3.62019,-62,8.19425511314271,9.54991156641747,0.633,0.744609452599758
21.2433249950409,1,3.7061,-62,8.19662314498957,9.54720452085439,0.633,0.744094840288298
21.566220998764,1,3.68769,-62,8.20026409608221,9.54305232510283,0.633,0.743193271446311
21.9959278106689,1,3.97608,-61,8.20577654614855,9.53850769433707,0.633,0.743391838166571
22.3041279315948,1,4.16016,-62,8.21019827514498,9.53593641057672,0.633,0.744515291378785
22.5834269523621,1,4.1847,-62,8.21379037812863,9.53325566955314,0.633,0.744884485974029
22.9908699989319,1,4.37491,-62,8.21800279375569,9.52847673731046,0.633,0.743815957109909
23.257269859314,1,4.54672,-63,8.22074703787315,9.5253684200857,0.633,0.74299998758343
23.5124289989471,1,4.52831,-62,8.22333511708313,9.52245726992956,0.633,0.741743522534134
24.0778908729553,1,5.01305,-64,8.22918328905914,9.51585935765692,0.633,0.739418557073116
24.3332619667053,1,5.11736,-63,8.23197200775044,9.51268780478759,0.633,0.738970395228014
24.6930367946625,1,5.33212,-64,8.23588948891877,9.50823130012526,0.633,0.738420329638385
25.0282158851624,1,5.63278,-63,8.23943456698875,9.50418704548219,0.633,0.738656976310071
25.4367668628693,1,6.20955,-63,8.24360522764038,9.49951376589308,0.633,0.738920978907247
25.8506369590759,1,0.30066,-63,8.24677571515511,9.49657586240454,0.633,0.739017072833852
26.1778998374939,1,0.239301,-62,8.24972112474348,9.49359598702132,0.633,0.738895496381172
26.6437418460846,1,0.779262,-62,8.25504213516954,9.48766382433658,0.633,0.738213928753565
27.1115069389343,1,0.981748,-61,8.26050145334282,9.48153946696826,0.633,0.73750786764592
27.644033908844,1,4.31049,-61,8.26649267994141,9.47481586476663,0.633,0.73710170193782
27.7847278118134,1,1.33763,-60,8.26790236840177,9.47324143183813,0.633,0.737255775457458
28.4034259319305,1,1.59534,-59,8.27433590141777,9.46604983158491,0.633,0.737295028388481
28.8174688816071,1,1.896,-59,8.27908062380509,9.46073483006449,0.633,0.736125385886509
29.2129068374634,1,1.97577,-58,8.28472343253861,9.4549916850551,0.633,0.736932180401279
29.5122559070587,1,2.09849,-58,8.28950462371754,9.4503382670887,0.633,0.738425066129737
30.0746598243713,1,2.33165,-57,8.2963206906718,9.44316377573575,0.633,0.738987372631875
30.3852829933167,1,2.45437,-57,8.29951901271058,9.43961106898354,0.633,0.738711838517177
30.7342438697815,1,2.58322,-56,8.30344269120495,9.4352497776239,0.633,0.73868488684176
31.073793888092,1,2.7673,-56,8.3072606200265,9.43100605170974,0.633,0.738670873529063
31.4848408699036,1,2.82252,-56,8.31090537564755,9.42696512699945,0.633,0.739250978266885
31.7253558635712,1,3.03728,-56,8.31303802328616,9.42460066983491,0.633,0.739590413644148
32.0983448028564,1,3.09864,-56,8.31730501511504,9.41986491813265,0.633,0.739916413955063
32.6279559135437,1,3.27658,-56,8.32277020059415,9.41343748518101,0.633,0.740521424322565
33.0091309547424,1,3.41771,-56,8.32467733383756,9.41026231121726,0.633,0.741420211585147
33.4004468917847,1,3.4852,-56,8.32753064858695,9.40644719701786,0.633,0.741884094326128
33.8642048835754,1,3.61406,-55,8.33260216386543,9.4008774724299,0.633,0.741567923033578
34.1573569774628,1,3.77973,-55,8.33595245624418,9.39718729005923,0.633,0.741278253798999
34.5554668903351,1,3.83495,-55,8.34062244975455,9.39203494980132,0.633,0.740810158205354
34.9167008399963,1,4.04971,-56,8.34445507668924,9.38779907096588,0.633,0.741021338574558
35.244265794754,1,4.19084,-56,8.34768028805847,9.38422946473182,0.633,0.741605879047826
35.7743809223175,1,4.35037,-55,8.35323752437231,9.37804826249265,0.633,0.741541027142049
35.9995398521423,1,4.40559,-56,8.3556607023856,9.37534767237578,0.633,0.74132544785673
36.4301569461823,1,4.65717,-56,8.3581807845364,9.36956772200877,0.633,0.74370215884533
36.8219749927521,1,4.70625,-57,8.36024273528094,9.36431023813736,0.633,0.746153512675747
37.2396848201752,1,4.78602,-57,8.36430840559698,9.35987077917841,0.633,0.746158688210802
37.4629318714142,1,4.95783,-57,8.36648132289453,9.35749808872054,0.633,0.746161454300714
37.8070948123932,1,5.07441,-56,8.36989798088234,9.35377837374569,0.633,0.746321785073922
38.3535788059235,1,5.28917,-56,8.37535042326535,9.34785085351618,0.633,0.746405472000607
38.6935458183289,1,5.54074,-57,8.37877678185717,9.34414364585946,0.633,0.745847050443224
39.3536078929901,1,5.87208,-57,8.38577082000429,9.33654810192832,0.633,0.745082754053821
39.4404339790344,1,5.85981,-57,8.38672627048802,9.33550769515158,0.633,0.745015404644723
39.9194219112396,1,6.11752,-58,8.39211768302477,9.33057046225042,0.633,0.746207423194676
40.1804149150848,1,0.00613592,-57,8.39512668835917,9.32835487623305,0.633,0.747781911433712
40.6027829647064,1,0.147262,-57,8.39987950577028,9.32404233697475,0.633,0.74924713485153
41.1131927967072,1,0.441786,-56,8.40546544723618,9.31801202309196,0.633,0.749668618229529
41.3596279621124,1,0.546097,-57,8.40806249246231,9.31520477316084,0.633,0.749449259448679
41.8426578044891,1,0.736311,-56,8.41318974832334,9.3096627364089,0.633,0.749000736382227
42.2883439064026,1,0.901981,-56,8.41819980031247,9.30424903094198,0.633,0.748446306458312
42.7941098213196,1,1.1781,-55,8.42361721650162,9.29835348412437,0.633,0.748524141177501
43.1913118362427,1,1.32536,-55,8.42766166487051,9.29391780807012,0.633,0.749139531752847
43.5051848888397,1,1.44194,-55,8.43157976654576,9.28952909677043,0.633,0.749784427208322
43.8976650238037,1,1.54625,-55,8.43690751065482,9.28351710317284,0.633,0.750684920428325
44.2357668876648,1,1.63829,-54,8.44091665941821,9.27905341336891,0.633,0.75079542422663
44.8998498916626,1,1.87759,-54,8.44805615258921,9.27122489367776,0.633,0.750018086283311
45.2532999515533,1,1.99418,-54,8.45208678176795,9.26683150787293,0.633,0.749602931477901
45.6566848754883,1,2.12303,-54,8.45676484670478,9.26173440691828,0.633,0.749343976229825
45.9389588832855,1,2.26416,-54,8.4600885541312,9.25811423815106,0.633,0.74930096845785
46.4430918693542,1,2.45437,-54,8.46553260051575,9.25218022812836,0.633,0.749483305882625
46.9681038856506,1,2.57709,-53,8.470899959921,9.24694605921617,0.633,0.750224970391914
47.4932680130005,1,2.74276,-53,8.47624578897361,9.2433677444927,0.633,0.75201412775365
47.9700398445129,1,2.86548,-53,8.48109263716036,9.23823740641472,0.633,0.751721881797753
48.3364579677582,1,3.00047,-53,8.4847922883404,9.23412032337938,0.633,0.751225228282283
48.9082479476929,1,3.27045,-53,8.4902025055025,9.22810136167021,0.633,0.749470522125348
49.2269439697266,1,3.32567,-53,8.49358695434855,9.2243415155442,0.633,0.748820667888482
49.6180288791656,1,3.41157,-52,8.4981158771838,9.21931516312552,0.633,0.748357364288094
49.9723567962646,1,3.53429,-52,8.50250586823618,9.21446742677566,0.633,0.748292220133888
50.4402198791504,1,3.64474,-52,8.50844271643766,9.20803073871463,0.633,0.748336949190534
50.8332588672638,1,3.73064,-53,8.5130936971562,9.20409484628156,0.633,0.747513725603352
51.2979919910431,1,3.93926,-53,8.51821486941301,9.1991658077508,0.633,0.746567160573066
51.7190308570862,1,4.05585,-53,8.52246201809165,9.19441456366282,0.633,0.745737431117702
52.1310968399048,1,4.17856,-52,8.52641831248625,9.18999036789512,0.633,0.744459975163182
52.6005668640137,1,4.3381,-52,8.53097723289514,9.1848870781601,0.633,0.742572850496634
52.9464218616486,1,4.46082,-52,8.53520481775443,9.18011200201837,0.633,0.739012728922569
53.428493976593,1,4.60194,-52,8.54076888448071,9.1738113300608,0.633,0.735773566587528
53.7990458011627,1,4.76148,-53,8.54444666923134,9.16961569630793,0.633,0.736425633596476
54.2233889102936,1,4.86579,-53,8.54775999899856,9.16551539462218,0.633,0.737007224545594
54.8277988433838,1,5.056,-53,8.55186875778449,9.16016149252046,0.633,0.737392557187331
55.2212789058685,1,5.21553,-53,8.55566634236178,9.15581675239066,0.633,0.736932079742152
55.5861878395081,1,5.39961,-53,8.5592950929584,9.15167454939217,0.633,0.736380072087145
56.0235090255737,1,5.51619,-53,8.56383399151708,9.14650959585988,0.633,0.735496371412856
56.4878039360046,1,5.66346,-53,8.56868484364911,9.14098950775279,0.633,0.733649298933784
57.1417880058289,1,5.89662,-53,8.57563808256174,9.1330992435541,0.633,0.731708743103591
57.5651879310608,1,6.09911,-53,8.58024516537713,9.12789438721483,0.633,0.731737122250685
58.0506579875946,1,6.27705,-53,8.58594413073571,9.12381259140077,0.633,0.734439978884711
58.4433629512787,1,0.141126,-53,8.5903714347434,9.12003510722407,0.633,0.736026654091339
58.6376659870148,1,0.251573,-52,8.59239711134928,9.11770460924112,0.633,0.736218137338215
59.2711489200592,1,0.539961,-52,8.59873141032652,9.11042558319683,0.633,0.737200116578965
59.6483387947083,1,0.711767,-53,8.60229401061605,9.10633846012415,0.633,0.738061684200005
60.4541418552399,1,1.00629,-52,8.61036684203548,9.09712469793501,0.633,0.737961343902605
60.8805429935455,1,1.24559,-52,8.61529184206948,9.0915308707359,0.633,0.734929732770567
61.4365139007568,1,1.51557,-52,8.62249883321423,9.08292388756392,0.633,0.732277372620297
61.9400188922882,1,1.72419,-52,8.62930550978789,9.07457952745097,0.633,0.730973138354636
62.6405529975891,1,1.98804,-52,8.63613421332798,9.06660441467295,0.633,0.730846328799986
63.2380309104919,1,2.27029,-52,8.64172813017306,9.06004801507658,0.633,0.730861136226929
63.9770739078522,1,2.56482,-52,8.64902447734172,9.05149258112829,0.633,0.730942110143383
64.3095560073853,1,2.65685,-51,8.65241077565475,9.04753303314661,0.633,0.730737913417601
65.0589818954468,1,3.0066,-51,8.66034511540752,9.03865815327921,0.633,0.729208447271506
65.5189828872681,1,3.17841,-52,8.66544673483198,9.03330940038665,0.633,0.727545019871491
66.4475018978119,1,3.53429,-51,8.67543721375676,9.02192606461773,0.633,0.727468195353504
67.2120089530945,1,3.84109,-51,8.68352897083282,9.01262218934313,0.633,0.72753676375264
67.8742938041687,1,4.11107,-50,8.69037732268612,9.00471573517857,0.633,0.727228104105632
68.5450959205627,1,4.35651,-50,8.69638002319367,8.99757691643108,0.633,0.727222369564397
69.0793159008026,1,4.5774,-50,8.7007904289509,8.99199138141203,0.633,0.727786775926094
69.7777810096741,1,4.82897,-50,8.70866393109485,8.982817335135,0.633,0.727898427288411
70.4920279979706,1,5.09282,-49,8.7156649326429,8.97475212225775,0.633,0.72712758341049
70.936961889267,1,5.24621,-49,8.71993544817062,8.96973283877718,0.633,0.727538771235447
71.7007617950439,1,5.47938,-49,8.72854960653224,8.95968825570678,0.633,0.726463271895572
72.1194498538971,1,5.60823,-49,8.73424926544337,8.95231364277028,0.633,0.724722181391639
72.6855688095093,1,5.76163,-48,8.7424443138176,8.94112985521191,0.633,0.721881762211899
73.2550628185272,1,5.93344,-47,8.74842744393418,8.93422141794756,0.633,0.721800993876118
73.8251688480377,1,6.03161,-47,8.75464402725055,8.92694163553961,0.633,0.717574543081539
74.1818640232086,1,6.11752,-47,8.75841338436346,8.92248893300666,0.633,0.714250963242059
74.9123070240021,1,6.24637,-47,8.76576587949888,8.91370709778582,0.633,0.707759426008422
75.4006299972534,1,0.0429515,-46,8.77107435997959,8.90737319466298,0.633,0.706138979207281
75.8982558250427,1,0.141126,-46,8.77408898553306,8.90473118084203,0.633,0.704616998237986
76.4407238960266,1,0.227029,-45,8.77819441054388,8.90035102226932,0.633,0.703494492284112
76.9979410171509,1,0.288388,-45,8.78373168441714,8.89350409892447,0.633,0.703045239449433
77.4701478481293,1,0.343612,-45,8.78812065883656,8.88804876627574,0.633,0.70327541677454
77.9552638530731,1,0.404971,-45,8.79302489377338,8.88196257407209,0.633,0.702711239036494
78.2970409393311,1,0.46633,-44,8.79661603788624,8.87750897065397,0.633,0.702038325872334
78.637521982193,1,0.49701,-44,8.79948965705621,8.87394595194814,0.633,0.703072563333304
79.2034728527069,1,0.576777,-44,8.80490466410355,8.86737934577599,0.633,0.704836273940549
79.6240530014038,1,0.570641,-44,8.81101393009412,8.86031460216604,0.633,0.705422300213768
80.2080159187317,1,0.632,-44,8.81805902854352,8.85192654224324,0.633,0.70445578205891
80.6242668628693,1,0.650408,-44,8.82260379499119,8.84641049092848,0.633,0.703098654217789
81.2707259654999,1,0.736311,-45,8.82961803410174,8.83784298354507,0.633,0.700573190021523
81.7124547958374,1,0.76699,-45,8.83364909390658,8.83294272646981,0.633,0.701314527113757
82.0196049213409,1,0.791534,-45,8.83643893965393,8.82955785431717,0.633,0.70188022167147
82.6098759174347,1,0.809942,-45,8.84169040391603,8.8232414646397,0.633,0.703389001496618
83.1423900127411,1,0.865165,-45,8.84708171588652,8.8165001169324,0.633,0.703397364455017
83.7625648975372,1,0.901981,-45,8.85305656533071,8.80928635917109,0.633,0.702814163873629
84.2223279476166,1,0.914253,-45,8.85763573210296,8.80390835955308,0.633,0.702351334298619
84.8412008285522,1,0.938796,-45,8.86447394558468,8.79588900031889,0.633,0.701919217589533
85.4900369644165,1,0.969476,-45,8.87154750371273,8.78758434522676,0.633,0.701371995582803
85.9549508094788,1,0.99402,-45,8.87627160822591,8.78202808138199,0.633,0.70092390978887
86.5932898521423,1,1.01243,-45,8.88094202017371,8.77669066660736,0.633,0.701055961776709
87.0198550224304,1,1.00016,-45,8.88404706201182,8.77312692233828,0.633,0.701720020670608
87.5806958675385,1,1.01243,-45,8.8893505134326,8.76685850522959,0.633,0.703487837810866
88.4206349849701,1,1.01243,-46,8.89753989468754,8.75721660821073,0.633,0.704192171207524
88.9324178695679,1,1.0247,-46,8.90245743392309,8.75140165454495,0.633,0.703541363344303
89.4220638275146,1,1.01856,-46,8.90772143412206,8.74518863253797,0.633,0.703400711127386
89.8445358276367,1,1.01856,-46,8.9132663343714,8.73843287138039,0.633,0.702583724995052
90.3894789218903,1,1.00629,-46,8.92213221935484,8.72729681290323,0.633,0.700087691612903
91.0541307926178,1,1.0247,-47,8.92825396819327,8.72003123954342,0.633,0.699307145759513
91.7177510261536,1,1.01243,-47,8.93455083503897,8.71255876305072,0.633,0.699200819450475
92.351243019104,1,1.00016,-47,8.94069342933865,8.70527784291649,0.633,0.699753086888724
93.0993638038635,1,0.99402,-47,8.94825043897646,8.69628127569754,0.633,0.699985063557419
93.7326610088348,1,1.00016,-47,8.95074134121238,8.69291650316673,0.633,0.700812260679129
94.5031669139862,1,0.951068,-47,8.9567732573983,8.68564066249083,0.633,0.701384122605234
95.0409529209137,1,0.938796,-47,8.9625698916778,8.67882249644369,0.633,0.700637774911774
95.5843689441681,1,0.901981,-47,8.96822953180323,8.67215760479301,0.633,0.699865799976692
96.3148329257965,1,0.877437,-48,8.97511020723901,8.6640335519898,0.633,0.700088906104532
96.9934890270233,1,0.79767,-47,8.98240442757833,8.65575973335434,0.633,0.701422760790878
97.8008878231049,1,3.87177,-48,8.99300610332169,8.64428663499072,0.633,0.702309564451458
98.466933965683,1,0.668816,-47,8.99944281492453,8.6367239413528,0.633,0.702976035548032
99.0572369098663,1,0.613592,-47,9.00539549980315,8.62972570766376,0.633,0.702589934065844
99.7873718738556,1,0.521553,-47,9.01229531997116,8.62153306610965,0.633,0.702258141011853
100.370803833008,1,0.454058,-47,9.01814135467349,8.61451786353354,0.633,0.702020773214891
101.088850021362,1,0.386563,-46,9.0218286049561,8.60884370118155,0.633,0.701481059119121
101.637826919556,1,0.362019,-46,9.02753268641913,8.60201457990977,0.633,0.701978681055175
102.287591934204,1,0.257709,-46,9.03394279623644,8.59431276542189,0.633,0.702610869716754
103.026901960373,1,0.177942,-47,9.04135502959941,8.58543947651731,0.633,0.703437283051424
103.479741811752,1,0.13499,-47,9.04594279187764,8.57996917438105,0.633,0.703434740519608
104.208755016327,1,0.0184078,-47,9.0537714851785,8.57131537979028,0.633,0.703296570943106
104.820549964905,1,6.25251,-48,9.06046471250379,8.56419342390099,0.633,0.703739906025552
105.519419908524,1,6.18501,-48,9.06735840820287,8.55595179314637,0.633,0.703325488461244
106.202579975128,1,6.10524,-48,9.07422935161477,8.54774420682612,0.633,0.702645579953083
106.883876800537,1,5.98253,-48,9.08060895293212,8.54011584246271,0.633,0.704433232910325
107.460917949677,1,5.92117,-48,9.08571336140472,8.53394183655841,0.633,0.704710585769969
108.282896995544,1,5.78618,-48,9.09124610349057,8.5261993754912,0.633,0.705557592033583
108.741201877594,1,5.67573,-49,9.09567177389094,8.52096963203434,0.633,0.705532750752163
109.335433959961,1,5.57755,-49,9.10152790878993,8.51401889042696,0.633,0.704559542296831
110.126829862595,1,5.41188,-49,9.10940978978629,8.50468387636326,0.633,0.704825960422154
110.815258979797,1,5.22781,-49,9.11625649678199,8.4965926706994,0.633,0.704178197791844
111.41011595726,1,5.11122,-50,9.12228753846139,8.48955601806309,0.633,0.705527690189921
112.115227937698,1,4.95169,-50,9.12943088252432,8.48115591293439,0.633,0.706661062906856
112.788993835449,1,4.76148,-51,9.13598570909461,8.47335379996825,0.633,0.70769411988061
113.573004007339,1,4.58353,-51,9.14348919545908,8.46444224122695,0.633,0.709083166325919
113.937884807587,1,4.47922,-51,9.14708738493537,8.4602029345038,0.633,0.708937774774018
114.558409929276,1,4.31355,-51,9.15357452641694,8.45242253853572,0.633,0.706901156721499
115.623423814774,1,4.0313,-52,9.1657686640681,8.4361567728325,0.633,0.704634544589277
116.214668989182,1,3.86563,-52,9.17132053651153,8.42956795205533,0.633,0.706211275140488
116.566558837891,1,3.75518,-52,9.17447796153441,8.42581972050976,0.633,0.707722190182111
117.620471000671,1,3.39317,-53,9.18581513870478,8.41242531968175,0.633,0.710316357053713
118.015043020248,1,3.26431,-53,9.1896047492011,8.40796562946914,0.633,0.710998261706172
118.603056907654,1,3.08637,-53,9.19633877707324,8.4016030681589,0.633,0.710739597312739
119.490494966507,1,2.73662,-53,9.20530090877741,8.39127777226236,0.633,0.70953855991355
120.038363933563,1,2.5955,-54,9.21039622498975,8.38523685288791,0.633,0.710218456402007
120.684489965439,1,2.33165,-54,9.2173153930863,8.37701434172035,0.633,0.709591029102599
121.240832805634,1,2.09235,-54,9.22281482343935,8.37045290762252,0.633,0.710805786135926
121.69473695755,1,1.93895,-54,9.22713265144781,8.36530890930995,0.633,0.712734648406803
122.341211795807,1,1.66284,-55,9.23319738518644,8.35812275661692,0.633,0.716187793316043
123.44219994545,1,1.25786,-54,9.24445588191369,8.34474089174146,0.633,0.716065186979106
124.149147987366,1,1.01856,-55,9.25181800005642,8.33594975855333,0.633,0.714760242516828
124.812407970428,1,0.76699,-55,9.25845896340243,8.32799970668433,0.633,0.7125948800915
125.346946954727,1,0.595185,-55,9.26319042990977,8.32290481629929,0.633,0.711829265123328
125.889403820038,1,0.411107,-55,9.26787747892983,8.3179186272757,0.633,0.711826652705385
126.547976016998,1,0.184078,-55,9.27392272222002,8.31080413439939,0.633,0.712755430141791
126.94610786438,1,0.0490874,-56,9.27724467953867,8.30686821797233,0.633,0.714597307466986
127.631053924561,1,6.10524,-56,9.28414861021163,8.29873890914162,0.633,0.716319670833956
128.702533006668,1,5.73709,-56,9.29473677524563,8.2858854658765,0.633,0.714717739051508
129.018993854523,1,5.57755,-56,9.29766069648951,8.28153116957967,0.633,0.714173564820008
129.873539924622,1,5.22167,-56,9.30594174761824,8.27117325314683,0.633,0.71086214743612
130.506960868835,1,4.92715,-56,9.31103316101531,8.265228835948,0.633,0.711290774672872
130.890730857849,1,4.87192,-57,9.31438447207403,8.26132117691518,0.633,0.711717685308178
131.896986961365,1,4.35037,-56,9.32390072337062,8.25023756085064,0.633,0.712862644329038
132.178226947784,1,4.2706,-56,9.32679570453925,8.24666958193269,0.633,0.713075813928102
133.214501857758,1,3.93313,-57,9.34030608803259,8.22851363756325,0.633,0.711483959157541
133.773890018463,1,3.67542,-57,9.34561215152397,8.2223480964574,0.633,0.710583414861423
134.413469791412,1,3.3993,-58,9.35166420246235,8.21532498613998,0.633,0.708926050930373
135.117777824402,1,3.01274,-58,9.3584182086551,8.20747641174968,0.633,0.708621096570077
135.552692890167,1,2.82252,-58,9.36226236257427,8.20300952884672,0.633,0.708661214687302
136.341913938522,1,2.33779,-59,9.36794884182993,8.19806450465293,0.633,0.709383796456849
137.056442975998,1,2.07394,-59,9.37567913261947,8.18918459069232,0.633,0.71004554141842
137.769526958466,1,1.70579,-58,9.38256741618204,8.18115130504769,0.633,0.711262688730798
138.227823019028,1,1.47262,-58,9.38723938213391,8.1756822718577,0.633,0.710702113117261
139.130693912506,1,1.07992,-57,9.39618737084191,8.16527591528734,0.633,0.708852574166412
139.816856861115,1,0.840621,-58,9.40226100914263,8.15806595772352,0.633,0.704608518278706
143.179342269897,1,0.871301,-56,9.39952069495614,8.16043219741324,0.633,0.79882860523064
144.186698198318,1,1.27627,-56,9.39234419722296,8.16581011006613,0.633,0.915125538453972
145.122193336487,1,1.66284,-56,9.38333073287632,8.16890011021193,0.633,1.0373459003803
145.792074203491,1,1.82237,-55,9.37720249700279,8.1718196357464,0.633,1.12889827363352
146.381651163101,1,1.98804,-55,9.37317060987336,8.17195419515948,0.633,1.20025264622299
147.199578285217,1,2.06781,-55,9.37165243721658,8.17183918759447,0.633,1.22777452134013
147.466021299362,1,2.06781,-55,9.37142303988741,8.17191565337087,0.633,1.23185047968176
148.283740282059,1,2.06167,-55,9.37071901485882,8.17215032838039,0.633,1.24435967801568
149.126917362213,1,2.08621,-55,9.36999307137394,8.17239230954202,0.633,1.25725832602247
149.479531288147,1,2.09235,-55,9.36968948415812,8.17249350528063,0.633,1.26265249887176
149.892608165741,1,2.09849,-55,9.36918803709167,8.17265032291354,0.633,1.26892360130713
151.035595178604,1,2.11076,-55,9.36706667162509,8.17327685781859,0.633,1.28603413336101
151.435626268387,1,2.12917,-55,9.36632422037248,8.17349613716126,0.633,1.2920226045398
152.057730197906,1,2.14144,-55,9.36516960550997,8.17383714700829,0.633,1.3013355093297
152.987289190292,1,2.15371,-54,9.36344435900812,8.17434669011638,0.633,1.31525102084137
153.252332210541,1,2.15371,-55,9.3629685570457,8.17447237471498,0.633,1.31926663050891
154.054010152817,1,2.14757,-54,9.36156703616246,8.17480674771759,0.633,1.33152460249791
154.909888267517,1,2.16598,-54,9.36007076067824,8.17516372714783,0.633,1.34461131650454
155.55638718605,1,2.17825,-54,9.3589405290883,8.17543337630888,0.633,1.35449654000439
155.98560833931,1,2.19052,-54,9.35819014994213,8.17561240077523,0.633,1.36105950075992
161.000798225403,1,2.07394,-54,9.36416714249112,8.17500143370252,0.633,1.42975779744733
161.7028632164,1,2.08008,-54,9.36806413894225,8.17440269446092,0.633,1.43046036430309
162.277988195419,1,2.09235,-54,9.37125652145803,8.17391221295538,0.633,1.43103590040495
162.640523195267,1,2.04326,-54,9.37326886736038,8.1736030337004,0.633,1.43139869455964
163.567281246185,1,1.896,-54,9.38493948618809,8.17181068604969,0.633,1.43105005293507
164.110425233841,1,1.84078,-54,9.3923844780382,8.1706523059166,0.633,1.43107308976105
164.931410312653,1,1.72419,-54,9.40465165086864,8.16877390523375,0.633,1.42932878609512
165.487341403961,1,1.61375,-54,9.41250633839562,8.16722343650423,0.633,1.42543512200329
166.156995296478,1,1.54012,-55,9.42001124002517,8.16495193555865,0.633,1.41747911798235
166.837601184845,1,1.48489,-54,9.42952149346359,8.16329763096894,0.633,1.41715944559786
167.526813268662,1,1.37445,-54,9.43972474231655,8.16154676725496,0.633,1.41852280964016
167.938125371933,1,1.3499,-54,9.44599086951316,8.16048277321671,0.633,1.4184851401871
168.269836187363,1,1.31309,-53,9.45118871851394,8.15961178230307,0.633,1.41689969589729
168.647884368896,1,1.18423,-54,9.45707921446233,8.15862380814773,0.633,1.41513801403108
169.58065032959,1,1.15355,-53,9.47126577349077,8.15637457791379,0.633,1.41126308883179
170.229343414307,1,1.04311,-53,9.48253357633638,8.15495711880701,0.633,1.40695329468333
170.686531305313,1,0.987884,-53,9.48899941238706,8.153861964369,0.633,1.40782167471751
171.315852403641,1,0.93266,-54,9.49796223349636,8.1523506651378,0.633,1.40817732311485
171.845387220383,1,0.840621,-53,9.50555492231982,8.151075889373,0.633,1.40779178117623
172.861213207245,1,0.699495,-53,9.51967514133132,8.14871559529033,0.633,1.40726713073285
173.441672325134,1,0.60132,-53,9.52770426897724,8.14733977816295,0.633,1.40500937954946
173.781188249588,1,0.576777,-53,9.53241502924806,8.14673389724211,0.633,1.40415491645648
174.735201358795,1,0.417243,-52,9.54648168720392,8.14467076063038,0.633,1.4024421825949
175.175888299942,1,0.429515,-52,9.55338795159774,8.14347531362557,0.633,1.4019787372963
175.810158252716,1,0.288388,-52,9.56331977867814,8.14174219001553,0.633,1.40176506452246
176.875815391541,1,0.159534,-52,9.57801250898673,8.13915732491956,0.633,1.40292101185597
177.237171411514,1,0.0981748,-52,9.58324128871246,8.13823485625558,0.633,1.40300844964402
177.916597366333,1,0.00613592,-53,9.5928042546902,8.13680205519792,0.633,1.40255993275457
178.29954624176,1,6.2341,-52,9.59807777653271,8.13612548736927,0.633,1.40204092181752
179.147601366043,1,6.06229,-52,9.61033412703613,8.13383501701982,0.633,1.40279325622126
179.685850381851,1,6.00707,-52,9.61883350308599,8.13218351492947,0.633,1.40001044126466
180.096719264984,1,5.96412,-51,9.6252720779055,8.13092244726124,0.633,1.39766471317536
180.631328344345,1,5.84753,-51,9.63272127503679,8.1294041807167,0.633,1.3955326793043
181.028292179108,1,5.7555,-51,9.63823648139889,8.12828524992216,0.633,1.39472280170878
181.557569265366,1,5.67573,-51,9.64555928497017,8.12680948083509,0.633,1.39512132163103
182.158218383789,1,5.57755,-52,9.65366363013304,8.12445621180317,0.633,1.39251673836418
182.939939260483,1,5.51619,-52,9.66517913529773,8.12153310303194,0.633,1.38962343187235
183.580794334412,1,5.3812,-52,9.67549266611862,8.11947901921824,0.633,1.3887128662944
184.048489332199,1,5.30144,-52,9.68306162349713,8.11796040675058,0.633,1.38798971750027
184.496168375015,1,5.25849,-52,9.68988187056911,8.11657870895656,0.633,1.38791289402981
184.838165283203,1,5.21553,-52,9.69503095982006,8.11553353342509,0.633,1.38794275618785
185.60461139679,1,5.1419,-51,9.7049975702774,8.11347693517981,0.633,1.39022450837409
185.950411319733,1,5.11736,-51,9.70971832877128,8.11263283516516,0.633,1.39070476698811
186.47755241394,1,5.00691,-51,9.71724771280752,8.11141921734352,0.633,1.39071715084343
187.035385370255,1,4.93942,-52,9.726264224519,8.10980887267673,0.633,1.39002802508195
187.774438381195,1,4.84124,-52,9.73839871007366,8.10757441918136,0.633,1.3890266203665
188.395096302032,1,4.7308,-52,9.74832224359729,8.10572422227537,0.633,1.38853
188.776795387268,1,4.69398,-52,9.75428947148529,8.10460030704666,0.633,1.38853
189.24764919281,1,4.59581,-51,9.76159661112673,8.10321370622392,0.633,1.38900924326616
189.984982252121,1,4.4915,-51,9.77385298915983,8.10125716000096,0.633,1.3912130168384
190.533146381378,1,4.41786,-51,9.78549779267444,8.10040101911238,0.633,1.39450240025243
191.019647359848,1,4.33196,-51,9.79311752513356,8.09934686704916,0.633,1.39507983396055
191.767261266708,1,4.19697,-52,9.8034445576741,8.09745527676921,0.633,1.39285760249606
192.428774356842,1,4.00676,-52,9.81350136324291,8.09561321471469,0.633,1.38810306865294
192.670342206955,1,3.93926,-52,9.8173831752842,8.09486277123776,0.633,1.38693671674302
193.124787330627,1,3.84109,-52,9.82468576357297,8.09345101309808,0.633,1.38474253842955
193.875715255737,1,3.62633,-52,9.83593151179206,8.09121954550766,0.633,1.38235434142841
194.467711210251,1,3.40544,-52,9.84386376370604,8.09013330842789,0.633,1.38298127574927
194.923544406891,1,3.28885,-53,9.84984478448721,8.0893047626391,0.633,1.38409373440503
195.327143192291,1,3.16,-53,9.85526994152877,8.08814257778232,0.633,1.38581747917161
196.140166282654,1,2.91456,-53,9.8674959285369,8.08558655638939,0.633,1.38616878792377
196.711290359497,1,2.70594,-53,9.8764359820958,8.08374192938891,0.633,1.38431250621662
197.138240337372,1,2.5955,-53,9.88282466266298,8.08242084520055,0.633,1.38238248478517
197.493135213852,1,2.49118,-53,9.88828902294125,8.08128029771904,0.633,1.38140210343476
198.167132377625,1,2.2212,-53,9.89870847124303,8.07913111011321,0.633,1.38067153773806
198.537908315659,1,2.11689,-53,9.9031053833959,8.07852092638587,0.633,1.38176627913123
199.070688247681,1,1.91441,-53,9.90967759618103,8.07747160361911,0.633,1.38334385562432
199.621366262436,1,1.72419,-53,9.91732669604129,8.07580585887603,0.633,1.38498961143049
200.023330211639,1,1.63829,-53,9.92282375179184,8.07460405807877,0.633,1.38557477101938
200.68958735466,1,1.44808,-52,9.93187846412546,8.07261525313707,0.633,1.38584756541578
201.114344358444,1,1.33763,-52,9.93773943893916,8.0713145280249,0.633,1.38576530612015
201.384923219681,1,1.25786,-52,9.94147299924941,8.07048593964026,0.633,1.38571290527369
201.91869020462,1,1.15355,-51,9.9497377374605,8.06868606678571,0.633,1.38464857916183
202.305073261261,1,1.03697,-51,9.95601131716251,8.0674571766864,0.633,1.38393164884097
203.050110340118,1,0.877437,-51,9.96938203016159,8.06546755916491,0.633,1.38300859628769
203.475459337235,1,0.773126,-51,9.97568599083937,8.06409869913202,0.633,1.38308578764293
203.843688249588,1,0.705631,-51,9.98112877259755,8.06291609930361,0.633,1.38319233281438
204.473334312439,1,0.546097,-51,9.98982119232466,8.06099630108167,0.633,1.3850435668141
204.954441308975,1,0.411107,-51,9.99630019445307,8.05956196418604,0.633,1.38614729062877
205.378710269928,1,0.33134,-51,10.0019260596311,8.05831462364019,0.633,1.38695318554934
205.821489334106,1,0.202485,-51,10.0083783632474,8.05688006417745,0.633,1.38657445216529
206.328929185867,1,0.0981748,-51,10.0160599862977,8.05515902484565,0.633,1.38553193271042
206.909710407257,1,6.20955,-51,10.0258316805253,8.05283209622024,0.633,1.38221377467055
207.317381381989,1,6.11138,-51,10.0321804354008,8.05139884897395,0.633,1.38100738581091
207.925711393356,1,5.97025,-51,10.0409192754929,8.0495482710721,0.633,1.38082379673334
208.268938302994,1,5.8414,-51,10.0462329831814,8.04840721064463,0.633,1.38100045643997
208.784497261047,1,5.66959,-51,10.0542095471037,8.04669179470596,0.633,1.38133295873296
209.396063327789,1,5.59596,-51,10.0629413461946,8.04476783897407,0.633,1.38310891787009
209.767954349518,1,5.48552,-52,10.0683589908328,8.04358280442897,0.633,1.38368513246815
210.177489280701,1,5.36893,-52,10.0744534784753,8.04225985467243,0.633,1.38371981654417
210.882415294647,1,5.16645,-51,10.0839291151187,8.04079544651466,0.633,1.38321484980377
211.365288257599,1,5.07441,-51,10.0902209628519,8.03989266843329,0.633,1.38239349806609
211.705308198929,1,5.06827,-51,10.0949724104614,8.03887849390151,0.633,1.38124356788832
212.117182254791,1,4.9701,-51,10.1007455769781,8.0376464916767,0.633,1.37991682121694
212.792132377625,1,4.85352,-52,10.1106843152568,8.03553240412757,0.633,1.37953780153682
213.231378316879,1,4.7492,-52,10.1172555970515,8.03412383657097,0.633,1.37993816348279
213.761339187622,1,4.66944,-52,10.1252216645225,8.03241227062298,0.633,1.38069470108378
214.15250825882,1,4.59581,-52,10.1310887171648,8.03114896170727,0.633,1.38214253826808
215.02154135704,1,4.44854,-52,10.1444529865976,8.027750059261,0.633,1.38308693270344
215.795150279999,1,4.30128,-52,10.156078005481,8.02478577619025,0.633,1.38205651080867
216.214993238449,1,4.21538,-52,10.1621104728906,8.02346414086611,0.633,1.38147353166349
216.790251255035,1,4.14788,-53,10.1706623987904,8.02160079440989,0.633,1.37917911251965
217.159429311752,1,4.08039,-53,10.176003135821,8.02043167090499,0.633,1.37832343521982
217.745858192444,1,4.01289,-54,10.1840616845105,8.01865146423995,0.633,1.378741014561
218.346043348312,1,3.8779,-54,10.1928816306508,8.01669583992284,0.633,1.3801943127904
218.811639308929,1,3.78586,-54,10.1983079088978,8.0153822539447,0.633,1.38104345552385
219.561054229736,1,3.61406,-55,10.2043306825567,8.01366808736547,0.633,1.38145906114043
219.991840362549,1,3.59565,-55,10.2114645650418,8.01213506155485,0.633,1.38194983177947
220.611574411392,1,3.42998,-56,10.221132028233,8.01004783318702,0.633,1.38171527484394
221.152911186218,1,3.33794,-57,10.2291683922316,8.00830421674456,0.633,1.38063526708624
221.893532276154,1,3.28272,-58,10.2422534612182,8.00548106829881,0.633,1.37885175425861
222.107979297638,1,3.15386,-58,10.2456670370228,8.00475325463265,0.633,1.37867915682908
222.967017412186,1,3.08023,-59,10.2595422011478,8.00260495655781,0.633,1.37841
223.620289325714,1,2.8348,-60,10.2713973429052,8.00251479284697,0.633,1.37855308172812
224.142062187195,1,2.74276,-61,10.2796021268005,8.0007791654845,0.633,1.38091353494108
224.866260290146,1,2.58936,-63,10.290394859567,7.99850007583924,0.633,1.38382556461097
244.224442243576,1,1.13515,-64,10.5821566948178,7.94036835086703,0.633,1.38219890848034
244.536503314972,1,1.03697,-64,10.5866362277081,7.93946854904297,0.633,1.38193403175291
244.863398313522,1,1.01243,-63,10.5913286966891,7.93852597483897,0.633,1.38165656402186
245.216464281082,1,0.981748,-63,10.5964584453082,7.93751397265063,0.633,1.38122937603994
245.501262187958,1,0.82835,-63,10.6006279488668,7.93670074716318,0.633,1.3808193174255
246.126860380173,1,0.773126,-63,10.6094458247489,7.93498194370108,0.633,1.37949158153154
246.524983406067,1,0.754719,-63,10.6148213365954,7.93393488748054,0.633,1.37835103814845
246.84677028656,1,0.736311,-63,10.6191982522343,7.93308184081432,0.633,1.37802491261171
247.459207296371,1,0.632,-63,10.6275846123647,7.93144650058888,0.633,1.37844423061824
247.752655267715,1,0.619728,-62,10.6315194179922,7.93101614482353,0.633,1.37913124249727
248.282901287079,1,0.515418,-63,10.6385559893749,7.93054911574946,0.633,1.38080009305528
248.773211240768,1,0.349748,-63,10.6455219887545,7.92935342729596,0.633,1.38200603827569
249.101863384247,1,0.374291,-62,10.6502953700671,7.92837886194463,0.633,1.38273795674362
249.493011236191,1,0.269981,-63,10.6564817493767,7.92710770012843,0.633,1.38266021255383
249.80659532547,1,0.220893,-63,10.6616456945224,7.92604361446206,0.633,1.38221423547307
250.408310413361,1,0.0490874,-62,10.6709169505954,7.92414399942765,0.633,1.38107602368264
250.821935176849,1,0.0184078,-63,10.6770227841338,7.92289780881203,0.633,1.38017516299665
251.406552314758,1,6.14819,-64,10.6852253987405,7.92116520967849,0.633,1.37928260483925
251.645829200745,1,6.05002,-64,10.6885700940521,7.92045692125956,0.633,1.37892846062978
252.172219276428,1,5.93344,-64,10.6961631297733,7.91801447280082,0.633,1.37866211011595
252.91924238205,1,5.60823,-65,10.7070774446208,7.91487657810219,0.633,1.37947349520787
