23.6725471019745,1099.32204693628,754.135310386426,107.3,-64,6.22796200717959,6.22796200717959
23.958508014679,1099.5365297694,753.713597838417,107.3,-64,6.18501050717959,6.18501050717959
24.2827291488647,1099.77757094493,753.247871852836,107.3,-64,6.11751530717959,6.11751530717959
24.7214641571045,1100.08227078399,752.662410235915,107.3,-64,6.16046730717959,6.16046730717959
25.1411411762238,1100.35969318721,752.131643600323,107.3,-63,5.99479730717959,5.99479730717959
25.5625910758972,1100.62691469378,751.618376129163,107.3,-63,5.97638930717959,5.97638930717959
25.8063631057739,1100.77881486095,751.326120207538,107.3,-63,5.93957330717959,5.93957330717959
25.9496810436249,1100.86811968697,751.154297722271,107.3,-63,5.98252530717959,5.98252530717959
26.5295870304108,1101.26264821742,750.37966601565,107.3,-62,5.90275830717959,5.90275830717959
26.984179019928,1101.53835554813,749.754285329677,107.3,-62,5.83526330717959,5.83526330717959
27.5357789993286,1101.76560245165,748.988243348471,107.3,-62,5.83526330717959,5.83526330717959
27.8918521404266,1101.99910670975,748.503568218965,107.3,-62,5.76776730717959,5.76776730717959
28.0586659908295,1102.11661249118,748.277425016969,107.3,-62,5.72481630717959,5.72481630717959
28.7324280738831,1102.6065649406,747.347155567054,107.3,-61,5.65732130717959,5.65732130717959
29.1404800415039,1102.91085441209,746.773853660892,107.3,-61,5.63891330717959,5.63891330717959
29.5159389972687,1103.19573474019,746.227752557368,107.3,-62,5.64504930717959,5.64504930717959
29.7554941177368,1103.37749772724,745.879322153368,107.3,-61,5.65118530717959,5.65118530717959
30.0784890651703,1103.60530545745,745.444418499522,107.3,-62,5.56528230717959,5.56528230717959
30.3894481658936,1103.81454653758,745.046085480313,107.3,-61,5.60209830717959,5.60209830717959
30.8025641441345,1104.10014159765,744.539704297736,107.3,-61,5.52846630717959,5.52846630717959
31.5563900470734,1104.65289328999,743.69273963935,107.3,-61,5.40574830717959,5.40574830717959
31.9560949802399,1104.93969118506,743.13826370889,107.3,-61,5.41188430717959,5.41188430717959
32.3296191692352,1105.21398270674,742.611860593638,107.3,-61,5.32598130717959,5.32598130717959
32.5972580909729,1105.42382987146,742.217200662804,107.3,-60,5.32598130717959,5.32598130717959
32.7540049552917,1105.54673010152,741.98606198451,107.3,-61,5.33825330717959,5.33825330717959
33.2207200527191,1105.9125402892,741.290620112118,107.3,-61,5.29530130717959,5.29530130717959
33.7077159881592,1106.29369432562,740.560491417185,107.3,-61,5.26462530717959,5.26462530717959
34.0571060180664,1106.55883268072,740.066615057438,107.3,-61,5.30143730717959,5.30143730717959
34.3696529865265,1106.79601228521,739.624817794151,107.3,-61,5.22780530717959,5.22780530717959
34.7949421405792,1107.0374638366,739.064664373072,107.3,-61,5.20939530717959,5.20939530717959
35.2364740371704,1107.26303648708,738.495781152101,107.3,-61,5.22167530717959,5.22167530717959
35.8511970043182,1107.72921963682,737.58788992523,107.3,-61,5.08054530717959,5.08054530717959
36.2260401248932,1108.01648955668,737.035421798227,107.3,-61,4.99464530717959,4.99464530717959
36.3345830440521,1108.09871894526,736.877599077001,107.3,-61,5.06213530717959,5.06213530717959
37.0442299842834,1108.63630502825,735.848436919904,107.3,-62,4.89033530717959,4.89033530717959
37.4241321086884,1108.92406674978,735.300679958749,107.3,-61,4.85351530717959,4.85351530717959
37.8931410312653,1109.2877667166,734.611762899989,107.3,-62,4.82283530717959,4.82283530717959
38.2623319625854,1109.5772809007,734.064630162238,107.3,-62,4.81056530717959,4.81056530717959
38.6422140598297,1109.7345468879,733.645327785082,107.3,-62,4.58967530717959,4.58967530717959
39.3302781581879,1110.05683194522,732.856912049472,107.3,-61,4.46695530717959,4.46695530717959
39.7415060997009,1110.36424559728,732.27999909578,107.3,-62,4.30741530717959,4.30741530717959
39.8872091770172,1110.47316600514,732.075591797027,107.3,-62,4.27673530717959,4.27673530717959
40.3986811637878,1110.79455537059,731.478136121453,107.3,-62,4.13561530717959,4.13561530717959
40.8300609588623,1111.07926187776,730.947369219387,107.3,-62,4.12334530717959,4.12334530717959
40.9551589488983,1111.17421478815,730.769050872427,107.3,-62,4.09266530717959,4.09266530717959
41.6438071727753,1111.70282871619,729.779152731473,107.3,-62,3.86563530717959,3.86563530717959
41.9909901618958,1111.97967198882,729.265608460737,107.3,-62,3.81654530717959,3.81654530717959
42.1402931213379,1112.09872597822,729.044763310403,107.3,-61,3.76745530717959,3.76745530717959
42.7152960300446,1112.50050712713,728.349766329234,107.3,-61,3.62633530717959,3.62633530717959
43.209125995636,1112.86083987994,727.713085154652,107.3,-61,3.55269530717959,3.55269530717959
43.6317811012268,1113.19804423664,727.091505123786,107.3,-61,3.46066530717959,3.46066530717959
43.9513320922852,1113.44001667376,726.639256709788,107.3,-61,3.44225530717959,3.44225530717959
44.328999042511,1113.71734581516,726.116561785657,107.3,-61,3.39930530717959,3.39930530717959
44.4710190296173,1113.82163421282,725.920004670078,107.3,-61,3.31953530717959,3.31953530717959
44.91912317276,1114.10291522188,725.38021945221,107.3,-60,3.36862530717959,3.36862530717959
45.4911639690399,1114.45658963466,724.698919534921,107.3,-60,3.28885530717959,3.28885530717959
45.6730601787567,1114.57896392348,724.463915576585,107.3,-61,3.21522530717959,3.21522530717959
46.2699799537659,1114.98579214288,723.688420945413,107.3,-60,3.16613530717959,3.16613530717959
46.6692409515381,1115.27764084225,723.153541874572,107.3,-60,3.09864530717959,3.09864530717959
47.1833591461182,1115.6701429844,722.422396187843,107.3,-59,3.05568530717959,3.05568530717959
47.301265001297,1115.76417291035,722.244522911254,107.3,-60,3.03728530717959,3.03728530717959
47.8296120166779,1116.18550413508,721.44577211578,107.3,-59,3.02500530717959,3.02500530717959
48.2090420722961,1116.48803270742,720.868950971189,107.3,-59,2.97592530717959,2.97592530717959
48.7581751346588,1116.90991836335,720.057757966926,107.3,-59,2.95137530717959,2.95137530717959
49.1512811183929,1117.20381138903,719.489074962234,107.3,-59,2.92683530717959,2.92683530717959
49.4823160171509,1117.4331518644,719.037415468931,107.3,-59,2.89615530717959,2.89615530717959
49.9069011211395,1117.71880637697,718.470867352346,107.3,-59,2.87774530717959,2.87774530717959
49.9699699878693,1117.76123816794,718.386710966912,107.3,-59,2.90842530717959,2.90842530717959
50.8314881324768,1118.35071248701,716.402421863512,107.3,-58,2.87774530717959,2.87774530717959
51.5149111747742,1118.84245268069,715.420602046211,107.3,-58,2.81025530717959,2.81025530717959
51.6888601779938,1118.97103342648,715.167573507178,107.3,-58,2.84706530717959,2.84706530717959
52.2465901374817,1119.40048646799,714.322471271927,107.3,-58,2.76116530717959,2.76116530717959
52.6600589752197,1119.71085792429,713.707582121766,107.3,-58,2.73048530717959,2.73048530717959
52.9034750461578,1119.89201095274,713.347863965279,107.3,-58,2.73048530717959,2.73048530717959
53.2033851146698,1120.11115709419,712.914908019657,107.3,-58,2.66912530717959,2.66912530717959
53.7623989582062,1120.50477621708,712.145494036056,107.3,-58,2.65685530717959,2.65685530717959
54.0580639839172,1120.71219804283,711.703202953464,107.3,-58,2.63844530717959,2.63844530717959
54.2798361778259,1120.86751900183,711.359354485601,107.3,-58,2.67526530717959,2.67526530717959
54.8712439537048,1121.30012513671,710.436799143413,107.3,-58,2.52186530717959,2.52186530717959
55.3483400344849,1121.68095772019,709.682869638304,107.3,-58,2.53413530717959,2.53413530717959
55.5616750717163,1121.83932490134,709.370125893761,107.3,-58,2.52800530717959,2.52800530717959
55.8487911224365,1122.02389375963,709.007632656089,107.3,-58,2.52800530717959,2.52800530717959
56.4573650360107,1122.42973090716,708.213559774792,107.3,-58,2.42368530717959,2.42368530717959
56.908185005188,1122.75340850929,707.584786062507,107.3,-58,2.41141530717959,2.41141530717959
57.0895400047302,1122.87923845187,707.341318560259,107.3,-58,2.38073530717959,2.38073530717959
57.6524691581726,1123.25040239232,706.627601233102,107.3,-58,2.35005530717959,2.35005530717959
57.9098491668701,1123.47335887749,706.296549487332,107.3,-58,2.35619530717959,2.35619530717959
58.4493660926819,1124.00114185766,705.597237038601,107.3,-58,2.35619530717959,2.35619530717959
58.9369320869446,1124.38120294575,704.903446710208,107.3,-58,2.37460530717959,2.37460530717959
59.1367349624634,1124.53025059006,704.614859633382,107.3,-58,2.30710530717959,2.30710530717959
59.6586689949036,1124.90665498199,703.884549008664,107.3,-58,2.30710530717959,2.30710530717959
59.7943999767303,1125.00304519478,703.697349069082,107.3,-58,2.31937530717959,2.31937530717959
60.2907140254974,1125.36199665047,702.995049484422,107.3,-58,2.27642530717959,2.27642530717959
60.8243300914764,1125.75909970833,702.209352719955,107.3,-58,2.23347530717959,2.23347530717959
61.036602973938,1125.91953085209,701.898974725539,107.3,-58,2.22120530717959,2.22120530717959
61.4652321338654,1126.24423770237,701.272917131746,107.3,-58,2.22120530717959,2.22120530717959
61.8237221240997,1126.46346295197,700.808326141113,107.3,-58,2.19666530717959,2.19666530717959
62.1416690349579,1126.62828130472,700.429666540962,107.3,-58,2.17211530717959,2.17211530717959
62.7294840812683,1127.00221097174,699.657483334807,107.3,-58,2.07394530717959,2.07394530717959
62.9629130363464,1127.16661444428,699.334259903894,107.3,-58,2.14757530717959,2.14757530717959
63.4475991725922,1127.51325517928,698.663168164136,107.3,-58,2.11689530717959,2.11689530717959
63.9355640411377,1127.86290175536,697.989931309112,107.3,-59,2.15370530717959,2.15370530717959
64.2771730422974,1128.09710597174,697.533871825948,107.3,-59,2.13530530717959,2.13530530717959
64.6213121414185,1128.33304480169,697.074434577078,107.3,-59,2.06780530717959,2.06780530717959
64.9194111824036,1128.5344977037,696.678010088617,107.3,-59,2.15370530717959,2.15370530717959
65.2901880741119,1128.7839819065,696.18550979198,107.3,-59,2.14143530717959,2.14143530717959
65.8009879589081,1129.05535426253,695.547031682424,107.3,-59,2.06780530717959,2.06780530717959
66.188873052597,1129.2254541497,695.082091990808,107.3,-59,2.07394530717959,2.07394530717959
66.388365983963,1129.35063173459,694.812749945178,107.3,-60,2.05553530717959,2.05553530717959
66.7914850711823,1129.63328599866,694.244670296802,107.3,-60,2.07394530717959,2.07394530717959
67.4504590034485,1130.12785961667,693.265447933586,107.3,-60,2.01258530717959,2.01258530717959
67.7790710926056,1130.37783519784,692.775388214692,107.3,-60,2.01258530717959,2.01258530717959
68.2373130321503,1130.7141199496,692.126417641127,107.3,-60,2.10462530717959,2.10462530717959
68.438371181488,1130.86166818559,691.841675431313,107.3,-61,2.15984530717959,2.15984530717959
68.8767130374908,1131.18388195529,691.213681134671,107.3,-61,2.19052530717959,2.19052530717959
69.3716320991516,1131.54199377791,690.53474349608,107.3,-61,2.14757530717959,2.14757530717959
69.6861820220947,1131.75362436293,690.189080207213,107.3,-62,2.25801530717959,2.25801530717959
70.0270330905914,1131.98295047548,689.814514223384,107.3,-62,2.28256530717959,2.28256530717959
70.6016631126404,1132.42060148938,688.978168448891,107.3,-62,2.42368530717959,2.42368530717959
70.8809270858765,1132.63537603574,688.562016730309,107.3,-62,2.42368530717959,2.42368530717959
71.3896219730377,1133.01410055492,687.823503917907,107.3,-63,2.51572530717959,2.51572530717959
71.575893163681,1133.15277988686,687.553079220622,107.3,-62,2.52800530717959,2.52800530717959
71.8181490898132,1133.33863717609,687.191204531376,107.3,-63,2.58935530717959,2.58935530717959
72.1880719661713,1133.62393181664,686.63586375692,107.3,-63,2.64458530717959,2.64458530717959
72.8179290294647,1134.10347383573,685.715386783728,107.3,-63,2.81025530717959,2.81025530717959
73.2188680171967,1134.3769816196,685.192465149257,107.3,-64,2.87774530717959,2.87774530717959
73.4938440322876,1134.50376413454,684.948151816411,107.3,-64,2.95751530717959,2.95751530717959
74.0223469734192,1134.76537967812,684.44129177092,107.3,-65,3.09864530717959,3.09864530717959
74.3812539577484,1134.99343879246,683.992328337974,107.3,-64,3.20295530717959,3.20295530717959
74.8200190067291,1135.26919279987,683.449377590036,107.3,-64,3.27658530717959,3.27658530717959
75.1485171318054,1135.46770387151,683.058268542517,107.3,-64,3.38089530717959,3.38089530717959
75.6154191493988,1135.75948060694,682.48564866132,107.3,-65,3.60178530717959,3.60178530717959
75.7921171188354,1135.88097718577,682.249702305226,107.3,-64,3.63246530717959,3.63246530717959
76.4374279975891,1136.31984447588,681.399659539455,107.3,-65,3.81654530717959,3.81654530717959
76.8374121189117,1136.5856619678,680.887695050025,107.3,-65,3.92699530717959,3.92699530717959
77.0548310279846,1136.71410059149,680.594170119075,107.3,-65,3.93312530717959,3.93312530717959
77.4423770904541,1136.88922114773,680.019877706705,107.3,-64,4.08652530717959,4.08652530717959
78.2298121452332,1137.3487843222,678.938394137814,107.3,-64,4.33196530717959,4.33196530717959
78.8282830715179,1137.73665670025,678.174104450689,107.3,-64,4.60194530717959,4.60194530717959
79.1198601722717,1137.92197416476,677.811826975942,107.3,-65,4.63875530717959,4.63875530717959
79.3373501300812,1138.06020782343,677.541599140567,107.3,-64,4.68170530717959,4.68170530717959
79.7078890800476,1138.2999920958,677.079092169059,107.3,-64,4.82897530717959,4.82897530717959
80.2770071029663,1138.67622135567,676.3481912362,107.3,-64,4.85351530717959,4.85351530717959
80.6205661296844,1138.91854187958,675.867665065211,107.3,-64,4.89646530717959,4.89646530717959
81.0744299888611,1139.22537037517,675.233683564308,107.3,-64,4.98236530717959,4.98236530717959
81.4036340713501,1139.43357693494,674.774723886891,107.3,-63,5.04372530717959,5.04372530717959
81.556892156601,1139.53050568032,674.56105921774,107.3,-63,4.93941530717959,4.93941530717959
82.3497960567474,1140.1233655929,673.430371908133,107.3,-63,5.20939530717959,5.20939530717959
82.4610979557037,1140.20649640888,673.271706874425,107.3,-62,5.18485530717959,5.18485530717959
83.0296649932861,1140.6296659085,672.461639546593,107.3,-62,5.32598130717959,5.32598130717959
83.4864599704742,1140.95386782268,671.836772480341,107.3,-63,5.39347630717959,5.39347630717959
83.7759289741516,1141.15670510125,671.44508670104,107.3,-63,5.41802030717959,5.41802030717959
84.1998200416565,1141.45919106712,670.858813219588,107.3,-63,5.59596230717959,5.59596230717959
84.6148910522461,1141.75917464401,670.275914096893,107.3,-62,5.63277730717959,5.63277730717959
84.9692549705505,1141.9980818332,669.799693878614,107.3,-63,5.63277730717959,5.63277730717959
85.2544851303101,1142.18138999185,669.427578316554,107.3,-62,5.67572930717959,5.67572930717959
85.4747490882874,1142.32294648288,669.140218639746,107.3,-62,5.75549630717959,5.75549630717959
86.1064541339874,1142.79310627438,668.252335136069,107.3,-62,5.76776730717959,5.76776730717959
86.2868349552155,1142.92894739022,667.997771889291,107.3,-62,5.74322430717959,5.74322430717959
86.779767036438,1143.29597410094,667.315374078985,107.3,-63,5.88435030717959,5.88435030717959
87.2463371753693,1143.65612098989,666.640461934063,107.3,-62,5.84753430717959,5.84753430717959
87.4910199642181,1143.85031777199,666.274400999802,107.3,-62,5.83526330717959,5.83526330717959
88.0697531700134,1144.27518893657,665.460724028626,107.3,-62,5.95184530717959,5.95184530717959
88.4352910518646,1144.52681014915,664.972121383111,107.3,-62,5.92116630717959,5.92116630717959
88.6992521286011,1144.78233684332,664.595510898265,107.3,-63,6.05002030717959,6.05002030717959
89.129322052002,1145.27979699491,663.955766445254,107.3,-62,5.97025330717959,5.97025330717959
89.5517880916595,1145.66274044745,663.372501318519,107.3,-62,6.01320430717959,6.01320430717959
89.5804460048676,1145.68119265424,663.336150471145,107.3,-63,6.10524330717959,6.10524330717959
90.1169421672821,1146.02663086038,662.655637205053,107.3,-63,6.09910730717959,6.09910730717959
90.4413421154022,1146.24221508296,662.226691984911,107.3,-63,6.17887430717959,6.17887430717959
90.7821719646454,1146.46883359183,661.775721152249,107.3,-63,6.16660230717959,6.16660230717959
91.2414481639862,1146.81278860766,661.10357217437,107.3,-63,6.16660230717959,6.16660230717959
91.5952479839325,1147.08519579678,660.573351038415,107.3,-63,6.24636980717959,6.24636980717959
91.9369120597839,1147.32129707166,660.116529126752,107.3,-63,0.0368153071795865,6.32000061435917
92.1665890216827,1147.4796743544,659.810129998985,107.3,-63,0.0184053071795862,6.30159061435917
92.6339540481567,1147.61,659.3718803416,107.3,-63,0.147265307179587,6.43045061435917
92.8922309875488,1147.61,659.199193914949,107.3,-63,0.128855307179586,6.41204061435917
95.5473484992981,1147.62520445838,658.867021645024,107.3,-63,0.343615307179586,6.62680061435917
96.1502094268799,1147.07668683949,659.67026447,107.3,-62,0.263845307179587,6.54703061435917
96.5219564437866,1146.5816739894,660.22244318986,107.3,-62,0.239305307179587,6.52249061435917
96.8651185035706,1146.23825704218,660.503018816069,107.3,-62,0.251575307179587,6.53476061435917
97.524754524231,1145.42549265994,660.978479468801,107.3,-63,0.202485307179586,6.48567061435917
97.8720374107361,1144.80909643226,661.353422930388,107.3,-64,0.184075307179587,6.46726061435917
102.490750551224,1145.97588157801,660.717664890415,107.3,-64,6.25864160717959,6.25864160717959
102.860172510147,1146.45698036798,660.4540423902,107.3,-64,6.09297130717959,6.09297130717959
103.624260663986,1147.51582022456,659.875477559682,107.3,-63,5.94570930717959,5.94570930717959
103.853407621384,1147.84077583424,659.698078962661,107.3,-64,5.93957330717959,5.93957330717959
104.292102575302,1148.41371629464,659.383263257052,107.3,-63,5.83526330717959,5.83526330717959
104.614721536636,1148.82762604581,659.156842241682,107.3,-63,5.80458330717959,5.80458330717959
105.234545707703,1149.52782571843,658.786972061677,107.3,-63,5.59596230717959,5.59596230717959
105.620119571686,1150.01717300331,658.471468432077,107.3,-64,5.54687430717959,5.54687430717959
105.953905582428,1150.45506058211,658.175679665611,107.3,-64,5.55301030717959,5.55301030717959
106.378457546234,1151.00211365512,657.875645658647,107.3,-63,5.47937930717959,5.47937930717959
106.418018579483,1151.05259252921,657.851510446969,107.3,-64,5.42415630717959,5.42415630717959
106.996139526367,1151.78273384908,657.503326930054,107.3,-64,5.40574830717959,5.40574830717959
107.56512761116,1152.47843521175,657.174381177052,107.3,-64,5.35052530717959,5.35052530717959
107.626147508621,1152.55179181934,657.140131061126,107.3,-63,5.34438930717959,5.34438930717959
108.315535545349,1153.34889632286,656.779143504359,107.3,-63,5.24621530717959,5.24621530717959
108.533640623093,1153.58887569426,656.671603645476,107.3,-63,5.16644530717959,5.16644530717959
109.092030525208,1154.19482255277,656.400119502263,107.3,-63,5.07440530717959,5.07440530717959
109.497956514359,1154.59394599398,656.161724149543,107.3,-63,5.10508530717959,5.10508530717959
109.812722682953,1154.90343727993,655.976865840906,107.3,-63,5.04372530717959,5.04372530717959
110.273021697998,1155.45435045393,655.741130321025,107.3,-64,4.93941530717959,4.93941530717959
110.677274703979,1155.9405060077,655.539190592234,107.3,-64,4.90873530717959,4.90873530717959
110.93958568573,1156.25067012699,655.413682320708,107.3,-64,4.85351530717959,4.85351530717959
111.233208656311,1156.5978584508,655.273192161768,107.3,-63,4.80442530717959,4.80442530717959
111.842916488647,1157.33372019582,654.979266149166,107.3,-64,4.74920530717959,4.74920530717959
112.260924577713,1157.86249321346,654.77326575821,107.3,-64,4.77988530717959,4.77988530717959
112.387273550034,1158.02754991876,654.710022978497,107.3,-64,4.65102530717959,4.65102530717959
112.980229616165,1158.84256754311,654.384067577914,107.3,-64,4.58353530717959,4.58353530717959
113.41943860054,1159.49305628997,654.108860800396,107.3,-64,4.55285530717959,4.55285530717959
113.65976858139,1159.81823503728,653.982582269245,107.3,-64,4.51603530717959,4.51603530717959
114.046666622162,1160.33420446496,653.78523726134,107.3,-64,4.41786530717959,4.41786530717959
114.583602666855,1161.09481189973,653.50078415153,107.3,-63,4.38104530717959,4.38104530717959
115.288320541382,1162.08587239787,653.132901340391,107.3,-63,4.30128530717959,4.30128530717959
115.739702701569,1162.71089529629,652.901036890114,107.3,-63,4.18469530717959,4.18469530717959
115.937371492386,1162.99083802306,652.797213471061,107.3,-63,4.23378530717959,4.23378530717959
116.554217576981,1163.90698086889,652.428762607543,107.3,-63,4.13561530717959,4.13561530717959
116.894129514694,1164.463014841,652.172239371672,107.3,-63,4.11720530717959,4.11720530717959
117.307721614838,1165.07014269319,651.917800953998,107.3,-63,3.93312530717959,3.93312530717959
117.552788496017,1165.39361739317,651.797171847131,107.3,-63,3.89631530717959,3.89631530717959
117.916566610336,1165.87379026199,651.618246746324,107.3,-63,3.89631530717959,3.89631530717959
118.489729642868,1166.63036717856,651.336894705474,107.3,-63,3.73677530717959,3.73677530717959
119.292138576508,1167.76603291836,650.925434822987,107.3,-62,3.69382530717959,3.69382530717959
119.695215702057,1168.32290543709,650.72392803256,107.3,-63,3.61405530717959,3.61405530717959
120.071318626404,1168.8983555252,650.497833910707,107.3,-63,3.55883530717959,3.55883530717959
120.175102710724,1169.12003187209,650.392611538049,107.3,-63,3.49133530717959,3.49133530717959
120.849071502686,1170.44358178614,649.78861536493,107.3,-62,3.41770530717959,3.41770530717959
121.221395492554,1170.95017463424,649.608493463381,107.3,-63,3.38702530717959,3.38702530717959
121.345535516739,1171.1190824944,649.548437335323,107.3,-63,3.33794530717959,3.33794530717959
121.835589647293,1171.78857429497,649.31349899676,107.3,-63,3.21522530717959,3.21522530717959
122.255130529404,1172.35972313666,649.113770089042,107.3,-62,3.16613530717959,3.16613530717959
122.716941595078,1172.98206861471,648.896584218131,107.3,-62,3.08023530717959,3.08023530717959
123.176852703094,1173.62817412336,648.67196071295,107.3,-62,3.09250530717959,3.09250530717959
123.293186664581,1173.7945030022,648.614225400198,107.3,-62,3.02500530717959,3.02500530717959
123.97860956192,1174.32942563932,648.406487273636,107.3,-61,2.93910530717959,2.93910530717959
124.329189538956,1174.45586211169,648.343699586756,107.3,-61,2.89615530717959,2.89615530717959
124.773308515549,1175.09093245103,648.115318522418,107.3,-61,2.79184530717959,2.79184530717959
125.018781661987,1175.44194810814,647.989087891879,107.3,-61,2.81025530717959,2.81025530717959
125.394554615021,1175.99882990315,647.787543988769,107.3,-61,2.73048530717959,2.73048530717959
125.68287563324,1176.42693706085,647.63255334186,107.3,-61,2.68139530717959,2.68139530717959
126.274838685989,1177.24985552202,647.337451723116,107.3,-60,2.65071530717959,2.65071530717959
127.104454517365,1178.28945614758,646.966405632097,107.3,-60,2.55867530717959,2.55867530717959
127.435582637787,1178.81230388174,646.80528789411,107.3,-60,2.55254530717959,2.55254530717959
127.841310501099,1179.51005944682,646.599310451298,107.3,-60,2.54027530717959,2.54027530717959
128.010118722916,1179.77620903261,646.514848530754,107.3,-60,2.51572530717959,2.51572530717959
128.637269496918,1180.68146444427,646.20533739477,107.3,-60,2.48504530717959,2.48504530717959
128.9362885952,1181.07776543225,646.070717155299,107.3,-60,2.54640530717959,2.54640530717959
129.219861507416,1181.45209221861,645.94360201743,107.3,-60,2.59549530717959,2.59549530717959
129.658760547638,1182.03447039929,645.745216801891,107.3,-60,2.48504530717959,2.48504530717959
130.212094545364,1182.77579476399,645.491700806425,107.3,-60,2.33165530717959,2.33165530717959
130.25724864006,1182.83800610978,645.470237892126,107.3,-60,2.41141530717959,2.41141530717959
130.760403633118,1183.5312311533,645.23107525211,107.3,-60,2.39300530717959,2.39300530717959
131.350966691971,1184.07948213275,645.097828545315,107.3,-60,2.35005530717959,2.35005530717959
131.467672586441,1184.18058013537,645.075522795529,107.3,-60,2.32551530717959,2.32551530717959
132.16063451767,1185.04390569602,644.774143621651,107.3,-60,2.31324530717959,2.31324530717959
132.352909564972,1185.29422136079,644.68401349352,107.3,-60,2.29483530717959,2.29483530717959
132.853866577148,1185.94456501154,644.45246256732,107.3,-60,2.23347530717959,2.23347530717959
133.097286701202,1186.28079550212,644.333423804811,107.3,-59,2.23347530717959,2.23347530717959
133.410158634186,1186.74539538259,644.169953476495,107.3,-59,2.23961530717959,2.23961530717959
133.976940631866,1187.63678898401,643.858555950628,107.3,-59,2.20893530717959,2.20893530717959
134.367164611816,1188.29073625874,643.631818493894,107.3,-59,2.20279530717959,2.20279530717959
134.907598495483,1189.31896603145,643.21274960251,107.3,-59,2.16598530717959,2.16598530717959
134.997697591782,1189.49379036169,643.139968126021,107.3,-59,2.19052530717959,2.19052530717959
135.67901968956,1190.54238965509,642.745076250874,107.3,-59,2.13530530717959,2.13530530717959
136.030809640884,1191.03857583874,642.566546970539,107.3,-59,2.10462530717959,2.10462530717959
136.319166660309,1191.44923725292,642.417476877192,107.3,-60,2.08007530717959,2.08007530717959
136.790311574936,1192.0586358901,642.195065515525,107.3,-59,2.01871530717959,2.01871530717959
137.227729558945,1192.53961937342,642.017702856051,107.3,-59,2.04939530717959,2.04939530717959
137.428945541382,1192.79072805577,641.926452779969,107.3,-59,2.08621530717959,2.08621530717959
137.821930646896,1193.33919862052,641.729451107733,107.3,-59,2.00031530717959,2.00031530717959
138.768079519272,1194.19648905016,641.777055263494,107.3,-59,2.04326530717959,2.04326530717959
138.96538567543,1194.50573329007,641.665564577003,107.3,-59,1.98803530717959,1.98803530717959
139.28036570549,1194.99941155068,641.487580572519,107.3,-59,1.98190530717959,1.98190530717959
139.942276716232,1195.91268609144,641.156418575532,107.3,-59,1.93281530717959,1.93281530717959
140.039071559906,1196.03811920024,641.110794005188,107.3,-59,1.90827530717959,1.90827530717959
140.648639678955,1196.88357610206,640.801778455848,107.3,-59,1.89599530717959,1.89599530717959
141.050799608231,1197.46432587882,640.58939293599,107.3,-59,1.87145530717959,1.87145530717959
141.477992534637,1198.10442912261,640.355667164406,107.3,-59,1.85304530717959,1.85304530717959
141.8388235569,1198.57718626723,640.221684654046,107.3,-59,1.77941530717959,1.77941530717959
142.223387718201,1199.02080858999,640.135150917014,107.3,-59,1.77328530717959,1.77328530717959
142.548598527908,1199.43841413502,640.00535236436,107.3,-59,1.76100530717959,1.76100530717959
142.79413151741,1199.77261117703,639.882138303417,107.3,-59,1.77328530717959,1.77328530717959
143.29864358902,1200.49289579458,639.617810686319,107.3,-59,1.68737530717959,1.68737530717959
143.637920618057,1201.00483669041,639.430903963028,107.3,-59,1.66283530717959,1.66283530717959
144.080645561218,1201.66988257589,639.186813841348,107.3,-59,1.63215530717959,1.63215530717959
144.581521511078,1202.41961722526,638.911694134189,107.3,-58,1.65056530717959,1.65056530717959
144.998953580856,1203.03938558203,638.687315034653,107.3,-59,1.65669530717959,1.65669530717959
145.271753549576,1203.45516568916,638.547236858212,107.3,-59,1.60761530717959,1.60761530717959
145.441155672073,1203.74865120158,638.481784930441,107.3,-58,1.61988530717959,1.61988530717959
145.949107646942,1204.62866700913,638.285527436853,107.3,-58,1.58920530717959,1.58920530717959
146.461688518524,1205.37747501166,638.013056316486,107.3,-59,1.56466530717959,1.56466530717959
146.85302066803,1205.9590537252,637.80057854876,107.3,-58,1.54625530717959,1.54625530717959
147.299230575562,1206.63891872641,637.552777286634,107.3,-57,1.55852530717959,1.55852530717959
147.823848724365,1207.38828672173,637.274547676447,107.3,-58,1.49102530717959,1.49102530717959
148.198413610458,1207.92897830805,637.074251851917,107.3,-57,1.49102530717959,1.49102530717959
148.447620630264,1208.30873933806,636.935479363381,107.3,-57,1.44807530717959,1.44807530717959
148.883580684662,1208.97575184633,636.67613559554,107.3,-57,1.47875530717959,1.47875530717959
149.179065704346,1209.43441401815,636.459428239131,107.3,-57,1.44194530717959,1.44194530717959
149.704540491104,1210.21953823303,636.118097037473,107.3,-57,1.41739530717959,1.41739530717959
149.79531955719,1210.34741264879,636.070325085925,107.3,-57,1.50330530717959,1.50330530717959
150.1863925457,1210.89829108454,635.864525217475,107.3,-57,1.42353530717959,1.42353530717959
150.881612539291,1211.83860020731,635.512462983591,107.3,-57,1.41126530717959,1.41126530717959
151.209250688553,1212.29151412325,635.34115994505,107.3,-56,1.37444530717959,1.37444530717959
151.613335609436,1212.85545893743,635.127091097221,107.3,-56,1.42353530717959,1.42353530717959
151.912953615189,1213.31798607719,634.954980809667,107.3,-56,1.36831530717959,1.36831530717959
152.178523540497,1213.73792029872,634.799422567606,107.3,-56,1.39899530717959,1.39899530717959
152.566667556763,1214.34709675939,634.583907798219,107.3,-56,1.49102530717959,1.49102530717959
153.108718633652,1215.18922052878,634.30518718782,107.3,-56,1.46648530717959,1.46648530717959
153.525544643402,1215.76586865897,634.085932303616,107.3,-56,1.50330530717959,1.50330530717959
153.761889696121,1216.09082775646,633.961472969274,107.3,-56,1.48489530717959,1.48489530717959
154.250203609467,1216.83572512603,633.679752803339,107.3,-57,1.40512530717959,1.40512530717959
154.746875524521,1217.55089979306,633.408643000868,107.3,-57,1.49716530717959,1.49716530717959
155.140037536621,1218.01742802196,633.229370355607,107.3,-58,1.66897530717959,1.66897530717959
155.50777053833,1218.48388467836,633.052824801703,107.3,-58,1.58920530717959,1.58920530717959
155.877463579178,1218.98736616783,632.865163519263,107.3,-58,1.62601530717959,1.62601530717959
156.082015514374,1219.27443397539,632.758121150937,107.3,-58,1.67510530717959,1.67510530717959
156.594132661819,1220.20013257724,632.411895295916,107.3,-57,1.68737530717959,1.68737530717959
156.981318712235,1220.83944588768,632.175499972615,107.3,-58,1.70578530717959,1.70578530717959
157.090197563171,1221.0056936243,632.114692241922,107.3,-58,1.71805530717959,1.71805530717959
157.765330553055,1221.99512285475,631.754580649434,107.3,-58,1.74873530717959,1.74873530717959
158.279129505157,1222.70620104094,631.497815505777,107.3,-58,1.82236530717959,1.82236530717959
158.589005708694,1223.15626545908,631.334998083921,107.3,-58,1.84691530717959,1.84691530717959
158.969083547592,1223.70528288412,631.135890578439,107.3,-58,1.85304530717959,1.85304530717959
159.437804698944,1224.35606895593,630.89555077172,107.3,-58,1.95122530717959,1.95122530717959
159.655477523804,1224.656406198,630.78500422293,107.3,-58,1.92054530717959,1.92054530717959
160.14012670517,1225.17625855283,630.623050220081,107.3,-58,2.01871530717959,2.01871530717959
160.543226718903,1225.65430855716,630.46022762049,107.3,-59,2.06166530717959,2.06166530717959
160.718579530716,1225.89048497252,630.372022959241,107.3,-59,2.05553530717959,2.05553530717959
161.159183502197,1226.48504514744,630.149936241737,107.3,-59,2.19052530717959,2.19052530717959
161.637106657028,1227.13855233072,629.905551784656,107.3,-59,2.30097530717959,2.30097530717959
162.235995531082,1228.04915791575,629.568751722934,107.3,-59,2.31324530717959,2.31324530717959
162.51006269455,1228.48212413033,629.409217539747,107.3,-60,2.38687530717959,2.38687530717959
162.853063583374,1228.9608020898,629.232888209778,107.3,-59,2.42368530717959,2.42368530717959
163.205103635788,1229.4520947349,629.051912041533,107.3,-60,2.52186530717959,2.52186530717959
163.713455677032,1230.08266927186,628.553011717933,107.3,-59,2.65685530717959,2.65685530717959
164.085635662079,1230.5743466794,628.269411128175,107.3,-59,2.70594530717959,2.70594530717959
164.156260490417,1230.67438269921,628.233961470668,107.3,-59,2.71821530717959,2.71821530717959
164.80446267128,1231.57894940595,627.912674800141,107.3,-59,2.84093530717959,2.84093530717959
164.928053617477,1231.74378909572,627.853706375037,107.3,-59,2.85933530717959,2.85933530717959
165.493126630783,1232.5007907321,627.582066795129,107.3,-59,2.95751530717959,2.95751530717959
166.114246606827,1233.34443540333,627.276343628394,107.3,-59,3.04955530717959,3.04955530717959
166.329045534134,1233.62218757082,627.177948445656,107.3,-59,3.04955530717959,3.04955530717959
166.72259759903,1234.13108182097,626.997669950657,107.3,-59,3.14159530717959,3.14159530717959
167.125937700272,1234.72267349222,626.734500218144,107.3,-59,3.17227530717959,3.17227530717959
167.358114719391,1235.07645297176,626.568190799255,107.3,-58,3.23976530717959,3.23976530717959
167.64274764061,1235.50557421981,626.385110492235,107.3,-58,3.26431530717959,3.26431530717959
168.11244058609,1236.20304307177,626.131309326661,107.3,-58,3.30112530717959,3.30112530717959
168.653582572937,1236.99927409682,625.839742127576,107.3,-58,3.31339530717959,3.31339530717959
168.846562623978,1237.28231557055,625.735868654692,107.3,-58,3.39930530717959,3.39930530717959
169.307598590851,1237.83851521984,625.534631719693,107.3,-57,3.46066530717959,3.46066530717959
169.734778642654,1238.32956890834,625.3572228887,107.3,-57,3.56497530717959,3.56497530717959
170.30801153183,1239.0780773133,625.079880827073,107.3,-57,3.57110530717959,3.57110530717959
170.642473697662,1239.53751746692,624.954258162162,107.3,-57,3.61405530717959,3.61405530717959
171.033254623413,1240.08580536745,624.825786781547,107.3,-56,3.62019530717959,3.62019530717959
171.47300362587,1240.697920683,624.619193648753,107.3,-57,3.71836530717959,3.71836530717959
171.684155702591,1240.99112274897,624.510912093697,107.3,-56,3.71223530717959,3.71223530717959
171.926620721817,1241.33002707037,624.38541990275,107.3,-56,3.71836530717959,3.71836530717959
172.508606672287,1242.15860999143,624.076358473197,107.3,-57,3.81040530717959,3.81040530717959
172.627825498581,1242.32447631709,624.014428043107,107.3,-56,3.80427530717959,3.80427530717959
173.179700613022,1243.07579338642,623.733632774771,107.3,-57,3.85949530717959,3.85949530717959
173.44082069397,1243.44897959558,623.591777078624,107.3,-56,3.86563530717959,3.86563530717959
173.733031511307,1243.8817750631,623.425317283422,107.3,-57,3.89631530717959,3.89631530717959
174.047870635986,1244.36205813938,623.241496319413,107.3,-56,3.95767530717959,3.95767530717959
174.556264638901,1245.24978380974,622.908773942175,107.3,-56,3.95767530717959,3.95767530717959
174.823700666428,1245.68558088116,622.744794576747,107.3,-56,3.99448530717959,3.99448530717959
175.095480680466,1246.0764279771,622.596582262148,107.3,-56,4.01289530717959,4.01289530717959
175.369309663773,1246.4702216977,622.447252564141,107.3,-56,3.99448530717959,3.99448530717959
175.708062648773,1246.95485930294,622.267124200352,107.3,-56,4.01902530717959,4.01902530717959
176.077238559723,1247.48248298808,622.071801970758,107.3,-56,4.05584530717959,4.05584530717959
176.50977063179,1248.05041481557,621.859589345659,107.3,-56,4.08652530717959,4.08652530717959
176.984886646271,1248.67849294436,621.624866481054,107.3,-56,4.12334530717959,4.12334530717959
177.276064634323,1249.09853903528,621.468908774029,107.3,-56,4.15401530717959,4.15401530717959
177.574185609818,1249.52860090643,621.309232336723,107.3,-56,4.14788530717959,4.14788530717959
178.018320560455,1250.21222683183,621.039710482437,107.3,-56,4.16015530717959,4.16015530717959
178.359192609787,1250.72873809778,620.836435589294,107.3,-56,4.17242530717959,4.17242530717959
178.719771623611,1251.22153741351,620.64598918707,107.3,-56,4.22151530717959,4.22151530717959
178.906069517136,1251.47614866633,620.547592546658,107.3,-56,4.24605530717959,4.24605530717959
179.490788698196,1252.33696420659,620.216822309281,107.3,-56,4.28287530717959,4.28287530717959
179.752965688705,1252.72534982488,620.068053889801,107.3,-56,4.30128530717959,4.30128530717959
180.154231548309,1253.28816835067,619.855065702589,107.3,-56,4.36877530717959,4.36877530717959
180.330060720444,1253.5347876757,619.761737212922,107.3,-56,4.36877530717959,4.36877530717959
180.895375490189,1254.35024184991,619.449907290867,107.3,-57,4.41786530717959,4.41786530717959
180.991848707199,1254.49033854914,619.396203556161,107.3,-57,4.39332530717959,4.39332530717959
181.637356519699,1255.33529613151,619.116934793756,107.3,-57,4.45467530717959,4.45467530717959
181.857299566269,1255.61355810271,619.03012915709,107.3,-57,4.48535530717959,4.48535530717959
182.13512969017,1256.03353583846,618.868488436483,107.3,-57,4.52217530717959,4.52217530717959
182.553101539612,1256.67041220354,618.621475640681,107.3,-58,4.63262530717959,4.63262530717959
182.996545553207,1257.39348517933,618.34406350949,107.3,-57,4.71852530717959,4.71852530717959
183.296989679337,1257.88227060801,618.156649158206,107.3,-58,4.78601530717959,4.78601530717959
183.597657680511,1258.33754690762,617.982402501718,107.3,-58,4.85965530717959,4.85965530717959
184.165278673172,1259.19629668049,617.65505785642,107.3,-58,4.98236530717959,4.98236530717959
184.44235253334,1259.61457093322,617.497218515766,107.3,-58,5.00077530717959,5.00077530717959
184.643110513687,1259.91763775504,617.382853677344,107.3,-58,5.07440530717959,5.07440530717959
185.08162355423,1260.49767702012,617.260321897446,107.3,-58,5.14190530717959,5.14190530717959
185.540434598923,1261.11351453469,617.116987884014,107.3,-58,5.22780530717959,5.22780530717959
185.822733640671,1261.53764191102,616.95613957714,107.3,-58,5.25234530717959,5.25234530717959
186.014692544937,1261.82604185006,616.846765260637,107.3,-58,5.34438930717959,5.34438930717959
186.364792585373,1262.34956859406,616.650290607958,107.3,-58,5.34438930717959,5.34438930717959
