29.0624430179596,2,1.29775,-65,7.81136268000639,9.23344760847823,1.073,1.01742266194575
29.3504858016968,2,1.43581,-64,7.81484895864158,9.23112116184034,1.073,1.01754474952441
29.6219580173492,2,1.5708,-64,7.81813467812117,9.22892855137051,1.073,1.0176598136307
29.9244549274445,2,1.79169,-63,7.82198707665266,9.2263676011526,1.073,1.017643296146
30.1502978801727,2,1.82851,-63,7.82520176449572,9.22424709465982,1.073,1.01737469865691
30.6074829101563,2,2.00645,-62,7.83170941567617,9.21995444876242,1.073,1.01683096350991
30.8468489646912,2,2.12917,-62,7.8349623855161,9.21779374740689,1.073,1.01664787409776
31.0114250183105,2,2.25188,-63,7.83718602454847,9.21631543923537,1.073,1.01653051537105
31.4639408588409,2,2.4421,-62,7.84330162227155,9.21225049759526,1.073,1.01620959304477
31.6271958351135,2,2.48505,-62,7.84551535742148,9.21078296530486,1.073,1.0161024459675
32.1093149185181,2,2.69367,-61,7.85205288531653,9.20644909849803,1.073,1.01578602283688
32.503182888031,2,2.79798,-61,7.85685618723798,9.20307782930293,1.073,1.01569824766235
32.8409388065338,2,2.95751,-61,7.86059982431104,9.20030506075575,1.073,1.01574219644335
33.1362829208374,2,3.08637,-61,7.86388766210358,9.19787683917785,1.073,1.01578794023009
33.5887308120728,2,3.21522,-61,7.87024485809365,9.19382166218838,1.073,1.01653396490621
33.9967257976532,2,3.32567,-61,7.87596250923446,9.1901752667885,1.073,1.01716880496639
34.2558670043945,2,3.36249,-60,7.87936427506061,9.18801850952719,1.073,1.01698959918812
34.7038359642029,2,3.55884,-60,7.88524479679552,9.18429019352891,1.073,1.01667981199876
34.7484748363495,2,3.51588,-60,7.88583077457842,9.18391867711571,1.073,1.01664894255918
35.3453149795532,2,3.74291,-60,7.89437309911076,9.17848008852131,1.073,1.01664380892162
35.5479049682617,2,3.792,-61,7.89729770685966,9.17661736174883,1.073,1.01665648053232
36.1327278614044,2,4.04357,-61,7.90531112215846,9.17150231114192,1.073,1.01655098924604
36.5324218273163,2,4.14788,-60,7.91038431308676,9.16848436112124,1.073,1.01696991879251
36.9396798610687,2,4.29515,-60,7.91447462355214,9.16673890624504,1.073,1.01884963942841
37.2716019153595,2,4.424,-61,7.9178082944434,9.16531633156225,1.073,1.02038164293296
37.6636788845062,2,4.58353,-61,7.92273897639781,9.16222205929603,1.073,1.02016279902241
37.7732918262482,2,4.6633,-61,7.92412186566588,9.16135070114434,1.073,1.02009258886918
38.2290048599243,2,4.85965,-61,7.92999046842956,9.15764837289131,1.073,1.01996149427833
38.7892949581146,2,5.03146,-61,7.93792728145274,9.15261446737453,1.073,1.02077298887671
39.2780499458313,2,5.33212,-62,7.94494590124585,9.14814813196385,1.073,1.02149543805992
39.4597117900848,2,5.35666,-62,7.94758168388007,9.14646668442133,1.073,1.02176810522897
40.0409109592438,2,5.76163,-62,7.95567583174121,9.14131794035872,1.073,1.02214479233204
40.5210978984833,2,6.03775,-62,7.96196590244487,9.1373348296839,1.073,1.02187444545366
40.9681489467621,2,6.25251,-63,7.97026460619295,9.13149296983306,1.073,1.02035128180854
41.2576730251312,2,0.147262,-63,7.97597836667148,9.12741326514135,1.073,1.01918823988488
41.6432368755341,2,0.362019,-62,7.9820402023549,9.12342282017868,1.073,1.0187608083615
42.227285861969,2,0.736311,-63,7.98986443863901,9.11864439819498,1.073,1.01909770429992
42.5746719837189,2,0.852893,-62,7.99401768419121,9.11610164950683,1.073,1.01879297670564
43.1582767963409,2,1.1781,-61,8.00102430595916,9.11180609527032,1.073,1.01831960759211
43.3633468151093,2,1.31922,-61,8.00394417286165,9.10998862709632,1.073,1.01866472791477
43.9238967895508,2,1.6567,-61,8.01192550200665,9.10502065691423,1.073,1.01960809930181
44.5393869876862,2,1.92054,-61,8.02167381200268,9.0989696135283,1.073,1.01950183261825
44.6171100139618,2,2.02485,-61,8.02291005365935,9.09820232473982,1.073,1.0194823335385
45.2597959041595,2,2.32551,-61,8.03169656857739,9.09320174639801,1.073,1.01745731272997
45.6409618854523,2,2.51573,-61,8.03676325794549,9.09030804863603,1.073,1.01654142972087
46.0125229358673,2,2.73662,-60,8.04190353659929,9.08711512690442,1.073,1.01728505050261
46.3956429958344,2,2.85934,-60,8.04715133983833,9.0838495420522,1.073,1.01795659129551
47.1159880161285,2,3.2275,-60,8.05637495572713,9.07803705181869,1.073,1.01804993055474
47.5897138118744,2,3.41157,-60,8.06222993036699,9.07437367478934,1.073,1.01779754565988
47.8381698131561,2,3.58338,-60,8.06527900447411,9.07246871321962,1.073,1.01763288430214
48.1410639286041,2,3.69996,-60,8.06899256980794,9.07014935133487,1.073,1.01748340431941
48.7274589538574,2,3.97608,-60,8.07615980398389,9.06567760542182,1.073,1.01751105035288
49.0363337993622,2,4.16016,-59,8.07987262843755,9.06316504884187,1.073,1.01752148944218
49.3891530036926,2,4.25833,-59,8.08400000892509,9.06000881670435,1.073,1.01752590375286
49.8030018806458,2,4.45468,-59,8.08910858598642,9.05626816607589,1.073,1.01739154770287
49.968132019043,2,4.52218,-59,8.09155080606101,9.05471748655355,1.073,1.01712709073006
50.5600898265839,2,4.71852,-60,8.1002766245426,9.04917809939403,1.073,1.01618583573045
50.8021159172058,2,4.87192,-60,8.10349221109002,9.04714943368144,1.073,1.0158830498032
51.204060792923,2,5.056,-59,8.10883249705605,9.04378032671605,1.073,1.01538019801732
51.6206259727478,2,5.2094,-60,8.11444740215251,9.04025824708958,1.073,1.01493439716322
52.0654439926147,2,5.49779,-60,8.12048475063252,9.03648153222273,1.073,1.01449737730006
52.3940978050232,2,5.65732,-60,8.12454996286259,9.03391771735242,1.073,1.01393495664775
52.9122037887573,2,5.88435,-60,8.13068935329684,9.03003025044723,1.073,1.01288527955561
53.3095989227295,2,6.12979,-60,8.13447919502536,9.02720510798948,1.073,1.01635012110391
53.5895609855652,2,6.27091,-60,8.13692750612923,9.02525257139486,1.073,1.01982054266861
54.1055448055267,2,0.233165,-60,8.14244486097524,9.02141732463218,1.073,1.02395803410228
54.4582779407501,2,0.411107,-59,8.14685448131881,9.01864531104283,1.073,1.02535286896571
54.9060578346252,2,0.625864,-59,8.15294980321333,9.01483939068439,1.073,1.02634242462537
55.0932919979095,2,0.773126,-59,8.15563680260264,9.01316820813738,1.073,1.02653903433678
55.608836889267,2,0.99402,-59,8.16281495013232,9.00868722965811,1.073,1.02665916243791
55.9240458011627,2,1.10447,-58,8.16693404288083,9.00609504198017,1.073,1.02621726743041
56.5060617923737,2,1.3499,-58,8.17447237059025,9.00137754371938,1.073,1.02656531270504
56.9629189968109,2,1.47876,-58,8.18032858010313,8.99773690658419,1.073,1.02789358061109
57.2902297973633,2,1.56466,-58,8.18329980333138,8.99595691567312,1.073,1.02727535895932
57.6385238170624,2,1.75487,-57,8.1856813095113,8.9945906163905,1.073,1.02561718769373
58.3314809799194,2,1.92668,-57,8.19348158187014,8.98979296022108,1.073,1.02312533011242
58.6305220127106,2,2.05553,-57,8.19769317979182,8.98714846850281,1.073,1.02227285335824
59.2040247917175,2,2.26416,-57,8.20610207341468,8.9818931216751,1.073,1.02227450395155
59.5113999843597,2,2.35006,-57,8.21064772685701,8.97905497257151,1.073,1.02246679047618
60.2400109767914,2,2.60777,-56,8.22058316393148,8.97284884240159,1.073,1.02252426478349
60.5557749271393,2,2.6814,-56,8.22494204782189,8.97014950201982,1.073,1.02258326928704
61.0143849849701,2,2.84707,-56,8.23131080502356,8.96621923293591,1.073,1.02269228404995
61.5538229942322,2,3.06183,-56,8.23971272793591,8.96368616725091,1.073,1.02155468550881
61.9630749225616,2,3.16614,-56,8.24627747822991,8.96220162753685,1.073,1.02042682092085
62.5586919784546,2,3.37476,-56,8.25509311769011,8.95690103867329,1.073,1.02027099690348
63.0767819881439,2,3.51588,-56,8.26261544690523,8.95226478005699,1.073,1.01957310061177
63.7090718746185,2,3.72451,-56,8.27161620477717,8.94668352014741,1.073,1.01807666177751
64.2084259986877,2,3.91472,-56,8.27866991165215,8.94229760143507,1.073,1.01774553116248
64.4774467945099,2,3.98221,-56,8.28247902295308,8.93993305840741,1.073,1.01770350247654
65.0613708496094,2,4.14175,-56,8.29083355940527,8.93478450228958,1.073,1.01892308952857
65.6698408126831,2,4.34423,-56,8.29655957944217,8.93181161566787,1.073,1.02169629792927
66.1528978347778,2,4.5774,-57,8.30075201456975,8.9297044456145,1.073,1.02395469111881
66.6600158214569,2,4.68171,-57,8.30726848131661,8.9256727177922,1.073,1.0247789554736
66.9203429222107,2,4.73693,-57,8.31061267069837,8.92360286532465,1.073,1.02517976280527
67.3242099285126,2,4.95169,-57,8.31578161489761,8.92038832412991,1.073,1.02537948282033
68.0784358978271,2,5.19713,-58,8.32591680222983,8.91410263161472,1.073,1.02391215668473
68.4407849311829,2,5.32598,-58,8.33108613997255,8.9109069610884,1.073,1.0220615689384
68.9439399242401,2,5.54074,-59,8.33854087540568,8.90628818800634,1.073,1.02088638941421
69.5747117996216,2,5.81686,-58,8.34859522200453,8.89972418739154,1.073,1.02044131913001
70.0042769908905,2,6.0132,-59,8.35646459582367,8.89404254249616,1.073,1.0208337127699
70.4826669692993,2,6.27091,-59,8.36370836454445,8.88917357060669,1.073,1.02147397838371
70.8497807979584,2,0.153398,-58,8.36847843298407,8.88619394802395,1.073,1.02207079366934
71.3267729282379,2,0.386563,-58,8.37502018742806,8.88211539013287,1.073,1.02296098017666
72.1144299507141,2,0.791534,-58,8.38591815133807,8.87530092588531,1.073,1.02396520419794
72.4856388568878,2,0.938796,-58,8.39085009077836,8.87219223001471,1.073,1.02391710904383
73.1754078865051,2,1.27627,-57,8.40013263838857,8.86640139279379,1.073,1.02152212613207
73.635586977005,2,1.41126,-57,8.40553279683332,8.86305975802846,1.073,1.02084792908129
73.8730537891388,2,1.48489,-57,8.40735469169702,8.86194884652621,1.073,1.02235876872436
74.3682568073273,2,1.68124,-57,8.41161045662152,8.8593558181057,1.073,1.02517828405804
74.965991973877,2,1.9635,-56,8.41997501534005,8.8542716211107,1.073,1.02624021933882
75.3155620098114,2,2.03099,-56,8.42470280733016,8.8514255123042,1.073,1.02611658027452
75.8820459842682,2,2.21507,-56,8.4321601512605,8.84697172533013,1.073,1.02498938727491
76.5538249015808,2,2.47891,-55,8.44065606727939,8.84185260297023,1.073,1.02459531359409
77.1389319896698,2,2.6814,-55,8.44807589370517,8.83738631738357,1.073,1.02476780713785
77.5124168395996,2,2.77957,-55,8.45283018210307,8.83452758707956,1.073,1.02503608798176
78.2200689315796,2,2.97592,-55,8.46045647387734,8.82907261750621,1.073,1.03060949282494
78.7946748733521,2,3.12318,-55,8.46751557495389,8.82455560594062,1.073,1.03233720891714
79.3759989738464,2,3.28885,-55,8.47516991847844,8.81997457825659,1.073,1.03196197044769
79.7442109584808,2,3.36862,-55,8.47995994273131,8.81712446785661,1.073,1.03121726418189
80.4310038089752,2,3.55884,-54,8.48914325979538,8.81162160493421,1.073,1.02976701018931
80.884917974472,2,3.67542,-54,8.4953361095363,8.80789986448712,1.073,1.02873171767494
81.3393459320068,2,3.77359,-55,8.50162238616658,8.80415015561994,1.073,1.02743034812692
81.776951789856,2,3.88404,-55,8.50836842566188,8.8002408447989,1.073,1.02728483169363
82.028030872345,2,4.00062,-55,8.5130776651268,8.79763644651784,1.073,1.02854286267618
82.452868938446,2,4.12948,-55,8.52104592822245,8.79322967747077,1.073,1.03067151251997
83.139527797699,2,4.27674,-55,8.53080299837268,8.78744974732314,1.073,1.03248926962168
83.4038128852844,2,4.36878,-55,8.53438042674289,8.78532906152845,1.073,1.03315889597269
84.0483639240265,2,4.52831,-55,8.54261589288464,8.78044908403996,1.073,1.03472371520041
84.6163878440857,2,4.7308,-56,8.55061181977641,8.77570953969084,1.073,1.03357745878212
85.1276819705963,2,4.9026,-56,8.55781983208623,8.77144355076566,1.073,1.0318711173221
85.3919858932495,2,4.99464,-56,8.5615268772095,8.76925331562795,1.073,1.03069422669906
86.2719249725342,2,5.34439,-57,8.57422008557509,8.76021805251967,1.073,1.02411122454743
86.7303009033203,2,5.52847,-58,8.58035989691671,8.75580174390029,1.073,1.02167796576506
87.0415198802948,2,5.66346,-57,8.58388926536696,8.75369071978051,1.073,1.02199681836649
87.6843678951263,2,5.95798,-58,8.59144662034586,8.74915524158647,1.073,1.02253896550029
88.5069468021393,2,0.104311,-58,8.60239537879464,8.74254375360797,1.073,1.02255904813913
89.0177760124207,2,0.398835,-58,8.61019059209534,8.73781916381659,1.073,1.022
89.4737098217011,2,0.613592,-58,8.61639390397079,8.73401195724183,1.073,1.022
90.2993309497833,2,0.981748,-58,8.62556671188599,8.72847745623074,1.073,1.02204435420292
90.7140779495239,2,1.27627,-58,8.62954496815462,8.72611474626005,1.073,1.02212956502726
91.1580967903137,2,1.40513,-58,8.63547804513621,8.72250262626509,1.073,1.02273594117692
92.0631258487701,2,1.80396,-58,8.64769164304717,8.71509745821295,1.073,1.02407218777682
92.6891658306122,2,2.00645,-58,8.65582656990014,8.71019235438061,1.073,1.02400921959792
92.9401178359985,2,2.08008,-58,8.65898002785937,8.7082949598072,1.073,1.02368412083924
93.5306768417358,2,2.26416,-58,8.66747492492295,8.70317099397777,1.073,1.02307679780869
93.9896438121796,2,2.45437,-57,8.67472033897099,8.69881314169454,1.073,1.02278939493479
94.641273021698,2,2.5955,-57,8.68637551554743,8.69206832105702,1.073,1.02391221384514
95.2917737960815,2,2.7673,-56,8.69474132728568,8.68707356214884,1.073,1.02359664483375
95.9608969688416,2,3.00047,-56,8.70244969009767,8.68242134449202,1.073,1.02369527381361
96.55917096138,2,3.0741,-56,8.7093753002898,8.6782483641393,1.073,1.02450404849101
97.2542979717255,2,3.21522,-55,8.71809543095132,8.67301122570525,1.073,1.02565942363668
97.8651969432831,2,3.38089,-55,8.72622153818118,8.66812450964466,1.073,1.02517558112653
98.3426070213318,2,3.46066,-55,8.73170252510114,8.66430332781723,1.073,1.02433927066121
99.2758250236511,2,3.67542,-54,8.74161385341307,8.65677529244106,1.073,1.02296736897499
99.9052999019623,2,3.81041,-54,8.75044304224096,8.65142021207197,1.073,1.02314112249623
100.543226957321,2,3.93313,-54,8.76014955153164,8.6455885722272,1.073,1.0229090943857
100.970332860947,2,4.0313,-54,8.76607629040498,8.64200000664263,1.073,1.02342931402205
101.969168901443,2,4.20311,-53,8.77921586302971,8.63404945852678,1.073,1.02452493254288
102.260864019394,2,4.22765,-53,8.78295814517857,8.631788180779,1.073,1.02477367939682
103.294502973557,2,4.43014,-53,8.79864648518427,8.62230327475204,1.073,1.0250908844476
103.663663864136,2,4.48536,-53,8.80305262136613,8.61960904645902,1.073,1.02533884882147
104.43142580986,2,4.62649,-53,8.81279490024001,8.61369513585832,1.073,1.02547744062319
105.076955795288,2,4.69398,-53,8.82160969674536,8.60836229919676,1.073,1.02477744067938
105.468746900558,2,4.71852,-53,8.82710431552093,8.60504061530221,1.073,1.02414078459959
106.363123893738,2,4.91487,-53,8.83757075075629,8.59866262326171,1.073,1.02351442006553
106.784595012665,2,4.98851,-53,8.84585994112804,8.59397854036195,1.073,1.02470589530095
107.711074829102,2,5.15418,-53,8.86109267870577,8.5850579611082,1.073,1.02622714749208
108.39398598671,2,5.26462,-53,8.87059899003461,8.57930772921492,1.073,1.02588677914859
109.011781930923,2,5.45484,-54,8.87896842960953,8.5742437712624,1.073,1.0244742913069
109.156286001205,2,5.43029,-54,8.88085621971576,8.57309554643725,1.073,1.02394448048207
109.635370969772,2,5.57142,-54,8.88702486328096,8.56934655300528,1.073,1.02206782247847
110.281703948975,2,5.73095,-54,8.89471160156631,8.56469645687424,1.073,1.0186887018857
110.885349988937,2,5.86594,-54,8.90424363727525,8.55880520342228,1.073,1.01623895099708
111.678649902344,2,6.01934,-54,8.91539705236643,8.55192029199578,1.073,1.01410026760726
112.1304500103,2,6.11138,-54,8.92081672854244,8.5485912803424,1.073,1.0133888180232
112.723353862762,2,6.19115,-54,8.92831156875309,8.54396020487057,1.073,1.01400196664486
113.542291879654,2,0.0859029,-54,8.9389074514352,8.53740098170605,1.073,1.01446007979355
114.259229898453,2,0.220893,-54,8.94852804564763,8.53144279210562,1.073,1.0164805490429
114.44664978981,2,0.245437,-54,8.95107417963119,8.5298659638209,1.073,1.01719728917232
115.078518867493,2,0.294524,-54,8.96013262739484,8.52455201299844,1.073,1.01702813652916
115.921618938446,2,0.417243,-54,8.97101494141918,8.51801968520642,1.073,1.01620739185011
116.701555967331,2,0.539961,-54,8.98088909261869,8.51193200628126,1.073,1.01378795290528
117.015383005142,2,0.570641,-54,8.98504324253937,8.50937707081217,1.073,1.01233342928502
117.16624879837,2,0.570641,-54,8.98691289275746,8.5082258180614,1.073,1.01228784299163
118.05216884613,2,0.638136,-54,8.9976539689736,8.50161032212799,1.073,1.01325566311156
118.539824962616,2,0.724039,-54,9.00354483701731,8.49798431433594,1.073,1.01393065840823
118.982311964035,2,0.717903,-54,9.00954734097077,8.49397889868158,1.073,1.01308067608844
119.927896022797,2,0.809942,-54,9.02338748460497,8.48463695949674,1.073,1.00943823646758
120.526261806488,2,0.834486,-54,9.03179680632777,8.47939824604514,1.073,1.00859203684705
121.516023874283,2,0.883573,-53,9.04485890559828,8.47121745533506,1.073,1.00854173900365
122.089188814163,2,0.901981,-53,9.05218019459789,8.46661627830416,1.073,1.00715883392209
122.676213026047,2,0.920388,-53,9.06070750863749,8.46129864233114,1.073,1.00663735304629
123.402421951294,2,0.901981,-53,9.07202512496822,8.45436847039853,1.073,1.00635681072328
124.152139902115,2,0.914253,-53,9.08214240237071,8.44812475597486,1.073,1.0066171447932
124.271420955658,2,0.93266,-53,9.08363851736864,8.44719583350999,1.073,1.00668804385983
125.175086975098,2,0.914253,-54,9.09412280388332,8.44061745202919,1.073,1.0073427286998
125.95746588707,2,0.895845,-54,9.10446192180738,8.43421293064838,1.073,1.0072689220386
126.478925943375,2,0.865165,-54,9.11167688658784,8.42973584402476,1.073,1.00681486440526
127.328950881958,2,0.822214,-54,9.12478432497245,8.42163736512032,1.073,1.00659367273942
127.662271022797,2,0.859029,-54,9.13064832350295,8.4180461715375,1.073,1.00701021884193
128.563175916672,2,0.822214,-54,9.14361039098047,8.40989214634894,1.073,1.00964533142557
128.975130796433,2,0.82835,-55,9.14860911739641,8.40675533250985,1.073,1.01075923670981
129.898730993271,2,0.76699,-55,9.16004001697068,8.39956673731147,1.073,1.0130498373984
130.218509912491,2,0.803806,-55,9.16423608412025,8.39691447167639,1.073,1.0138034466685
131.28439283371,2,0.79767,-55,9.17982639843307,8.38711077672902,1.073,1.01230449051567
131.827761888504,2,0.840621,-55,9.18699974620021,8.38256150286935,1.073,1.01028039330564
132.525496006012,2,0.877437,-55,9.19638797957658,8.37666569174085,1.073,1.00998293766365
133.300166845322,2,0.93266,-55,9.20654606971348,8.37033759305678,1.073,1.01157028777905
133.98655796051,2,0.981748,-55,9.21524561764016,8.36490370406056,1.073,1.01382604606616
134.350445985794,2,0.987884,-55,9.21980171743614,8.36204060465913,1.073,1.01522759322824
134.978499889374,2,0.987884,-55,9.22756952365444,8.35718321324441,1.073,1.01515240737491
136.057730913162,2,1.06151,-55,9.24122517729873,8.34889341688186,1.073,1.01323856932882
136.967360019684,2,1.07992,-55,9.25263207769765,8.34181614402645,1.073,1.0123203138134
137.597637891769,2,1.12901,-55,9.26063716839631,8.33680559143696,1.073,1.01378309138549
138.425007820129,2,1.15969,-56,9.27141970350347,8.33007366114784,1.073,1.01304731212947
139.498558998108,2,1.18423,-56,9.28434498656024,8.32200965561619,1.073,1.01309985680541
140.007933855057,2,1.13515,-57,9.29004572034053,8.31851120530681,1.073,1.01356191628023
141.098546981812,2,1.12901,-57,9.30340671398931,8.31027478662684,1.073,1.01601712899671
141.775853872299,2,1.12901,-58,9.31163212578598,8.30520984174418,1.073,1.01633535726529
142.457558870316,2,1.14742,-58,9.32068737439827,8.29960998243449,1.073,1.01699374165579
143.307421922684,2,1.05538,-58,9.33179106494971,8.29276706099528,1.073,1.01673124975769
144.150807857513,2,1.04924,-59,9.34396654312451,8.28567761232211,1.073,1.01321502832491
145.072296857834,2,1.0247,-59,9.35709235084505,8.27776251979242,1.073,1.01076390650586
145.487035989761,2,1.04311,-59,9.3624789037455,8.27441577047429,1.073,1.01114126161054
146.406539916992,2,0.82835,-60,9.37334710552871,8.26767173337474,1.073,1.0137418987765
147.289433956146,2,0.76699,-60,9.38328956323729,8.26155982240766,1.073,1.01537991909316
147.583419799805,2,0.699495,-61,9.3866464047807,8.25949434817426,1.073,1.01624677615485
149.047870874405,2,0.490874,-60,9.40347793916099,8.2490214206171,1.073,1.01834311402705
149.758166790009,2,0.33134,-60,9.41228953541121,8.24362300138443,1.073,1.01871353725711
149.848567008972,2,0.392699,-60,9.41339452784212,8.24295122900026,1.073,1.0189228331758
151.027915000916,2,0.153398,-60,9.42917845003263,8.23334659837515,1.073,1.01888814147406
151.506378889084,2,0,-60,9.43479678172888,8.22989783308117,1.073,1.01882615386257
152.075497865677,2,6.1666,-60,9.44121108907505,8.22585597710547,1.073,1.01923624518164
152.627800941467,2,6.20955,-59,9.44699974476905,8.22203156188292,1.073,1.02041999275052
153.487772941589,2,6.0132,-59,9.45746665156322,8.21567729134749,1.073,1.02248342859788
153.767208814621,2,5.9273,-58,9.46083115004439,8.21364920211535,1.073,1.02330075058594
154.463249921799,2,5.74936,-58,9.46909647762183,8.20866731124037,1.073,1.02506358956838
155.348248958588,2,5.57142,-58,9.47954753897374,8.20239019963791,1.073,1.02475595888164
156.591784000397,2,5.24008,-58,9.49252585469048,8.19386651140397,1.073,1.0229369634162
157.292098999023,2,5.08054,-57,9.49975769584475,8.18907357046302,1.073,1.0238565108288
157.893862009048,2,4.98237,-58,9.50705019015405,8.18455114305499,1.073,1.02498011901274
158.633662939072,2,4.76761,-58,9.51640322589071,8.17879817576365,1.073,1.0261389336417
159.275419950485,2,4.63262,-58,9.52572365647116,8.17302059891261,1.073,1.0280544106031
159.714601993561,2,4.55899,-58,9.53156539955807,8.16938958388753,1.073,1.02789215888288
160.418442964554,2,4.424,-58,9.542171698078,8.16305202886397,1.073,1.02635463746906
161.127584934235,2,4.19697,-58,9.55490553402116,8.15575447596511,1.073,1.02364192879718
161.624120950699,2,4.04971,-59,9.56139931185737,8.1516827017543,1.073,1.02277609175235
162.332786798477,2,3.76132,-59,9.57032997634406,8.14607162287019,1.073,1.02313421203973
163.30201792717,2,3.46066,-59,9.58330513880314,8.13798991833255,1.073,1.02511175619602
164.631175994873,2,2.84707,-59,9.59990747932655,8.12758792988204,1.073,1.02545694191623
165.18380689621,2,2.65685,-60,9.60694152222071,8.12296017662077,1.073,1.02353710999766
165.916813850403,2,2.31324,-60,9.61815448374702,8.11593981009634,1.073,1.02123564295407
166.649318933487,2,2.12303,-59,9.62799426656716,8.10981228082172,1.073,1.02189630047959
167.211947917938,2,1.896,-59,9.63512015138728,8.10540791620689,1.073,1.02272724111618
168.21537899971,2,1.56466,-60,9.6486243129783,8.09709197668482,1.073,1.02314281020738
169.32284283638,2,1.22718,-59,9.66398322493112,8.08740511043873,1.073,1.02268287546262
169.725639820099,2,1.14128,-59,9.66996092897227,8.08371788286433,1.073,1.02330311109434
170.565891981125,2,0.895845,-59,9.68213199053426,8.07620986653608,1.073,1.02509996007569
170.892305850983,2,0.852893,-60,9.68675758914404,8.07335626341363,1.073,1.02597061586708
172.126845836639,2,0.589049,-60,9.70265231269762,8.06360297771753,1.073,1.02432285174265
173.091954946518,2,0.116583,-61,9.71411693941466,8.05696169354999,1.073,1.0251672180679
173.704071998596,2,6.18501,-61,9.7205415681093,8.05340383473709,1.073,1.02764040662214
174.616451025009,2,5.79231,-61,9.73272285428737,8.04601698258368,1.073,1.02924847277887
175.37689781189,2,5.31985,-61,9.74318500736019,8.03967823635719,1.073,1.03025448724658
176.112877845764,2,5.00691,-61,9.7532012721139,8.03359520476001,1.073,1.02971573311948
176.899765014648,2,4.61421,-61,9.76335872319194,8.02740486687494,1.073,1.02909972910158
177.689589977264,2,4.19697,-60,9.77375168099585,8.02174782269877,1.073,1.03086755540664
178.330816984177,2,3.92085,-60,9.78216634063636,8.01662029805797,1.073,1.03056787614611
178.718902826309,2,3.71837,-60,9.78718830479129,8.01355177456958,1.073,1.03061178641676
179.367432832718,2,3.42385,-60,9.7954485262315,8.0085118275314,1.073,1.0312578187057
179.718825817108,2,3.25818,-60,9.79994333090049,8.00576311427919,1.073,1.03226044054113
180.782352924347,2,2.71208,-59,9.81335577003186,7.99755814071705,1.073,1.03239803322486
180.882102966309,2,2.70594,-59,9.81460099690033,7.99679618886552,1.073,1.03221812792658
181.781409978867,2,2.29484,-58,9.83032702029948,7.98707862851637,1.073,1.03317333378285
182.675415992737,2,2.01872,-57,9.84286991539563,7.97945861367776,1.073,1.03104838287138
183.291129827499,2,1.77942,-57,9.85071568194257,7.97464928754783,1.073,1.02839845721872
183.926430940628,2,1.59534,-57,9.85928616539562,7.96937847028465,1.073,1.0261007111891
184.562436819077,2,1.45421,-57,9.8676530250843,7.96422451383093,1.073,1.02533128242936
185.14125585556,2,1.29468,-57,9.8739709665124,7.96033233299453,1.073,1.02735274958911
185.59591293335,2,1.19037,-57,9.8781045852625,7.95756410034937,1.073,1.02719475251146
186.371260881424,2,0.969476,-57,9.88570272058358,7.95262299968414,1.073,1.0266187841468
187.087146997452,2,0.79767,-57,9.89435803266807,7.94732168481222,1.073,1.02605857997135
187.71972489357,2,0.607456,-57,9.90320155227143,7.94189428172231,1.073,1.02420850338766
188.250871896744,2,0.435651,-57,9.91037473561479,7.93751786569412,1.073,1.02324791476102
188.628358840942,2,0.288388,-57,9.91542344939621,7.9344313596383,1.073,1.02292265762433
189.2306599617,2,0.116583,-57,9.92318947725029,7.92964349659432,1.073,1.0245684855457
190.3617208004,2,6.0132,-57,9.93928410037231,7.91962543446562,1.073,1.02861828293004
190.939548969269,2,5.85981,-57,9.94646402897727,7.91514672656388,1.073,1.02835935762947
191.667948961258,2,5.62051,-57,9.95601797776265,7.90921957760985,1.073,1.02682777009738
192.38981294632,2,5.27689,-57,9.96554489246558,7.90329075519126,1.073,1.0248469137207
192.776485919952,2,5.19713,-57,9.97063294886407,7.9001169929159,1.073,1.02373990176463
193.381145954132,2,4.95783,-57,9.97859624701625,7.89515285900286,1.073,1.02372512755656
194.206483840942,2,4.71239,-58,9.98953094550633,7.88879905540785,1.073,1.02749006386668
194.87993979454,2,4.5099,-57,9.99833630085531,7.88350806833388,1.073,1.03036033079753
195.068351984024,2,4.46695,-57,10.0007821663782,7.88199867248907,1.073,1.03099998330494
195.421295881271,2,4.36264,-57,10.0053956063763,7.87914771855469,1.073,1.03168480777896
196.199160814285,2,4.17243,-58,10.0156324387651,7.87282135229321,1.073,1.0317899070629
196.754716873169,2,3.92699,-58,10.0229592408602,7.86832714422235,1.073,1.0303572555818
197.281549930573,2,3.73678,-58,10.0295671875026,7.86425756309934,1.073,1.02873803034784
197.97945690155,2,3.51588,-59,10.0386439414911,7.85855802530098,1.073,1.02600845621639
198.689462900162,2,3.16614,-59,10.049239395641,7.85167594408991,1.073,1.02278245354162
199.376201868057,2,2.84707,-59,10.057730664357,7.84630622749236,1.073,1.02497400956261
199.969965934753,2,2.5955,-60,10.0649216750753,7.84180695389907,1.073,1.02537603448684
200.234858989716,2,2.45437,-60,10.0681183067818,7.83981062605883,1.073,1.02544184749257
201.178833961487,2,2.09849,-60,10.0805660393754,7.8321351506013,1.073,1.02620163922267
201.514536857605,2,1.92668,-60,10.0848551536257,7.82947743159264,1.073,1.02638928797112
202.173285961151,2,1.55852,-61,10.0934321843653,7.82425949499195,1.073,1.0264985426857
202.825370788574,2,1.17196,-60,10.1025183666471,7.81908432160533,1.073,1.02564523165401
203.521261930466,2,0.889709,-61,10.1111755954236,7.8137567034001,1.073,1.02372350619326
203.616279840469,2,0.82835,-61,10.1123502476686,7.81303065644104,1.073,1.02345389553512
204.529072999954,2,0.423379,-61,10.1229060383967,7.80645063204045,1.073,1.02374495626541
204.95171880722,2,0.282252,-60,10.1279724242661,7.80330446611722,1.073,1.02241634907181
205.509392976761,2,0.128854,-61,10.1346637282949,7.79914547952413,1.073,1.02060769837286
206.039746999741,2,6.15433,-61,10.1408432669301,7.79526922347113,1.073,1.02020821304694
206.651945829391,2,5.87821,-61,10.1501367030512,7.78879635091073,1.073,1.02140089188991
207.401215791702,2,5.54687,-61,10.1615787463465,7.78087045428612,1.073,1.02402240683556
207.876187801361,2,5.37507,-61,10.1672935580212,7.77732611654041,1.073,1.0255752193007
208.443766832352,2,5.22781,-60,10.1736068803478,7.77343180233506,1.073,1.02751477707518
208.841619968414,2,5.02532,-60,10.1781302153205,7.77064907591727,1.073,1.02876085711545
209.385734796524,2,4.77375,-60,10.1849361432042,7.76648847094689,1.073,1.02991016003165
209.949993848801,2,4.60808,-60,10.1917822547125,7.76230095701751,1.073,1.030442816925
210.484675884247,2,4.40559,-60,10.1978726573443,7.75853434803519,1.073,1.03051705701949
211.31159901619,2,4.05585,-60,10.2017994975852,7.75526526907734,1.073,1.02954632620431
211.733833789825,2,3.92085,-60,10.2074759236228,7.75171622432953,1.073,1.02830364915285
212.097846984863,2,3.74905,-60,10.2123696323065,7.74865655421555,1.073,1.0272323237383
212.703720808029,2,3.46066,-61,10.220065096928,7.74388363990461,1.073,1.0277632365103
213.296002864838,2,3.20295,-61,10.2278006875606,7.73906140466393,1.073,1.02831967781358
213.637695789337,2,3.03115,-61,10.2323591797013,7.73620921049882,1.073,1.02861660711816
214.238102912903,2,2.6814,-60,10.239780596244,7.73163443026584,1.073,1.02893957539541
214.593796014786,2,2.56482,-61,10.2440803712436,7.72899612172237,1.073,1.02909820787112
214.926756858826,2,2.31324,-61,10.2479988322155,7.72693001855469,1.073,1.02833025301997
215.465605020523,2,2.00031,-60,10.2543254152027,7.7236426764143,1.073,1.02695949337276
216.076284885406,2,1.84691,-61,10.2616312465131,7.71917471805408,1.073,1.02599090954174
216.47053694725,2,1.69351,-62,10.2664710246414,7.7162161222172,1.073,1.0253065132237
216.989657878876,2,1.31309,-61,10.273087848609,7.71220821741396,1.073,1.02425412312599
217.370703935623,2,1.20878,-61,10.2782512130811,7.70906563891254,1.073,1.02436761271473
217.731696844101,2,1.03697,-61,10.2833313801011,7.70596498524866,1.073,1.02502015140953
218.270787000656,2,0.840621,-62,10.2906197169909,7.70153956000459,1.073,1.02636676808401
218.990084886551,2,0.429515,-62,10.2995714598388,7.69560022468602,1.073,1.02873176978664
219.310727834702,2,0.349748,-62,10.3030224110788,7.69267639676729,1.073,1.03000596716756
219.872310876846,2,0.0552233,-62,10.3095252441008,7.68790364893174,1.073,1.03027878414779
220.281560897827,2,6.12365,-62,10.3147171206635,7.68476929382164,1.073,1.02854335133376
220.40922999382,2,6.11752,-63,10.3163367716184,7.68379150454146,1.073,1.02800196800532
221.162647008896,2,5.85981,-62,10.3264647581373,7.67759957414897,1.073,1.02542467256272
221.513132810593,2,5.71868,-62,10.3313855035595,7.67458637906982,1.073,1.02481768120551
221.840082883835,2,5.62664,-62,10.336138378517,7.67167524315833,1.073,1.02475827026854
222.920843839645,2,5.12963,-61,10.351167001945,7.66248872381216,1.073,1.02577372520145
223.19305896759,2,5.04373,-61,10.3537357257181,7.66095643233386,1.073,1.02665128672445
223.678980827332,2,4.91487,-61,10.357730334436,7.65860078807524,1.073,1.02847235834583
224.201103925705,2,4.68171,-61,10.3635888305712,7.65499906530584,1.073,1.03027111671949
224.623345851898,2,4.58967,-61,10.3687470528021,7.65179896432958,1.073,1.03168336785455
224.708256959915,2,4.46082,-61,10.3698517689138,7.6511236630804,1.073,1.03162568953875
225.522467851639,2,4.23379,-61,10.3807686390063,7.64449329317741,1.073,1.02940133606825
225.996862888336,2,4.03744,-61,10.3869142446633,7.64067957153607,1.073,1.02851682833819
226.716812849045,2,3.76746,-62,10.3975780240636,7.6341152860313,1.073,1.02664873879058
227.211507797241,2,3.58952,-62,10.4054489723738,7.62931779765306,1.073,1.02565827782109
227.582958936691,2,3.46066,-62,10.4104943928736,7.62632207923131,1.073,1.02709982653531
228.028818845749,2,3.26431,-62,10.4165365442686,7.62272241956104,1.073,1.02844801877149
228.598941802979,2,3.03728,-62,10.4241775908472,7.61809611317795,1.073,1.02784368145117
228.962231874466,2,2.91456,-63,10.4289187646169,7.61521109820566,1.073,1.02817830670362
229.490681886673,2,2.66299,-63,10.4356458408426,7.61109797159909,1.073,1.0296198230377
229.74414896965,2,2.55868,-64,10.4388326626958,7.60916002882008,1.073,1.02959187741884
230.048666000366,2,2.34392,-64,10.4426267768877,7.6068620841869,1.073,1.02893327646478
230.594205856323,2,2.17212,-65,10.449544917924,7.60266927991519,1.073,1.0276792952489
