178.054356098175,978.420017705887,838.291433010317,192.8,-64,1.31308530717959,1.31308530717959
178.307732105255,978.766337042376,838.067786521506,192.8,-63,1.60147530717959,1.60147530717959
178.727442026138,979.345199671016,837.690798700031,192.8,-64,1.20264530717959,1.20264530717959
179.030655145645,979.768080040294,837.412559804996,192.8,-62,1.01856530717959,1.01856530717959
179.953418016434,980.966613420831,836.618565765079,192.8,-63,0.711765307179586,0.711765307179586
180.340037107468,981.459012192432,836.288527934809,192.8,-63,0.631995307179587,0.631995307179587
180.640483140945,981.88889950738,835.993130506102,192.8,-63,0.619725307179587,0.619725307179587
180.961701154709,982.34850800296,835.677310143218,192.8,-62,0.521555307179586,0.521555307179586
181.52867603302,983.283539075499,835.026034571652,192.8,-63,0.435655307179586,0.435655307179586
181.846311092377,983.839984335439,834.63645034142,192.8,-62,0.227025307179586,0.227025307179586
182.274406194687,984.504576426716,834.165701245479,192.8,-62,0.386565307179586,0.386565307179586
182.682175159454,985.082792426708,833.752186528044,192.8,-63,0.325205307179586,0.325205307179586
183.045689105988,985.588603326666,833.387620388341,192.8,-62,0.312935307179586,0.312935307179586
183.873928070068,986.680923907704,832.582430084035,192.8,-62,0.0920353071795859,0.0920353071795859
184.153110980988,987.020965712012,832.323728158651,192.8,-62,0.208625307179586,0.208625307179586
184.685289144516,987.669153032445,831.830590827648,192.8,-62,0.110445307179586,0.110445307179586
185.063729047775,988.134586462572,831.4714716632,192.8,-61,0.0736353071795861,0.0736353071795861
185.518546104431,988.696189457994,831.035679219563,192.8,-62,0.177945307179586,0.177945307179586
185.780071973801,989.039330845214,830.755003657322,192.8,-61,0.0368153071795865,0.0368153071795865
186.254693984985,989.913469825713,829.871379445167,192.8,-60,0.00613530717958621,0.00613530717958621
186.840857982636,990.916570632865,828.89305336322,192.8,-60,6.17887430717959,-0.104311
187.092141151428,991.245337130633,828.623221695839,192.8,-60,6.16046730717959,-0.122718
187.706888198853,992.042082301571,827.967662429689,192.8,-60,6.07456430717959,-0.208621
187.95804309845,992.338269808677,827.717542512892,192.8,-59,6.14819530717959,-0.13499
188.650451183319,993.157740392174,827.023549807296,192.8,-58,6.06229230717959,-0.220893
188.991744041443,993.573423454129,826.663554623131,192.8,-58,6.04388430717959,-0.239301
189.350586175919,994.010480936192,826.285048489141,192.8,-58,5.95798130717959,-0.325204
189.862384080887,994.667584700365,825.703607946852,192.8,-57,6.00706830717959,-0.276117
190.176041126251,995.080992835179,825.334083068134,192.8,-57,5.88435030717959,-0.398835
190.575904130936,995.676493823377,824.820367731297,192.8,-56,5.79231130717959,-0.490874
190.964873075485,996.366433543645,824.251750327297,192.8,-56,5.82912730717959,-0.454058
191.519581079483,997.228661112342,823.514904005943,192.8,-56,5.93957330717959,-0.343612
191.854745149612,997.611840526098,823.153543999364,192.8,-56,5.92730130717959,-0.355884
192.357242107391,998.184694835398,822.605607617082,192.8,-55,5.94570930717959,-0.337476
192.544480085373,998.396788724576,822.396293184113,192.8,-55,5.93343730717959,-0.349748
193.098301172256,999.02394331749,821.776310558364,192.8,-55,5.85980630717959,-0.423379
193.470697164536,999.442374628586,821.344271724956,192.8,-55,5.89048630717959,-0.392699
193.617155075073,999.606937558363,821.174357155186,192.8,-54,5.82912730717959,-0.454058
194.033393144608,1000.06140856228,820.702997548704,192.8,-54,5.82299130717959,-0.460194
194.497672080994,1000.50612535881,820.231543177898,192.8,-54,5.78003930717959,-0.503146
194.880935192108,1000.91417739663,819.812295652632,192.8,-54,5.78003930717959,-0.503146
195.404855012894,1001.69652876646,819.074298061249,192.8,-53,5.86594230717959,-0.417243
195.730665206909,1002.15891366588,818.623919976814,192.8,-54,5.79231130717959,-0.490874
196.080667972565,1002.56997528395,818.170480872342,192.8,-54,5.83526330717959,-0.447922
196.308817148209,1002.83792565036,817.874906756817,192.8,-54,5.82299130717959,-0.460194
196.876796007156,1003.45882162746,817.173612629972,192.8,-53,5.86594230717959,-0.417243
197.167726039886,1003.76657983939,816.822084361227,192.8,-53,5.81685530717959,-0.46633
197.495598077774,1004.09276863668,816.444645652524,192.8,-53,5.87207830717959,-0.411107
197.817873001099,1004.39309291201,816.092057152651,192.8,-53,5.85980630717959,-0.423379
198.200590133667,1004.74928523211,815.672289119428,192.8,-53,5.86594230717959,-0.417243
198.430212974548,1004.96080562234,815.415403171814,192.8,-53,5.93343730717959,-0.349748
198.84478020668,1005.34269020483,814.95161439598,192.8,-53,5.94570930717959,-0.337476
199.300529003143,1005.98930206155,814.273081920127,192.8,-54,5.99479730717959,-0.288388
199.598638057709,1006.47682154588,813.781228929265,192.8,-53,5.98252530717959,-0.30066
199.916550159454,1006.9220851752,813.303990691822,192.8,-54,6.01934030717959,-0.263845
200.292459011078,1007.27719330525,812.848268591597,192.8,-53,6.04388430717959,-0.239301
200.565804004669,1007.53541289522,812.516886784471,192.8,-54,6.05002030717959,-0.233165
200.921848058701,1007.84839027905,812.100341416202,192.8,-54,6.09910730717959,-0.184078
201.176609039307,1008.06836224198,811.804856689875,192.8,-54,6.14205930717959,-0.141126
201.598342180252,1008.42284783684,811.324010587229,192.8,-54,6.19114650717959,-0.0920388000000001
201.841094017029,1008.61999405714,811.053162010731,192.8,-54,6.21569010717959,-0.0674951999999998
202.175997018814,1008.89197906802,810.679496449625,192.8,-55,6.27704938717959,-0.00613592000000018
202.484053134918,1009.14900526555,810.322154207192,192.8,-54,0.00613530717958621,0.00613530717958621
202.810765028,1009.42251243767,809.941348067547,192.8,-55,0.0981753071795861,0.0981753071795861
203.151642084122,1009.76767334899,809.572760073095,192.8,-54,0.147265307179587,0.147265307179587
203.477504968643,1010.15877698253,809.249784169262,192.8,-54,0.208625307179586,0.208625307179586
203.736670017242,1010.46982925946,808.992915192188,192.8,-54,0.233165307179586,0.233165307179586
204.05620598793,1010.76107180644,808.595513042357,192.8,-54,0.288385307179587,0.288385307179587
204.290228128433,1010.96860232149,808.299416687785,192.8,-54,0.374295307179586,0.374295307179586
204.661756038666,1011.29194344687,807.834005379236,192.8,-54,0.423375307179586,0.423375307179586
204.883005142212,1011.47449230905,807.564460574912,192.8,-54,0.490875307179587,0.490875307179587
205.293290138245,1011.81301146234,807.064615887634,192.8,-54,0.625865307179586,0.625865307179586
205.565199136734,1012.0435595104,806.725104595623,192.8,-54,0.687225307179586,0.687225307179586
205.859462022781,1012.29438588168,806.355919530397,192.8,-55,0.822215307179587,0.822215307179587
206.266785144806,1012.64595649492,805.833606562045,192.8,-54,0.938795307179586,0.938795307179586
206.524541139603,1012.87200307605,805.493871847459,192.8,-54,0.969475307179586,0.969475307179586
207.056807041168,1013.33666590965,804.807283135557,192.8,-54,1.14128530717959,1.14128530717959
207.316476106644,1013.56152572467,804.485214692822,192.8,-54,1.19036530717959,1.19036530717959
207.697317123413,1013.89716302709,803.989950506096,192.8,-54,1.32535530717959,1.32535530717959
207.976363182068,1014.15862067266,803.566235321655,192.8,-54,1.42353530717959,1.42353530717959
208.134309053421,1014.3066111365,803.326403717028,192.8,-54,1.44807530717959,1.44807530717959
208.523303031921,1014.65076133716,802.766918591608,192.8,-55,1.59533530717959,1.59533530717959
208.770701169968,1014.85502719889,802.433503991488,192.8,-54,1.63829530717959,1.63829530717959
209.130788087845,1015.15586502138,801.940888203594,192.8,-54,1.72419530717959,1.72419530717959
209.322319030762,1015.33126633401,801.64690572187,192.8,-54,1.80396530717959,1.80396530717959
209.694109201431,1015.67174648288,801.076241810392,192.8,-54,1.89599530717959,1.89599530717959
209.873865127563,1015.83520770803,800.802103498783,192.8,-54,1.98803530717959,1.98803530717959
210.208959102631,1016.08630931452,800.373138254355,192.8,-54,2.11075530717959,2.11075530717959
210.634371042252,1016.40509040105,799.828553898203,192.8,-55,2.19052530717959,2.19052530717959
210.980171203613,1016.53409705503,799.392513131984,192.8,-55,2.32858530717959,2.32858530717959
211.328304052353,1016.65004211636,798.954240800147,192.8,-55,2.36846530717959,2.36846530717959
211.542623996735,1016.77113025489,798.694860209429,192.8,-55,2.44823530717959,2.44823530717959
211.839968204498,1016.98900585113,798.345466980552,192.8,-55,2.51572530717959,2.51572530717959
212.005244016647,1017.11010982819,798.151260239159,192.8,-55,2.55254530717959,2.55254530717959
212.459108114243,1017.43953194707,797.636096303001,192.8,-55,2.69980530717959,2.69980530717959
212.575966119766,1017.52389343755,797.506089220352,192.8,-55,2.73662530717959,2.73662530717959
213.051460027695,1017.8781618937,796.964721430167,192.8,-55,2.79798530717959,2.79798530717959
213.254534006119,1018.04566858708,796.71529349455,192.8,-55,2.88388530717959,2.88388530717959
213.546728134155,1018.28668652839,796.356402716317,192.8,-55,2.93910530717959,2.93910530717959
213.834918022156,1018.51846271744,796.011043113155,192.8,-55,3.01887530717959,3.01887530717959
214.073669195175,1018.70300868185,795.735762049575,192.8,-55,3.06182530717959,3.06182530717959
214.479588031769,1019.01676916405,795.267735996963,192.8,-56,3.11091530717959,3.11091530717959
214.737442970276,1019.24070226576,794.998167313451,192.8,-55,3.17840530717959,3.17840530717959
215.119785070419,1019.5753414803,794.601380816219,192.8,-55,3.27658530717959,3.27658530717959
215.489255189896,1019.88871401825,794.201752150133,192.8,-55,3.36248530717959,3.36248530717959
215.629081010818,1020.0038403025,794.04489258784,192.8,-55,3.31339530717959,3.31339530717959
216.135271072388,1020.42400169462,793.474209511859,192.8,-55,3.46066530717959,3.46066530717959
216.216770172119,1020.49559512645,793.379032361314,192.8,-55,3.47906530717959,3.47906530717959
216.534038066864,1020.7743012406,793.008517174267,192.8,-55,3.57110530717959,3.57110530717959
216.81916308403,1021.02477122794,792.675539426386,192.8,-55,3.62633530717959,3.62633530717959
217.152504205704,1021.32881945168,792.276000381738,192.8,-55,3.73677530717959,3.73677530717959
217.525217056274,1021.66996256077,791.828189990653,192.8,-55,3.79200530717959,3.79200530717959
217.836811065674,1021.94418044281,791.471115216716,192.8,-55,3.87176530717959,3.87176530717959
218.060956001282,1022.13779389118,791.219995684422,192.8,-55,3.92085530717959,3.92085530717959
218.426598072052,1022.45154009751,790.805375992586,192.8,-55,3.97607530717959,3.97607530717959
218.666146039963,1022.64015242537,790.493440219584,192.8,-55,4.00675530717959,4.00675530717959
219.001134157181,1022.90391124222,790.057223714797,192.8,-55,4.11106530717959,4.11106530717959
219.2978951931,1023.14118466204,789.687921065608,192.8,-55,4.17242530717959,4.17242530717959
219.765259981155,1023.53226877344,789.188851042847,192.8,-54,4.23992530717959,4.23992530717959
219.997049093246,1023.72622655814,788.941337750439,192.8,-55,4.28287530717959,4.28287530717959
220.278434991837,1023.9838188415,788.615566734047,192.8,-55,4.27673530717959,4.27673530717959
220.571426153183,1024.25462318304,788.273401789001,192.8,-55,4.37491530717959,4.37491530717959
220.9375,1024.59713756607,787.848269758891,192.8,-55,4.46695530717959,4.46695530717959
221.206871986389,1024.85617304871,787.539445638037,192.8,-54,4.53444530717959,4.53444530717959
221.572590112686,1025.20785761926,787.12016455262,192.8,-55,4.61421530717959,4.61421530717959
221.823471069336,1025.45648013282,786.824679842274,192.8,-55,4.68170530717959,4.68170530717959
222.221024036407,1025.85367374338,786.353012429734,192.8,-55,4.79829530717959,4.79829530717959
222.649420976639,1026.29111325373,785.870705810417,192.8,-55,4.88419530717959,4.88419530717959
222.948201179504,1026.60232118684,785.551174874446,192.8,-54,4.95168530717959,4.95168530717959
223.331369161606,1026.98816929601,785.147173387061,192.8,-54,5.00077530717959,5.00077530717959
223.623553037643,1027.24295523892,784.856292768898,192.8,-54,5.13576530717959,5.13576530717959
223.92445898056,1027.50534687201,784.55672898779,192.8,-55,5.20326530717959,5.20326530717959
224.296745061874,1027.82950687653,784.193005893571,192.8,-55,5.31370930717959,5.31370930717959
224.513300180435,1028.01787149325,783.984277534509,192.8,-55,5.36279730717959,5.36279730717959
224.898509025574,1028.35293499557,783.61299095086,192.8,-55,5.47324330717959,5.47324330717959
225.283475160599,1028.67092030349,783.273089065589,192.8,-55,5.55914630717959,5.55914630717959
225.61904001236,1028.9468068716,782.979193235392,192.8,-55,5.71868030717959,5.71868030717959
225.896700143814,1029.19013460859,782.72028562993,192.8,-55,5.77390330717959,5.77390330717959
226.680279016495,1029.96852315135,781.896373290548,192.8,-54,6.02547630717959,6.02547630717959
226.80064201355,1030.11291767228,781.756516883135,192.8,-55,6.03774830717959,6.03774830717959
227.211719989777,1030.60607095771,781.278862700964,192.8,-55,6.11137930717959,6.11137930717959
227.619304180145,1031.0677614784,780.830404943776,192.8,-55,6.17273830717959,6.17273830717959
227.857073068619,1031.27894106337,780.622393052583,192.8,-55,6.23409790717959,6.23409790717959
228.165498018265,1031.55287535846,780.352567771913,192.8,-55,0.00613530717958621,6.28932061435917
228.507647037506,1031.86009359775,780.051993858342,192.8,-55,0.110445307179586,6.39363061435917
228.949318170547,1032.2719465918,779.65828200808,192.8,-55,0.251575307179587,6.53476061435917
229.222304105759,1032.5265026774,779.414938511964,192.8,-55,0.312935307179586,6.59612061435917
229.544282197952,1032.87129202551,779.092277782175,192.8,-54,0.380425307179586,6.66361061435917
229.832545995712,1033.20095958049,778.786615146244,192.8,-54,0.466325307179586,6.74951061435917
230.430705070496,1033.86310611006,778.178204500945,192.8,-55,0.576775307179586,6.85996061435917
230.711819171906,1034.15327126624,777.917055860381,192.8,-55,0.619725307179587,6.90291061435917
231.148806095123,1034.59978143762,777.512306072339,192.8,-54,0.730175307179587,7.01336061435917
231.445384025574,1034.80876963688,777.262456001288,192.8,-55,0.816075307179586,7.09926061435917
231.996870994568,1035.19738340995,776.797859535267,192.8,-54,0.994015307179586,7.27720061435917
232.320456027985,1035.49461428169,776.523317178032,192.8,-54,1.01242530717959,7.29561061435917
232.658885002136,1035.83288362321,776.235412382916,192.8,-54,1.07992530717959,7.36311061435917
233.143475055695,1036.3341006899,775.81368933952,192.8,-54,1.19650530717959,7.47969061435917
233.39727306366,1036.61497154441,775.582491015755,192.8,-54,1.23945530717959,7.52264061435917
233.925151109695,1037.19915878473,775.101618370716,192.8,-54,1.36831530717959,7.65150061435917
234.282148122787,1037.57524880153,774.795307933599,192.8,-54,1.41126530717959,7.69445061435917
234.71200799942,1038.02546252299,774.429103164286,192.8,-55,1.57079530717959,7.85398061435917
235.188678979874,1038.52305769213,774.036143123682,192.8,-55,1.65669530717959,7.93988061435917
235.612863063812,1038.96500297956,773.693300718884,192.8,-54,1.78555530717959,8.06874061435917
235.878102064133,1039.22872064758,773.492052945922,192.8,-54,1.90213530717959,8.18532061435917
236.274093151093,1039.51529682757,773.302998212259,192.8,-54,1.91440530717959,8.19759061435917
236.743549108505,1039.85503905758,773.078869756044,192.8,-55,2.04326530717959,8.32645061435917
237.171854019165,1040.36329240051,772.699256980537,192.8,-55,2.20279530717959,8.48598061435917
237.508396148682,1040.77055612421,772.393996005979,192.8,-55,2.30710530717959,8.59029061435917
237.986280202866,1041.33459211575,771.978012623911,192.8,-55,2.39300530717959,8.67619061435917
238.222719192505,1041.6102158998,771.776413513292,192.8,-55,2.46050530717959,8.74369061435917
238.741574048996,1042.21472769469,771.33679103858,192.8,-55,2.56481530717959,8.84800061435917
239.035135984421,1042.55638670861,771.091121938096,192.8,-55,2.67526530717959,8.95845061435917
239.411964178085,1042.9949542936,770.775770960319,192.8,-56,2.77343530717959,9.05662061435917
239.915174007416,1043.60216707445,770.356446661684,192.8,-56,2.91456530717959,9.19775061435917
240.279851198196,1044.0441673226,770.052723555391,192.8,-56,2.99433530717959,9.27752061435917
240.684890031815,1044.61805025645,769.692638912319,192.8,-56,3.05568530717959,9.33887061435917
241.082673072815,1045.20404488132,769.332865468212,192.8,-56,3.16000530717959,9.44319061435917
241.458842992783,1045.69390740561,769.022343906244,192.8,-56,3.23976530717959,9.52295061435917
241.832187175751,1046.13277327138,768.736015885079,192.8,-56,3.30112530717959,9.58431061435917
242.240087985992,1046.61945395384,768.420634143742,192.8,-56,3.43611530717959,9.71930061435917
242.547980070114,1046.99968206614,768.17801239589,192.8,-56,3.50974530717959,9.79293061435917
243.18400812149,1047.82425680323,767.660325335462,192.8,-56,3.64473530717959,9.92792061435917
243.446439981461,1048.19616020443,767.433368900884,192.8,-56,3.66928530717959,9.95247061435917
243.752663135529,1048.63012211949,767.168540860416,192.8,-56,3.69996530717959,9.98315061435917
244.350510120392,1049.39531993405,766.712073409634,192.8,-56,3.85949530717959,10.1426806143592
244.585311174393,1049.69339682382,766.534607261373,192.8,-57,3.89017530717959,10.1733606143592
245.097086191177,1050.22378893509,766.265385934396,192.8,-56,3.99448530717959,10.2776706143592
245.507395982742,1050.64278122898,766.05620839817,192.8,-56,4.10493530717959,10.3881206143592
246.034325122833,1051.26806782626,765.708472484374,192.8,-56,4.15401530717959,10.4372006143592
246.488487005234,1051.7862670808,765.423291311297,192.8,-56,4.29514530717959,10.5783306143592
246.809323072433,1052.13221116343,765.235937324975,192.8,-56,4.41172530717959,10.6949106143592
247.361530065537,1052.74487476163,764.909197098391,192.8,-56,4.54058530717959,10.8237706143592
247.834289073944,1053.28874615825,764.624666483524,192.8,-56,4.62648530717959,10.9096706143592
248.210501194,1053.72478634034,764.400114486349,192.8,-56,4.66330530717959,10.9464906143592
248.585594177246,1054.16093472259,764.177042761677,192.8,-57,4.76761530717959,11.0508006143592
248.944914102554,1054.64681151282,763.902778600205,192.8,-56,4.81669530717959,11.0998806143592
249.487833976746,1055.49432117527,763.387492725437,192.8,-56,4.98236530717959,11.2655506143592
250.160982131958,1056.36324077957,762.953497976805,192.8,-56,5.11122530717959,11.3944106143592
250.296163082123,1056.53232106668,762.872444024735,192.8,-56,5.12349530717959,11.4066806143592
250.867111206055,1057.1745157422,762.572753351379,192.8,-56,5.23394530717959,11.5171306143592
251.123824119568,1057.45987695977,762.440012290623,192.8,-56,5.28916530717959,11.5723506143592
251.486459970474,1057.92691181461,762.229605976403,192.8,-57,5.38734030717959,11.6705256143592
252.022536039352,1058.62248661955,761.918675017145,192.8,-57,5.51619530717959,11.7993806143592
252.162748098373,1058.8014595949,761.840758499594,192.8,-57,5.54687430717959,11.8300596143592
252.734659194946,1059.52475726717,761.523579490188,192.8,-57,5.74936030717959,12.0325456143592
253.139883041382,1059.95824932389,761.306311182245,192.8,-57,5.83526330717959,12.1184486143592
253.454941034317,1060.29528560283,761.137386974968,192.8,-57,5.95184530717959,12.2350306143592
254.05944108963,1061.00939597369,760.830651157302,192.8,-57,6.10524330717959,12.3884286143592
254.33064198494,1061.34866389089,760.688174993734,192.8,-58,6.18501050717959,12.4681958143592
254.598489999771,1061.7127081682,760.538988221267,192.8,-58,0.0122753071795865,12.5786459215388
255.040338993073,1062.28920770602,760.303632692026,192.8,-58,0.110445307179586,12.6768159215388
255.467813968658,1062.70244219889,760.140542812172,192.8,-58,0.239305307179587,12.8056759215388
255.861128091812,1063.11021611956,759.981602798124,192.8,-58,0.276115307179587,12.8424859215388
255.990411043167,1063.26874802301,759.921464065186,192.8,-58,0.398835307179586,12.9652059215388
256.525949001312,1063.93978182622,759.670479846159,192.8,-58,0.503145307179587,13.0695159215388
256.734300136566,1064.33920805354,759.55481266783,192.8,-58,0.521555307179586,13.0879259215388
257.185226202011,1065.2036703321,759.304478799663,192.8,-58,0.693355307179586,13.2597259215388
257.425773143768,1065.54325514556,759.192053986648,192.8,-59,0.705635307179587,13.2720059215388
257.790763139725,1065.98110214346,759.034915564071,192.8,-59,0.803805307179586,13.3701759215388
258.149661064148,1066.41157023785,758.880997248763,192.8,-59,0.932665307179586,13.4990359215388
258.43866109848,1066.75811569043,758.757781087846,192.8,-59,0.889705307179586,13.4560759215388
258.947360038757,1067.39592505751,758.531792752005,192.8,-59,1.11673530717959,13.6831059215388
259.233000040054,1067.78021311057,758.396340725384,192.8,-59,1.20264530717959,13.7690159215388
259.484776973724,1068.11894321561,758.276946747765,192.8,-59,1.27627530717959,13.8426459215388
259.817407131195,1068.51692279381,758.139710294225,192.8,-59,1.26399530717959,13.8303659215388
260.157490968704,1068.92004417285,758.000961540509,192.8,-60,1.34376530717959,13.9101359215388
260.50990319252,1069.49364379677,757.704567144606,192.8,-60,1.38671530717959,13.9530859215388
260.817968130112,1070.03245480001,757.408857483773,192.8,-60,1.42353530717959,13.9899059215388
261.053181171417,1070.39114597364,757.238157610509,192.8,-60,1.46034530717959,14.0267159215388
261.299552202225,1070.68345366962,757.146524074355,192.8,-60,1.55852530717959,14.1248959215388
261.777143001556,1071.23884559513,756.972788113932,192.8,-60,1.73033530717959,14.2967059215388
262.128561019897,1071.59723678655,756.862364881982,192.8,-60,1.83464530717959,14.4010159215388
262.404009103775,1071.87815057526,756.775813066,192.8,-60,1.85918530717959,14.4255559215388
262.671822071075,1072.22962608135,756.676635156846,192.8,-60,1.91440530717959,14.4807759215388
263.04355597496,1072.73184193816,756.536219703005,192.8,-60,2.01258530717959,14.5789559215388
263.337602138519,1073.10464984595,756.433215212642,192.8,-60,2.04326530717959,14.6096359215388
263.46568107605,1073.25999053638,756.390673046288,192.8,-60,2.08007530717959,14.6464459215388
264.004940986633,1073.83873470187,756.270474832197,192.8,-61,2.23347530717959,14.7998459215388
264.100322008133,1073.89394052289,756.286116481485,192.8,-61,2.28256530717959,14.8489359215388
264.613799095154,1074.19252413307,756.369340920809,192.8,-61,2.39300530717959,14.9593759215388
264.879229068756,1074.53351457173,756.280304528493,192.8,-61,2.37460530717959,14.9409759215388
265.051930189133,1074.75537885478,756.222373299029,192.8,-62,2.41141530717959,14.9777859215388
265.639327049255,1075.49877934122,756.028986896124,192.8,-61,2.59549530717959,15.1618659215388
265.826327085495,1075.73259993671,755.968347708722,192.8,-62,2.62617530717959,15.1925459215388
266.232695102692,1076.24533493923,755.83945803722,192.8,-62,2.79798530717959,15.3643559215388
266.663254976273,1076.79403371839,755.706290693066,192.8,-62,2.79798530717959,15.3643559215388
266.900628089905,1077.07712167925,755.636459479776,192.8,-62,2.95751530717959,15.5238859215388
267.248956203461,1077.47929426288,755.536431939745,192.8,-63,3.05568530717959,15.6220559215388
267.463069200516,1077.76640498079,755.470277873297,192.8,-63,3.09250530717959,15.6588759215388
267.741515159607,1078.31490802945,755.363756991382,192.8,-62,3.13545530717959,15.7018259215388
268.15398311615,1079.09543604547,755.211520133722,192.8,-63,3.35021530717959,15.9165859215388
268.423228979111,1079.40671481273,755.146574316849,192.8,-64,3.34407530717959,15.9104459215388
268.669918060303,1079.69191538089,755.08706950695,192.8,-63,3.41157530717959,15.9779459215388
268.932432174683,1079.98972888646,755.026054222708,192.8,-63,3.44225530717959,16.0086259215388
