6.8898868560791,4,0.435651,-63,10.9186377490368,7.84166424921916,1.928,0.911069110964279
7.17236495018005,4,0.460194,-63,10.9210484351466,7.84036811409002,1.928,0.910524671594819
7.53304600715637,4,0.392699,-62,10.9243356876312,7.83839954210146,1.928,0.910303465831852
7.62687301635742,4,0.527689,-62,10.9254037570876,7.83756820968958,1.928,0.91072838129906
7.99919295310974,4,6.21569,-61,10.929642020204,7.83426935540823,1.928,0.912414510924457
8.16269588470459,4,0.693359,-62,10.9315032378719,7.832820675677,1.928,0.913154968551319
9.13141703605652,4,0.625864,-63,10.9430118858264,7.82397755419976,1.928,0.912198423556868
9.53145790100098,4,0.595185,-61,10.9486581792803,7.81957715445193,1.928,0.909694704157842
9.88636803627014,4,0.846757,-61,10.9537951552975,7.81556465035028,1.928,0.907219247998357
10.0436229705811,4,1.1106,-61,10.956071266194,7.81378677475242,1.928,0.90612241345613
10.5564348697662,4,0.926524,-59,10.9624914334929,7.80874068027209,1.928,0.905430301010484
11.0349018573761,4,0.944932,-60,10.9689837536793,7.80387671751236,1.928,0.904726819112303
11.5866179466248,4,1.0247,-60,10.9791270538323,7.7973507870525,1.928,0.903026899773414
12.0259840488434,4,1.20264,-60,10.9857660592005,7.79276869710906,1.928,0.902853462731591
12.2577300071716,4,1.15355,-61,10.988171840238,7.79082027884025,1.928,0.90366111779417
12.693470954895,4,1.41126,-61,10.9926953163617,7.78715676026527,1.928,0.905179713350013
13.2101359367371,4,1.22105,-61,10.9990050096183,7.78218605910029,1.928,0.906032340249446
13.5041279792786,4,1.25786,-62,11.0026277677903,7.77933615600495,1.928,0.906485012508656
13.8575599193573,4,1.28241,-63,11.0071481201266,7.77574145331725,1.928,0.906214595506834
14.3534550666809,4,1.47262,-63,11.0135485843426,7.77063853775595,1.928,0.90554894722837
14.7884738445282,4,1.4174,-63,11.0188167167928,7.76644661136576,1.928,0.905004338960748
15.2478659152985,4,1.39592,-64,11.0243053357577,7.76208112646676,1.928,0.904437689873159
34.6231758594513,4,1.71806,-65,11.2509756743229,7.56954026170484,1.928,0.890135682442579
34.8380298614502,4,1.5892,-64,11.2537995767934,7.56727105436243,1.928,0.89011450317405
36.0552158355713,4,1.60148,-65,11.2691445707293,7.55494238588242,1.928,0.892756989579278
36.6009960174561,4,1.75794,-66,11.2759035986374,7.549514725812,1.928,0.894095410445771
51.2307100296021,4,1.52478,-66,11.4479312990024,7.40888439220545,1.928,0.890461340627464
51.6210699081421,4,1.40513,-66,11.4510935387299,7.40646603054622,1.928,0.890205424621257
52.2287080287933,4,1.55239,-65,11.4580387598569,7.40069363449627,1.928,0.890357433234604
52.6759560108185,4,1.58307,-64,11.4631673549093,7.39643491233217,1.928,0.890505823530274
53.207967042923,4,1.54012,-65,11.4693058646873,7.391346259834,1.928,0.890765706233957
53.5822079181671,4,1.70579,-64,11.473827047588,7.38761982809987,1.928,0.890720305924267
54.2259969711304,4,1.6567,-65,11.4822451252268,7.38074628470615,1.928,0.889922418565463
54.4385049343109,4,1.67511,-64,11.4850990996412,7.3784112508069,1.928,0.889766580570665
55.12873005867,4,1.74874,-64,11.4946013897574,7.37062262155783,1.928,0.889592777999309
55.3748600482941,4,1.68124,-66,11.4976833986489,7.36808536672119,1.928,0.889732582063037
56.161689043045,4,1.80396,-65,11.5072009234503,7.36026472945319,1.928,0.890267945661293
56.6640179157257,4,1.79169,-67,11.5129431384916,7.35564928868413,1.928,0.890282030339696
67.8160269260406,4,5.65732,-68,11.6329683833809,7.25510710699792,1.928,0.887769132998227
68.4311728477478,4,5.72482,-65,11.6405444898552,7.24887786389685,1.928,0.886503642620487
68.9288070201874,4,5.63278,-65,11.6472972464694,7.24329670807685,1.928,0.883934745028072
69.4207489490509,4,5.66346,-65,11.6542617686526,7.23752838245184,1.928,0.880679495461069
69.9563429355621,4,5.87208,-64,11.6612590906497,7.23180237225138,1.928,0.881186769237611
70.6505148410797,4,5.87208,-64,11.6700311479644,7.22462065240761,1.928,0.88284351482226
71.241553068161,4,6.05002,-63,11.6772318684342,7.2186767849652,1.928,0.884002830817912
71.7774109840393,4,6.01934,-63,11.6836220865323,7.21336497547164,1.928,0.883143533122951
72.1348838806152,4,6.02548,-63,11.6878627952141,7.20983385071779,1.928,0.882263061231296
72.7894148826599,4,6.0132,-62,11.6961627230344,7.20296049620276,1.928,0.880171376979301
73.2894659042358,4,6.00707,-61,11.7015644551818,7.19806870927237,1.928,0.879329607157985
73.6334488391876,4,6.11752,-62,11.7043855643848,7.19506079689238,1.928,0.87947447492787
74.445739030838,4,5.95798,-61,11.7126142051455,7.18751611568159,1.928,0.879189911592203
74.7721860408783,4,6.01934,-61,11.7163817857046,7.18435416489461,1.928,0.878891322030137
75.4466440677643,4,6.07456,-60,11.7240974634855,7.17791745274703,1.928,0.880251772586196
76.1609029769897,4,6.08684,-60,11.731961640154,7.17133294167681,1.928,0.881854086296433
76.2029528617859,4,6.14206,-60,11.7324073730785,7.1709576633113,1.928,0.881927799977934
76.9343049526215,4,6.18501,-60,11.7403604117127,7.16425867292617,1.928,0.882657299778518
77.5956709384918,4,6.24023,-59,11.7477598765387,7.15808247483655,1.928,0.882379998100595
78.4604940414429,4,0.0552233,-59,11.7542999505269,7.15404920103006,1.928,0.882438241521912
78.7395169734955,4,0.0552233,-59,11.7579804802329,7.15097178333464,1.928,0.881974927782441
79.5699348449707,4,0.0490874,-59,11.7687300112781,7.14198910770854,1.928,0.881443804559018
80.0074570178986,4,0.116583,-59,11.7741126426543,7.13749873234427,1.928,0.882329756588231
80.2472920417786,4,0.0920388,-60,11.7770644427949,7.13503616097408,1.928,0.882812621825106
80.7602529525757,4,0.214757,-59,11.7834971038061,7.12966196509292,1.928,0.883573430186519
81.5818049907684,4,0.16567,-59,11.7934827382073,7.12135038166064,1.928,0.884441290528834
82.3049628734589,4,0.16567,-59,11.80230232718,7.11432743436969,1.928,0.883386380756217
82.9202308654785,4,0.208621,-59,11.8100880804092,7.10841311180533,1.928,0.880866185398824
83.4947969913483,4,0.184078,-59,11.8173585117899,7.10239371861715,1.928,0.880621217710861
83.9406020641327,4,0.16567,-59,11.822953821955,7.09776179200687,1.928,0.880468706489041
84.4061739444733,4,0.171806,-59,11.8287326039,7.09297881802206,1.928,0.880362418178268
85.1187188625336,4,0.153398,-59,11.8371055891893,7.08608411127554,1.928,0.882801749154671
85.7113869190216,4,0.239301,-59,11.8441302687857,7.08032866564563,1.928,0.885512348209028
86.2313079833984,4,0.190214,-59,11.8508289771322,7.07486299387977,1.928,0.886956423742829
86.8887610435486,4,0.141126,-59,11.8575427659422,7.06802422933149,1.928,0.886154855428638
87.397989988327,4,0.0306796,-59,11.8626177882564,7.0627587025282,1.928,0.884562649421011
88.0235970020294,4,6.27705,-59,11.870458755191,7.05633623779359,1.928,0.881635117493702
88.6180970668793,4,6.14206,-59,11.8783833506554,7.04985939761592,1.928,0.882079816792517
89.1790518760681,4,6.0807,-58,11.8857567357264,7.04383836610042,1.928,0.88324881577767
89.3121409416199,4,6.0132,-58,11.8873342961296,7.042551326722,1.928,0.883398137336623
90.1966090202332,4,5.83526,-58,11.8982935610186,7.03358042415325,1.928,0.884371425151555
90.8300879001617,4,5.688,-58,11.9069799987454,7.02628523829455,1.928,0.88473168605157
91.3232998847961,4,5.47938,-58,11.9161810955544,7.01674907264222,1.928,0.881046992485518
91.908490896225,4,5.39348,-58,11.9258652794271,7.00716049046203,1.928,0.878085352071029
92.3113930225372,4,5.28917,-58,11.9307326528466,7.003079041558,1.928,0.878105446731935
92.9063348770142,4,5.19099,-57,11.9376950603724,6.99726067702337,1.928,0.878391127831486
94.1582009792328,4,5.02532,-57,11.9522731144297,6.98514156592128,1.928,0.878908511852156
94.5929958820343,4,4.92715,-57,11.9570956756434,6.98112231495064,1.928,0.879457386478174
95.3630518913269,4,4.86579,-58,11.9650690918311,6.9743686101265,1.928,0.881313034119942
95.8537268638611,4,4.7492,-58,11.9707871817932,6.96910899764786,1.928,0.881620059490879
96.2727348804474,4,4.62649,-58,11.9756219206259,6.96470332913523,1.928,0.88193951375539
96.8277590274811,4,4.5774,-58,11.9814270229728,6.95993356978419,1.928,0.883074800265922
98.0148479938507,4,4.36878,-58,11.9945351437797,6.94907991092233,1.928,0.883210928259691
98.5993690490723,4,4.21538,-58,12.0016546759388,6.94322891574751,1.928,0.884131310922485
98.7747819423676,4,4.19697,-58,12.0037979228456,6.94146824842871,1.928,0.884423753958371
99.6626539230347,4,3.99449,-60,12.0152235536409,6.93206939182882,1.928,0.883974498301837
100.169566869736,4,3.9454,-60,12.0196715890448,6.92728665168761,1.928,0.884203856217227
100.702097892761,4,3.8595,-60,12.0235777673734,6.92249009447532,1.928,0.884692702946288
100.914165019989,4,3.88404,-61,12.0259523930728,6.92047960995239,1.928,0.882571258648464
101.976754903793,4,3.50361,-62,12.038003353143,6.91043806399985,1.928,0.876172294293394
102.46629691124,4,3.28885,-62,12.0433746050544,6.90588063813562,1.928,0.878002860348859
102.9916908741,4,3.13546,-63,12.0489798046635,6.90121572467002,1.928,0.879742621367144
103.56725692749,4,3.03728,-63,12.0552731230031,6.8959851945734,1.928,0.881051534022495
103.91216301918,4,2.8532,-62,12.0593659439086,6.89257319868388,1.928,0.880788648987409
104.632812023163,4,2.72435,-63,12.0673279388573,6.88556125785036,1.928,0.878411586775508
105.199985980988,4,2.6139,-63,12.0730454018218,6.88015165827631,1.928,0.874839114861687
105.722287893295,4,2.49732,-63,12.0796802753661,6.87465733156159,1.928,0.87531636546701
106.431527853012,4,2.34392,-63,12.0877189083999,6.86804839328899,1.928,0.87645425291142
106.626688957214,4,2.31324,-64,12.0895574528962,6.86655376476321,1.928,0.876931841881742
107.486732006073,4,2.1353,-63,12.0981414714002,6.85949767100177,1.928,0.878771095796213
107.997690916061,4,2.14757,-63,12.1035698631006,6.85500319090364,1.928,0.879458833189791
108.554620981216,4,1.91441,-63,12.10986648233,6.84983008608572,1.928,0.878789045752149
108.991277933121,4,1.87146,-63,12.1150192408527,6.84558568941912,1.928,0.878145095837078
109.796421051025,4,1.64443,-64,12.1250933941707,6.83725850621185,1.928,0.876773438010017
110.276893854141,4,1.56466,-64,12.131051343789,6.83233154091884,1.928,0.876692099045663
110.682318925858,4,1.53398,-64,12.1360204877183,6.82822112009113,1.928,0.876732707247636
