1.80684614181519,2,4.75534,-59,10.9570154734886,7.81096780734243,1.073,0.393849557419607
2.45842504501343,2,4.77988,-60,10.960325900278,7.80365755175466,1.073,0.395655590502092
3.02099418640137,2,4.91487,-60,10.9614803434302,7.79957211023328,1.073,0.398459552664789
3.45090103149414,2,4.93942,-60,10.96252968966,7.79614104912562,1.073,0.39967684387836
11.5304319858551,2,1.68124,-66,11.0251080374636,7.66932332790917,1.073,0.386048291806369
12.3456151485443,2,1.70579,-64,11.0293112076801,7.65982174221762,1.073,0.387666174581547
12.4187631607056,2,1.6567,-64,11.0296945523601,7.65893415184305,1.073,0.387861582074863
13.4880390167236,2,1.82237,-62,11.0331597708177,7.64936439374426,1.073,0.389261996350958
14.3812031745911,2,1.99418,-62,11.0231874265975,7.66402303450032,1.073,0.393785789603603
15.0626940727234,2,1.92054,-61,11.0270738988685,7.65505575588448,1.073,0.393871918244136
16.1308531761169,2,1.86532,-61,11.0328986495256,7.6415777284012,1.073,0.394641102104512
16.949599981308,2,1.93895,-60,11.0381764642898,7.6291036644217,1.073,0.396612829440406
17.6427149772644,2,1.93895,-59,11.036325251404,7.59763032990932,1.073,0.391796087414665
18.2957351207733,2,1.85305,-59,11.0395548022582,7.58513226491294,1.073,0.391802371374436
18.7897801399231,2,1.84078,-59,11.0424651956319,7.57828196428681,1.073,0.392235597247439
19.9899461269379,2,1.83464,-60,11.0505633721666,7.55929050855063,1.073,0.393176523236695
20.6340260505676,2,1.92668,-59,11.0544890743984,7.55050970118617,1.073,0.392657199494484
21.6360840797424,2,1.78555,-60,11.0624609748965,7.53700009028841,1.073,0.398513765085393
22.2799971103668,2,1.68124,-60,11.0666499115651,7.52756070110096,1.073,0.398377136398712
22.9730381965637,2,1.68738,-60,11.0714075003458,7.51676441967331,1.073,0.399473490477744
23.7470932006836,2,1.66897,-60,11.0761493550941,7.50597197266145,1.073,0.400002300072339
24.7522120475769,2,1.72419,-60,11.0858025156871,7.4894193916015,1.073,0.39715877666665
25.4976961612701,2,1.79783,-60,11.0905897714013,7.47924660210415,1.073,0.395735376212325
26.2146401405334,2,1.85918,-59,11.0946905952262,7.47001582659582,1.073,0.395796134982933
26.9971950054169,2,1.95736,-60,11.0994891602375,7.45925099591145,1.073,0.395978403322785
28.0063781738281,2,2.02485,-59,11.1051093442118,7.44624336899632,1.073,0.397139449753686
28.3256189823151,2,2.03099,-59,11.1060265735892,7.44362926527077,1.073,0.398636368097582
29.234414100647,2,2.23348,-60,11.1111979168047,7.43232885119803,1.073,0.398184882472827
29.7825450897217,2,2.41755,-59,11.1141538687418,7.42595460612348,1.073,0.398060580904192
30.7033250331879,2,2.54641,-59,11.1198261449179,7.41397612536713,1.073,0.396025844291165
31.6587901115417,2,2.71208,-58,11.1252744279953,7.40427204619446,1.073,0.396324854774138
32.6545951366425,2,2.89616,-58,11.1313550615029,7.39459090540908,1.073,0.397711126948489
33.2671060562134,2,3.03115,-58,11.135457717255,7.3852863335586,1.073,0.397286714714694
34.1876821517944,2,3.15386,-57,11.1412108592604,7.37220724088635,1.073,0.397150552029645
34.7171220779419,2,3.3134,-57,11.144668217639,7.36423805275565,1.073,0.395779685230496
35.7512440681458,2,3.45452,-57,11.1493358327209,7.34704626048921,1.073,0.384203221116659
36.4206111431122,2,3.50975,-56,11.1530858384266,7.33828266019861,1.073,0.38579615832297
36.9834821224213,2,3.51588,-56,11.1568512288748,7.32936387097697,1.073,0.385967710445698
37.3669650554657,2,3.56497,-56,11.1595404373656,7.32296011334457,1.073,0.385903825295976
38.2921991348267,2,3.61406,-55,11.1657289676575,7.30804577808409,1.073,0.387412217261887
39.7000081539154,2,3.66315,-55,11.1708395833035,7.29461343757232,1.073,0.384679705731881
40.3665950298309,2,3.7061,-55,11.175797903329,7.28253844385573,1.073,0.384299611436593
40.946613073349,2,3.68769,-56,11.1794070704718,7.2736287480488,1.073,0.384310928437983
41.3758502006531,2,3.71223,-56,11.1821730896679,7.26687966121027,1.073,0.38486191946185
42.7224750518799,2,3.73064,-56,11.1924858681804,7.24857837181471,1.073,0.384414841571384
43.3989951610565,2,3.76132,-57,11.1998093141511,7.23940240295163,1.073,0.384273145355319
44.3590111732483,2,3.82882,-57,11.2055030595025,7.22524434250232,1.073,0.383945958219986
44.9833981990814,2,3.81041,-57,11.2091236807107,7.21633358262996,1.073,0.384458627948425
45.6874401569366,2,3.87177,-58,11.213432192201,7.20572725923742,1.073,0.384076362013517
46.2870681285858,2,3.89631,-58,11.2163029968891,7.19670642264914,1.073,0.385323234524496
46.9005751609802,2,3.90245,-58,11.2188943346335,7.18783612999401,1.073,0.387553580398255
47.9776940345764,2,3.95767,-58,11.2251622076029,7.17178631753596,1.073,0.387976460780499
48.8376770019531,2,3.95767,-59,11.2302961845033,7.15849966708286,1.073,0.388781362810177
49.7569420337677,2,4.01903,-58,11.2353829459833,7.14197976376784,1.073,0.388243899501345
50.4373571872711,2,4.00062,-59,11.2370522413272,7.12899361760863,1.073,0.389190722004971
51.4491491317749,2,4.05585,-60,11.2429339443917,7.11459960383369,1.073,0.389813044098095
52.0239560604095,2,4.02517,-59,11.2460259720543,7.10697131760659,1.073,0.390115072345865
52.8639941215515,2,3.91472,-60,11.2506007001482,7.09590405393431,1.073,0.390816913879229
52.9520201683044,2,3.95153,-60,11.2511130409083,7.09468907441738,1.073,0.39089327704967
53.8472030162811,2,3.87177,-60,11.2578513084584,7.0749987089879,1.073,0.387667651978234
55.3362090587616,2,3.81654,-60,11.2663115013491,7.05448265554249,1.073,0.390044335797089
55.5959000587463,2,3.81654,-59,11.2676994399687,7.05118283147453,1.073,0.38996418234181
56.1827390193939,2,3.86563,-60,11.2707687926508,7.04385480652453,1.073,0.389800873805778
57.5219841003418,2,3.77359,-59,11.2790748200116,7.02667770187331,1.073,0.394155177472891
57.8956940174103,2,3.8595,-60,11.2814061273319,7.02126537202095,1.073,0.393844947754155
59.0100710391998,2,3.72451,-59,11.2877053104708,7.00600798700832,1.073,0.393994697375845
60.055997133255,2,3.63247,-59,11.2941092836909,6.9907806511062,1.073,0.393470845647657
60.7284941673279,2,3.62633,-59,11.2963600389066,6.98419363622301,1.073,0.394598824102187
61.4946551322937,2,3.6386,-59,11.2985034614278,6.97732094380419,1.073,0.395109052669329
62.2465770244598,2,3.62019,-59,11.3030121698984,6.96634932973469,1.073,0.394218725951172
62.9611392021179,2,3.54043,-59,11.3072918040987,6.95587416191732,1.073,0.394203416191732
63.6141951084137,2,3.53429,-59,11.3114227233461,6.94577540063573,1.073,0.393922692735644
64.5071749687195,2,3.41771,-58,11.3159008458294,6.93102371491323,1.073,0.39446842820073
64.8724291324615,2,3.44225,-59,11.3175565935399,6.92515012879495,1.073,0.39443071894278
66.0396950244904,2,3.4668,-59,11.323919743884,6.90974712511505,1.073,0.393667608247071
67.0094311237335,2,3.39317,-59,11.3293931787366,6.89634488472887,1.073,0.392000131272272
67.5584230422974,2,3.36249,-59,11.332311051131,6.88916849586709,1.073,0.393331311975423
68.2836320400238,2,3.33794,-59,11.3354473765744,6.88576397870178,1.073,0.396463979091535
69.1164681911469,2,3.2275,-59,11.3400352897981,6.87538429218267,1.073,0.39672993849072
69.6643800735474,2,3.30113,-59,11.3433098649129,6.86751769661629,1.073,0.396691862035897
70.1709501743317,2,3.2459,-59,11.3467476244641,6.85943423416261,1.073,0.395925439760291
70.9325790405273,2,3.29499,-59,11.3519009315226,6.84735629323288,1.073,0.395014651719418
71.4067070484161,2,3.20909,-59,11.3549261791516,6.8420848939757,1.073,0.39411572379339
72.2264161109924,2,3.17841,-59,11.3598165411768,6.83436369828807,1.073,0.392756432663118
73.0458831787109,2,3.16614,-59,11.36444261356,6.82369739871511,1.073,0.392950928704619
73.5610461235046,2,3.16,-59,11.3672888377179,6.81706135128461,1.073,0.393112238019178
74.8199970722198,2,3.11091,-58,11.3748809234242,6.79903506301338,1.073,0.393179297383488
75.4792540073395,2,3.12318,-58,11.3785279743267,6.7921511845403,1.073,0.392905608221015
76.3499829769135,2,3.08637,-58,11.3835685104029,6.7805052003792,1.073,0.394115074028935
76.7690360546112,2,3.04955,-58,11.3863266358627,6.77410743093028,1.073,0.393883607813876
77.5296561717987,2,3.01274,-57,11.3909589766831,6.7632844966281,1.073,0.393850330467484
78.5268330574036,2,2.96365,-58,11.3968251093457,6.74954520929823,1.073,0.394605069744604
79.4882659912109,2,2.8348,-57,11.4043294633982,6.73278661733336,1.073,0.395069545635282
80.1879470348358,2,2.79798,-57,11.408724519395,6.72245469287878,1.073,0.3946301342464
80.8291971683502,2,2.78571,-57,11.4128148643616,6.71273166786025,1.073,0.395029896340008
81.5860590934753,2,2.74276,-57,11.4166916247581,6.70353982140581,1.073,0.395623239997194
82.1023449897766,2,2.65685,-57,11.4196045439958,6.69664591254323,1.073,0.396732229964122
83.3226101398468,2,2.50959,-58,11.4302997942954,6.67737118532693,1.073,0.397178405899308
84.0400931835175,2,2.44823,-57,11.4347092345342,6.66685317068436,1.073,0.396109909238977
84.411602973938,2,2.40528,-57,11.4369697938247,6.66155674136648,1.073,0.395729982782697
85.407623052597,2,2.25802,-58,11.4430701348406,6.64709167638248,1.073,0.396104996363692
85.965900182724,2,2.18439,-58,11.4460961694283,6.63997484310758,1.073,0.396203553899509
86.9137980937958,2,1.93282,-58,11.4504291938087,6.63056924099472,1.073,0.397904003744228
87.3521239757538,2,1.80396,-59,11.4529414778709,6.62487290995791,1.073,0.397831365965906
88.6984601020813,2,1.55239,-59,11.4609364283182,6.60651947379132,1.073,0.397309309394569
89.3947441577911,2,1.30695,-59,11.4650961394059,6.59701550313764,1.073,0.397433380482106
90.4135420322418,2,1.03084,-60,11.4728248574809,6.58001280879147,1.073,0.39624726311845
91.0106430053711,2,0.895845,-60,11.4767698530988,6.57088856420596,1.073,0.394801791975955
91.8045990467072,2,0.619728,-59,11.4815385952496,6.55961653993149,1.073,0.393472978144552
92.5393650531769,2,0.472466,-59,11.4856914130813,6.54977281724847,1.073,0.392687705163016
93.3015351295471,2,0.220893,-60,11.4900889396898,6.539277397812,1.073,0.392444170613521
94.0400011539459,2,0.0429515,-59,11.4927199215934,6.52958207376736,1.073,0.391195547964114
94.4408740997314,2,6.22796,-59,11.494302237204,6.52428064600523,1.073,0.39053085926075
97.2207210063934,2,6.25864,-58,11.4961312710741,6.51776059459315,1.073,0.514099438844512
98.0739059448242,2,0.227029,-57,11.4877079912885,6.52511880675143,1.073,0.66964243608211
98.8238620758057,2,0.423379,-57,11.480629419156,6.52884587880513,1.073,0.853151528597954
99.6220860481262,2,0.386563,-57,11.4628881920898,6.53703315964511,1.073,1.07984619774458
103.242355823517,2,0.509282,-57,11.4633424739037,6.53543315562932,1.073,1.20287082520503
103.643822669983,2,0.570641,-57,11.4685129004303,6.53319910689329,1.073,1.20225704995267
104.62960267067,2,0.785398,-57,11.4740794135739,6.53175036353387,1.073,1.20318451082998
105.528653621674,2,0.981748,-57,11.4858100319656,6.52690598721377,1.073,1.21654852075464
105.863709688187,2,1.05538,-57,11.4905028865506,6.52503014624421,1.073,1.22171493511977
106.986503839493,2,1.38672,-56,11.5046142770622,6.51965746676167,1.073,1.23941019400809
107.554345846176,2,1.46035,-57,11.5127487969965,6.51652701381672,1.073,1.24861980715742
108.226119756699,2,1.59534,-57,11.5227582457841,6.51259168312514,1.073,1.25981294722776
109.490541696548,2,1.84078,-57,11.5400416578792,6.50630394621863,1.073,1.27922120819565
109.863430738449,2,1.90214,-57,11.5444296503054,6.50474139281807,1.073,1.284872086247
110.821102619171,2,2.14757,-57,11.5562193338725,6.50070613608245,1.073,1.29947771640735
111.331517696381,2,2.29484,-56,11.5612713592464,6.49886154088581,1.073,1.30578315978184
112.154276609421,2,2.42983,-57,11.5706804553021,6.49578743132732,1.073,1.31719085994611
113.400092840195,2,2.71208,-56,11.5866223285422,6.49104654372858,1.073,1.33698646762932
113.981857776642,2,2.82866,-56,11.5944247776423,6.48887289312285,1.073,1.3454657865366
114.726385831833,2,2.96979,-56,11.604110173609,6.48678022603441,1.073,1.35311384340921
115.737959623337,2,3.34408,-55,11.6175413219861,6.48407157121627,1.073,1.35447180135738
116.503103733063,2,3.54656,-55,11.6288061877022,6.48133147549168,1.073,1.34654431438891
117.049276828766,2,3.69383,-55,11.6371704153341,6.47923108250013,1.073,1.33893594709154
117.654192686081,2,3.89018,-55,11.6453543084131,6.47709482346447,1.073,1.3297931614086
119.031618833542,2,4.20311,-55,11.6628759346871,6.47552593913591,1.073,1.32276900858666
119.663185834885,2,4.38105,-54,11.6719396086438,6.47306891063714,1.073,1.32021395029023
119.974906682968,2,4.44241,-54,11.6761303731752,6.47192833142448,1.073,1.32030467818214
120.772575616837,2,4.63876,-54,11.6856580007343,6.46932875744663,1.073,1.32864866896615
121.574467658997,2,4.89647,-54,11.6966983849434,6.46606691381378,1.073,1.32783102553263
122.698914766312,2,5.21553,-54,11.7098817955602,6.45906802836994,1.073,1.32813806259015
123.696444749832,2,5.42416,-54,11.7242848157691,6.45524697844047,1.073,1.33117424126616
124.268026828766,2,5.59596,-54,11.7335617664443,6.45276765179985,1.073,1.33150262890068
125.140576839447,2,5.82913,-54,11.7461450782035,6.44927953685059,1.073,1.33090532984784
125.775496721268,2,5.91503,-54,11.7546703959473,6.44630470362494,1.073,1.32659302611771
126.629254817963,2,6.09911,-54,11.7679958941217,6.44276383338265,1.073,1.32477765854277
127.362296819687,2,6.24637,-53,11.7791383377311,6.43984057475022,1.073,1.32522075400495
127.907783746719,2,0.0245437,-53,11.7875736117543,6.43764686147336,1.073,1.32719813985036
129.03870677948,2,0.251573,-52,11.8054741213599,6.43254297924736,1.073,1.32977182747573
129.368772745132,2,0.288388,-52,11.8109765561987,6.43091210027053,1.073,1.32988385222089
130.444145679474,2,0.478602,-53,11.8276486887467,6.42665141421029,1.073,1.32934609109169
131.28994679451,2,0.632,-52,11.8399116923761,6.42354237126472,1.073,1.32823193787064
132.055452823639,2,0.724039,-52,11.8518423877562,6.42045997256405,1.073,1.32926215934351
132.796712636948,2,0.785398,-52,11.8611689071177,6.41786713629764,1.073,1.32889800900314
133.641710758209,2,0.871301,-52,11.872765400347,6.41488547691498,1.073,1.33856411256192
134.339138746262,2,0.93266,-52,11.8827481890682,6.41245182737991,1.073,1.34906379348754
135.067941665649,2,1.01243,-52,11.8928419161249,6.41007123657307,1.073,1.36077639197213
135.47109079361,2,1.01243,-52,11.8974616134472,6.40898588599735,1.073,1.36758905404743
136.602341651917,2,1.12901,-52,11.9123882676037,6.4050903780544,1.073,1.38116833571332
137.336894750595,2,1.17196,-52,11.9232257736089,6.40303172672495,1.073,1.38467407218866
138.11220574379,2,1.31309,-52,11.9352671799359,6.40072706363602,1.073,1.38469211370691
138.925647735596,2,1.37445,-52,11.9474226034876,6.39840498273387,1.073,1.38452039384534
139.544594764709,2,1.43581,-53,11.9557314861602,6.39587554986086,1.073,1.38470907216247
140.331674814224,2,1.50944,-53,11.9665103162327,6.39334427651814,1.073,1.38479
141.253403663635,2,1.6567,-53,11.9778877276059,6.39110155956579,1.073,1.38612373560873
142.282239675522,2,1.77328,-53,11.9934227514899,6.38798994805529,1.073,1.38622197365237
142.899218797684,2,1.85305,-53,12.0021779835989,6.38699004378555,1.073,1.38637852138794
143.387748718262,2,1.97577,-53,12.0085643085218,6.38690400797646,1.073,1.386379211881
144.271407842636,2,2.11076,-53,12.022426255143,6.38410889480924,1.073,1.38745270810776
145.199337720871,2,2.25188,-54,12.0371093945875,6.38116271840061,1.073,1.38733713084184
146.225844621658,2,2.42369,-54,12.0519769670529,6.37826462871882,1.073,1.38733078989429
146.950616836548,2,2.60163,-54,12.0636204869659,6.37645557130251,1.073,1.38712149760704
147.541213750839,2,2.64458,-54,12.0718784646675,6.37484380672346,1.073,1.38568895545424
148.006636619568,2,2.71821,-53,12.0789635611803,6.37349557476568,1.073,1.38459523667216
149.151390790939,2,2.94524,-54,12.0951119876095,6.37040589510833,1.073,1.38497489806214
149.848511695862,2,6.13899,-55,12.1068341032965,6.36713819109732,1.073,1.38430475725441
150.615742683411,2,3.11705,-54,12.1194191402202,6.36371580889973,1.073,1.38395896020173
151.733846664429,2,3.29499,-53,12.1359489813749,6.36060881449497,1.073,1.38145597614554
152.054162740707,2,3.30726,-53,12.1409256049594,6.35967740971401,1.073,1.38072089688214
152.862345695496,2,3.37476,-53,12.1528592061709,6.35752686891367,1.073,1.38004445998714
153.750235795975,2,3.39317,-53,12.1717055706059,6.35126628998546,1.073,1.38092948512263
154.613990783691,2,3.44225,-53,12.184595566529,6.34891354307538,1.073,1.38355380054344
155.427450656891,2,3.4668,-52,12.1965386386289,6.34670017958738,1.073,1.38483976828289
155.848829746246,2,3.4852,-52,12.2024111105344,6.34558172054172,1.073,1.38487209089287
156.918983697891,2,3.52816,-53,12.2169574440126,6.34244759296422,1.073,1.38426298486291
157.935437679291,2,3.47907,-53,12.2312400113699,6.33940899781069,1.073,1.38506699851224
158.305822610855,2,3.44839,-52,12.2365925004499,6.33837835895592,1.073,1.38436661962198
159.091376781464,2,3.3993,-53,12.2473768679242,6.33626912705748,1.073,1.38545453918098
160.030176639557,2,3.33794,-53,12.2588622003076,6.33439811825961,1.073,1.38712215084216
160.340475797653,2,3.30113,-53,12.26254642322,6.33508528792643,1.073,1.38778862262744
161.675779819489,2,3.2275,-53,12.2807812683595,6.33307649643301,1.073,1.38566141201559
162.107776641846,2,3.20909,-53,12.2872987086884,6.3318102508834,1.073,1.38401032713227
163.230181694031,2,3.14773,-53,12.3035290672721,6.32862039801705,1.073,1.38318440498517
163.792668819427,2,3.11705,-54,12.3108627859319,6.3267692390658,1.073,1.38515511437277
164.49579668045,2,3.12932,-54,12.3202962270412,6.324551769961,1.073,1.38790924540824
165.259631633759,2,3.09864,-53,12.3303981392327,6.32252646720027,1.073,1.38912283567652
166.334548711777,2,3.04342,-54,12.3459860825743,6.3194109574063,1.073,1.38910173921159
166.94091963768,2,2.95138,-54,12.3557329870235,6.31744352669341,1.073,1.38892124098105
167.565939664841,2,2.98819,-54,12.3696163624942,6.31480489112611,1.073,1.38513431667659
168.477980613709,2,2.96979,-53,12.3821620889549,6.31224025839266,1.073,1.39138578249927
169.584880828857,2,2.89616,-54,12.3964686589903,6.30944579698052,1.073,1.41037454447313
170.332697629929,2,2.90843,-54,12.4063677171357,6.30768834635148,1.073,1.42045527616825
171.251358747482,2,2.92684,-53,12.4238160828656,6.30487309107296,1.073,1.43368132806205
171.662948846817,2,2.89616,-54,12.4297098583856,6.30395366209185,1.073,1.43709971786363
172.276648759842,2,2.90843,-54,12.4384413749407,6.30258045000934,1.073,1.43913264999114
173.079021692276,2,3.03728,-54,12.450553945091,6.3006956385109,1.073,1.44044837872873
174.125068664551,2,3.13546,-54,12.4647301288984,6.2996212937801,1.073,1.43872038843925
174.996545791626,2,3.25818,-54,12.4742161831327,6.299342528257,1.073,1.43718555419545
175.338698625565,2,3.23977,-54,12.4788348057396,6.29855692940908,1.073,1.43844183892902
176.368996620178,2,3.3134,-54,12.4945452712731,6.29600110186757,1.073,1.45037415096475
176.950618743896,2,3.35635,-54,12.5033283820581,6.29463829516201,1.073,1.45499534059894
177.888072729111,2,3.51588,-53,12.5182065125951,6.290912276719,1.073,1.45349010058274
178.773470640183,2,3.51588,-53,12.5314170566141,6.28881532025956,1.073,1.45634084140487
179.334781646729,2,3.47293,-53,12.5403350831581,6.28759013343529,1.073,1.45741600535271
180.044918775558,2,3.45452,-53,12.5528986345695,6.28595614502767,1.073,1.45649591436467
180.975666761398,2,3.49748,-54,12.5689223885909,6.28412381422071,1.073,1.45435163529737
181.573734760284,2,3.45452,-54,12.5790598732881,6.283171795142,1.073,1.45269122492072
182.321372747421,2,3.44225,-53,12.5906991667121,6.28156685118412,1.073,1.45340510120166
183.341429710388,2,3.38703,-54,12.6061822813727,6.27944816939285,1.073,1.45738256608748
183.890714645386,2,3.36862,-54,12.6142407226192,6.27833722656763,1.073,1.45935959960047
184.551573753357,2,3.28885,-54,12.6250013581297,6.2758169703814,1.073,1.45972940648158
185.111807823181,2,3.2459,-54,12.6340495300106,6.27383929584469,1.073,1.45891442787381
185.620044708252,2,3.16614,-54,12.6418315282077,6.27275844082835,1.073,1.45798698860269
186.163502693176,2,3.15386,-55,12.6515984950298,6.27138325189981,1.073,1.45653366393957
187.03623175621,2,3.01274,-55,12.6646843015491,6.26947819778313,1.073,1.45537925744828
187.595860719681,2,2.95751,-55,12.6737672451654,6.26813960797014,1.073,1.45487415557736
188.247999668121,2,2.88388,-55,12.6818997319878,6.26374419247329,1.073,1.4575075322627
188.705289840698,2,2.89616,-55,12.6881890019656,6.26280677784449,1.073,1.45955787251586
189.793721675873,2,2.69981,-55,12.7037458140376,6.26062917349466,1.073,1.46257083719248
190.022351741791,2,2.66299,-55,12.7070951691109,6.26015303968521,1.073,1.46190096617782
190.937176704407,2,2.58936,-55,12.7216851055636,6.25816823149199,1.073,1.45874708794959
191.619936704636,2,2.4421,-55,12.7359983565011,6.25585088772824,1.073,1.45858018634282
192.169006824493,2,2.32551,-56,12.7443682005007,6.2546996243557,1.073,1.45995469757541
192.725119829178,2,2.2887,-55,12.7520006185831,6.25363544241776,1.073,1.46220510946304
193.360538721085,2,2.14144,-55,12.761009466346,6.25234427572804,1.073,1.46454071156591
194.31841468811,2,2.14144,-55,12.7755187547069,6.25036808900097,1.073,1.46761497756963
194.646097660065,2,2.08008,-55,12.7805317222599,6.24983123187623,1.073,1.46772921136512
195.216710805893,2,1.95736,-56,12.7893034827434,6.24903090019702,1.073,1.46635458552721
196.138964653015,2,1.85305,-56,12.8038363161122,6.24727205568833,1.073,1.46449612850607
196.567369699478,2,1.87146,-56,12.8106770485732,6.24644460048193,1.073,1.46484703016578
197.266712665558,2,1.71192,-56,12.8220237352515,6.2450941473975,1.073,1.46471537164724
198.273546695709,2,1.54625,-56,12.8393337494441,6.24234378569722,1.073,1.46253659564285
198.727903842926,2,1.52784,-57,12.847125991861,6.24110716634403,1.073,1.46146683966125
