7.02617907524109,3,4.36264,-65,8.32552028678192,1.74605257046346,1.528,-2.62963774952275
7.20546388626099,3,4.39946,-63,8.32409718247784,1.74861702352148,1.528,-2.62931540207132
7.56567192077637,3,4.51604,-64,8.3212379686863,1.75376936515255,1.528,-2.62866776136351
7.95790410041809,3,4.57126,-63,8.31832437436587,1.75905654150102,1.528,-2.62872470976724
8.29191994667053,3,4.64489,-63,8.31594124642213,1.76340041463727,1.528,-2.62914709251847
8.51337695121765,3,4.68785,-62,8.31434564462412,1.76629107622379,1.528,-2.62939462977315
8.81822204589844,3,4.79829,-61,8.31208132428578,1.77031653460306,1.528,-2.62959346793906
9.06123995780945,3,4.83511,-61,8.31027624226175,1.77352556931245,1.528,-2.62975197872612
9.24623107910156,3,4.92715,-61,8.30886263394877,1.77603139671539,1.528,-2.62976906277403
9.36270809173584,3,4.97623,-61,8.30786480296561,1.77778097705578,1.528,-2.62949747268688
9.79929804801941,3,5.19713,-60,8.30412464020335,1.78433891657578,1.528,-2.62847947349896
10.0548770427704,3,5.056,-60,8.3022312347206,1.78503369300303,1.528,-2.62768260861615
10.2086749076843,3,5.30757,-60,8.30159230166934,1.78013725413906,1.528,-2.62686346367864
10.4391009807587,3,5.19713,-60,8.30063502678102,1.7728012148507,1.528,-2.6256361881808
10.6903939247131,3,5.19099,-60,8.2995910632154,1.76480084021801,1.528,-2.62429777335307
11.0531420707703,3,5.35052,-59,8.29726461107342,1.76695014376623,1.528,-2.62299822471906
11.2466309070587,3,5.37507,-59,8.29595639137441,1.7692215015901,1.528,-2.62235699104769
11.5030410289764,3,5.54687,-59,8.29421143217536,1.77224854599357,1.528,-2.62153071860429
11.8456349372864,3,5.55301,-59,8.291594691073,1.7767230408971,1.528,-2.62101884344767
12.1401040554047,3,5.63891,-58,8.28934552835859,1.78056899535311,1.528,-2.62057887232647
12.3300440311432,3,5.69414,-58,8.28799927446922,1.78287823213987,1.528,-2.62038661577306
12.4846019744873,3,5.76163,-58,8.28707302156633,1.78447962049199,1.528,-2.62037838241392
12.8668971061707,3,5.84753,-57,8.28478195863019,1.78844061374604,1.528,-2.62035801741005
13.1070139408112,3,5.88435,-57,8.2832429703529,1.79111181953389,1.528,-2.62057546554925
13.4038569927216,3,5.94571,-57,8.28113280318529,1.79479473301743,1.528,-2.62132232246813
13.6192870140076,3,6.03775,-56,8.27960137654448,1.79746756003847,1.528,-2.62186434425673
13.8780150413513,3,6.05616,-56,8.27740977086131,1.80051577077689,1.528,-2.62260703317391
14.0897850990295,3,6.15433,-56,8.27522236500658,1.80283002362062,1.528,-2.6233173763123
14.4284009933472,3,6.17274,-56,8.27172474878144,1.80653046552891,1.528,-2.62445320013799
14.6992778778076,3,6.22796,-56,8.26949772229328,1.80975070440828,1.528,-2.62418213928301
14.9735040664673,3,0,-56,8.26753780352674,1.81314497713247,1.528,-2.6232988984236
15.2033290863037,3,0.0245437,-56,8.26589522383148,1.8159896682248,1.528,-2.62255866697806
15.404552936554,3,0.0368155,-55,8.26435518643792,1.81866260538058,1.528,-2.62234887890204
15.8242990970612,3,0.122718,-55,8.26103451682495,1.82443184955666,1.528,-2.62237683066646
16.0004420280457,3,0.171806,-55,8.259641025869,1.82685286414679,1.528,-2.62238856038831
16.1620359420776,3,0.159534,-54,8.25831508008405,1.8291580704345,1.528,-2.62226891968623
16.5365500450134,3,0.214757,-55,8.25522501326088,1.83453079952382,1.528,-2.62194496106767
16.8455259799957,3,0.239301,-54,8.25265738643413,1.83898629429995,1.528,-2.62170844111933
17.1206550598145,3,0.257709,-54,8.25031740636144,1.84302098721315,1.528,-2.62158789669135
17.4028470516205,3,0.269981,-54,8.24791735603621,1.84715925580422,1.528,-2.6214642577352
17.7123498916626,3,0.325204,-54,8.24556440355686,1.85131308061463,1.528,-2.62119839123684
17.9664669036865,3,0.337476,-53,8.24383910409427,1.85443891728802,1.528,-2.62088377780543
18.239846944809,3,0.349748,-53,8.24198302041741,1.85780170418492,1.528,-2.62054531548788
18.5324409008026,3,0.380427,-53,8.23978247075852,1.8616973282716,1.528,-2.62117224363058
18.7251880168915,3,0.380427,-53,8.23829584664004,1.8643148485945,1.528,-2.62175627453427
18.9882500171661,3,0.368155,-53,8.23626689636467,1.86788725032936,1.528,-2.62255336214245
19.3274788856506,3,0.404971,-53,8.23360650143373,1.87254031060926,1.528,-2.62320856770609
19.6420600414276,3,0.429515,-53,8.23113418488069,1.87686078511014,1.528,-2.62377193164194
20.006089925766,3,0.46633,-53,8.2285121799934,1.88145294706338,1.528,-2.62372189740871
20.2139658927917,3,0.454058,-52,8.2271229308123,1.88389105170192,1.528,-2.62337596882776
20.4900150299072,3,0.441786,-52,8.22527807571352,1.88712873565017,1.528,-2.62291659255815
20.9156880378723,3,0.509282,-52,8.22243780198693,1.89204958778307,1.528,-2.62236704148263
21.1068561077118,3,0.533825,-52,8.22116260643657,1.89425381801583,1.528,-2.62213287383666
21.5076010227203,3,0.515418,-52,8.21837688684298,1.89940624128264,1.528,-2.6224037848341
21.6824901103973,3,0.515418,-52,8.21711307814018,1.90188204478421,1.528,-2.62284758218607
22.1447229385376,3,0.546097,-52,8.2137417364141,1.90839648446046,1.528,-2.62394232825071
22.3767719268799,3,0.576777,-52,8.21195084226199,1.91157464887396,1.528,-2.62424429871709
22.6662449836731,3,0.582913,-52,8.20971676398264,1.91553929864183,1.528,-2.62462099639024
22.9568600654602,3,0.632,-52,8.20735851857988,1.91972472863781,1.528,-2.62503255204599
23.2616250514984,3,0.632,-52,8.20465227395318,1.92452861715057,1.528,-2.62553160465331
23.5591568946838,3,0.687223,-52,8.20201025801047,1.92921849252713,1.528,-2.62601881299057
23.9044089317322,3,0.724039,-52,8.19912978559749,1.93435696345738,1.528,-2.62557653465237
24.0590100288391,3,0.736311,-52,8.19785384605522,1.93663513293044,1.528,-2.62530282504088
24.4549291133881,3,0.773126,-52,8.19463284463131,1.94236476346062,1.528,-2.62459424597556
24.8498818874359,3,0.82835,-52,8.19156691260075,1.9477498653462,1.528,-2.6238632604657
25.1754760742188,3,0.859029,-52,8.18902668214101,1.95231088398593,1.528,-2.62264521724532
25.5209329128265,3,0.889709,-52,8.18627686819804,1.9576725613396,1.528,-2.61870902872496
25.8300070762634,3,0.914253,-52,8.1838166579806,1.96246955985723,1.528,-2.61518739001905
26.1809508800507,3,0.981748,-51,8.18128450947074,1.96695005473439,1.528,-2.61478303354736
26.5176129341125,3,0.981748,-51,8.17888077199055,1.97115442588657,1.528,-2.6147439836605
26.7505428791046,3,1.01856,-51,8.17710898752449,1.97423519891086,1.528,-2.6150246953328
27.1756160259247,3,1.09219,-51,8.17366287649572,1.98019374556651,1.528,-2.61613944717626
27.5494608879089,3,1.12287,-51,8.17083223598598,1.98510415938755,1.528,-2.61735865840841
27.7129468917847,3,1.13515,-51,8.16971123320554,1.98705883996393,1.528,-2.61803126007667
28.0894169807434,3,1.20878,-52,8.16712982558366,1.99156001286576,1.528,-2.6195801046498
28.6843268871307,3,1.25786,-52,8.16274217989497,1.99927176894169,1.528,-2.62164035540991
28.9006741046906,3,1.28241,-52,8.16065571085745,2.0033132261772,1.528,-2.62266861918267
29.2098340988159,3,1.33763,-52,8.15401975024602,2.01834423066867,1.528,-2.62636141626232
29.6034600734711,3,1.41126,-52,8.14572570832467,2.03708747453248,1.528,-2.630896829
29.96693110466,3,1.38058,-52,8.1429767975202,2.04189689769465,1.528,-2.62981506001221
30.2568180561066,3,1.38672,-52,8.14078439893949,2.04573266148065,1.528,-2.62895229327943
30.785187959671,3,1.42353,-53,8.13737957084867,2.05168672518284,1.528,-2.62807785462414
31.0905549526215,3,1.47876,-53,8.13550332344449,2.05496720806561,1.528,-2.62768057792011
31.4852659702301,3,1.52784,-53,8.13260733443528,2.06005485157314,1.528,-2.626938522124
31.6190669536591,3,1.47262,-53,8.13160020904698,2.06182525441162,1.528,-2.62667463188959
32.0290069580078,3,1.5033,-53,8.12861564869114,2.06706263677175,1.528,-2.62593597075685
32.4446260929108,3,1.54012,-53,8.12599284196072,2.07162764848609,1.528,-2.62546563621658
32.7735249996185,3,1.53398,-53,8.12397585244436,2.07569980702536,1.528,-2.62507580494291
33.1130928993225,3,1.56466,-53,8.12209294104834,2.08147001936799,1.528,-2.62461325350815
33.632600069046,3,1.61375,-53,8.1189768181872,2.0893032071652,1.528,-2.62433968069063
33.8969240188599,3,1.60761,-53,8.11721306642702,2.09253553735378,1.528,-2.62452917468139
34.3619790077209,3,1.5892,-54,8.11419895401678,2.09809738734762,1.528,-2.6249064318962
34.4317660331726,3,1.58307,-54,8.1137624890793,2.09890975050219,1.528,-2.62497084412266
34.9837520122528,3,1.63829,-54,8.1103836706403,2.10519023900175,1.528,-2.62535199402496
35.3541638851166,3,1.62602,-54,8.10831729377698,2.10900802535431,1.528,-2.62525654936614
35.6067049503326,3,1.60148,-54,8.10690847010681,2.11161093282806,1.528,-2.6251914766793
36.1503069400787,3,1.60148,-54,8.10278600224053,2.11913699425443,1.528,-2.62609870925308
36.4276750087738,3,1.54012,-54,8.10063291676284,2.12306467920544,1.528,-2.62660930829671
36.8225300312042,3,1.5892,-55,8.09761427236282,2.12774870055009,1.528,-2.62777967513752
37.0499410629272,3,1.55852,-55,8.09587575331438,2.13044589705019,1.528,-2.62845397426255
37.2543609142303,3,1.63829,-55,8.09435756775651,2.13286116747548,1.528,-2.62901785267512
37.8709299564362,3,1.62602,-55,8.09018684763429,2.14006140674159,1.528,-2.63033146531203
38.2070789337158,3,1.60761,-55,8.08778411794401,2.14416133512261,1.528,-2.63083555860956
38.3345649242401,3,1.63829,-55,8.0868566404881,2.14573821635478,1.528,-2.63100002901765
38.8311820030212,3,1.62602,-55,8.08327383653146,2.15185524741029,1.528,-2.63129102356561
39.099170923233,3,1.66897,-56,8.08138904225791,2.15511483280102,1.528,-2.63088449931053
39.614413022995,3,1.66284,-55,8.07747984784944,2.1618876361077,1.528,-2.63039006507789
39.9045588970184,3,1.66284,-56,8.07498582591772,2.16622019984807,1.528,-2.63040605239796
40.3068599700928,3,1.63216,-56,8.07250053933048,2.172100872744,1.528,-2.62856323598289
40.4099869728088,3,1.61988,-56,8.07228660150832,2.17355325808328,1.528,-2.62727960904991
40.9527881145477,3,1.5892,-56,8.0710863121337,2.18114071457978,1.528,-2.62076294020344
41.3460791110992,3,1.5708,-56,8.06873471577677,2.18549927679306,1.528,-2.6208237573506
41.5835449695587,3,1.53398,-56,8.06731484130076,2.18813094069256,1.528,-2.62086047824222
42.015634059906,3,1.5033,-56,8.06427702305322,2.19361492530611,1.528,-2.62086854693839
42.165107011795,3,1.44808,-56,8.06316128812704,2.19561130719744,1.528,-2.62086294960599
42.6672189235687,3,1.38058,-56,8.05944581715123,2.20230274516949,1.528,-2.62067310909698
42.7379450798035,3,1.37445,-56,8.05893260138443,2.20324065875433,1.528,-2.62059306627097
43.2308928966522,3,1.32536,-56,8.05535558539363,2.20977773751916,1.528,-2.62003518304304
43.4969220161438,3,1.27627,-56,8.05317849539732,2.21375966762314,1.528,-2.62034952321242
43.9264569282532,3,1.23332,-56,8.04961062734966,2.22028596688777,1.528,-2.62098854435528
44.1014809608459,3,1.12901,-56,8.04843780707839,2.22390354437412,1.528,-2.62119943662285
44.5407280921936,3,1.06765,-56,8.04587622992457,2.23428436503172,1.528,-2.62166145624648
44.8852300643921,3,0.969476,-56,8.04347409880187,2.24127102377529,1.528,-2.62240340145045
45.1668510437012,3,0.877437,-56,8.04107476353249,2.24570229610093,1.528,-2.62343061686265
45.56623005867,3,0.871301,-56,8.03779766552577,2.25179644935278,1.528,-2.62474621855895
45.944669008255,3,0.82835,-56,8.03519808303244,2.25680540098628,1.528,-2.62542415845871
46.214663028717,3,0.699495,-56,8.03334343321463,2.26037899453766,1.528,-2.62590782886147
46.5796821117401,3,0.656544,-57,8.03078069066563,2.26531706039931,1.528,-2.62584248068731
46.8841669559479,3,0.515418,-56,8.02863537451183,2.26945081401194,1.528,-2.62568952395971
47.4666938781738,3,0.362019,-56,8.02434796455444,2.27761046026667,1.528,-2.62520529202936
47.8345160484314,3,0.263845,-56,8.02153571023642,2.28243499834066,1.528,-2.62482223786078
48.0885469913483,3,0.233165,-56,8.01867473067604,2.28002869768352,1.528,-2.6240807614955
48.4874548912048,3,0.147262,-56,8.01418209944436,2.27625005430039,1.528,-2.62291641208093
48.8157470226288,3,0.0368155,-56,8.01104230646681,2.28009090385271,1.528,-2.62362473492769
49.1592230796814,3,0.0245437,-57,8.00787988836218,2.28563772113609,1.528,-2.6247322677516
49.4160559177399,3,6.20342,-56,8.00545518091507,2.28989009352286,1.528,-2.62527483513081
49.6701469421387,3,6.27091,-56,8.00298978126227,2.29421327308401,1.528,-2.62549483538311
50.154098033905,3,6.08684,-56,7.99854782466212,2.30203518786746,1.528,-2.62608929490695
50.5550949573517,3,5.94571,-55,7.99543076866444,2.30760097739334,1.528,-2.62697148056667
50.9641859531403,3,2.73662,-57,7.99207986470084,2.31363887698746,1.528,-2.62773163009539
51.3585031032562,3,5.72482,-56,7.98866291715909,2.31985243338035,1.528,-2.62831129083908
51.7790598869324,3,5.69414,-56,7.98593079722068,2.32588441104712,1.528,-2.62836680270916
51.9898319244385,3,5.57755,-56,7.98493681539968,2.32866267171072,1.528,-2.62816311790977
52.438903093338,3,5.43029,-56,7.98240825774491,2.33482835527385,1.528,-2.62749016215664
52.815290927887,3,5.41188,-56,7.9792853985967,2.34059787514479,1.528,-2.62634227332045
53.1885750293732,3,5.24621,-56,7.97616380729141,2.34635448013633,1.528,-2.6253467555791
53.5906569957733,3,5.17258,-55,7.97274103200316,2.35264064510747,1.528,-2.62462675430487
53.791307926178,3,5.07441,-55,7.97103296473443,2.3557776294926,1.528,-2.6242674521286
54.2384328842163,3,5.01305,-55,7.96747888280048,2.36231895229508,1.528,-2.62473339383819
54.7850821018219,3,5.00691,-56,7.96308307460198,2.37048591863567,1.528,-2.6256000705631
55.2417869567871,3,4.78602,-56,7.95934589078026,2.37751358585598,1.528,-2.62661930251448
55.5004749298096,3,4.79829,-56,7.9585788458128,2.3861388858601,1.528,-2.62846608739354
55.962338924408,3,4.60808,-56,7.95760095221087,2.40288608257733,1.528,-2.6321316508322
56.1731789112091,3,4.51604,-56,7.95661952681752,2.40673102592524,1.528,-2.63194911519367
56.3999009132385,3,4.44854,-56,7.95529869097724,2.40897993804976,1.528,-2.63083193245652
56.9731409549713,3,4.23379,-56,7.95179079353418,2.41499597193766,1.528,-2.62827567552215
57.1032400131226,3,4.22765,-56,7.95090009652388,2.4165466939537,1.528,-2.62784632252096
57.3898010253906,3,4.0988,-56,7.9489382142434,2.4199623717993,1.528,-2.6269006136712
57.9001441001892,3,3.89018,-57,7.94544492740796,2.42602774256714,1.528,-2.62535175937766
58.1847550868988,3,3.77359,-57,7.94349699669072,2.42940440846025,1.528,-2.62453317370661
58.8625710010529,3,3.55884,-56,7.93820184824907,2.43844056442662,1.528,-2.62567125459136
59.2038478851318,3,3.4668,-56,7.93554677757402,2.44251690202452,1.528,-2.62658856011996
59.3922209739685,3,3.41771,-56,7.93418467023379,2.4441499257418,1.528,-2.62700747711042
59.840842962265,3,3.25818,-56,7.93094018185201,2.44806430065479,1.528,-2.62799607981041
60.1095399856567,3,3.21522,-56,7.92897569958016,2.45138853386162,1.528,-2.62823582537
60.3435380458832,3,3.19068,-56,7.92726490637836,2.45428348264937,1.528,-2.62844461069699
60.7753388881683,3,2.96365,-56,7.92409886381975,2.45965266765504,1.528,-2.62879741440647
61.1771540641785,3,2.90843,-56,7.92114196313424,2.46468095235842,1.528,-2.62908740816897
61.4734261035919,3,2.82252,-55,7.91904789386184,2.46822284038087,1.528,-2.62901760741687
61.7055389881134,3,2.72435,-56,7.91751748082888,2.47078589574315,1.528,-2.62860022204424
62.0048789978027,3,2.71208,-55,7.91554381248617,2.4740912918161,1.528,-2.62806194885986
62.4701640605927,3,2.58322,-55,7.91203669775004,2.48010295038664,1.528,-2.6265949034059
62.8524959087372,3,2.50346,-55,7.90904737562045,2.48525660284857,1.528,-2.625235194703
63.2633481025696,3,2.38074,-56,7.90774484827871,2.48992637258965,1.528,-2.6231911926732
63.646714925766,3,2.25188,-55,7.90622103361128,2.4945316488607,1.528,-2.62168396446664
63.986664056778,3,2.19666,-55,7.90310898516473,2.49995395161254,1.528,-2.62241328004145
64.3051888942719,3,2.14144,-55,7.90019306441283,2.50503452969119,1.528,-2.62309663264852
64.7667939662933,3,2.0494,-55,7.89668438598351,2.51114477613216,1.528,-2.62462455534543
64.8509030342102,3,2.05553,-55,7.89605552379872,2.51223986372981,1.528,-2.62491079606403
65.3006579875946,3,1.95122,-55,7.89286642444813,2.51779897935928,1.528,-2.62589839034531
65.6961739063263,3,1.87759,-55,7.89027933987507,2.52231619198979,1.528,-2.62608681973351
65.8508079051971,3,1.88986,-55,7.88926787304402,2.52408227679125,1.528,-2.62616048956175
66.58527302742,3,1.68124,-55,7.88367887240759,2.53373453451664,1.528,-2.62671658429503
66.9812688827515,3,1.63829,-55,7.87944825077072,2.54020798258688,1.528,-2.62578857773828
67.051285982132,3,1.63216,-55,7.87864520321178,2.54140928950433,1.528,-2.62556752980394
67.6468648910522,3,1.55239,-56,7.87251351869675,2.55108947201472,1.528,-2.62450458991669
68.0283899307251,3,1.49717,-55,7.86930293320777,2.55673821080467,1.528,-2.62466222913873
68.2847609519959,3,1.39899,-55,7.86729352452055,2.56027554632366,1.528,-2.62502300434913
68.7250258922577,3,1.34377,-55,7.86405152880142,2.56598567983257,1.528,-2.62600205188094
68.8547689914703,3,1.30695,-56,7.86309613459723,2.56766841754484,1.528,-2.62629057056467
69.2909469604492,3,1.264,-55,7.86007920428098,2.57290672653729,1.528,-2.62677306054477
69.7136170864105,3,1.24559,-56,7.85712144851541,2.5780455955451,1.528,-2.62714410143641
70.1093680858612,3,1.12901,-56,7.85390963177086,2.58371815804162,1.528,-2.62708974761458
70.2773959636688,3,1.09219,-56,7.85254595927921,2.58612661345764,1.528,-2.62706667008011
70.8360300064087,3,0.96334,-57,7.84528898506229,2.59807943981269,1.528,-2.62480984950792
71.2131140232086,3,0.834486,-58,7.83941101258498,2.60756677886077,1.528,-2.62250238097344
71.4968008995056,3,0.736311,-58,7.83730206479,2.6112121917936,1.528,-2.62246497745232
71.942104101181,3,0.717903,-59,7.83449779492682,2.6161702881819,1.528,-2.62277792660554
72.2106459140778,3,0.589049,-59,7.8326730822487,2.61936873951633,1.528,-2.62294701064018
72.5561249256134,3,0.521553,-60,7.83030282642327,2.62351906698576,1.528,-2.62316119038344
74.2941663265228,3,0.411107,-59,7.82690345358097,2.6294449766095,1.528,-2.57838200464
74.7606372833252,3,0.472466,-59,7.82832067488789,2.62697159161112,1.528,-2.52643589633452
75.1035354137421,3,0.515418,-58,7.82166005926987,2.62848521570072,1.528,-2.48315016710832
75.4293084144592,3,0.552233,-57,7.82451251687514,2.6243790851627,1.528,-2.42669815542639
75.5406353473663,3,0.546097,-56,7.8265158208756,2.62189822586517,1.528,-2.4037795482454
76.0533595085144,3,0.576777,-55,7.83214236651121,2.61536084044868,1.528,-2.29103662301295
76.2752532958984,3,0.60132,-54,7.83801971466528,2.6118721331562,1.528,-2.23378011675911
76.84832239151,3,0.454058,-53,7.85192399957857,2.60348155574286,1.528,-2.07647510103084
77.172215461731,3,0.294524,-53,7.85876778901176,2.60043710586814,1.528,-1.99209447761567
77.500949382782,3,0.19635,-53,7.86353540830538,2.60508425476121,1.528,-1.90102305454914
77.8613953590393,3,6.24023,-53,7.8708049009758,2.60227432113035,1.528,-1.81420255455037
78.204897403717,3,6.04388,-53,7.88088573890426,2.59980560908354,1.528,-1.73639608777035
78.3919694423676,3,5.98866,-53,7.88922561972121,2.59664632767974,1.528,-1.70382329877086
78.7577292919159,3,5.81686,-53,7.89424103203742,2.59480511662827,1.528,-1.63605934735804
79.0889322757721,3,5.72482,-53,7.89875623579489,2.5943055010635,1.528,-1.58305372044577
79.4196453094482,3,5.67573,-53,7.9021215538948,2.59420859399779,1.528,-1.53811527115866
79.5531892776489,3,5.64505,-53,7.90468061824903,2.59428097083757,1.528,-1.52289693758733
79.8794543743134,3,5.55915,-53,7.91175789231896,2.59453446468132,1.528,-1.48772980515661
82.4507155418396,3,5.63278,-53,7.9038619394212,2.59443882845711,1.528,-1.48505556998899
82.8318245410919,3,5.69414,-53,7.89722357320688,2.5937958601067,1.528,-1.48541653467694
82.9702205657959,3,5.688,-53,7.89481291511065,2.59356237240664,1.528,-1.48554761549101
83.2892227172852,3,5.71254,-54,7.88939139283016,2.5930492307231,1.528,-1.48521937584706
83.6603806018829,3,5.73095,-53,7.88316399704672,2.59246712847174,1.528,-1.48446154461415
83.9211027622223,3,5.73709,-53,7.87889465019914,2.59209271110753,1.528,-1.48395871303858
84.1978735923767,3,5.78618,-53,7.87442522773069,2.59171582122019,1.528,-1.48344253775808
84.5556716918945,3,5.82299,-54,7.86886782518635,2.59122399094972,1.528,-1.48292917951773
84.9117555618286,3,5.91503,-54,7.86374135213038,2.5907260778085,1.528,-1.48270054593247
85.1116015911102,3,5.93957,-54,7.8608642061236,2.59044663250755,1.528,-1.48257222921265
85.5028645992279,3,5.94571,-54,7.85573611882443,2.58938972102176,1.528,-1.48156828761453
85.6518995761871,3,5.97025,-54,7.85379263249984,2.58897719895286,1.528,-1.48117120754821
86.051944732666,3,6.00707,-54,7.84792148728402,2.58816449918369,1.528,-1.48111395984043
86.191392660141,3,6.08684,-54,7.84573164345256,2.58794571369644,1.528,-1.4813148446969
86.579306602478,3,6.14819,-55,7.83963045287276,2.58734519043555,1.528,-1.48182857005072
86.9351906776428,3,6.22796,-55,7.83399468969218,2.58682684251452,1.528,-1.48211823506542
87.1734476089478,3,6.24637,-55,7.83022166433175,2.5864798194426,1.528,-1.48231215972326
87.3883955478668,3,6.27705,-55,7.82758812184634,2.58622880826636,1.528,-1.48210785569195
87.6908185482025,3,0.0736311,-55,7.82408795140328,2.58589217041856,1.528,-1.48171942740604
88.1151566505432,3,0.147262,-55,7.81876233580597,2.58540029450769,1.528,-1.48119333969662
88.4510726928711,3,0.282252,-54,7.81420128442767,2.58499464785582,1.528,-1.48079263995514
88.7924647331238,3,0.33134,-55,7.81001951678474,2.58438670156231,1.528,-1.47959774792368
89.1598556041718,3,0.398835,-55,7.80584389991083,2.58359242661347,1.528,-1.47774822197137
89.2231385707855,3,0.380427,-55,7.80512465116502,2.58345561299335,1.528,-1.4774296416845
89.6532566547394,3,0.490874,-55,7.79852885488775,2.58291013774959,1.528,-1.47787748457778
89.9303357601166,3,0.589049,-55,7.79428872474211,2.58256748124849,1.528,-1.47820847692431
90.1812756061554,3,0.668816,-55,7.79092690430342,2.58227773318858,1.528,-1.47844621892219
90.4997756481171,3,0.754719,-56,7.78665998548726,2.58190997664973,1.528,-1.47874796787714
90.7780227661133,3,0.785398,-56,7.78282777093896,2.58158845388542,1.528,-1.47879444321618
91.094126701355,3,0.859029,-55,7.77842050187761,2.58122306105638,1.528,-1.47873579992263
91.2650315761566,3,0.895845,-55,7.77603766609745,2.58102550762937,1.528,-1.47870409381706
91.6231615543365,3,0.99402,-55,7.7701582314285,2.58057804162281,1.528,-1.47864725520285
91.8638286590576,3,1.05538,-55,7.76616808426752,2.58027586180339,1.528,-1.47860948272542
92.4088697433472,3,1.1106,-55,7.7495757182375,2.57743565334604,1.528,-1.48399750313905
92.5752515792847,3,1.13515,-55,7.74383041021102,2.57637454839233,1.528,-1.48613505432292
92.9875066280365,3,1.23946,-55,7.736870265243,2.57562414260961,1.528,-1.48684159693734
93.258909702301,3,1.28854,-55,7.73315914033566,2.57535504589014,1.528,-1.48675725318945
93.6354296207428,3,1.34377,-55,7.72742512068925,2.57490086928166,1.528,-1.48527176914325
93.8862745761871,3,1.40513,-55,7.72353753610478,2.57458897137803,1.528,-1.48412443042634
94.1864037513733,3,1.5033,-55,7.71965083306459,2.57424514859462,1.528,-1.48348740974728
94.402679681778,3,1.51557,-55,7.71714105629928,2.57400855817344,1.528,-1.48330836834746
94.7999677658081,3,1.60148,-55,7.71171869944937,2.57352025849614,1.528,-1.48330358497443
95.0676226615906,3,1.62602,-55,7.70698474657009,2.57311981524588,1.528,-1.48373178171728
95.3652837276459,3,1.73033,-54,7.70199811815797,2.57253686200961,1.528,-1.4843494594586
95.6523606777191,3,1.74874,-54,7.70028254768368,2.57044335645558,1.528,-1.48651940132089
95.9414975643158,3,1.8101,-54,7.69855466703862,2.56833482883673,1.528,-1.48870491372096
96.2157557010651,3,1.82851,-54,7.69482871518654,2.56766851226645,1.528,-1.48938855384583
96.6416556835175,3,1.94509,-54,7.68779839467586,2.56742891389927,1.528,-1.48962184699282
96.9832897186279,3,2.00645,-54,7.68190691923988,2.56722387878095,1.528,-1.48964140872102
97.1655876636505,3,1.9819,-53,7.67873936859344,2.56711325733589,1.528,-1.48963601255297
97.5084416866302,3,2.1353,-53,7.67286764511871,2.56689489997834,1.528,-1.48986568266237
97.7431316375732,3,2.12303,-53,7.66893351509373,2.56673517360486,1.528,-1.4902615262836
98.0641496181488,3,2.08008,-53,7.66357781246636,2.56651726412693,1.528,-1.49071529363615
98.4085986614227,3,2.09849,-53,7.65825395530873,2.56629288700535,1.528,-1.48975149190934
98.5911357402802,3,2.11076,-53,7.65543263426637,2.56617398075452,1.528,-1.48924073551374
99.027441740036,3,2.23348,-53,7.64580560368447,2.56559863241831,1.528,-1.49015846565236
99.2832865715027,3,2.19052,-53,7.63945127413602,2.56518965292413,1.528,-1.49122256970666
99.5034716129303,3,2.25802,-53,7.63522999019767,2.56495733222826,1.528,-1.49189109512845
99.8464286327362,3,2.24575,-52,7.63068051938563,2.56478977359344,1.528,-1.4925308644614
100.056581735611,3,2.35006,-53,7.62789274904598,2.5646870990162,1.528,-1.49292289466541
100.484768629074,3,2.35619,-52,7.62077079959385,2.56436169750784,1.528,-1.49388654387115
100.87757062912,3,2.35619,-52,7.61449084728764,2.56407492045103,1.528,-1.49504848607721
101.104719638824,3,2.35006,-52,7.61120715115239,2.56392703648997,1.528,-1.49603661981699
101.429194688797,3,2.36847,-52,7.60650956215197,2.56371482970086,1.528,-1.49742765970242
101.629110574722,3,2.38687,-52,7.60340521112251,2.56355502516741,1.528,-1.49766440715939
101.948914766312,3,2.35619,-52,7.59843920020851,2.56329938685535,1.528,-1.49804313058467
102.373503684998,3,2.3746,-52,7.59343611220789,2.56387235345168,1.528,-1.49564607422669
102.64911866188,3,2.38074,-52,7.59074852553836,2.56456566109026,1.528,-1.49306860112328
102.983788728714,3,2.36847,-52,7.58655829418711,2.56462226584904,1.528,-1.49101190400994
103.305983543396,3,2.40528,-52,7.58199259348969,2.56422628553777,1.528,-1.48964744173255
103.585166692734,3,2.41755,-52,7.5780480197593,2.56389334615675,1.528,-1.48861020612236
104.132575750351,3,2.4421,-51,7.57033308114805,2.56326054386033,1.528,-1.48690623245569
104.412570714951,3,2.38687,-51,7.56620839193497,2.56289574722641,1.528,-1.48714666660078
104.723415613174,3,2.46664,-51,7.56162924316177,2.56249075718416,1.528,-1.4874135918559
105.119845628738,3,2.47891,-51,7.55604104080637,2.5619838317509,1.528,-1.48849542062275
105.409531593323,3,2.49732,-51,7.55200211668905,2.56161509770197,1.528,-1.48941725574507
105.752220630646,3,2.53414,-51,7.54511381398886,2.5614769291171,1.528,-1.49041381611661
106.040807723999,3,2.57095,-51,7.53888225297021,2.56142140458438,1.528,-1.49123387075375
106.352824687958,3,2.57709,-51,7.53379137257745,2.56111182667405,1.528,-1.49152326226873
106.587778568268,3,2.60163,-51,7.53064492635466,2.56077458326674,1.528,-1.49149197164331
106.864640712738,3,2.63231,-51,7.52684895275418,2.56037336559179,1.528,-1.49135054311489
107.299333572388,3,2.66299,-51,7.51998444926686,2.55970428558927,1.528,-1.49005741734081
107.633609771729,3,2.69981,-51,7.51471630965119,2.55919738073998,1.528,-1.48885673267914
108.008438587189,3,2.74889,-51,7.50882776277872,2.55864238103475,1.528,-1.48714733358704
108.180971622467,3,2.75503,-50,7.50611837246012,2.55838679408953,1.528,-1.48636195439775
108.63356256485,3,2.77344,-51,7.49924659891543,2.55769024004601,1.528,-1.48461387165392
108.883507728577,3,2.79798,-50,7.49571099634194,2.55717227799104,1.528,-1.48356390768723
109.283606767654,3,2.82252,-51,7.49323040093715,2.55470944341254,1.528,-1.48084650126528
109.406817674637,3,2.84093,-51,7.49246649905329,2.55395101099324,1.528,-1.48000967318726
109.836490631104,3,2.88388,-51,7.48675216794492,2.55277768066208,1.528,-1.48016228500006
110.043137550354,3,2.90229,-51,7.48341128526973,2.55249927377248,1.528,-1.48083229718492
110.482028722763,3,2.95751,-51,7.47692973026026,2.55199231351996,1.528,-1.48249892318811
110.795018672943,3,3.0066,-51,7.47256558680489,2.55166623115328,1.528,-1.48378985200961
111.031139612198,3,3.06183,-51,7.46878522350794,2.55137378007984,1.528,-1.48427202749002
111.280422687531,3,3.06796,-51,7.46433263419032,2.55102109973785,1.528,-1.48431611253277
111.593681573868,3,3.06796,-51,7.45875571880906,2.55057882048741,1.528,-1.48435450113028
111.942389726639,3,3.10478,-51,7.45327723800077,2.55012271234065,1.528,-1.48372216938136
112.206957578659,3,3.11705,-51,7.44912066784815,2.54977665919644,1.528,-1.48324241388597
112.561729669571,3,3.11705,-51,7.43959585469686,2.54975047283904,1.528,-1.48162552306301
112.743192672729,3,3.13546,-51,7.43438498621721,2.54977464697116,1.528,-1.48071496408641
113.224595546722,3,3.16,-51,7.42526147168756,2.54951128221798,1.528,-1.47877318847639
113.473583698273,3,3.16614,-52,7.42213210045043,2.54926432359267,1.528,-1.47792910601078
113.767258644104,3,3.16,-51,7.418107172113,2.54894501673077,1.528,-1.47749107404333
114.095590591431,3,3.16614,-52,7.41328776742161,2.54856121333297,1.528,-1.47753479848105
114.476750612259,3,3.19068,-51,7.40766563633193,2.54811551975047,1.528,-1.47799759441047
114.753260612488,3,3.17227,-52,7.40356757614277,2.54779209641886,1.528,-1.4786280652088
114.915004730225,3,3.17227,-52,7.40117042186561,2.54760291041697,1.528,-1.47899685817452
115.39226770401,3,3.15386,-52,7.39442059044165,2.54708972924479,1.528,-1.48004611210792
115.547042608261,3,3.20909,-52,7.39224262635161,2.54692483606447,1.528,-1.4803850592008
115.742654561996,3,3.19682,-52,7.38924498767674,2.54675088871769,1.528,-1.48108813785176
116.055932760239,3,3.20909,-52,7.38411648360137,2.54651838460965,1.528,-1.48258152962262
116.428163766861,3,3.16614,-52,7.37816150854504,2.54623431075467,1.528,-1.48377775641826
116.81600356102,3,3.20295,-53,7.37240024479903,2.54591331815403,1.528,-1.48317451170326
116.972992658615,3,3.20295,-53,7.37006821077335,2.54578338734376,1.528,-1.48293033138741
117.439803600311,3,3.16614,-53,7.36411701791356,2.54544400579934,1.528,-1.48176347996006
117.779543638229,3,3.20295,-53,7.35984299303194,2.54519165728973,1.528,-1.48092727001744
118.148724555969,3,3.09251,-54,7.35494328109903,2.54486937969325,1.528,-1.48030456415305
118.403253555298,3,3.11705,-54,7.3515246141373,2.54464375092798,1.528,-1.47990609340201
118.758033752441,3,3.08023,-54,7.34583466879521,2.54425096467234,1.528,-1.48005338824787
119.061586618423,3,3.03115,-54,7.34092273570232,2.54393396148488,1.528,-1.4802394429239
119.780321598053,3,2.94524,-55,7.3281563576564,2.54367689777003,1.528,-1.48230256010571
120.109966754913,3,3.0066,-55,7.3229491967035,2.54325825520019,1.528,-1.48261771799536
120.518431663513,3,2.95751,-56,7.31662025399575,2.54276688298454,1.528,-1.48279020229086
120.633791685104,3,2.97592,-55,7.3149364054023,2.54265110775264,1.528,-1.48265569871262
121.224260568619,3,3.0066,-56,7.30644719089854,2.54207740153043,1.528,-1.48169024917449
121.657767772675,3,2.98206,-57,7.30054815927865,2.54170483111234,1.528,-1.48026827207875
121.777011632919,3,2.99433,-57,7.2989255258011,2.54160234899796,1.528,-1.4798771320089
122.36651468277,3,2.87161,-57,7.28862073341087,2.54082414647052,1.528,-1.47857910590185
122.561527729034,3,2.91456,-58,7.28456537174363,2.53996427813481,1.528,-1.47786455526511
122.901845693588,3,2.84707,-58,7.276318034128,2.53734447632655,1.528,-1.47607603672293
123.776411771774,3,2.96979,-59,7.26047560458402,2.53491525868594,1.528,-1.47506327583332
124.153611660004,3,2.95751,-59,7.25365285368368,2.53447850727503,1.528,-1.47591832080089
124.489774703979,3,2.95138,-60,7.24759385680287,2.53409096197605,1.528,-1.47671680197309
124.893705606461,3,2.93911,-60,7.24134698287132,2.5337263119188,1.528,-1.47780477427504
125.014577627182,3,2.86548,-60,7.23947767237623,2.53361719427268,1.528,-1.47813033839955
125.561230659485,3,2.89002,-61,7.24831710302652,2.5423786868523,1.528,-1.47280073279039
125.932300567627,3,2.74276,-62,7.25463174190534,2.54843386472435,1.528,-1.46860665139575
126.174886703491,3,2.80412,-61,7.25162429928341,2.54844464408859,1.528,-1.46770477792131
126.648389577866,3,2.72435,-61,7.24527627811324,2.54823280126017,1.528,-1.46588418963858
126.995400667191,3,2.66913,-61,7.23967811113746,2.54761648929954,1.528,-1.46443072059807
127.661166667938,3,2.71208,-62,7.22962336278556,2.54653013783361,1.528,-1.46350737409437
127.949332714081,3,2.42983,-63,7.22517584936469,2.54606480391754,1.528,-1.4637381758357
128.3248026371,3,2.41142,-62,7.21859334511104,2.54541243550247,1.528,-1.46503221810165
128.6701836586,3,2.19052,-62,7.21263975979793,2.54482255047504,1.528,-1.46628219245308
128.929366588593,3,2.26416,-63,7.20836834039956,2.54439963766332,1.528,-1.46733562982045
129.332104682922,3,1.96963,-62,7.20178859419009,2.5435356063697,1.528,-1.46857384886462
129.654850721359,3,1.92668,-62,7.19668987009553,2.54221672366107,1.528,-1.46835881364039
129.798988580704,3,2.0494,-62,7.19441278815229,2.54162771277416,1.528,-1.46826277925666
130.310868740082,3,1.71806,-62,7.18658649822168,2.54062085650224,1.528,-1.46745710252048
130.574620723724,3,1.69965,-63,7.18259691357345,2.54028123432572,1.528,-1.46696523592001
130.672541618347,3,1.88373,-62,7.18119410452778,2.54016385711336,1.528,-1.46663540134921
131.548583745956,3,1.29468,-63,7.16856614135436,2.53910692426689,1.528,-1.46384734903937
131.807100772858,3,1.14742,-63,7.1646396640637,2.53877397736213,1.528,-1.46341107378486
132.174412727356,3,1.07379,-64,7.15943963274122,2.53835076047957,1.528,-1.46250544577658
132.305889606476,3,0.926524,-65,7.15766462260135,2.53821062810011,1.528,-1.46211618916696
132.658313751221,3,0.711767,-64,7.15296737582045,2.53773873122176,1.528,-1.46141795213668
132.886986732483,3,0.920388,-65,7.15030270326572,2.53682454876969,1.528,-1.46314474121281
133.40976858139,3,0.490874,-64,7.14385985495018,2.53502652446822,1.528,-1.46676007372651
133.765276670456,3,0.349748,-65,7.13857151785147,2.53455820406844,1.528,-1.46835972992353
134.121101617813,3,0.245437,-64,7.13334307074585,2.53409592213758,1.528,-1.46954330798841
134.436531543732,3,0.312932,-64,7.12879180364685,2.53369447703962,1.528,-1.47005211631025
134.757004737854,3,0.306796,-66,7.12413774970417,2.53328930082239,1.528,-1.47043690329721
135.062317609787,3,0.0429515,-63,7.11964501174414,2.5329085603173,1.528,-1.47054440649864
135.478123664856,3,0.0736311,-65,7.11346585274241,2.53237810552228,1.528,-1.4701160633923
135.795852661133,3,6.00707,-63,7.10865722871319,2.53195563016335,1.528,-1.46896256325499
136.158401727676,3,6.25251,-65,7.10371585347837,2.53155589310552,1.528,-1.46732746208369
136.482317686081,3,6.05922,-65,7.09995182993925,2.5312969666455,1.528,-1.46548620725691
139.343217611313,3,5.49779,-65,7.05529778045946,2.52727797916759,1.528,-1.4673788461514
139.697467565537,3,2.38687,-66,7.05065816858528,2.52602018905602,1.528,-1.46602128397771
139.945284605026,3,5.25849,-64,7.04761784376872,2.52496102828033,1.528,-1.46447064212264
140.304267644882,3,5.22781,-65,7.04238092222358,2.52404323225421,1.528,-1.46295636944213
140.606907606125,3,5.04373,-64,7.03753802378846,2.52358627051473,1.528,-1.46205588601432
140.910499572754,3,5.20326,-63,7.03297631719569,2.52316030919352,1.528,-1.46137519872205
141.179485559464,3,5.11122,-63,7.02919060127258,2.52281091756167,1.528,-1.46096437559449
141.497534751892,3,5.23394,-62,7.02472672622065,2.52239891974444,1.528,-1.46057673186917
141.857275724411,3,5.24008,-63,7.01977433706894,2.52194169709454,1.528,-1.46090552119044
142.155092716217,3,5.35666,-63,7.01567442698894,2.52156317842533,1.528,-1.46117771439078
142.246698617935,3,5.31985,-62,7.01415399932587,2.52141889985045,1.528,-1.46124610097096
142.734924554825,3,5.41188,-63,7.00601188587494,2.52064578214895,1.528,-1.46160828223653
143.191142559052,3,5.63278,-63,6.99707841762363,2.51955349247849,1.528,-1.46316790791983
143.469851732254,3,5.62664,-64,6.9913199022734,2.51880220230377,1.528,-1.46439804238174
143.828797578812,3,5.60823,-64,6.98490596810759,2.51812321809647,1.528,-1.46540959118871
144.162703752518,3,5.50392,-63,6.97914134423007,2.51754972206749,1.528,-1.46623522771319
144.458590745926,3,5.55915,-65,6.9743533527551,2.51707502661555,1.528,-1.46584797775435
144.719249725342,3,5.66959,-64,6.97018790827416,2.5166623390605,1.528,-1.46532344030119
144.922539710999,3,5.42416,-64,6.96690870145194,2.51633820622678,1.528,-1.46483356711463
145.420679569244,3,5.37507,-65,6.95854347620419,2.51551938788242,1.528,-1.4627607026573
145.722037553787,3,5.41802,-65,6.95374963180347,2.51503849593291,1.528,-1.46147818388897
146.222805738449,3,5.31985,-65,6.94616609343495,2.51426012689215,1.528,-1.45930616361333
