1.10593605041504,3,0.13499,-56,8.35734037160679,1.66781876876098,1.528,-2.62656938884493
1.26275706291199,3,0.13499,-55,8.35615322780092,1.66983983928963,1.528,-2.62548465709274
1.50480008125305,3,0.177942,-56,8.35432094866051,1.67295923000931,1.528,-2.62381044428663
1.79227304458618,3,0.312932,-55,8.35222479341612,1.67652018566421,1.528,-2.62238347746492
2.10573792457581,3,0.349748,-55,8.35006397991128,1.68017855138572,1.528,-2.62170353035818
2.43305802345276,3,0.46633,-55,8.34783654890659,1.68410023688704,1.528,-2.62109875025867
2.80447793006897,3,0.527689,-55,8.34668943640461,1.69340569261434,1.528,-2.62543997774463
3.00805687904358,3,0.589049,-55,8.34606069262069,1.69850610555115,1.528,-2.62781944775447
3.17488598823547,3,0.66268,-55,8.34554544894785,1.70268579775923,1.528,-2.6297693785508
3.49050498008728,3,0.785398,-56,8.34385220122082,1.70587164525234,1.528,-2.63046261287982
3.98125600814819,3,0.877437,-55,8.3410860283762,1.71100764617941,1.528,-2.63149301935286
4.23240995407104,3,0.944932,-55,8.33913709167285,1.71457456807045,1.528,-2.63193094509581
4.53462195396423,3,1.03697,-55,8.33679194811311,1.71886662326469,1.528,-2.63245789845143
4.87131309509277,3,1.13515,-55,8.33448070343686,1.72306584906768,1.528,-2.63245423729825
5.11794304847717,3,1.19037,-55,8.33295388087729,1.72582069665367,1.528,-2.63212588836071
5.34890508651733,3,1.25173,-55,8.33152405434874,1.72840053419658,1.528,-2.63181839878467
5.68512606620789,3,1.34377,-55,8.3296362185698,1.73176553371437,1.528,-2.63162860109234
5.98250389099121,3,1.45421,-55,8.328021205244,1.73463139069447,1.528,-2.63153360030847
6.16302704811096,3,1.47876,-56,8.3270408116838,1.73637110867875,1.528,-2.63147593009905
6.43615198135376,3,1.55239,-56,8.32665154259217,1.73934607010088,1.528,-2.63090947480979
6.70587110519409,3,1.60148,-56,8.32634591002853,1.74230862210982,1.528,-2.63031557516908
6.97598099708557,3,1.61988,-56,8.32591874273964,1.74533454747924,1.528,-2.62972800380847
7.1382999420166,3,1.70579,-56,8.32463030794223,1.7476563242786,1.528,-2.62943616035604
7.37866687774658,3,1.74874,-56,8.32272235367187,1.75109448348391,1.528,-2.62900398950621
7.92784094810486,3,1.95122,-57,8.3185388681965,1.75866557047018,1.528,-2.62868669313681
8.26895689964294,3,2.07394,-57,8.31610508259835,1.76310178041309,1.528,-2.62911805439022
8.50228095054626,3,2.1353,-57,8.31442806320468,1.76614455430279,1.528,-2.62938739229923
8.66114807128906,3,2.21507,-57,8.3132480342035,1.76824238363823,1.528,-2.62949101491761
8.9134840965271,3,2.29484,-58,8.31137373934354,1.77157446338926,1.528,-2.62965560353435
9.0999960899353,3,2.33779,-58,8.30998837048773,1.77403734135515,1.528,-2.62977725778871
9.43632793426514,3,2.45437,-58,8.30723411920931,1.77888680752172,1.528,-2.62932581289757
9.76944899559021,3,2.63231,-58,8.30438034996666,1.78389055930658,1.528,-2.62854907269769
9.88034510612488,3,2.67526,-58,8.30343032925012,1.78555630991633,1.528,-2.62829049563048
10.2369320392609,3,2.87161,-58,8.30147491112358,1.7792376362067,1.528,-2.62671296297895
10.5248429775238,3,2.95751,-58,8.30027882290495,1.77007146014657,1.528,-2.6251795165448
10.7272551059723,3,3.03728,-58,8.2994379282741,1.7636272964852,1.528,-2.62410144650526
11.0336139202118,3,3.09251,-58,8.29739664510565,1.76672090357642,1.528,-2.62306294218761
11.1409928798676,3,3.14773,-58,8.29667063283033,1.76798142095206,1.528,-2.62270708184007
11.5393710136414,3,3.30113,-58,8.29393394281604,1.77272303875975,1.528,-2.62147643738054
11.7797520160675,3,3.38089,-58,8.29209790652346,1.77586256793458,1.528,-2.62111728019683
12.0192739963531,3,3.49134,-58,8.29026843146413,1.77899087773249,1.528,-2.62075940649214
12.3646240234375,3,3.66315,-58,8.28779203945075,1.78323651846071,1.528,-2.62038477368401
12.6357300281525,3,3.7061,-58,8.28616732370709,1.78604547145752,1.528,-2.62037033176629
12.8962600231171,3,3.79814,-58,8.28460598911047,1.78874484549346,1.528,-2.62035645323654
13.1367309093475,3,3.92085,-58,8.28303172144233,1.79148051613436,1.528,-2.6206502334221
13.4288029670715,3,4.04357,-58,8.28095546982445,1.79510423618653,1.528,-2.62138508652281
13.6675159931183,3,4.08652,-57,8.27925853136892,1.79806593401529,1.528,-2.62198568833572
13.9415690898895,3,4.19084,-58,8.27675331121168,1.80121029831857,1.528,-2.6228202133694
14.2298579216003,3,4.35037,-57,8.27377553104177,1.80436075903957,1.528,-2.62378722445551
14.3720149993896,3,4.36264,-58,8.27230716848071,1.80591427149141,1.528,-2.62426406384389
14.7365620136261,3,4.49763,-58,8.26923124928484,1.81021219397597,1.528,-2.62406205275034
14.9518980979919,3,4.59581,-58,8.26769222328982,1.81287754625785,1.528,-2.62336848796301
15.0505890846252,3,4.63262,-58,8.26698687010041,1.81409910764734,1.528,-2.62305061930037
15.4703440666199,3,4.73693,-58,8.26383470375822,1.81956687831904,1.528,-2.62235326006938
15.7289900779724,3,4.87192,-57,8.26178851958497,1.82312186496349,1.528,-2.62237048384188
16.0820689201355,3,4.97623,-57,8.25897487751095,1.82801087426323,1.528,-2.62233809199712
16.2566161155701,3,5.1419,-57,8.25753471145722,1.83051490491793,1.528,-2.62218710684632
16.6387739181519,3,5.2094,-57,8.25438157746916,1.83599728949717,1.528,-2.62185653634757
16.8747599124908,3,5.41188,-57,8.25240875106803,1.83941500194634,1.528,-2.62169563263078
17.0175709724426,3,5.44256,-57,8.25119413924049,1.84150928718836,1.528,-2.62163306171845
17.3722519874573,3,5.58369,-57,8.24817756786301,1.84671058753317,1.528,-2.62147766258688
17.7346410751343,3,5.64505,-57,8.24541306002201,1.85158727948953,1.528,-2.62117079329813
18.0539989471436,3,5.79845,-57,8.24324481492673,1.85551562942687,1.528,-2.62077540742782
18.1384599208832,3,5.80458,-57,8.24267137644875,1.85655456502226,1.528,-2.62067083923477
18.5593829154968,3,5.98866,-57,8.2395746718059,1.86206320285604,1.528,-2.6212538789334
18.8938601016998,3,6.11138,-57,8.23699490894261,1.8666054281832,1.528,-2.62226735720112
19.1542139053345,3,6.22183,-58,8.23496820371955,1.87016068005732,1.528,-2.62289827816882
19.7433071136475,3,0.208621,-57,8.23033847665723,1.87825131784163,1.528,-2.62395324876171
20.0353760719299,3,0.319068,-57,8.22831645869306,1.88179643404665,1.528,-2.62367316202516
20.1210999488831,3,0.386563,-57,8.22774356021152,1.88280185946943,1.528,-2.6235305080208
20.5838420391083,3,0.576777,-57,8.22465139624136,1.88822329511972,1.528,-2.62277352984871
20.9622559547424,3,0.79767,-57,8.22212716851957,1.89258653106198,1.528,-2.62230999900958
21.02738904953,3,0.822214,-57,8.22169269516467,1.893337536901,1.528,-2.62223021547934
21.5216190814972,3,1.01856,-57,8.21827558752858,1.89960468682013,1.528,-2.62243935696412
21.7113780975342,3,1.07992,-57,8.21690432360876,1.90229099528338,1.528,-2.62292088814452
22.1377530097961,3,1.29468,-56,8.21379552852374,1.90830102367156,1.528,-2.62393325812872
22.3563709259033,3,1.38058,-57,8.2121082919178,1.91129523487708,1.528,-2.62421775044458
22.7574899196625,3,1.62602,-57,8.20901255913589,1.91678899772712,1.528,-2.62473973543785
23.0817949771881,3,1.66284,-57,8.20624912462375,1.92169402765439,1.528,-2.62523713294045
23.2896809577942,3,1.8101,-57,8.20440314380655,1.92497085117398,1.528,-2.62557754619459
23.6365299224854,3,1.85305,-57,8.20134061997603,1.93040955433312,1.528,-2.62605079428518
23.956857919693,3,2.08621,-57,8.19869691843844,1.93512984078814,1.528,-2.62548367766502
24.1615660190582,3,2.15984,-57,8.19700744039791,1.93814637657987,1.528,-2.62512125737568
24.6185600757599,3,2.42369,-57,8.19336261324747,1.94459583882433,1.528,-2.62429139492521
24.8947110176086,3,2.55254,-57,8.19121891386487,1.94836110154781,1.528,-2.62378028992662
25.2802600860596,3,2.60163,-57,8.18819260822914,1.95393718863683,1.528,-2.62145129204706
25.5133399963379,3,2.76117,-57,8.18633730731892,1.95755471516076,1.528,-2.61879554358696
25.9411931037903,3,3.01274,-57,8.18299635892337,1.96395586318277,1.528,-2.61481084337601
26.1576340198517,3,3.06796,-57,8.18145098980348,1.9666588644051,1.528,-2.6147857381015
26.5477271080017,3,3.27045,-57,8.17866575943541,1.97153050380341,1.528,-2.61474049067675
26.7212469577789,3,3.30113,-56,8.17734649252412,1.97382453755682,1.528,-2.61494786695033
27.4491460323334,3,3.66315,-57,8.17152008221963,1.98390476925587,1.528,-2.61694595066822
27.8353230953217,3,3.76132,-56,8.16887211510875,1.98852200122785,1.528,-2.61853473093475
28.3223750591278,3,4.00062,-56,8.16542928920973,1.99454564717843,1.528,-2.620408971364
28.6781420707703,3,4.09266,-56,8.16278809561183,1.9991910117996,1.528,-2.6216193142558
28.9506249427795,3,4.14175,-55,8.15958354175289,2.00574177866114,1.528,-2.62326526270876
29.0837960243225,3,4.26447,-55,8.15672509283165,2.01221640397762,1.528,-2.62485593999677
29.6750938892365,3,4.43014,-54,8.14518394583681,2.03803532815264,1.528,-2.63068363115554
29.8031489849091,3,4.44241,-54,8.14421547240741,2.0397297441867,1.528,-2.63030251128809
30.4246919155121,3,4.55899,-54,8.13959454425013,2.04781400439286,1.528,-2.62854685318504
30.7104740142822,3,4.65103,-53,8.137838631092,2.05088409154983,1.528,-2.62817505605931
31.0773410797119,3,4.71239,-53,8.13558451262118,2.05482525466235,1.528,-2.62769776891979
31.4930460453033,3,4.82897,-53,8.13254877349703,2.06015779451601,1.528,-2.62692317779856
31.7440869808197,3,4.85352,-53,8.13065917826997,2.06347947103454,1.528,-2.62642805997787
32.1661829948425,3,4.94555,-53,8.12774998538922,2.06856932922763,1.528,-2.62578073577655
32.4597370624542,3,5.01919,-52,8.12589748265386,2.07179362196322,1.528,-2.62544853591894
32.8026740550995,3,5.10509,-52,8.12381422029716,2.07619513134741,1.528,-2.62503609878268
33.2243869304657,3,5.23394,-52,8.12147581322285,2.08336121754286,1.528,-2.62446165138725
33.3718390464783,3,5.30144,-52,8.12065818802963,2.08586684313499,1.528,-2.62426079557056
33.8463580608368,3,5.35666,-52,8.11755047738631,2.09191718297179,1.528,-2.62449292391717
34.2292549610138,3,5.47324,-52,8.11502904230861,2.09655239922737,1.528,-2.62478392987957
34.6697180271149,3,5.57755,-52,8.11227427975259,2.10167965552657,1.528,-2.62519046972814
35.0197939872742,3,5.68186,-52,8.11018260715193,2.10556171888789,1.528,-2.6253427070278
35.1855669021606,3,5.688,-51,8.10925782762681,2.10727031847241,1.528,-2.62529999203819
35.627445936203,3,5.7555,-51,8.10679276460042,2.11182470743572,1.528,-2.62518613231411
36.0668280124664,3,5.85367,-51,8.10343401218479,2.11795488656174,1.528,-2.62594503525303
36.2625279426575,3,5.89049,-51,8.10191488029747,2.12072610559334,1.528,-2.62630529372713
36.6634380817413,3,5.98866,-51,8.09883050353023,2.12586179890757,1.528,-2.62730794972689
36.9131009578705,3,6.00707,-51,8.09692187287784,2.12882291222999,1.528,-2.6280482280575
37.4574248790741,3,6.22183,-51,8.09298396171031,2.1352325306694,1.528,-2.62945048450069
37.7894220352173,3,0.0122718,-51,8.09073819988177,2.13910956437733,1.528,-2.63015781106086
37.942764043808,3,0.0306796,-51,8.08970093307622,2.14090027892156,1.528,-2.63048450926733
38.4275710582733,3,0.110447,-51,8.08618000855214,2.14688861434463,1.528,-2.63112001676498
38.7215600013733,3,0.16567,-51,8.08404481960344,2.15052190021522,1.528,-2.63145731403211
39.1135530471802,3,0.208621,-51,8.08128789126691,2.15528976451488,1.528,-2.63086268243012
39.5591430664063,3,0.282252,-50,8.07795493468072,2.16106232500978,1.528,-2.63038701964948
39.9550580978394,3,0.355884,-51,8.07455174731913,2.16697427228536,1.528,-2.63040883495308
40.2650220394135,3,0.417243,-51,8.07258733246456,2.17151164979032,1.528,-2.62908399478733
40.6064469814301,3,0.447922,-51,8.07187904359158,2.17632009536896,1.528,-2.62483426154948
40.7672970294952,3,0.503146,-51,8.07154535883326,2.17858542108851,1.528,-2.62283215299954
41.2859089374542,3,0.564505,-51,8.06909448999581,2.18483245388708,1.528,-2.62081445284494
41.5130100250244,3,0.613592,-51,8.0677365893704,2.18734925246003,1.528,-2.62084957096456
41.9124159812927,3,0.693359,-51,8.06504749031079,2.19223633004591,1.528,-2.62087241215875
42.1371080875397,3,0.66268,-51,8.06337028498762,2.19523734960408,1.528,-2.62086399808522
42.4880530834198,3,0.711767,-51,8.06075066997284,2.19992462061716,1.528,-2.62085085620388
43.0362300872803,3,0.803806,-52,8.05676813243845,2.2071962753969,1.528,-2.62025548854545
43.4390640258789,3,0.865165,-51,8.05365908421315,2.2128805806184,1.528,-2.62026344760362
43.7871890068054,3,0.846757,-52,8.05076743568581,2.21816994765928,1.528,-2.62078135480254
44.0520670413971,3,0.914253,-52,8.04872597644389,2.2227357347308,1.528,-2.62114746086971
44.5043070316315,3,0.96334,-52,8.04608862825342,2.23342361837939,1.528,-2.62162314695886
44.7617259025574,3,0.975612,-52,8.04452632116163,2.23932770060462,1.528,-2.62195291875268
45.2241489887238,3,1.03084,-52,8.04058660039673,2.24660387239229,1.528,-2.62363961170515
45.4440128803253,3,0.99402,-52,8.03871341896374,2.25006340435134,1.528,-2.62444156750615
45.7515950202942,3,1.04311,-52,8.03652435179936,2.25424990750855,1.528,-2.62507828348947
46.0759630203247,3,1.07379,-51,8.03429619485304,2.25854318552708,1.528,-2.62565936006647
46.4244480133057,3,1.07379,-52,8.03187442726806,2.26320956793321,1.528,-2.62592046190759
47.0291979312897,3,1.07992,-52,8.02761352629796,2.27141978662148,1.528,-2.62561666823697
47.1956770420074,3,1.14128,-52,8.02637444010033,2.27377063849956,1.528,-2.62546384235763
47.6923561096191,3,1.14742,-52,8.0226606192215,2.28080768875098,1.528,-2.62499001003861
47.9750080108643,3,1.19037,-52,8.01995344380737,2.28110419234654,1.528,-2.62441216392074
48.4292359352112,3,1.22718,-52,8.01483778036737,2.27680153165373,1.528,-2.62308634405609
48.7035739421844,3,1.25173,-52,8.01207509513771,2.27827941344876,1.528,-2.62326303469852
49.0403699874878,3,1.28241,-52,8.00897418056342,2.28371835478602,1.528,-2.62434902793582
49.3700640201569,3,1.35604,-52,8.00590143205126,2.28910757382513,1.528,-2.62523501385378
49.7577478885651,3,1.3499,-51,8.0021398049854,2.29570374139955,1.528,-2.62557068312453
50.0106809139252,3,1.36831,-52,7.99968564118964,2.30000721842383,1.528,-2.6257896807437
50.5328650474548,3,1.45421,-52,7.99560356768089,2.30729242889227,1.528,-2.62692257518465
50.95609998703,3,4.59887,-52,7.99214993348181,2.31351146024588,1.528,-2.62771974342719
51.3794310092926,3,1.49717,-52,7.98848156679919,2.32018221037408,1.528,-2.62834205563228
51.8142719268799,3,1.5033,-52,7.98576474043249,2.32634855338131,1.528,-2.62833277467879
52.024297952652,3,1.53398,-52,7.9847742767352,2.32911698060079,1.528,-2.62812981080639
52.4647619724274,3,1.55852,-52,7.98219370873531,2.33522473715194,1.528,-2.62741129903754
52.6728909015656,3,1.60148,-52,7.98046687999456,2.33841507403894,1.528,-2.62677655781502
53.2355499267578,3,1.57693,-52,7.97576392733813,2.34708888749388,1.528,-2.62526263843682
53.3492848873138,3,1.62602,-51,7.97479574362205,2.34886702425401,1.528,-2.62505897519558
53.8812720775604,3,1.63829,-52,7.97031337496766,2.35710177459812,1.528,-2.62433865751289
54.034569978714,3,1.63216,-52,7.96909677535212,2.35934105274954,1.528,-2.62450808329828
54.5064990520477,3,1.6567,-51,7.96535146165336,2.36623469222527,1.528,-2.62502966221941
54.7328269481659,3,1.63216,-52,7.96351067486224,2.36968182858397,1.528,-2.6254834523103
55.1339030265808,3,1.64443,-52,7.96022869742049,2.37585349323453,1.528,-2.62637853706714
55.4829559326172,3,1.63829,-52,7.95861593836703,2.3855036467081,1.528,-2.62832704863681
55.8328549861908,3,1.64443,-52,7.95787510545991,2.39819099265821,1.528,-2.63110400720686
56.2167251110077,3,1.62602,-51,7.95636583559705,2.40716297154951,1.528,-2.63173453935962
56.4961760044098,3,1.63216,-51,7.9547378120603,2.4099349147079,1.528,-2.63035753266775
56.9428548812866,3,1.63829,-52,7.95199814104051,2.41463497561755,1.528,-2.62837562564335
57.1742489337921,3,1.63829,-52,7.95041394824392,2.41739308821805,1.528,-2.62761197883214
57.5336079597473,3,1.63829,-52,7.94795366901831,2.42167648550877,1.528,-2.62642602192754
57.906790971756,3,1.63216,-52,7.94539943497828,2.42610660201236,1.528,-2.6253326419364
58.0729699134827,3,1.65056,-52,7.9442620752829,2.42807817300183,1.528,-2.62485468533289
58.35338306427,3,1.63829,-52,7.94231630088979,2.43144531710336,1.528,-2.62417324135644
58.7075989246368,3,1.68738,-52,7.93945408779166,2.43631155090447,1.528,-2.62521533212198
58.9807889461517,3,1.68738,-52,7.93724659754249,2.44006464800024,1.528,-2.62601904768222
59.3287439346313,3,1.68124,-52,7.93464366648294,2.443599637421,1.528,-2.62686631251814
59.6997809410095,3,1.69965,-52,7.9319607342605,2.44681619152195,1.528,-2.62769145005248
59.9937338829041,3,1.69351,-53,7.92982237451894,2.44995581798162,1.528,-2.62813249709878
60.4077770709991,3,1.68124,-52,7.92679524570104,2.45507822721992,1.528,-2.62850192812027
60.7184219360352,3,1.66284,-53,7.92451770756888,2.4589404132235,1.528,-2.62875633691093
61.0905311107636,3,1.66897,-53,7.92177940911842,2.46359695927498,1.528,-2.62902489157508
61.3375849723816,3,1.69351,-53,7.91996137491665,2.46668857260233,1.528,-2.62920319265266
61.6565721035004,3,1.69965,-53,7.91784033907326,2.47024518971367,1.528,-2.62868827429271
62.0565528869629,3,1.72419,-53,7.9152031058787,2.47466188934658,1.528,-2.62796902887601
62.2436819076538,3,1.70579,-53,7.91380748434558,2.47705007809587,1.528,-2.62740035488973
62.5990219116211,3,1.71806,-53,7.91102920222614,2.48183989326601,1.528,-2.62613663883199
63.0160970687866,3,1.68124,-54,7.90850034288038,2.48712900068617,1.528,-2.62442993156963
63.3730080127716,3,1.71806,-54,7.90740977396614,2.49116705315241,1.528,-2.62264179154808
63.6400339603424,3,1.68738,-54,7.90628219419729,2.49442508521956,1.528,-2.62166963134532
63.9939720630646,3,1.67511,-54,7.90304208436241,2.50007051676593,1.528,-2.62242895839542
64.1703310012817,3,1.71192,-54,7.90142761469726,2.50288350102966,1.528,-2.62280731300399
64.5361518859863,3,1.65056,-54,7.89840883836563,2.50814185043226,1.528,-2.6238396321922
64.8579668998718,3,1.69351,-54,7.89600270906539,2.51233183421372,1.528,-2.62493483587369
65.2670760154724,3,1.64443,-54,7.89308608539702,2.5174154375056,1.528,-2.62588239141793
65.6142179965973,3,1.66284,-54,7.89081541657815,2.5213801682976,1.528,-2.62604777477679
66.0335519313812,3,1.6567,-55,7.8879120745526,2.52642781417559,1.528,-2.62628970676781
66.5282740592957,3,1.54625,-55,7.88411620959818,2.53297966847508,1.528,-2.62667248306573
66.7414300441742,3,1.53398,-55,7.88219903587271,2.53609298698717,1.528,-2.62654576248761
67.300754070282,3,1.49717,-55,7.87578397729702,2.54568949737682,1.528,-2.62477994497026
67.4210729598999,3,1.47262,-55,7.87441358873752,2.5477464682605,1.528,-2.62441129678867
67.9525279998779,3,1.36831,-55,7.86994132175116,2.55561502310557,1.528,-2.62463088436574
68.3337159156799,3,1.30695,-55,7.8669330329888,2.56091048077561,1.528,-2.62513186888042
68.6028950214386,3,1.25173,-55,7.86495086854929,2.56440167094574,1.528,-2.62573046103484
68.9988529682159,3,1.21491,-55,7.86208628235479,2.56942728912604,1.528,-2.62648310742717
69.4233601093292,3,1.11674,-55,7.85916934808788,2.57448403821163,1.528,-2.6269045031843
69.6645910739899,3,1.06151,-55,7.85751176733385,2.57735759283962,1.528,-2.62714396606997
69.8106229305267,3,1.06765,-55,7.85633417319612,2.57943604487824,1.528,-2.62713077831563
70.3351700305939,3,0.975612,-56,7.85207707931224,2.58695472761468,1.528,-2.62705873518836
70.7192618846893,3,0.938796,-56,7.84710916246338,2.59514158323059,1.528,-2.62552438195877
71.2347450256348,3,0.803806,-56,7.83907382927502,2.60811100944288,1.528,-2.62237001562449
71.5872690677643,3,0.748583,-56,7.83673234699577,2.61221948277335,1.528,-2.62252855646218
71.8165810108185,3,0.705631,-56,7.83528826896364,2.61477268857194,1.528,-2.62268971177867
72.0873029232025,3,0.705631,-56,7.8335193114924,2.6178869887121,1.528,-2.62287054414225
72.4922530651093,3,0.564505,-56,7.83074103726788,2.62275175803696,1.528,-2.62312159301796
74.3906753063202,3,0.582913,-55,7.82728046764067,2.62889659252266,1.528,-2.56768423069596
74.547863483429,3,0.582913,-55,7.82789452607247,2.62800341662186,1.528,-2.55026032269365
75.0001194477081,3,0.582913,-55,7.82349108224714,2.62813287979913,1.528,-2.49648832329767
75.4072024822235,3,0.625864,-55,7.8241147254214,2.62487170367006,1.528,-2.43124905038101
75.5328824520111,3,0.650408,-55,7.82637630920601,2.62207099486205,1.528,-2.40537561811387
76.0310482978821,3,0.66268,-55,7.8317866940517,2.61570759632843,1.528,-2.29610322178169
76.4063763618469,3,0.527689,-55,7.84253338223777,2.60948075988345,1.528,-2.19689007589193
76.8354845046997,3,0.337476,-55,7.85180861405658,2.60353283819708,1.528,-2.07979948612545
77.0807843208313,3,0.343612,-55,7.85616078232998,2.60158579221849,1.528,-2.01601224308012
77.4733953475952,3,0.0613592,-56,7.86307138512036,2.60530731635164,1.528,-1.90798891001805
77.9343543052673,3,5.7739,-56,7.87303010358088,2.60166538650189,1.528,-1.79719449213511
78.2754852771759,3,5.52847,-56,7.88383452690227,2.59874312263957,1.528,-1.72350987367148
78.556084394455,3,5.31371,-56,7.89331449458807,2.59507819035299,1.528,-1.67426698636044
78.8573403358459,3,5.10509,-56,7.8956157414817,2.59464896923036,1.528,-1.62000065908345
79.1845123767853,3,4.96396,-56,7.89972885377839,2.59427749373937,1.528,-1.57006596040955
79.4706273078918,3,4.82897,-56,7.90288970131156,2.59421682376431,1.528,-1.53179604372486
79.7399473190308,3,4.76148,-57,7.90873173452575,2.5944260737439,1.528,-1.50276685060922
82.6441316604614,3,5.04986,-56,7.90049291106007,2.59411251644932,1.528,-1.48523876269512
82.8176555633545,3,5.09282,-57,7.8974703762561,2.59381976456516,1.528,-1.48540311463008
83.1694395542145,3,5.24621,-57,7.8914011498516,2.5932370916087,1.528,-1.48546394945284
83.320122718811,3,5.28303,-57,7.88887294354699,2.59300076897353,1.528,-1.48515628413535
83.6833367347717,3,5.52233,-58,7.8827788323201,2.59243112541969,1.528,-1.4844146727162
83.8340885639191,3,5.6021,-58,7.88029979543339,2.59221120181473,1.528,-1.48412099378974
84.1623706817627,3,5.70641,-57,7.8749985450355,2.59176416695075,1.528,-1.48350875038907
84.6140565872192,3,5.89049,-58,7.86802726873876,2.59114235117582,1.528,-1.48289169186645
84.8346636295319,3,6.06229,-58,7.86485123029988,2.59083387568819,1.528,-1.48275004495886
85.097327709198,3,6.14206,-58,7.86106970453902,2.59046659171935,1.528,-1.48258139415684
85.4951136112213,3,6.22796,-58,7.85583719536029,2.58941117540565,1.528,-1.48158893889314
85.8707566261292,3,0.177942,-58,7.85076680499233,2.58844877252421,1.528,-1.48085294522777
86.0213625431061,3,0.177942,-58,7.84840173980819,2.58821248081644,1.528,-1.48106990397763
86.3177635669708,3,0.325204,-58,7.84374715680003,2.58774744527521,1.528,-1.4814968911564
86.6348595619202,3,0.484738,-59,7.83875071886598,2.58726427711842,1.528,-1.48187378631618
87.0165576934814,3,0.699495,-59,7.83270616552383,2.58670833082365,1.528,-1.48218446218678
87.2967245578766,3,0.889709,-59,7.82864909964662,2.58633085052088,1.528,-1.48222559675487
87.4752087593079,3,0.889709,-59,7.82658336679657,2.58613217337871,1.528,-1.48199635389851
87.8810205459595,3,1.00629,-59,7.8218865996211,2.5856804497786,1.528,-1.48147513435993
88.0646216869354,3,1.17196,-59,7.81944849703786,2.58546131969317,1.528,-1.48125362067252
88.5840096473694,3,1.3499,-59,7.81239627304643,2.58483411539025,1.528,-1.48063406520256
88.6578905582428,3,1.42967,-59,7.81154903273004,2.58467764209539,1.528,-1.4802752237364
89.0504086017609,3,1.52171,-60,7.80708783052011,2.58382904384893,1.528,-1.47829920210537
89.4691185951233,3,1.57693,-60,7.80137328641141,2.58313900005609,1.528,-1.47765407137382
89.7181177139282,3,1.69351,-60,7.79752692817146,2.58282952295632,1.528,-1.47795617997121
89.8382005691528,3,1.72419,-60,7.79567197510221,2.5826802738588,1.528,-1.47810187551879
90.2869255542755,3,2.00645,-60,7.78951152065454,2.58215574432161,1.528,-1.4785463123515
90.5495736598969,3,2.06781,-60,7.78599284562705,2.58185247730266,1.528,-1.47879514682858
90.8415417671204,3,2.15984,-60,7.78194215928806,2.58151503060628,1.528,-1.47878265923311
91.1016275882721,3,2.23961,-61,7.77831592100039,2.58121439058447,1.528,-1.47873440836541
91.4614346027374,3,2.36233,-61,7.77283958805812,2.58078110477549,1.528,-1.47867263809694
91.6581907272339,3,2.4421,-60,7.7695774642524,2.58053405925491,1.528,-1.47864175740686
92.0440866947174,3,2.56482,-60,7.76217199093403,2.5797620677515,1.528,-1.47931103942107
92.2604765892029,3,2.57095,-60,7.75469986159592,2.5783820349632,1.528,-1.48209105727896
92.5534417629242,3,2.62618,-60,7.74458352194515,2.57651364112472,1.528,-1.48585485787888
92.9581336975098,3,2.64458,-60,7.73727190628695,2.57565326593206,1.528,-1.48685072514289
93.3859107494354,3,2.92684,-61,7.73129215367746,2.57521111834662,1.528,-1.48641304248934
93.4464807510376,3,2.90229,-60,7.73035344233645,2.57513580626195,1.528,-1.48613600160646
93.9287717342377,3,3.03728,-60,7.72287891693412,2.57453613087151,1.528,-1.48393005284875
94.0558335781097,3,3.08023,-60,7.72116603628894,2.5743879830387,1.528,-1.48359550067794
94.5431587696075,3,3.23363,-60,7.71551086495073,2.57385488408453,1.528,-1.48319207444235
94.88774061203,3,3.37476,-60,7.71016628055234,2.57338893997972,1.528,-1.48344400477416
95.0160837173462,3,3.42385,-60,7.70789630446552,2.57319692357707,1.528,-1.48364932924432
95.4175555706024,3,3.71223,-60,7.70168574187562,2.5721556701601,1.528,-1.48474456906326
95.7988426685333,3,3.77973,-60,7.69940717201039,2.56937513812159,1.528,-1.48762662154132
95.9916355609894,3,3.63247,-60,7.6982550426114,2.56796919803817,1.528,-1.48908389412271
96.3348786830902,3,3.82882,-61,7.69286235505897,2.56760149730246,1.528,-1.48945380525813
96.6217436790466,3,3.90858,-60,7.68812708164277,2.56744011578693,1.528,-1.48961093989167
96.7527565956116,3,4.05585,-60,7.68591258887453,2.56736377013957,1.528,-1.48964823268974
97.2024147510529,3,4.08652,-60,7.67809947292981,2.56709091004269,1.528,-1.48963492244111
97.5615117549896,3,4.31969,-59,7.67197802650265,2.56685878130549,1.528,-1.48995519415596
97.8957617282867,3,4.33196,-61,7.66637496233006,2.56663129591102,1.528,-1.49051896230748
98.1395747661591,3,4.44854,-61,7.66241202982901,2.56646813152536,1.528,-1.49050424677939
98.4739656448364,3,4.58967,-60,7.65724363320357,2.56625030638023,1.528,-1.48956858876961
98.750905752182,3,4.60808,-60,7.6526738323243,2.56604068765854,1.528,-1.48900830340696
98.985015630722,3,4.88419,-60,7.64685932628068,2.56566645246622,1.528,-1.48998200793512
99.2691905498505,3,5.1419,-60,7.63980137214811,2.56521218605006,1.528,-1.49116394185124
99.5544667243958,3,5.25235,-59,7.63455351834327,2.56493241752827,1.528,-1.49198622398298
99.897082567215,3,5.47938,-59,7.63000857338914,2.56476502558241,1.528,-1.49262535686715
100.235962629318,3,5.64505,-60,7.62493857104855,2.56455314990682,1.528,-1.49332323200492
100.463574647903,3,5.79845,-60,7.62112582185947,2.56437800595114,1.528,-1.49383855941299
100.799392700195,3,5.96412,-59,7.61562099777082,2.56412581770923,1.528,-1.49470839985198
101.230369567871,3,6.2341,-59,7.60939073915508,2.56384523287904,1.528,-1.49658321667186
101.471524715424,3,0.0981748,-58,7.60585224939702,2.56368099281929,1.528,-1.49747778841586
101.678381681442,3,0.227029,-58,7.60264011529152,2.56351563987201,1.528,-1.49772275574517
102.081776618958,3,0.411107,-57,7.59637608337751,2.56319318255709,1.528,-1.4982004702858
102.442465543747,3,0.613592,-57,7.59276364885203,2.56404582654804,1.528,-1.49500116248024
102.702590703964,3,0.717903,-57,7.59022710703954,2.56470016965596,1.528,-1.49256854574961
102.938824653625,3,0.840621,-57,7.58719546306642,2.5646775270998,1.528,-1.49120232229571
103.350262641907,3,1.04924,-56,7.58136513115405,2.56417186612935,1.528,-1.48945992425294
103.72415471077,3,1.18423,-56,7.57609037577806,2.56373295095661,1.528,-1.48817014749633
104.124309539795,3,1.32536,-55,7.57045420149719,2.56327116356805,1.528,-1.48690319235336
104.497433662415,3,1.47876,-55,7.56495825058155,2.56278518196098,1.528,-1.48721953916208
104.772035598755,3,1.58307,-55,7.56091300767392,2.56242741173398,1.528,-1.48745534226624
105.148546695709,3,1.72419,-55,7.5556408784038,2.56194729887763,1.528,-1.48858675280593
105.401968717575,3,1.82237,-54,7.55210756149822,2.56162472429814,1.528,-1.48939318925465
105.594465732574,3,1.896,-54,7.5485202701193,2.56150728136501,1.528,-1.48996553676292
106.063674688339,3,2.06781,-54,7.53838847869244,2.56141700495065,1.528,-1.4912988499596
106.266062736511,3,2.08621,-54,7.53495326789942,2.56123636131077,1.528,-1.49153481702883
106.610374689102,3,2.23348,-55,7.53034232450379,2.5607421496982,1.528,-1.49148896234313
107.022159576416,3,2.35619,-55,7.52436147506727,2.56013091228397,1.528,-1.4908819554719
107.166330575943,3,2.38687,-54,7.5220847817491,2.55990900403178,1.528,-1.49045307509988
107.662089586258,3,2.47891,-54,7.51426889281487,2.55915521138689,1.528,-1.48872685107161
108.035812616348,3,2.5955,-54,7.5083977177898,2.55860184899056,1.528,-1.48702249489091
108.421021699905,3,2.66913,-54,7.50247364690981,2.55801734822478,1.528,-1.48543478737179
108.674381732941,3,2.69981,-53,7.49862683379612,2.55762741785068,1.528,-1.48445621210603
108.964313745499,3,2.74276,-54,7.49521000280114,2.55667487151617,1.528,-1.48301508660077
109.161331653595,3,2.77344,-54,7.49398850094847,2.55546211550015,1.528,-1.48167697359272
109.50802564621,3,2.82866,-54,7.49183901434403,2.5533280190146,1.528,-1.47932228540313
109.92097568512,3,2.87161,-53,7.48538628911015,2.55266385742585,1.528,-1.48043621124989
110.136065721512,3,2.90843,-53,7.48190890566405,2.552374075472,1.528,-1.48113359858935
110.487939596176,3,2.92684,-53,7.47684731259955,2.55198615539383,1.528,-1.48252330261897
110.816460609436,3,3.0066,-53,7.47226661334979,2.55164389229738,1.528,-1.48387828939807
111.161610603333,3,3.04342,-53,7.46645480560608,2.55118919252325,1.528,-1.48429510093459
111.403757572174,3,3.04342,-53,7.46212967841757,2.55084660819149,1.528,-1.48433792397606
111.843792676926,3,3.12318,-53,7.45482627561379,2.55025167668308,1.528,-1.48390096085609
112.221164703369,3,3.12932,-53,7.44889746268519,2.54975807636357,1.528,-1.48321665132223
112.611915588379,3,3.15386,-53,7.43815472224624,2.54975715850504,1.528,-1.48137369631004
112.873168706894,3,3.19682,-52,7.43065261097957,2.54979196211401,1.528,-1.4800627603722
113.218039751053,3,3.23363,-52,7.42534386724847,2.54951778457673,1.528,-1.4787954129563
113.42268371582,3,3.26431,-52,7.42277182944984,2.5493148086845,1.528,-1.47810165953359
113.773729562759,3,3.35021,-52,7.41801218904486,2.54893745255498,1.528,-1.47749193578488
114.073395729065,3,3.36249,-51,7.41361355364096,2.54858715800165,1.528,-1.47753184275931
114.418661594391,3,3.44225,-51,7.40852655380817,2.54818346428656,1.528,-1.47786514556797
114.788513660431,3,3.47907,-51,7.40304510277037,2.5477508622566,1.528,-1.47870844572764
115.013275623322,3,3.53429,-51,7.39975369755062,2.54749349760636,1.528,-1.47921614380916
115.32142162323,3,3.59565,-51,7.39541752350781,2.54716520682709,1.528,-1.47989096374432
115.750027656555,3,3.68155,-51,7.38912428682457,2.54674541666511,1.528,-1.48112328526643
116.117543697357,3,3.74905,-51,7.38310788503347,2.54647265912968,1.528,-1.48287522789784
116.499815702438,3,3.83495,-51,7.37709713685087,2.54617500858535,1.528,-1.48366630923799
116.823118686676,3,3.93313,-51,7.37229455137585,2.54590742937541,1.528,-1.48316344486068
117.095421552658,3,3.9454,-51,7.36839111546996,2.54568882284315,1.528,-1.48267644351924
117.491408586502,3,3.98221,-50,7.36347655263124,2.54540732043711,1.528,-1.48162667413006
117.808760643005,3,4.0313,-50,7.35945522947194,2.54516615221722,1.528,-1.48087798902988
118.107355594635,3,4.12334,-50,7.35549232354343,2.54490549285291,1.528,-1.48037434212258
118.380127668381,3,4.14175,-50,7.35187213484874,2.5446673756478,1.528,-1.47991425125168
118.845617771149,3,4.22765,-50,7.34443000110716,2.54415399815888,1.528,-1.48008975069042
119.048255681992,3,4.30742,-50,7.34116214879111,2.54393751126708,1.528,-1.48019862042853
119.722769737244,3,4.39332,-50,7.32906546187388,2.54374998744966,1.528,-1.4822475375379
120.102401733398,3,4.47922,-50,7.32306869575823,2.54326786262194,1.528,-1.48261048544191
120.439714670181,3,4.5774,-50,7.3177692438856,2.54284588330053,1.528,-1.48288198206973
120.647352695465,3,4.63876,-50,7.31473846258029,2.54263749793272,1.528,-1.48263988730419
121.169751644135,3,4.71852,-50,7.30718893144193,2.5421242483016,1.528,-1.48186904768442
121.476252555847,3,4.75534,-50,7.30301816206877,2.54186083128855,1.528,-1.48086367275131
121.950263738632,3,4.84124,-50,7.29593727135345,2.54137842964799,1.528,-1.47948443509171
122.073182582855,3,4.85352,-50,7.29377669874627,2.54121474990502,1.528,-1.47921709151153
122.52360868454,3,4.92715,-50,7.2854843098973,2.54025618274074,1.528,-1.47806383629416
122.932668685913,3,5.01919,-50,7.27557106320521,2.5371071978416,1.528,-1.47591404852648
123.169719696045,3,5.03146,-50,7.2700541390483,2.53546553476519,1.528,-1.47482078128992
123.647170543671,3,5.14804,-49,7.26251608212958,2.53503248183607,1.528,-1.47501161817393
123.972044706345,3,5.17258,-50,7.25695650965197,2.5346908659581,1.528,-1.47549091535015
124.468923568726,3,5.25849,-50,7.24791632386954,2.53410978541248,1.528,-1.47666064024473
124.624286651611,3,5.27076,-50,7.24551360205142,2.53396953083745,1.528,-1.47707910471449
125.11615562439,3,5.35666,-50,7.23790674789663,2.53352549437483,1.528,-1.47840393481609
125.277841567993,3,5.35052,-50,7.24094258929091,2.53634242094919,1.528,-1.47666184058508
125.86942076683,3,5.4487,-50,7.25541128931146,2.54843107064763,1.528,-1.46884042248169
126.08242559433,3,5.45484,-51,7.25277057864341,2.54844053556042,1.528,-1.46804852477837
126.335615634918,3,5.49779,-50,7.24963167494307,2.54845178611132,1.528,-1.46710722868663
126.777971744537,3,5.47938,-50,7.24318578985961,2.54800265576436,1.528,-1.46534142984429
127.193454742432,3,5.49779,-50,7.23648299773174,2.54726473369524,1.528,-1.46360116363127
127.61021065712,3,5.52847,-50,7.2303702741846,2.54661011016522,1.528,-1.46351642756587
127.81750369072,3,5.54687,-50,7.22733178025131,2.54628477647135,1.528,-1.46347959733638
128.258725643158,3,5.58983,-50,7.21975176571154,2.5455272424182,1.528,-1.46480448635078
128.564828634262,3,5.63891,-50,7.21438535919674,2.54499539709342,1.528,-1.46585945822452
128.701989650726,3,5.65732,-50,7.21211558665212,2.54477065214377,1.528,-1.46641146647823
129.17324757576,3,5.72482,-50,7.20434910202027,2.54400169326933,1.528,-1.46832687312911
129.55069565773,3,5.8414,-50,7.19833530603974,2.54264234720428,1.528,-1.46842820878331
129.782937765121,3,5.87208,-50,7.1946663580506,2.54169330348825,1.528,-1.46827347339482
130.050029754639,3,5.93957,-50,7.19053202006237,2.54095672773525,1.528,-1.46794353672002
130.453544616699,3,5.9948,-51,7.18442834388607,2.5404371388631,1.528,-1.46719102869828
130.954905748367,3,6.01934,-51,7.17722338645953,2.53983366055821,1.528,-1.46554449880625
131.438124656677,3,6.20955,-51,7.17024384556904,2.53924918573539,1.528,-1.46403376061878
131.646800756454,3,6.22183,-52,7.16707437554729,2.53898042950547,1.528,-1.46368159728303
132.141524553299,3,0.0429515,-52,7.15988364116935,2.53838581377653,1.528,-1.46260281604591
132.469228744507,3,0.0859029,-52,7.15545945445177,2.53803653587777,1.528,-1.46163259966048
132.644023656845,3,0.13499,-52,7.15313389493468,2.53779585976158,1.528,-1.46131004267257
133.122999668121,3,0.190214,-51,7.14755249994616,2.5358810228532,1.528,-1.46492695683285
133.446769714355,3,0.263845,-52,7.14330944704056,2.53497778187722,1.528,-1.4669265652733
133.624904632568,3,0.30066,-52,7.14065961282994,2.53474311994215,1.528,-1.46772810716388
133.855066537857,3,0.368155,-52,7.13723585460928,2.53443992145296,1.528,-1.46876375144157
134.207983732224,3,0.398835,-52,7.13208946835648,2.53398534797811,1.528,-1.46968345430681
134.684778690338,3,0.490874,-52,7.12520056996236,2.53337937033579,1.528,-1.47041147190519
135.013335704803,3,0.613592,-52,7.1203657899494,2.53296964321605,1.528,-1.47052715956253
135.432834625244,3,3.86256,-53,7.11415127323185,2.53243832509145,1.528,-1.47028048311485
135.736102581024,3,0.803806,-53,7.10956150775075,2.53203507817356,1.528,-1.46917948310309
135.879028558731,3,0.779262,-52,7.10739841499291,2.53184503349888,1.528,-1.46866059708122
136.311940670013,3,0.883573,-52,7.10193167403882,2.5314331597428,1.528,-1.46645469150434
136.653071641922,3,0.901981,-53,7.09796760565975,2.53116047223647,1.528,-1.46451558034821
136.992987632751,3,0.981748,-53,7.09280624362815,2.53070926142832,1.528,-1.46381362934492
137.308435678482,3,1.03084,-53,7.08792480378079,2.53027695679239,1.528,-1.46325523585684
137.559646606445,3,1.09833,-53,7.08397930845874,2.5299096092034,1.528,-1.46295231461938
137.933885574341,3,1.05538,-53,7.07806761336357,2.52934887931633,1.528,-1.4625838349793
138.242861747742,3,1.09833,-52,7.07303956892489,2.52887435665429,1.528,-1.46312734295781
138.383764743805,3,1.08606,-53,7.07068638766332,2.52865322437262,1.528,-1.463721896734
138.81432557106,3,1.10447,-53,7.06355937330865,2.52799059049392,1.528,-1.46549943166438
139.169218540192,3,1.17196,-53,7.05801574437711,2.52751241965717,1.528,-1.4667605415635
139.519549608231,3,1.1781,-52,7.05284094173931,2.52678060376382,1.528,-1.46713455299235
139.724028587341,3,1.25173,-52,7.05033230667557,2.52590666824036,1.528,-1.46585508623679
140.186735630035,3,1.21491,-52,7.04426169040913,2.5242206960423,1.528,-1.46330607749513
140.482952594757,3,1.30082,-52,7.03952157390561,2.52377343250543,1.528,-1.46242470523129
140.741234540939,3,1.33763,-52,7.03538850030935,2.52338344776277,1.528,-1.46165620588546
141.079816579819,3,1.34377,-52,7.03059334514001,2.52294037972387,1.528,-1.46111660033467
141.382387638092,3,1.38672,-52,7.02633495202745,2.52254736372667,1.528,-1.46065448262367
141.676519632339,3,1.47876,-53,7.02226272337426,2.52217143400447,1.528,-1.46074031712038
142.045317649841,3,1.43581,-52,7.01718565003379,2.52170270005499,1.528,-1.46107738423012
142.321079730988,3,1.48489,-53,7.01291355014994,2.52130111554033,1.528,-1.46130127920633
142.555771589279,3,1.42353,-53,7.00899960868999,2.52092947524772,1.528,-1.46147538096503
143.059324741364,3,1.49717,-53,6.99980195527353,2.51990882140486,1.528,-1.46258610561182
143.522202730179,3,1.45421,-53,6.99023825855968,2.51866108462929,1.528,-1.4646291031894
143.797445774078,3,1.47876,-53,6.98544723202063,2.51817706596432,1.528,-1.46533206882723
144.000551700592,3,1.47262,-53,6.9819407701285,2.51782822412942,1.528,-1.46583428077919
144.264316558838,3,1.46649,-54,6.97745793922362,2.5173826106453,1.528,-1.46623892568001
144.705364704132,3,1.4174,-53,6.97040979698521,2.51668432247909,1.528,-1.46535138184258
144.964353561401,3,1.40513,-54,6.96620652460079,2.51626947463024,1.528,-1.46465957091078
145.366569757462,3,1.31309,-54,6.95945213821183,2.51560833098899,1.528,-1.46298586493609
145.562109708786,3,1.3315,-54,6.95617154874211,2.51528707978291,1.528,-1.46217185120375
145.944914579391,3,1.3315,-54,6.95037442441829,2.51469206702241,1.528,-1.46051148226252
146.146201610565,3,1.27627,-53,6.94732617181211,2.5143791965203,1.528,-1.45963842457571
146.430673599243,3,1.27014,-54,6.94291154525436,2.51390326385421,1.528,-1.45876855079982
147.015912771225,3,1.17196,-54,6.93372168203535,2.5129013352175,1.528,-1.45761915451129
147.409392595291,3,1.14128,-54,6.92751339976491,2.51226652961949,1.528,-1.45810836249507
147.66060757637,3,1.12901,-54,6.92350999806615,2.5118590720637,1.528,-1.45855653927387
147.903433561325,3,1.11674,-55,6.91948095080722,2.51145652675326,1.528,-1.4595341493135
