17.722795009613,1,4.26447,-63,10.8365354836015,7.76319407904737,0.633,0.952565266663882
17.9703769683838,1,4.19697,-62,10.8395851994295,7.76099489507808,0.633,0.952596780394104
18.6309559345245,1,4.38105,-62,10.847949969723,7.75497895794389,0.633,0.953792016844558
19.098030090332,1,4.35651,-62,10.8538257833679,7.75074028607397,0.633,0.952418500145889
19.3626041412354,1,4.41786,-62,10.8571476132597,7.74834199789933,0.633,0.951300759142732
19.833193063736,1,4.49763,-62,10.8626785858453,7.7443928638863,0.633,0.949822002360205
20.3768539428711,1,4.53445,-62,10.8730528626503,7.73500682656378,0.633,0.948222290241713
20.6563880443573,1,4.71852,-62,10.8821245639821,7.72569192643034,0.633,0.947368778256837
21.094064950943,1,4.63262,-62,10.892493363639,7.71577952437376,0.633,0.947033398282205
21.6423869132996,1,4.7492,-62,10.8991523930857,7.71107429807243,0.633,0.94826568461058
36.0604019165039,1,0.214757,-64,11.0773820566875,7.58381145269318,0.633,0.947533940054461
36.5660920143127,1,0.386563,-63,11.0832577918953,7.57969207564215,0.633,0.949288095300494
37.2659530639648,1,0.60132,-62,11.0909396488869,7.57435904765988,0.633,0.951899111342409
37.7827069759369,1,0.773126,-62,11.0969455742946,7.57019612804734,0.633,0.953602809799378
38.3211119174957,1,0.975612,-61,11.1043313902468,7.56501066976421,0.633,0.953085802682723
38.4836540222168,1,0.901981,-62,11.1069654894123,7.56318659045175,0.633,0.953090828629615
39.496691942215,1,1.28854,-61,11.1238558487432,7.55160595404591,0.633,0.951616781126997
40.0051720142365,1,1.39899,-62,11.1297678598881,7.54749861933439,0.633,0.949030045267997
40.5094549655914,1,1.55239,-62,11.135579230752,7.54341714491369,0.633,0.948155636675218
41.1253309249878,1,1.71192,-61,11.1429939411286,7.53828861106243,0.633,0.949519002488348
41.5021669864655,1,1.7426,-61,11.1471691584172,7.53539158910795,0.633,0.950791491326718
42.098042011261,1,1.92668,-61,11.1528819196161,7.53213025003984,0.633,0.952865761122869
42.7975649833679,1,2.11689,-61,11.1577122608821,7.54083000230998,0.633,0.951509505109606
43.3950929641724,1,2.21507,-61,11.1651344588418,7.53558498241845,0.633,0.950618016665778
43.5716109275818,1,2.23961,-61,11.16723497652,7.53410367899468,0.633,0.950270990846513
44.4346129894257,1,2.528,-61,11.1771018593278,7.52717304225458,0.633,0.947877995705217
44.4863119125366,1,2.48505,-60,11.1777585483523,7.52671193235265,0.633,0.947730597570931
45.288782119751,1,2.74276,-61,11.1876520970816,7.51966659294541,0.633,0.94736317149829
45.8602380752563,1,2.82252,-61,11.1924568939887,7.51660148034942,0.633,0.95028096474084
46.4181599617004,1,3.01274,-61,11.1934602858744,7.51711490782264,0.633,0.955531896207023
47.316045999527,1,3.09251,-62,11.2057586679355,7.50835681493333,0.633,0.956702524439724
47.8721239566803,1,3.29499,-62,11.2134917530394,7.50282303768766,0.633,0.957090466765166
48.3639090061188,1,3.53429,-62,11.219999082488,7.49820690086007,0.633,0.954848149492674
48.5628340244293,1,3.58952,-62,11.2226312703335,7.49633969260719,0.633,0.953941141430924
49.4050750732422,1,3.83495,-63,11.232273584104,7.48938511700827,0.633,0.951774260524873
50.1018691062927,1,4.09266,-63,11.2384319922705,7.48445626483625,0.633,0.951000201370064
51.3088910579681,1,4.55285,-64,11.254345092682,7.47311969126364,0.633,0.953826772221026
51.7859680652618,1,4.75534,-64,11.2603109172385,7.46882504223333,0.633,0.95516751985568
52.1554019451141,1,4.97623,-63,11.264650695981,7.4656850846726,0.633,0.956229999804278
53.0019719600677,1,5.35052,-64,11.2750434254938,7.45824285534573,0.633,0.955614474626386
53.6659409999847,1,5.60823,-64,11.2856707688603,7.45084036100076,0.633,0.955969024788701
54.0998871326447,1,5.87208,-63,11.2917265084984,7.44645227304871,0.633,0.953855948553493
54.9902639389038,1,6.11138,-63,11.3040491704574,7.43756059727065,0.633,0.95254331330345
55.8451290130615,1,0.153398,-61,11.314861136955,7.42976578039421,0.633,0.954932315961715
56.1011290550232,1,0.227029,-61,11.3174420418618,7.42789904369449,0.633,0.955705526787908
56.8975939750671,1,0.411107,-61,11.3256065429943,7.42214462798944,0.633,0.957710953926106
57.7175350189209,1,0.711767,-60,11.3350237813692,7.41553603660794,0.633,0.958084109831123
58.1416900157928,1,0.724039,-60,11.3403972437365,7.4116848202775,0.633,0.95744162524038
58.9964940547943,1,0.93266,-59,11.3520113157825,7.40341315391247,0.633,0.954231322862069
59.4469389915466,1,0.99402,-59,11.3582129403515,7.39899684550729,0.633,0.952553752094828
60.1111800670624,1,1.12287,-58,11.3666392384124,7.39289405215098,0.633,0.951858486664856
60.8980989456177,1,1.20264,-58,11.3800007999907,7.38325217890432,0.633,0.952798044408661
61.499694108963,1,1.24559,-58,11.3874965642748,7.37792970896876,0.633,0.953639753790148
61.9664671421051,1,1.31309,-58,11.3932543853942,7.37382625576835,0.633,0.953747079353655
62.7719550132751,1,1.30082,-59,11.4034669019694,7.36654048529806,0.633,0.952206907860973
63.5819101333618,1,1.264,-59,11.4142174972185,7.35888908616194,0.633,0.948284749163741
64.2263789176941,1,1.264,-59,11.4205258129509,7.35426717404332,0.633,0.945689101886947
64.8631999492645,1,1.39285,-60,11.4267973326579,7.3496467115973,0.633,0.944929933300616
65.4219009876251,1,1.44194,-61,11.434043398664,7.34441598330115,0.633,0.945617501344683
65.9467339515686,1,1.37445,-61,11.4402652088506,7.33987261493234,0.633,0.947369736725139
66.8086080551147,1,1.22105,-62,11.4504645071472,7.33252376987781,0.633,0.950452627482898
67.3803989887238,1,1.48489,-63,11.4570853811433,7.32777881018065,0.633,0.951594728247216
68.0966529846191,1,1.68738,-64,11.463452934411,7.32325291796552,0.633,0.947661361989569
68.4560799598694,1,1.71806,-64,11.4672867673954,7.32051065641515,0.633,0.945698693666924
69.0282621383667,1,1.83464,-64,11.4740697381543,7.31564111974395,0.633,0.943329585917388
77.5279829502106,1,4.12948,-63,11.5828717980306,7.23530035366484,0.633,0.940801488090311
78.6355020999908,1,4.20311,-63,11.5965800730545,7.22540940249226,0.633,0.940073872259303
78.9872491359711,1,4.21538,-63,11.6013673649324,7.2222319548439,0.633,0.941468288354324
79.635978937149,1,4.25219,-63,11.6090669137497,7.2167582928166,0.633,0.944082253470248
80.3239209651947,1,4.40559,-62,11.6172465181609,7.21071079679487,0.633,0.94474859416499
80.9346520900726,1,4.424,-62,11.6252665517556,7.20482276499641,0.633,0.942964620217657
81.5991051197052,1,4.51604,-62,11.634172272267,7.19825102236647,0.633,0.940513940281345
82.4260070323944,1,4.67557,-62,11.6489781343398,7.18201467874345,0.633,0.939484129077972
82.5976419448853,1,4.71239,-62,11.6536013105959,7.17530040430377,0.633,0.939598878683509
83.7813041210175,1,4.84738,-62,11.6721029217697,7.15641602497804,0.633,0.942540398491647
84.385085105896,1,4.9701,-63,11.6788331262592,7.15157598346209,0.633,0.943449791239933
84.9924800395966,1,4.97623,-62,11.6869279669917,7.14570722393101,0.633,0.942380597693179
85.4825079441071,1,5.15418,-62,11.6931296105123,7.1411983492757,0.633,0.94127564787193
86.079400062561,1,5.15418,-63,11.695863802055,7.14394031973135,0.633,0.94182913165857
87.0105020999908,1,5.11122,-63,11.6991301922098,7.14942912641351,0.633,0.945162585018862
87.6898310184479,1,5.19099,-64,11.7138987950784,7.13083359290377,0.633,0.944595238577041
87.881520986557,1,5.1419,-63,11.7194823740599,7.1229689499024,0.633,0.943972841526596
88.5126509666443,1,5.24621,-64,11.7289616356919,7.11339473104016,0.633,0.944893041036554
90.060595035553,1,5.37507,-64,11.7486791648785,7.09984930939307,0.633,0.949119460249226
91.0110590457916,1,5.17258,-65,11.7608748909648,7.09142488717393,0.633,0.947135073736967
91.6029360294342,1,5.3628,-64,11.7683773933964,7.08609974142623,0.633,0.947109793565729
92.1130781173706,1,5.54687,-64,11.7736945274791,7.08231446351488,0.633,0.948058336444888
92.8148329257965,1,5.55915,-64,11.7810025107777,7.07713227719755,0.633,0.950651220573139
93.3697249889374,1,5.5346,-64,11.7870995886148,7.07271093611005,0.633,0.95209302899848
94.249608039856,1,5.65732,-64,11.7967705989744,7.06556529389673,0.633,0.95162203974528
94.8345670700073,1,5.70641,-64,11.8030679520619,7.06108997065108,0.633,0.951167596547535
95.4916219711304,1,5.81072,-64,11.8101558615972,7.05611221311124,0.633,0.949350950947725
95.839378118515,1,5.7555,-64,11.8142266963912,7.05328745091879,0.633,0.948067645101069
96.6165120601654,1,5.89662,-64,11.8232690689065,7.04691524285793,0.633,0.947067343779158
97.2682211399078,1,5.89662,-64,11.8271595431511,7.04390999904508,0.633,0.949423772243973
98.2185819149017,1,5.93344,-65,11.8382757841883,7.03589654696659,0.633,0.95279409198277
98.4667310714722,1,5.97639,-65,11.8411592449438,7.03387149579235,0.633,0.952910424709801
99.4570779800415,1,6.20342,-65,11.853136567518,7.02541869664932,0.633,0.953309992546918
100.092831134796,1,6.24023,-65,11.8607070299788,7.02011224697907,0.633,0.951274484933133
100.588666915894,1,6.25864,-65,11.8669480206317,7.01549158349463,0.633,0.949439139350135
101.263469934464,1,0.0245437,-66,11.8764867900103,7.00804328870857,0.633,0.948696184704222
101.977878093719,1,0.214757,-66,11.8861588459602,7.00122149660591,0.633,0.949247022711981
102.567166090012,1,0.208621,-65,11.8941657009002,6.99551317031438,0.633,0.951380540450011
103.059067964554,1,0.349748,-65,11.9006250304178,6.99097124176941,0.633,0.953703179358637
104.026952028275,1,0.423379,-64,11.9116455881801,6.98321438057973,0.633,0.95532074446253
104.60878610611,1,0.392699,-65,11.9233856888763,6.97474703398169,0.633,0.954806914027948
104.998088121414,1,0.478602,-64,11.9284544214111,6.97114419035977,0.633,0.954053483075447
105.983226060867,1,0.558369,-64,11.939351414527,6.96348159307391,0.633,0.953613252443166
106.536252975464,1,0.521553,-64,11.9463584833482,6.95851280553331,0.633,0.954700198292167
107.042012929916,1,0.552233,-63,11.9528623831667,6.95389823446517,0.633,0.956223174721764
107.953244924545,1,0.613592,-63,11.9659351526388,6.94554763710721,0.633,0.960018551870411
108.431735992432,1,0.785398,-63,11.97420984113,6.94085488581181,0.633,0.961441996993582
109.099986076355,1,0.846757,-62,11.9813866926393,6.9358490318841,0.633,0.960956662410268
109.565220117569,1,0.619728,-63,11.9872096009238,6.93181719936043,0.633,0.959669045507185
110.471472024918,1,0.668816,-62,11.9987768759835,6.92376377149111,0.633,0.958057022276562
111.144048929214,1,0.687223,-62,12.0072523080412,6.91788994058684,0.633,0.958584740859001
111.637828111649,1,0.773126,-62,12.0106168121718,6.91646932447458,0.633,0.961292073288437
112.355932950974,1,0.754719,-62,12.0163470293142,6.91343153315617,0.633,0.965532232167769
112.984759092331,1,0.754719,-61,12.0238307374997,6.90820167779912,0.633,0.967351423548902
113.806929111481,1,0.852893,-61,12.0339034977942,6.90109660668026,0.633,0.96729438595337
114.354881048203,1,0.736311,-60,12.0405420255926,6.89639430245249,0.633,0.966204351671732
114.860872983933,1,0.785398,-61,12.046677708757,6.8920784071357,0.633,0.963717308279974
115.557898044586,1,0.699495,-60,12.0537086858687,6.88650788095692,0.633,0.959441484473375
116.132410049438,1,0.705631,-60,12.0605781827403,6.88159419935758,0.633,0.959045249149413
116.891988992691,1,0.60132,-60,12.0696844219977,6.8752167962553,0.633,0.961454785776429
117.542726039886,1,0.49701,-59,12.0775043736217,6.86968166646184,0.633,0.963929828083078
118.288437128067,1,0.472466,-59,12.0870245652742,6.86301503886214,0.633,0.964053139625939
118.559534072876,1,0.441786,-59,12.090566189605,6.86053588885367,0.633,0.963558385616598
119.405961990356,1,0.355884,-58,12.1007430874685,6.85248623446258,0.633,0.962011564077911
120.181038141251,1,0.190214,-58,12.1105949338514,6.84546561431431,0.633,0.960466104785546
120.727556943893,1,0.13499,-58,12.1173258131938,6.84069349648843,0.633,0.960550807986259
121.686393022537,1,6.21876,-58,12.1297174498233,6.8318251754754,0.633,0.962165838178607
121.812878131866,1,0.0306796,-58,12.1312175380049,6.83075069370814,0.633,0.962475798259844
122.913856983185,1,6.14819,-58,12.1463333801978,6.81837104146104,0.633,0.960837862968097
123.452402114868,1,6.07456,-57,12.1532794244059,6.8132970849623,0.633,0.959788552259739
123.668061971664,1,6.05616,-57,12.1560191525926,6.81134056168112,0.633,0.959405288110137
124.611309051514,1,5.89049,-57,12.1679806302728,6.8026918399626,0.633,0.956929509392362
125.469048976898,1,5.78004,-58,12.1775062454732,6.79584627729425,0.633,0.956801051467765
125.951869010925,1,5.71868,-58,12.1831675987708,6.79146246478179,0.633,0.956546547632697
126.479764938354,1,5.66959,-58,12.1914738391982,6.78372255892892,0.633,0.956079887943227
126.813220977783,1,5.62664,-58,12.1956985935238,6.78045276247668,0.633,0.957247126083206
127.903861999512,1,5.46097,-59,12.2077017096719,6.77191544797749,0.633,0.961209612277294
128.049262046814,1,5.41802,-59,12.2092514515679,6.77081193720363,0.633,0.961498235980392
129.195464134216,1,5.24621,-59,12.2225875930617,6.76135394298172,0.633,0.958459205831617
129.539710044861,1,5.25235,-59,12.2265495948056,6.75843867459709,0.633,0.957411000451871
130.623711109161,1,5.13577,-61,12.2399936675435,6.74783631527464,0.633,0.956783591887519
131.022557973862,1,5.03146,-61,12.2448745918126,6.74440443438618,0.633,0.957788599438535
131.819634914398,1,4.77988,-63,12.2544790755355,6.73767549986581,0.633,0.959996032852836
131.933021068573,1,4.81056,-63,12.255794558324,6.73676092611759,0.633,0.960416830740075
133.286981105804,1,4.21538,-66,12.27138616755,6.72599981711302,0.633,0.963139389200787
133.913190126419,1,3.91472,-68,12.2787706911761,6.72125179970314,0.633,0.963751231668181
137.199949026108,1,1.74874,-66,12.3180041036342,6.69470849183992,0.633,0.966376476635123
137.764485120773,1,1.58307,-65,12.3242770332789,6.6910184659957,0.633,0.966797635456115
138.301301002502,1,1.48489,-65,12.3312162750685,6.68614285345687,0.633,0.96624245882582
138.799137115479,1,1.50944,-64,12.3377033757728,6.68156844430039,0.633,0.964391294418637
139.121962070465,1,1.47876,-64,12.3417920916043,6.67867539113045,0.633,0.963190895908372
139.754529953003,1,1.44194,-63,12.349562904035,6.67316008373892,0.633,0.961088389465772
140.757830142975,1,1.41126,-62,12.3601141386257,6.66551470635573,0.633,0.961355923813696
141.320106029511,1,1.35604,-61,12.3650580796852,6.66180584022252,0.633,0.962361461778817
141.692328929901,1,1.33763,-61,12.369531149443,6.65864384263515,0.633,0.963609808143393
142.507110118866,1,1.31922,-61,12.379607015386,6.65151632674842,0.633,0.965642386521335
143.038192033768,1,1.28241,-61,12.3858663480663,6.64715642771957,0.633,0.965335846807646
143.30179309845,1,1.30695,-60,12.3889205552486,6.64503954618975,0.633,0.96496793771258
143.988662958145,1,1.31922,-61,12.3970355763258,6.6392977888852,0.633,0.962632432876356
144.696221113205,1,1.264,-61,12.408765755406,6.63086007467569,0.633,0.959409132645385
145.227076053619,1,1.31309,-61,12.4157669815786,6.6258853978858,0.633,0.960296067493772
145.858627080917,1,1.35604,-61,12.4236210473085,6.62036954459393,0.633,0.962548599949033
146.167350053787,1,1.34377,-62,12.4276598796299,6.61754665859908,0.633,0.963606859949842
146.90623998642,1,1.3499,-62,12.4369662581379,6.61098277084727,0.633,0.966340250172941
147.471285104752,1,1.28241,-63,12.4438755678355,6.6061671880527,0.633,0.967161917120504
148.079450130463,1,1.34377,-64,12.4515138997778,6.60080302778644,0.633,0.966626254714147
157.029917001724,1,3.09251,-66,12.5645089647409,6.52230310178372,0.633,0.967061281973758
157.496531009674,1,2.93911,-65,12.5703455445907,6.51809614074016,0.633,0.96606152840308
157.832174062729,1,3.08023,-65,12.5746183230222,6.51502159799921,0.633,0.965064856390681
158.302716016769,1,2.84093,-64,12.5806029323269,6.51071876275211,0.633,0.963904575262156
158.871863126755,1,2.8532,-64,12.5879648805099,6.50546809731151,0.633,0.962996054616345
159.31848692894,1,2.92684,-64,12.5942329400575,6.5011425156237,0.633,0.963221332400086
159.701203107834,1,2.96365,-64,12.5991516157279,6.49767825753505,0.633,0.964088815601011
160.31832408905,1,3.04342,-64,12.6065060668275,6.49239542625178,0.633,0.966340670931203
160.587306022644,1,3.15386,-64,12.6098107453548,6.49002645445354,0.633,0.967159043006959
161.081663131714,1,3.22136,-64,12.6158856856107,6.48568107978474,0.633,0.968696589445829
161.870661020279,1,3.33181,-64,12.6256522113873,6.47874444619941,0.633,0.97073822044133
162.298217058182,1,3.3993,-63,12.6310473831672,6.47492764914238,0.633,0.970977559444756
