20.5673661231995,1,2.55868,-64,8.19455023397796,9.49545859158314,0.633,0.627811424706905
20.6915180683136,1,2.46664,-63,8.19563711807321,9.49387881439108,0.633,0.627496593241348
21.2634589672089,1,2.93911,-62,8.2006869193377,9.48652118539937,0.633,0.627310748368266
21.4174859523773,1,3.04342,-63,8.20198568252775,9.48460903136582,0.633,0.627253493452335
21.9789390563965,1,2.98206,-62,8.20434773647838,9.48032593986674,0.633,0.626765385468234
22.3566789627075,1,3.27658,-61,8.20669298328986,9.47668368483737,0.633,0.626231222135472
22.9358041286469,1,3.30726,-60,8.21144839335996,9.46988545357221,0.633,0.624438913406213
23.2340960502625,1,3.46066,-60,8.21461023140315,9.46543266406666,0.633,0.620065169851743
23.6170690059662,1,3.73064,-60,8.21866967241751,9.45971578796479,0.633,0.614449779775226
24.1528420448303,1,3.86563,-59,8.22389746413497,9.45216262709895,0.633,0.60553359026254
24.608097076416,1,3.96994,-59,8.22804775406111,9.44604907789829,0.633,0.598374993722832
25.0559461116791,1,4.20924,-58,8.23184756260995,9.44033085951392,0.633,0.591780228593675
25.3894441127777,1,4.25833,-57,8.23472485938983,9.43958658060057,0.633,0.590232848041013
25.7198281288147,1,4.25833,-57,8.23758428524762,9.4395117956166,0.633,0.589334108498324
26.2490439414978,1,4.47309,-57,8.24249137107437,9.43390411409945,0.633,0.582241263412912
26.7892279624939,1,4.58967,-57,8.24704590956859,9.42699566859682,0.633,0.573281895943651
27.3837621212006,1,4.70625,-56,8.25095488695568,9.42097044869699,0.633,0.564517906435548
27.8945240974426,1,4.85352,-56,8.25615990115927,9.41275496681888,0.633,0.559803851679807
28.4947950839996,1,4.95169,-55,8.2616491975131,9.40399382670217,0.633,0.553975035499351
28.7300751209259,1,5.03146,-56,8.26370448990707,9.40069693022793,0.633,0.551646136357664
29.3666801452637,1,5.17258,-55,8.27017909577972,9.38670270558686,0.633,0.540346766093283
29.7986030578613,1,5.27076,-55,8.27405750416384,9.37940228506434,0.633,0.534659033895661
30.2784910202026,1,5.36893,-55,8.27802741018151,9.37276972764239,0.633,0.529590520326116
30.7393319606781,1,5.48552,-55,8.28180307525988,9.36637965245933,0.633,0.523578646216455
31.3821330070496,1,5.50392,-56,8.2877351378967,9.35609600306711,0.633,0.514541454617402
31.8476450443268,1,5.55301,-56,8.2919643446233,9.34863391393509,0.633,0.508291735246008
32.5380101203918,1,5.67573,-55,8.2975970545492,9.33908143376096,0.633,0.499260120511721
32.8594520092011,1,5.688,-55,8.30083710643041,9.33451694765957,0.633,0.492547667908602
33.3953449726105,1,5.78618,-56,8.30579395150017,9.32633435738009,0.633,0.482494083574696
33.8003690242767,1,5.85367,-56,8.30927492416084,9.31980823207084,0.633,0.475574044023744
34.1979620456696,1,5.85367,-56,8.3121935049148,9.31432553622068,0.633,0.470082447887955
34.5536880493164,1,5.87821,-56,8.31477341835763,9.30947641038414,0.633,0.46532544139229
35.2728481292725,1,6.0132,-58,8.3192553351951,9.30084776279746,0.633,0.465164552069919
35.9871051311493,1,5.98866,-57,8.32442200508676,9.29098162665255,0.633,0.464952064941494
36.5062770843506,1,6.04388,-58,8.32656752544202,9.28213178815103,0.633,0.465705574048822
36.8177449703217,1,6.12365,-58,8.32813830417828,9.2772180866319,0.633,0.466176360240936
37.5116040706635,1,6.17887,-58,8.33293106482625,9.26805072669008,0.633,0.466659178096853
37.7992579936981,1,0.0429515,-58,8.33489742299405,9.26435635679906,0.633,0.466040754196893
38.4205479621887,1,0.116583,-59,8.33919844718354,9.25613601925076,0.633,0.466323391101481
38.8506801128387,1,6.27705,-60,8.34218975895873,9.25035884741674,0.633,0.467168966281815
39.3377001285553,1,0.245437,-59,8.34551119280936,9.24397095847573,0.633,0.467494399699503
39.60298204422,1,0.337476,-60,8.34829520079248,9.24028712085778,0.633,0.466800313389453
40.3807530403137,1,0.460194,-60,8.35981048531898,9.22805882376756,0.633,0.459451235342686
40.9494631290436,1,0.558369,-60,8.36475278521338,9.21806447638649,0.633,0.45182863079994
41.170196056366,1,0.681087,-60,8.36657829743988,9.21431304876105,0.633,0.450865673100464
41.9940459728241,1,0.79767,-61,8.37278479077872,9.20169541800577,0.633,0.452277700975186
42.2576060295105,1,0.736311,-61,8.3745237672408,9.19822109551265,0.633,0.45476309405647
43.3893611431122,1,1.15969,-62,8.38137244531137,9.18015866438186,0.633,0.472573950606078
43.8868811130524,1,1.24559,-62,8.38356647039066,9.17105542281707,0.633,0.483313874295098
48.9704411029816,1,3.57111,-64,8.41519716356691,9.11187647326059,0.633,0.562812327639144
49.6003789901733,1,3.79814,-63,8.42038406473572,9.1035350168018,0.633,0.571547540974721
50.0247161388397,1,3.85336,-63,8.42352937508458,9.09857150660444,0.633,0.577710712293993
50.5716071128845,1,3.98221,-62,8.4271554411796,9.09285219805168,0.633,0.588219389929791
50.81711602211,1,4.09266,-62,8.4286298197331,9.09052784516578,0.633,0.593857335059216
51.680645942688,1,4.30742,-61,8.43473221674079,9.08151526721968,0.633,0.607112049593179
52.3242449760437,1,4.47922,-60,8.44030198695425,9.0735166843362,0.633,0.615074681777235
53.0463380813599,1,4.5099,-60,8.44646879059462,9.06475543540384,0.633,0.619120839726549
53.581356048584,1,4.65717,-59,8.45115840898047,9.05817202906145,0.633,0.622972096905675
53.9310109615326,1,4.71852,-59,8.45429102480304,9.05379660725876,0.633,0.626256921550524
55.0336129665375,1,4.95169,-58,8.46588534651092,9.03839493539299,0.633,0.638617883141987
55.7144320011139,1,5.13577,-58,8.47183154904744,9.03032756351426,0.633,0.649312595360237
56.0677289962769,1,5.20326,-57,8.47446718432876,9.02678534446596,0.633,0.654717984243047
56.9176471233368,1,5.45484,-58,8.48188992446104,9.01702710909955,0.633,0.666004275922385
57.4518060684204,1,5.52233,-57,8.48542482712779,9.01243789692877,0.633,0.674313761541903
57.9174900054932,1,5.58369,-57,8.48841970976788,9.00975722427396,0.633,0.682644295531179
58.3963840007782,1,5.81686,-57,8.49181260972117,9.00947345445968,0.633,0.693217805567422
58.7591519355774,1,5.76777,-56,8.49451030540984,9.00740858221448,0.633,0.699308296721598
59.6484680175781,1,6.10524,-57,8.50157502268734,8.99866047225163,0.633,0.710224361109585
59.9247500896454,1,6.16047,-56,8.50388727812035,8.99583240599126,0.633,0.713394996905643
60.7268540859222,1,0.0552233,-56,8.51082524395892,8.98740818078225,0.633,0.724541719257745
60.9469349384308,1,0.079767,-56,8.51276008245524,8.9850661595454,0.633,0.727693535295549
61.7671661376953,1,0.269981,-55,8.52212328170171,8.97429876948205,0.633,0.738629134630206
62.7962729930878,1,0.454058,-55,8.54729408379203,8.94869756475052,0.633,0.753899582122486
63.3854920864105,1,0.595185,-54,8.55294039319315,8.94285958069852,0.633,0.761346436428711
63.8717219829559,1,0.693359,-54,8.55905139666781,8.93665148084293,0.633,0.76808310470798
64.4868321418762,1,0.846757,-54,8.56599838304825,8.9297274833556,0.633,0.777962210546295
64.9823851585388,1,0.920388,-53,8.57114416303037,8.92467594746534,0.633,0.786370991888132
65.5049321651459,1,1.0247,-53,8.57538176449726,8.92067236279587,0.633,0.793795016666989
65.9937109947205,1,1.14128,-52,8.57509984901173,8.91901734011261,0.633,0.798545396827222
66.4497790336609,1,1.23946,-52,8.57038108348372,8.91966630786587,0.633,0.800675440986892
67.0252890586853,1,1.31309,-52,8.57250483702841,8.91637733611815,0.633,0.808774451204401
67.5638611316681,1,1.42967,-52,8.5772798125185,8.91179502761053,0.633,0.817875765084494
68.0806450843811,1,1.49717,-52,8.58278472746467,8.90664668101883,0.633,0.82610811516308
68.8071501255035,1,1.67511,-51,8.58942147502852,8.90056369390314,0.633,0.837971914798744
69.097186088562,1,1.68738,-51,8.59191917959201,8.89829429248529,0.633,0.842748221056102
69.8202910423279,1,1.84078,-51,8.59979620214084,8.89125868554843,0.633,0.85371360411159
70.3143670558929,1,1.95122,-51,8.60592387008291,8.88648936712558,0.633,0.857451909129271
70.7936029434204,1,2.03099,-51,8.61216574844181,8.88189097702709,0.633,0.859513023516133
71.4637889862061,1,2.16598,-50,8.62021326774709,8.87505718033852,0.633,0.870972217467953
71.9055640697479,1,2.28256,-51,8.62522098760179,8.87083455608411,0.633,0.878147161338563
72.3768429756165,1,2.3746,-51,8.63014676890867,8.86676917325878,0.633,0.884876015213335
72.7379460334778,1,2.43596,-50,8.63399824795672,8.86361460788587,0.633,0.890339899932824
73.4201560020447,1,2.54641,-50,8.64150568719391,8.85753645541219,0.633,0.901584113636252
73.8546049594879,1,2.65072,-50,8.64642877093191,8.85367221301801,0.633,0.908125549570792
74.3826811313629,1,2.72435,-49,8.65246718835383,8.84897767492252,0.633,0.915839899013705
74.8249819278717,1,2.81025,-49,8.6545918796756,8.84713364479445,0.633,0.921709663925508
75.170196056366,1,2.84707,-49,8.65615456386988,8.84576246601614,0.633,0.92627170594464
75.6793780326843,1,2.96365,-49,8.66098143421801,8.84211206540548,0.633,0.933987965791213
76.1444010734558,1,3.01274,-49,8.66619194085435,8.83826038696193,0.633,0.941349117784164
76.6278021335602,1,3.11091,-49,8.6715504840823,8.8343733009965,0.633,0.948872255701638
77.1722459793091,1,3.18454,-49,8.67757660011145,8.83002357286962,0.633,0.957306193583975
77.6735241413116,1,3.28885,-49,8.68327024322104,8.82598822256831,0.633,0.964890187814358
78.1955461502075,1,3.35021,-48,8.68929364030255,8.8217315126737,0.633,0.972583219844711
78.7378270626068,1,3.46066,-48,8.69623710468042,8.81691324017539,0.633,0.979081740468184
79.0382070541382,1,3.50361,-48,8.70008322524881,8.81424430490745,0.633,0.982681397998463
79.6435070037842,1,3.60792,-48,8.7070342469343,8.80865159469557,0.633,0.988421984296092
80.1046631336212,1,3.68769,-48,8.71228379413356,8.80461480500569,0.633,0.993700938019012
80.5944409370422,1,3.77359,-48,8.71777905606038,8.80100771296133,0.633,1.00210197174813
81.1521289348602,1,3.88404,-48,8.72424877579689,8.79685663528268,0.633,1.01137433102764
81.4449751377106,1,3.93313,-48,8.72779060342445,8.79464705474438,0.633,1.01604369460635
82.2380659580231,1,4.10493,-47,8.73786713527087,8.78843497107618,0.633,1.02996179164163
82.5835750102997,1,4.16016,-47,8.74243729848506,8.78564379756953,0.633,1.03649881201093
83.0332081317902,1,4.24606,-47,8.74907834078082,8.78177241289052,0.633,1.04373986012256
83.5620501041412,1,4.31969,-47,8.75721384019869,8.77710717472286,0.633,1.05166412624694
83.904648065567,1,4.38719,-47,8.76373842807017,8.77451178738291,0.633,1.05501840085287
84.3788471221924,1,4.4915,-47,8.7729103784277,8.77096746438339,0.633,1.05946097975761
85.0753960609436,1,4.65103,-47,8.78174632576647,8.76617867589218,0.633,1.06991618918524
85.3356690406799,1,4.70012,-47,8.78480623607661,8.7644110578004,0.633,1.07402775799032
86.0471429824829,1,4.79829,-47,8.79493538368897,8.75879825404865,0.633,1.08482326491546
86.6148509979248,1,4.90874,-47,8.80172987603934,8.75507370877182,0.633,1.09293360163993
86.9600911140442,1,4.99464,-46,8.80559336568437,8.75296561368744,0.633,1.09776195018896
87.5733110904694,1,5.12963,-46,8.81179377069662,8.74971712535024,0.633,1.10699445769263
88.0218689441681,1,5.20326,-46,8.8158499204268,8.74733475530107,0.633,1.113040243549
88.5582661628723,1,5.31371,-46,8.81976998778641,8.74434113472902,0.633,1.11846657473328
88.9785389900208,1,5.42416,-46,8.82463850818575,8.74161766403726,0.633,1.12439908466811
89.5532779693604,1,5.51619,-46,8.83268450165096,8.73768104289055,0.633,1.13409163733917
89.8424339294434,1,5.6021,-46,8.83080299722869,8.74020536456266,0.633,1.14491119060047
90.3049750328064,1,5.688,-46,8.82779329571255,8.74424333262366,0.633,1.16221841851284
90.8310270309448,1,5.76777,-46,8.83292770132037,8.74193823386761,0.633,1.17076692640686
91.3119039535522,1,5.85367,-46,8.83853579768366,8.73921472943122,0.633,1.17737715123914
91.8781111240387,1,5.94571,-45,8.8458493839174,8.73579935566576,0.633,1.18419369763175
92.3651311397552,1,6.06229,-45,8.85217042455633,8.73426345512676,0.633,1.19095261997183
92.9245791435242,1,6.19115,-45,8.85942904063831,8.73240637621995,0.633,1.19914857638074
93.3146080970764,1,6.26478,-46,8.86446840836178,8.73017639514039,0.633,1.20520555555754
93.7891390323639,1,0.0552233,-45,8.8704848627339,8.72758602473379,0.633,1.21204195236625
94.2189741134644,1,0.141126,-45,8.87580682902443,8.72537638420318,0.633,1.21764081596638
94.766783952713,1,0.227029,-45,8.8837030537685,8.72218139927281,0.633,1.226010981716
95.1669991016388,1,0.312932,-45,8.88971995669989,8.71976516857277,0.633,1.23237757201147
95.7217390537262,1,0.411107,-45,8.89750337435519,8.71669897373886,0.633,1.2396535308481
96.1573679447174,1,0.472466,-45,8.90451141465066,8.71433783769676,0.633,1.24496575057908
96.7744281291962,1,0.582913,-45,8.91522975649737,8.7111132357308,0.633,1.25231598445632
97.1514761447906,1,0.644272,-45,8.91999472589714,8.70943262470906,0.633,1.2584847012124
97.648285150528,1,0.754719,-45,8.9264706815542,8.70717759095507,0.633,1.26639902843868
98.1595990657806,1,0.846757,-45,8.93353923524641,8.70477373791717,0.633,1.27410770163674
98.7466690540314,1,0.914253,-45,8.94129190894537,8.70221139538635,0.633,1.28393209634681
99.1260750293732,1,0.99402,-44,8.94626725822773,8.70058723089258,0.633,1.29042514295194
99.7296800613403,1,1.10447,-44,8.95417700724391,8.69805175579006,0.633,1.30094814238054
100.240863084793,1,1.19037,-44,8.96085673034504,8.69402493734388,0.633,1.30636692158334
100.685269117355,1,1.27627,-44,8.96679290220932,8.69095644729964,0.633,1.31160095921433
101.199717998505,1,1.35604,-44,8.97396410352261,8.68884405339515,0.633,1.31969505106842
101.65775513649,1,1.40513,-44,8.98066543024491,8.6869325292183,0.633,1.32659485625209
102.040140151978,1,1.49103,-44,8.9863233849091,8.68533112631598,0.633,1.33229381928524
102.577818155289,1,1.60761,-44,8.9942888045268,8.68321392370384,0.633,1.34036287819164
103.150431156158,1,1.71192,-44,9.00220222742708,8.68115337856668,0.633,1.34953086804606
103.61486697197,1,1.77942,-44,9.00817158016945,8.67959133805962,0.633,1.35687107310483
104.108294010162,1,1.88373,-44,9.01363266455217,8.67806114629609,0.633,1.36342029385273
104.663603067398,1,1.9819,-44,9.02117261778104,8.67624683520112,0.633,1.37102554961856
105.167948961258,1,2.07394,-43,9.02814549094112,8.67464569192536,0.633,1.37859577694652
105.432001113892,1,2.14144,-44,9.03158114418672,8.6738650214847,0.633,1.3830301257108
105.962020158768,1,2.29484,-44,9.03940668103082,8.67218588296835,0.633,1.39108574712353
106.575613021851,1,2.38074,-44,9.0494399214228,8.67017168004005,0.633,1.39930462021302
107.054301977158,1,2.46051,-43,9.05645274874647,8.66883330208928,0.633,1.40582579849355
107.560042142868,1,2.53414,-43,9.06572274900871,8.66467438619658,0.633,1.41128012150355
108.185672044754,1,2.67526,-43,9.07615842605366,8.66112985997519,0.633,1.4193230606149
108.791599035263,1,2.81025,-43,9.08416577480741,8.66005038839855,0.633,1.42876301015254
109.388406038284,1,2.90229,-43,9.09085389717778,8.65922678679262,0.633,1.43808779105965
109.925215005875,1,3.0741,-43,9.09744942925932,8.65849722514338,0.633,1.4461866622972
110.46041893959,1,3.12932,-43,9.10497978355262,8.65773847988611,0.633,1.45394384674237
110.956216096878,1,3.22136,-43,9.11119368597229,8.65728406540532,0.633,1.45999162580762
111.506660938263,1,3.3134,-43,9.11723409638079,8.65704742063746,0.633,1.46489812901147
111.976051092148,1,3.41157,-43,9.12421005088384,8.6565689955835,0.633,1.46685708565135
112.484091997147,1,3.49134,-43,9.1324069384398,8.65591572678779,0.633,1.46725326601933
112.947556018829,1,3.57111,-43,9.13979372333561,8.6553114120846,0.633,1.46767129901021
113.224223136902,1,3.61406,-43,9.14327114538374,8.65508247851049,0.633,1.46997642327367
113.740707159042,1,3.7061,-43,9.14995597955742,8.65466055046623,0.633,1.47615200179334
114.325798034668,1,3.77973,-43,9.15720785256367,8.65447347222184,0.633,1.48697543740337
114.829986095428,1,3.86563,-43,9.15904262588667,8.65606360910178,0.633,1.49690479891612
115.271645069122,1,3.92085,-43,9.16301252668069,8.65634276547664,0.633,1.50455184608826
115.713422060013,1,3.95767,-43,9.16809168213128,8.65617154272353,0.633,1.51129881190311
116.206038951874,1,4.04357,-43,9.17502128099684,8.65592556304778,0.633,1.5151782627893
116.69925403595,1,4.11107,-42,9.18182659572218,8.65568987486953,0.633,1.51321459301726
117.121943950653,1,4.17856,-42,9.18764682919284,8.65548300813367,0.633,1.5091532985589
117.616389989853,1,4.25219,-42,9.19490108224063,8.65513756751235,0.633,1.50254057809357
118.130578994751,1,4.33196,-42,9.19788318918007,8.65516310082906,0.633,1.49704802604513
118.704612016678,1,4.424,-42,9.20153529289666,8.65508810420434,0.633,1.49037906189347
119.237869024277,1,4.4915,-42,9.20922816453107,8.65452851676675,0.633,1.48223448362204
119.761709928513,1,4.56513,-42,9.21752627774257,8.65380350860554,0.633,1.47416607596657
120.291689157486,1,4.63876,-43,9.22687925563113,8.65288937345394,0.633,1.46552747656523
120.772072076797,1,4.66944,-43,9.23552494895005,8.6519856301809,0.633,1.4575379674636
121.090039968491,1,4.69398,-43,9.24099541290704,8.65137682754678,0.633,1.4522733576347
121.607038021088,1,4.74307,-43,9.25042211903194,8.65099228497904,0.633,1.44678049091109
122.105402946472,1,4.76761,-43,9.25989049653966,8.65105599920681,0.633,1.44385696440543
122.718754053116,1,4.80443,-43,9.27021572681815,8.64962971739715,0.633,1.4350105171075
123.27404999733,1,4.79216,-43,9.27994030614779,8.64818638899591,0.633,1.4266914113169
123.902086019516,1,4.80443,-43,9.29101735720452,8.64644281801458,0.633,1.4183265728362
124.525938034058,1,4.77988,-43,9.30260151917965,8.6445163148105,0.633,1.40981000689525
124.975214004517,1,4.7492,-43,9.31084503572062,8.64313424537464,0.633,1.40273692654374
125.568576097488,1,4.71852,-43,9.31700790443134,8.64233623288774,0.633,1.39006354011812
126.099812984467,1,4.69398,-44,9.32589125361973,8.64069443004241,0.633,1.38096178407375
126.770000934601,1,4.63262,-44,9.3382170323183,8.63822362357155,0.633,1.37112057586011
127.242836952209,1,4.5774,-43,9.34677616881934,8.63642508517029,0.633,1.36479209827044
127.893061161041,1,4.5099,-43,9.35739061074741,8.63408748376688,0.633,1.35599579076723
128.404771089554,1,4.43627,-44,9.36640277415586,8.63201311121411,0.633,1.34803546494559
128.897164106369,1,4.39332,-44,9.37495714350611,8.62962637012424,0.633,1.34084099107187
129.451667070389,1,4.33196,-44,9.38437077311338,8.62649593998487,0.633,1.33332356284042
130.099563121796,1,4.21538,-44,9.39478364114353,8.62381292262168,0.633,1.32384241788174
130.566159009933,1,4.12334,-45,9.40277979781476,8.62165967692137,0.633,1.31755095804905
131.081668138504,1,3.98835,-45,9.41161044965692,8.61923850822584,0.633,1.31107042942921
131.551109075546,1,3.92085,-45,9.41952977732383,8.61701334591375,0.633,1.30584504826936
132.14512014389,1,3.74291,-46,9.43009557204323,8.61390908976497,0.633,1.29725351038133
132.744266986847,1,3.58338,-46,9.44143203891307,8.61073672315259,0.633,1.2893576067879
133.299826145172,1,3.45452,-46,9.45157019335383,8.60793847378907,0.633,1.28258950140398
133.868505954742,1,3.3134,-46,9.45907137247501,8.60555772846252,0.633,1.27461217321749
134.417623996735,1,3.17227,-47,9.46803678241658,8.60262737759212,0.633,1.2662153596253
134.976956129074,1,2.99433,-47,9.47718909250114,8.59956594590943,0.633,1.2578187252324
135.360506057739,1,2.87775,-47,9.48318850505509,8.59750708924686,0.633,1.25231726870846
135.898623943329,1,2.74276,-48,9.49165719561767,8.59453676498117,0.633,1.24446356130989
136.641745090485,1,2.50959,-48,9.5044933194528,8.58916500998398,0.633,1.2310250847388
137.300303936005,1,2.2887,-48,9.51660631923626,8.583639562542,0.633,1.2177377330442
137.732257127762,1,2.15371,-48,9.5237823098523,8.58093306570559,0.633,1.21123027949532
138.242429971695,1,2.00645,-48,9.53239558899171,8.57762848168063,0.633,1.2040801984281
138.799647092819,1,1.84078,-48,9.54183314251016,8.57395167739649,0.633,1.1964587741421
139.208425998688,1,1.69965,-49,9.5485528567285,8.57124004014196,0.633,1.19035759031941
139.76859998703,1,1.5033,-49,9.55768114589208,8.56750522382472,0.633,1.1823002490129
140.092589139938,1,1.37445,-49,9.5628941754206,8.56532942096487,0.633,1.17789202388793
140.728109121323,1,1.14742,-49,9.57536123850455,8.55977230524902,0.633,1.16795234625257
141.285655021667,1,0.895845,-50,9.5868432757295,8.55451557667556,0.633,1.1584408873343
141.689799070358,1,0.754719,-50,9.59329592722002,8.55160025068941,0.633,1.15136148823764
142.207095146179,1,0.503146,-50,9.60192579456251,8.54766597062111,0.633,1.14276499038492
142.731287002563,1,0.30066,-51,9.61131708063999,8.54332567354206,0.633,1.13486488824541
143.280319929123,1,0.0736311,-51,9.62049817110366,8.53894809283966,0.633,1.12515880532684
143.719093084335,1,6.19728,-52,9.62770157283084,8.53548405253722,0.633,1.1171094168784
144.06069111824,1,6.03161,-52,9.63338518864475,8.53261839218547,0.633,1.11198512617208
144.553868055344,1,5.81686,-52,9.64159098620711,8.52848077211701,0.633,1.10458949197977
145.074901103973,1,5.60823,-52,9.64798142832814,8.5245413565306,0.633,1.09853047919832
145.762511968613,1,5.3628,-52,9.65756475988113,8.51915980561028,0.633,1.08989836810824
146.396224021912,1,5.1419,-52,9.66770419871746,8.51391700452618,0.633,1.0813572615309
146.793648958206,1,5.02532,-53,9.67450156107857,8.510312908549,0.633,1.07630125642302
147.42435503006,1,4.79829,-53,9.68373019101161,8.50538199148837,0.633,1.06811343432208
147.931268930435,1,4.62649,-54,9.68953037162976,8.50223717968861,0.633,1.06136249664819
148.575695991516,1,4.38719,-54,9.6971830619341,8.49788980042891,0.633,1.05239629619224
149.152662992477,1,4.22152,-54,9.70340844272752,8.49373592133997,0.633,1.04398053924713
149.858032941818,1,3.97608,-55,9.70946263338835,8.48822241940483,0.633,1.03298399671349
150.202559947968,1,3.84722,-55,9.71412270053355,8.48530263313142,0.633,1.02703252168672
150.872189044952,1,3.61406,-55,9.72336871336777,8.47959872246703,0.633,1.01564685815431
151.30987405777,1,3.42998,-55,9.72931798470913,8.47584675944476,0.633,1.01056233395788
151.821640014648,1,3.19068,-56,9.73638192240144,8.47137403371627,0.633,1.00436702827309
152.516637086868,1,2.88388,-56,9.74695409134623,8.46452075488406,0.633,0.993679420303201
153.171045064926,1,2.38074,-58,9.75571916623685,8.45876232608058,0.633,0.985210401643066
153.711498975754,1,1.9819,-58,9.76259957751393,8.45432761110587,0.633,0.97832524272746
154.025877952576,1,1.77942,-57,9.76674754753695,8.45204374872667,0.633,0.972859837763264
154.624282121658,1,1.37445,-58,9.77468645844341,8.44758926981128,0.633,0.962646597339752
155.146800994873,1,0.987884,-58,9.7821428606646,8.44240588581636,0.633,0.956018746923619
155.626394033432,1,0.60132,-58,9.78867012360322,8.43785602144694,0.633,0.949651798731761
156.009294033051,1,0.380427,-58,9.79309001908717,8.43474266195263,0.633,0.943859626997923
156.560240983963,1,0.19635,-59,9.79965631965685,8.43006949750665,0.633,0.935453731427541
157.077923059464,1,6.0807,-59,9.80649556425701,8.42505181641929,0.633,0.927323188275841
157.383751153946,1,5.89049,-59,9.81055068690486,8.42206846748596,0.633,0.922560985431757
158.03719997406,1,5.43029,-60,9.81964475374223,8.41513787840318,0.633,0.913581806723423
158.331777095795,1,5.3628,-59,9.82423011151636,8.4115977773923,0.633,0.908822351206754
159.093086957932,1,4.9026,-60,9.83880110889437,8.4001199672931,0.633,0.892536198860102
159.60791516304,1,4.66944,-59,9.84597737497241,8.39436046890227,0.633,0.884927463299343
159.862086057663,1,4.47922,-59,9.84946161559795,8.39156089171356,0.633,0.881245656656659
160.502063035965,1,4.31355,-59,9.85725024215493,8.38515214234223,0.633,0.872697112169276
160.952203035355,1,4.0313,-59,9.86246577944162,8.38082727281362,0.633,0.866698911837937
161.319115161896,1,3.98835,-59,9.86649481221168,8.3774767258115,0.633,0.861522735538033
162.007416009903,1,3.62633,-60,9.87461242970264,8.37059779283483,0.633,0.851644104550932
162.232273101807,1,3.45452,-60,9.87751690984291,8.36808257291954,0.633,0.84834083683751
162.544477939606,1,3.36862,-60,9.88154966123807,8.36459029336085,0.633,0.843754385274232
163.158831119537,1,3.11091,-61,9.89123465690497,8.35548945121811,0.633,0.838013154607559
164.283679962158,1,2.41142,-63,9.90461933691657,8.34292212593044,0.633,0.82078179301038
164.780759096146,1,2.1353,-65,9.91106954872463,8.33676072957648,0.633,0.812341763063402
165.165122032166,1,1.896,-65,9.9161052385639,8.33192826561271,0.633,0.805939086794117
170.836962938309,1,2.6139,-63,9.98168567144597,8.26313389208096,0.633,0.720878646830874
171.321798086166,1,2.41142,-63,9.98903985465441,8.2556984817003,0.633,0.711622498143544
172.165270090103,1,2.03713,-62,9.99856715683995,8.24476285270876,0.633,0.69761974170354
172.452973127365,1,1.88986,-62,10.0017339375577,8.24094986801007,0.633,0.692815647202615
173.045784950256,1,1.73033,-62,10.0082967538134,8.23298739879562,0.633,0.682973797086345
173.336504936218,1,1.57693,-62,10.011549256757,8.22891402606145,0.633,0.678584854126101
173.961404085159,1,1.49103,-62,10.0183886074872,8.22025597514305,0.633,0.669534281342212
174.475208044052,1,1.20264,-61,10.0237932931643,8.21327777338275,0.633,0.662645017447481
174.823403120041,1,1.12901,-62,10.0282562876827,8.2070673349703,0.633,0.657860841042544
174.95595908165,1,1.04311,-62,10.0299644683189,8.2046861311635,0.633,0.656038212303767
175.689456939697,1,0.871301,-62,10.0373792589299,8.19438800798853,0.633,0.652113802484969
176.382849931717,1,0.546097,-63,10.0429589984424,8.18668058214948,0.633,0.653568072877222
176.767575025558,1,0.527689,-62,10.0460781318511,8.18238143164711,0.633,0.654729418160837
177.172420024872,1,0.392699,-63,10.0499604477176,8.17709716838439,0.633,0.655084218694191
177.698861122131,1,0.30066,-63,10.0548897640747,8.1704061188362,0.633,0.655465937024108
190.454795122147,1,5.86287,-64,10.1799641330981,8.03360343800972,0.633,0.836564581451611
190.806091070175,1,5.7739,-63,10.1833849411017,8.03023087217027,0.633,0.841307224753013
191.071646928787,1,5.76163,-63,10.1860561862513,8.02770990424337,0.633,0.844950738415739
191.55860710144,1,5.67573,-61,10.1912627766033,8.02318989723453,0.633,0.851842890875037
191.907994031906,1,5.6021,-61,10.1949584765102,8.01998293776476,0.633,0.856864794549624
192.378829956055,1,5.57755,-61,10.1997407523822,8.01584008979023,0.633,0.864013490976763
192.648654937744,1,5.52233,-61,10.2024813620796,8.01346592116473,0.633,0.868110240573863
193.176026105881,1,5.36893,-60,10.2088002205851,8.008188951148,0.633,0.875250432830252
193.502483129501,1,5.19713,-60,10.212789550476,8.0048709027291,0.633,0.879600336769014
193.864259004593,1,5.18486,-59,10.2161335189235,8.00211081204461,0.633,0.885216516631418
194.274021148682,1,4.95169,-59,10.2196874760258,7.99918347369455,0.633,0.891750186188458
194.815398931503,1,4.90874,-60,10.2255071631228,7.99448562800542,0.633,0.897666630811046
195.477545976639,1,4.72466,-60,10.2330354478904,7.98846260241118,0.633,0.904374133403146
195.819523096085,1,4.57126,-60,10.2366406532525,7.98560120783958,0.633,0.909243817109085
196.19535112381,1,4.56513,-60,10.2406027230629,7.98245657559012,0.633,0.914595530772896
196.71913599968,1,4.30128,-59,10.2463483484249,7.97792296957595,0.633,0.922333775878804
197.212363004684,1,4.26447,-60,10.2518185003605,7.97364359636182,0.633,0.929551472264434
197.69046497345,1,4.03744,-60,10.2573262560511,7.96947570816134,0.633,0.936235981142001
198.021752119064,1,3.93926,-61,10.2611376389997,7.96659185083322,0.633,0.940873099163343
198.578166007996,1,3.75518,-61,10.266788014057,7.9623660916148,0.633,0.949444838346075
198.94153213501,1,3.54656,-62,10.2704779918624,7.95960645927737,0.633,0.955042613187007
199.468264102936,1,3.35635,-62,10.2736176090505,7.95665944749252,0.633,0.963256606148545
199.926663160324,1,3.16614,-63,10.2765895227173,7.95400143887071,0.633,0.970400832155363
200.295253992081,1,3.04955,-64,10.2803658243169,7.95132026473502,0.633,0.976120040927916
220.528026103973,1,5.12963,-64,10.5256781558785,7.816590534214,0.633,1.28474109167746
220.92471909523,1,5.11736,-64,10.5261535797614,7.81679655122996,0.633,1.29139174355163
221.335139036179,1,4.92715,-64,10.5303276876881,7.81563635012142,0.633,1.29748303126025
221.688904047012,1,4.71852,-64,10.5352708594904,7.81413456745007,0.633,1.30244503419318
222.088274002075,1,4.62035,-64,10.5404261343652,7.81264944878177,0.633,1.30829771669252
222.540552139282,1,4.47922,-64,10.5460826505189,7.8110574602148,0.633,1.3150330529374
223.268582105637,1,4.1847,-64,10.5574143730149,7.8080356668418,0.633,1.32555642402386
223.54726600647,1,4.10493,-64,10.5612899014319,7.80703624300058,0.633,1.32989867574928
224.013705968857,1,3.792,-64,10.5675629693241,7.80543381575681,0.633,1.33730213805382
224.353281974792,1,3.77973,-64,10.5724992122512,7.80403455213276,0.633,1.34350080043824
224.734625101089,1,3.54656,-63,10.5781356832776,7.80240454564676,0.633,1.35066571991408
225.047520160675,1,3.27658,-63,10.5829642258164,7.80114394354591,0.633,1.35545094975407
225.490489006042,1,3.17227,-63,10.5899207589966,7.79940481025085,0.633,1.36157758073034
225.875869035721,1,3.04342,-63,10.5955715359651,7.79808332218709,0.633,1.36722721209377
226.118916988373,1,3.01274,-63,10.5990864541776,7.79727321722763,0.633,1.37082916637633
226.763671159744,1,2.79185,-63,10.6081127697708,7.79523608138789,0.633,1.38051950088471
227.143111944199,1,2.7673,-63,10.6133585636558,7.79408270163227,0.633,1.38605648243713
227.458744049072,1,2.58936,-63,10.617705835924,7.79316977445597,0.633,1.39028637835403
227.810869932175,1,2.43596,-63,10.6222612278463,7.79219809553894,0.633,1.39500494010911
228.120033979416,1,2.33165,-63,10.6248599793349,7.79156757878431,0.633,1.39914590149764
228.500817060471,1,2.27029,-63,10.6281799305533,7.79077834008879,0.633,1.404325916664
228.984879970551,1,2.0494,-62,10.6352659076119,7.78947065523161,0.633,1.41282908913433
229.411041021347,1,1.94509,-61,10.6409576619519,7.78842521157304,0.633,1.41987720852529
229.747941017151,1,1.83464,-61,10.6448542486956,7.78771547613045,0.633,1.42496596526078
230.186366081238,1,1.68738,-62,10.6507736964448,7.78673173352387,0.633,1.43136456320673
230.657865047455,1,1.47262,-61,10.6579899912917,7.78561353288092,0.633,1.43802175773218
230.966068029404,1,1.44808,-61,10.6622309221061,7.78501283809599,0.633,1.44142309722722
231.421349048615,1,1.28241,-61,10.6684050864103,7.78422058431116,0.633,1.44665797169604
231.845155000687,1,1.15969,-61,10.6740098732799,7.78394618328734,0.633,1.45360557208649
232.29505109787,1,1.0247,-61,10.679384393283,7.78347958621768,0.633,1.46102341303425
232.841063022614,1,0.834486,-62,10.6851966864529,7.78266746866897,0.633,1.47001241182438
233.135848999023,1,0.748583,-62,10.6892768456545,7.78223000830096,0.633,1.47415145992166
233.667276144028,1,0.589049,-62,10.6965367214295,7.78147269261152,0.633,1.48174555477778
234.095102071762,1,0.564505,-63,10.7021926657609,7.78092477300441,0.633,1.48812027536804
234.639755010605,1,0.380427,-63,10.7090621953209,7.7802823753204,0.633,1.49639004089583
235.131458997726,1,0.251573,-63,10.7157055360931,7.77912833917207,0.633,1.50340231815261
235.507369995117,1,0.177942,-64,10.7216090188464,7.77735729434607,0.633,1.50800703470023
235.781145095825,1,0.288388,-65,10.7254636846225,7.77655413822028,0.633,1.51192816419935
236.499877929688,1,0,-65,10.7345818559544,7.77620359568835,0.633,1.52377343008443
237.158214092255,1,5.94571,-64,10.7450859783597,7.77588668600113,0.633,1.53265593195697
