2.0774929523468,897.784628467059,175.475123887038,152.8,-62,1.69965530717959,1.69965530717959
2.26696991920471,897.588474922685,175.62080517438,152.8,-62,1.83464530717959,1.83464530717959
2.37277889251709,897.478937571069,175.702157476458,152.8,-63,1.68737530717959,1.68737530717959
2.49734687805176,897.349980198131,175.797932835306,152.8,-62,1.71192530717959,1.71192530717959
2.73104286193848,897.108049496445,175.97761236229,152.8,-62,1.50330530717959,1.50330530717959
2.87257695198059,896.952022635152,176.092229684148,152.8,-62,1.54625530717959,1.54625530717959
3.02228093147278,896.734280547623,176.245610038893,152.8,-63,1.51557530717959,1.51557530717959
3.24814391136169,896.405766389862,176.477019678748,152.8,-62,1.47262530717959,1.47262530717959
3.46631097793579,896.088445817176,176.700544411881,152.8,-62,1.40512530717959,1.40512530717959
3.65307402610779,895.816801896152,176.891893918281,152.8,-62,1.36217530717959,1.36217530717959
4.03423190116882,895.254999948155,177.279609597487,152.8,-62,1.28854530717959,1.28854530717959
4.15751099586487,895.073143771736,177.404952699162,152.8,-62,1.22718530717959,1.22718530717959
4.36971688270569,894.760106502201,177.620711454658,152.8,-62,1.14741530717959,1.14741530717959
4.48674297332764,894.587474496473,177.739696860997,152.8,-62,1.11060530717959,1.11060530717959
4.80873990058899,894.169588827504,178.036200761927,152.8,-62,1.06765530717959,1.06765530717959
4.93865203857422,894.004224417521,178.154078254546,152.8,-63,0.969475307179586,0.969475307179586
5.21269297599792,893.655399291316,178.402732915147,152.8,-63,0.760855307179586,0.760855307179586
5.37681484222412,893.446489515872,178.551651056091,152.8,-63,0.846755307179587,0.846755307179587
5.67440891265869,893.391122120504,178.969146043463,152.8,-63,0.969475307179586,0.969475307179586
5.83236789703369,893.361955979877,179.190848125935,152.8,-63,0.816075307179586,0.816075307179586
5.94658088684082,893.340867264124,179.351150863927,152.8,-63,0.895845307179586,0.895845307179586
6.26561999320984,893.191034694311,179.747643425312,152.8,-63,0.533825307179586,0.533825307179586
6.40227890014648,893.022776770492,179.858766522638,152.8,-64,0.674955307179586,0.674955307179586
6.50330805778503,892.898387100689,179.94091757425,152.8,-64,0.515415307179587,0.515415307179587
6.84432291984558,892.478520924615,180.218211082267,152.8,-64,0.116585307179586,0.116585307179586
7.00448799133301,892.28114188093,180.348569412343,152.8,-64,0.251575307179587,0.251575307179587
7.12243604660034,892.097446474183,180.470462090946,152.8,-64,0.263845307179587,0.263845307179587
7.41268491744995,891.64540524071,180.770417967703,152.8,-65,0.0306753071795862,0.0306753071795862
7.49960589408875,891.510032223136,180.860245906327,152.8,-64,0.0674953071795859,0.0674953071795859
12.4963269233704,885.544735297965,184.630919479483,152.8,-65,2.92069530717959,-3.36249
12.5833098888397,885.418925916609,184.713497854898,152.8,-64,2.89001530717959,-3.39317
12.8322770595551,885.058827757656,184.949857978727,152.8,-64,2.80411530717959,-3.47907
12.9071450233459,884.959844953641,185.015343948989,152.8,-64,2.69980530717959,-3.58338
13.1472768783569,884.659727916715,185.21495142322,152.8,-64,2.65685530717959,-3.62633
13.2589199542999,884.520196286712,185.307753739694,152.8,-64,2.62617530717959,-3.65701
13.4653358459473,884.262217495131,185.479335118478,152.8,-64,2.45436530717959,-3.82882
13.639979839325,884.043947254362,185.624506388679,152.8,-64,2.55254530717959,-3.73064
13.7290239334106,883.946825590649,185.701019593487,152.8,-64,2.47277530717959,-3.81041
13.8837158679962,883.870830925233,185.850281843023,152.8,-64,2.30710530717959,-3.97608
14.0983099937439,883.765408436141,186.057343717531,152.8,-64,2.23347530717959,-4.04971
14.2610809803009,883.685444818801,186.214401444412,152.8,-64,2.29483530717959,-3.98835
14.4571769237518,883.589109831125,186.4036144226,152.8,-63,2.15370530717959,-4.12948
14.5749449729919,883.518813972945,186.516918148199,152.8,-64,2.15984530717959,-4.12334
14.8748090267181,883.099813276058,186.799035601822,152.8,-64,2.04939530717959,-4.23379
15.0850188732147,882.806086598652,186.996804777164,152.8,-64,2.00031530717959,-4.28287
15.2994239330292,882.506497940519,187.19852088407,152.8,-64,1.90827530717959,-4.37491
15.4873008728027,882.262144723412,187.365823282881,152.8,-64,1.89599530717959,-4.38719
15.8107769489288,881.86879602163,187.639632748804,152.8,-64,1.77328530717959,-4.5099
16.0206940174103,881.613535702667,187.81731908993,152.8,-64,1.68124530717959,-4.60194
16.2270410060883,881.363027917582,187.991612741161,152.8,-65,1.61988530717959,-4.6633
25.5651729106903,869.277036083521,196.607950106662,152.8,-63,1.00629530717959,-11.5600753071796
25.7891199588776,868.978793635523,196.803234561356,152.8,-63,0.938795307179586,-11.6275753071796
26.008859872818,868.686154056715,196.994850345603,152.8,-63,0.877435307179586,-11.6889353071796
26.2415208816528,868.494981618473,197.120663047516,152.8,-63,0.816075307179586,-11.7502953071796
26.5078279972076,868.303654700496,197.246816209285,152.8,-63,0.674955307179586,-11.8914153071796
26.7601459026337,868.122378255459,197.366342499352,152.8,-63,0.582915307179587,-11.9834553071796
26.8655009269714,868.046686503634,197.416250551567,152.8,-63,0.466325307179586,-12.1000453071796
27.1120388507843,867.701100620458,197.64211246584,152.8,-62,0.312935307179586,-12.2534353071796
27.4214890003204,867.260313453169,197.93015160486,152.8,-62,0.319065307179586,-12.2473053071796
27.7637560367584,866.78325882194,198.242350729434,152.8,-63,0.184075307179587,-12.3822953071796
27.9402780532837,866.57867881952,198.378096081092,152.8,-63,6.28318530717959,-12.5663706143592
28.221745967865,866.252471880694,198.594544781357,152.8,-63,6.28318530717959,-12.5663706143592
28.5399339199066,865.883708293693,198.839231173986,152.8,-63,6.07456430717959,-12.7749916143592
28.8147308826447,865.593424654782,199.030073239918,152.8,-63,5.89662230717959,-12.9529336143592
29.0165269374847,865.381046174027,199.169643439607,152.8,-63,5.74322430717959,-13.1063316143592
29.192507982254,865.195836473275,199.291358948761,152.8,-63,5.75549630717959,-13.0940596143592
29.535050868988,864.832964396001,199.531537190001,152.8,-63,5.52233130717959,-13.3272246143592
29.8576929569244,864.489254549802,199.760408459218,152.8,-63,5.29530130717959,-13.5542546143592
30.0586068630219,864.275221445176,199.902929916929,152.8,-63,5.19099530717959,-13.6585606143592
30.4148869514465,863.845308358367,200.223549731854,152.8,-65,4.86578530717959,-13.9837706143592
30.5976059436798,863.615683282487,200.400303523404,152.8,-64,4.76147530717959,-14.0880806143592
30.7927088737488,863.370495168356,200.58903695615,152.8,-64,4.55285530717959,-14.2967006143592
31.1023910045624,863.010784121366,200.849048825904,152.8,-64,4.30741530717959,-14.5421406143592
31.4505729675293,862.655518533995,201.0753873856,152.8,-64,4.04970530717959,-14.7998506143592
31.761990070343,862.337765773325,201.277826644414,152.8,-64,3.74291530717959,-15.1066406143592
31.9596350193024,862.097546709578,201.430055882226,152.8,-63,3.59565530717959,-15.2539006143592
32.2933659553528,861.658982031911,201.707395083577,152.8,-63,3.34407530717959,-15.5054806143592
32.5517959594727,861.31937230679,201.922157226386,152.8,-62,3.12932530717959,-15.7202306143592
32.8158588409424,860.959153603927,202.149170439421,152.8,-62,3.01273530717959,-15.8368206143592
33.0971729755402,860.56229311192,202.398528276459,152.8,-60,2.82252530717959,-16.0270306143592
33.3352789878845,860.226387952573,202.60958628216,152.8,-60,2.65071530717959,-16.1988406143592
33.6359219551086,859.820502745508,202.865448261178,152.8,-59,2.50345530717959,-16.3461006143592
33.8118669986725,859.596801491986,203.007125721742,152.8,-59,2.50345530717959,-16.3461006143592
34.2227799892426,859.074355680401,203.338008069079,152.8,-58,2.30710530717959,-16.5424506143592
34.3423249721527,858.926907466077,203.431105704224,152.8,-57,2.21506530717959,-16.6344906143592
34.6319129467011,858.673032770434,203.584692881975,152.8,-57,2.17211530717959,-16.6774406143592
34.9130139350891,858.426598408016,203.733778863659,152.8,-56,2.07394530717959,-16.7756106143592
35.2946920394897,858.006524166216,203.995086188802,152.8,-55,1.91440530717959,-16.9351506143592
35.4842569828033,857.72296293697,204.176485248327,152.8,-55,1.84691530717959,-17.0026406143592
35.8312418460846,857.203924697928,204.508523054309,152.8,-55,1.72419530717959,-17.1253606143592
36.1870498657227,856.739127855379,204.805993833937,152.8,-55,1.63829530717959,-17.2112606143592
36.3676710128784,856.537109071179,204.935362329813,152.8,-55,1.58920530717959,-17.2603506143592
36.7261729240417,856.136136530769,205.192136543387,152.8,-54,1.49102530717959,-17.3585306143592
37.0632798671722,855.742336874614,205.444840362638,152.8,-54,1.38671530717959,-17.4628406143592
37.3488669395447,855.399534632737,205.66509332118,152.8,-53,1.32535530717959,-17.5242006143592
37.6438570022583,855.045445583854,205.892598136133,152.8,-53,1.24559530717959,-17.6039606143592
37.8129389286041,854.837388169552,206.027021622645,152.8,-53,1.15355530717959,-17.6960006143592
38.1696019172668,854.39173042418,206.315921847116,152.8,-53,1.01856530717959,-17.8309906143592
38.5329298973084,853.937744634897,206.610220774471,152.8,-53,0.865165307179586,-17.9843906143592
38.6939189434052,853.655943102934,206.787396202704,152.8,-53,0.791535307179586,-18.0580206143592
39.1045348644257,852.934339702971,207.240947064707,152.8,-53,0.684155307179586,-18.1654006143592
39.4840829372406,852.333000453875,207.621433501601,152.8,-52,0.497005307179586,-18.3525506143592
39.912250995636,851.808601475886,207.959805569414,152.8,-52,0.386565307179586,-18.4629906143592
40.0483429431915,851.641922815927,208.067356127668,152.8,-52,0.269985307179586,-18.5795706143592
40.3028340339661,851.31617108294,208.277166011316,152.8,-52,0.184075307179587,-18.6654806143592
40.5742318630219,850.950801618536,208.512023588435,152.8,-52,0.116585307179586,-18.7329706143592
40.9236679077148,850.480373166926,208.814412532003,152.8,-52,6.27704938717959,-18.8556918415388
41.2095379829407,850.105131842014,209.056330756929,152.8,-52,6.11751530717959,-19.0152259215388
41.5040800571442,849.725068889362,209.30185815112,152.8,-52,6.03774830717959,-19.0949929215388
41.7782189846039,849.371333177787,209.530377681607,152.8,-51,5.88435030717959,-19.2483909215388
42.1111130714417,848.964340390964,209.794310095387,152.8,-51,5.82299130717959,-19.3097499215388
42.3210949897766,848.717338169198,209.954947903948,152.8,-51,5.79231130717959,-19.3404299215388
42.5888679027557,848.402356265238,210.159796275055,152.8,-51,5.68800030717959,-19.4447409215388
43.0834150314331,847.916586506243,210.464044173241,152.8,-52,5.49778730717959,-19.6349539215388
43.3261308670044,847.704070065938,210.593376446732,152.8,-51,5.39961230717959,-19.7331289215388
43.6497230529785,847.393935328469,210.783182547795,152.8,-51,5.27075530717959,-19.8619859215388
44.0165820121765,846.907967199871,211.08548128943,152.8,-51,5.11735530717959,-20.0153859215388
44.3109738826752,846.517994261242,211.328065775287,152.8,-51,4.98850530717959,-20.1442359215388
44.6535789966583,846.07964525717,211.601045873284,152.8,-51,4.90260530717959,-20.2301359215388
44.7862689495087,845.911702126425,211.705668818849,152.8,-51,4.84124530717959,-20.2914959215388
45.0708949565887,845.551456443207,211.930089813849,152.8,-51,4.74920530717959,-20.3835359215388
45.428279876709,845.126647729408,212.193874913874,152.8,-51,4.63875530717959,-20.4939859215388
45.7262868881226,844.788224185971,212.403495466898,152.8,-51,4.54671530717959,-20.5860259215388
46.0400679111481,844.431887316004,212.624211587848,152.8,-50,4.36877530717959,-20.7639659215388
46.2703778743744,844.172825206397,212.784646318881,152.8,-50,4.29514530717959,-20.8375959215388
46.6755290031433,843.717143330798,213.066845246917,152.8,-50,4.13561530717959,-20.9971259215388
46.8925189971924,843.473090185062,213.21798475849,152.8,-50,4.07425530717959,-21.0584859215388
47.1978850364685,843.021311649127,213.571584840869,152.8,-51,3.91471530717959,-21.2180259215388
47.5945608615875,842.421421686338,214.047855306534,152.8,-50,3.79813530717959,-21.3346059215388
47.7623760700226,842.172384469295,214.241929684676,152.8,-50,3.76745530717959,-21.3652859215388
48.1647748947144,841.682443823482,214.539899568969,152.8,-50,3.60792530717959,-21.5248159215388
48.4642300605774,841.317842218426,214.761641322792,152.8,-50,3.47906530717959,-21.6536759215388
48.674763917923,841.055344209472,214.922932530365,152.8,-49,3.38089530717959,-21.7518459215388
49.0208928585052,840.613544686218,215.197066200392,152.8,-50,3.23363530717959,-21.8991059215388
49.3236119747162,840.227153530953,215.436819346069,152.8,-50,3.11704530717959,-22.0156959215388
49.6656050682068,839.84962808778,215.669662265966,152.8,-49,3.05568530717959,-22.0770559215388
49.9595589637756,839.538702646192,215.861054148899,152.8,-49,2.96978530717959,-22.1629559215388
50.2888538837433,839.181641898393,216.081144447516,152.8,-49,2.87161530717959,-22.2611259215388
50.56711602211,838.829550588773,216.29985297689,152.8,-49,2.76116530717959,-22.3715759215388
50.897381067276,838.411658837647,216.559434761016,152.8,-49,2.68139530717959,-22.4513459215388
51.075021982193,838.186885813396,216.699057001707,152.8,-49,2.57708530717959,-22.5556559215388
51.4748389720917,836.997191093062,216.649400964989,152.8,-49,2.40528530717959,-22.7274559215388
51.6661188602448,836.408208695032,216.615101915846,152.8,-49,2.37460530717959,-22.7581359215388
51.997663974762,835.428865366474,216.580997613851,152.8,-49,2.25188530717959,-22.8808559215388
52.4004549980164,834.878528867667,216.929749118254,152.8,-49,2.14143530717959,-22.9913059215388
52.6920399665833,834.480134063809,217.182214269108,152.8,-49,2.08007530717959,-23.0526659215388
52.9722988605499,834.116199554687,217.414997254273,152.8,-49,2.00644530717959,-23.1262959215388
53.2402739524841,833.784511728638,217.629100959997,152.8,-49,1.93895530717959,-23.1937859215388
53.4983699321747,833.46505183482,217.835311564443,152.8,-50,1.85918530717959,-23.2735559215388
53.8984589576721,832.924641897476,218.179614963715,152.8,-50,1.73033530717959,-23.4024059215388
54.1879229545593,832.507290192016,218.443094575747,152.8,-50,1.60761530717959,-23.5251259215388
54.4902360439301,832.071412553386,218.71826985266,152.8,-51,1.49716530717959,-23.6355759215388
54.8417270183563,831.575756415864,219.031606869704,152.8,-51,1.43580530717959,-23.6969359215388
55.0401759147644,831.296110104851,219.208397448309,152.8,-51,1.38671530717959,-23.7460259215388
55.3641078472137,830.848181505572,219.489605591318,152.8,-51,1.31922530717959,-23.8135159215388
55.7566850185394,830.567197177862,219.604490809052,152.8,-51,1.17809530717959,-23.9546459215388
55.9624719619751,830.419906631757,219.66471305204,152.8,-51,1.13514530717959,-23.9975959215388
56.3491070270538,830.057214027432,219.855558007206,152.8,-52,1.00629530717959,-24.1264459215388
56.5611219406128,829.781025025614,220.030082345777,152.8,-52,0.926525307179586,-24.2062159215388
56.9434139728546,829.283018291016,220.344773717947,152.8,-52,0.754715307179586,-24.3780259215388
57.2121579647064,828.953872339638,220.552117054504,152.8,-52,0.687225307179586,-24.4455159215388
57.5359468460083,828.582825009794,220.785020609237,152.8,-53,0.576775307179586,-24.5559659215388
57.8628680706024,828.208188157016,221.020177279904,152.8,-53,0.490875307179587,-24.6418659215388
58.1097140312195,827.897441946349,221.214762581055,152.8,-53,0.374295307179586,-24.7584459215388
58.4475228786469,827.45812545329,221.489642174478,152.8,-53,0.257705307179586,-24.8750359215388
58.6946380138397,827.136755082439,221.69072307691,152.8,-53,0.134995307179587,-24.9977459215388
59.0608298778534,826.613509744454,222.014984396229,152.8,-53,6.20341830717959,-25.2125082287183
59.344172000885,826.201438764286,222.269912571304,152.8,-53,6.10524330717959,-25.3106832287183
59.6804840564728,825.733099499505,222.546469784688,152.8,-53,5.92116630717959,-25.4947602287183
60.0131528377533,825.318742490822,222.758730025928,152.8,-53,5.76163230717959,-25.6542942287183
60.2010378837585,825.084721476468,222.878610602149,152.8,-53,5.68186530717959,-25.7340612287183
60.4801888465881,824.739773804099,223.060754583861,152.8,-53,5.58369030717959,-25.8322362287183
60.8878898620605,824.255244039201,223.355018951464,152.8,-53,5.37506830717959,-26.0408582287183
61.2218768596649,823.858319245574,223.596079112975,152.8,-52,5.23394530717959,-26.1819812287183
61.492388010025,823.509078925995,223.810412968618,152.8,-52,5.08667530717959,-26.3292512287183
61.866101026535,823.01547282872,224.114170566942,152.8,-52,4.92101530717959,-26.4949112287183
62.0352449417114,822.792064854794,224.25165239705,152.8,-52,4.84124530717959,-26.5746812287183
62.5972368717194,822.025983504232,224.722792159523,152.8,-52,4.60194530717959,-26.8139812287183
62.8408629894257,821.690979876819,224.928784399086,152.8,-51,4.53444530717959,-26.8814812287183
63.2809689044952,821.036694908513,225.333437861761,152.8,-51,4.35036530717959,-27.0655612287183
63.5303499698639,820.655695880041,225.569524422986,152.8,-51,4.24605530717959,-27.1698712287183
63.8206639289856,820.216408472083,225.847233396903,152.8,-51,4.08038530717959,-27.3355412287183
64.1819000244141,819.708064527809,226.218648206446,152.8,-52,3.89631530717959,-27.5196112287183
64.5570468902588,819.18014486563,226.604365756524,152.8,-51,3.71223530717959,-27.7036912287183
64.7712018489838,818.901895374894,226.785904237521,152.8,-51,3.60178530717959,-27.8141412287183
65.1229848861694,818.457665266736,227.062644332024,152.8,-51,3.44225530717959,-27.9736712287183
65.5569770336151,817.920573952702,227.397501146243,152.8,-51,3.25817530717959,-28.1577512287183
65.7452340126038,817.712304128763,227.527965318721,152.8,-51,3.20295530717959,-28.2129712287183
66.2178099155426,817.189490575544,227.85546565598,152.8,-52,3.03114530717959,-28.3847812287183
66.4048900604248,816.973095156787,227.990457712453,152.8,-51,2.98205530717959,-28.4338712287183
66.8143699169159,816.428195845543,228.326313833383,152.8,-51,2.80411530717959,-28.6118112287183
67.1216390132904,816.019309507603,228.578336503496,152.8,-51,2.66912530717959,-28.7468012287183
67.5361230373383,815.432838477779,228.943628316577,152.8,-52,2.55867530717959,-28.8572512287183
67.7559340000153,815.118193503764,229.139981700022,152.8,-52,2.47891530717959,-28.9370112287183
68.237086057663,814.650715614737,229.358873137571,152.8,-52,2.28869530717959,-29.1272312287183
68.5851969718933,814.498533835322,229.339903109666,152.8,-52,2.20893530717959,-29.2069912287183
68.7681849002838,814.418537985105,229.329931327783,152.8,-52,2.12302530717959,-29.2929012287183
69.1273028850555,813.964636425601,229.58247221157,152.8,-52,1.92667530717959,-29.4892512287183
69.4616260528564,813.472588321403,229.881259022583,152.8,-53,1.81623530717959,-29.5996912287183
69.7681300640106,813.044610594875,230.140993578863,152.8,-53,1.62601530717959,-29.7899112287183
70.4097130298615,812.247385962264,230.62416002287,152.8,-54,1.36217530717959,-30.0537512287183
70.8978538513184,811.561706593626,231.037853461276,152.8,-54,1.19650530717959,-30.2194212287183
70.9855298995972,811.434544177745,231.114491077771,152.8,-54,1.16582530717959,-30.2501012287183
71.3413150310516,810.918525290735,231.425482790949,152.8,-54,1.01856530717959,-30.3973612287183
71.7965030670166,810.27556361785,231.824439693018,152.8,-55,0.828345307179586,-30.5875812287183
72.1641149520874,809.758102189163,232.146751434487,152.8,-55,0.638135307179586,-30.7777912287183
72.5480840206146,809.14878769915,232.555325423113,152.8,-55,0.454055307179586,-30.9618712287183
72.7942688465118,808.741464446063,232.834690696197,152.8,-55,0.306795307179586,-31.1091312287183
73.0751428604126,808.276746457727,233.153420517621,152.8,-55,0.202485307179586,-31.2134412287183
73.5343730449677,807.640642560605,233.545628382005,152.8,-55,6.25864160717959,-31.4404702358979
73.8420648574829,807.223352285822,233.799129432074,152.8,-55,6.18501050717959,-31.5141013358979
73.973669052124,807.04576484867,233.90746446653,152.8,-55,6.12978730717959,-31.5693245358979
74.3783349990845,806.510166976447,234.239515528338,152.8,-55,6.00706830717959,-31.6920435358979
74.5849628448486,806.236683538159,234.409065242369,152.8,-54,5.85980630717959,-31.8393055358979
74.9881820678711,805.690036292492,234.746514634015,152.8,-55,5.72481630717959,-31.9742955358979
75.3823459148407,805.14477267314,235.08191893343,152.8,-55,5.52846630717959,-32.1706455358979
75.6160838603973,804.821433028589,235.280812648515,152.8,-55,5.44256430717959,-32.2565475358979
76.0326979160309,804.283713949536,235.614089803387,152.8,-54,5.34438930717959,-32.3547225358979
76.1504509449005,804.131893454312,235.708199134975,152.8,-54,5.28302530717959,-32.4160865358979
76.6867229938507,803.372496512239,236.129733213669,152.8,-54,5.11735530717959,-32.5817565358979
76.9025430679321,803.025588770828,236.295089087399,152.8,-54,5.06827530717959,-32.6308365358979
77.3227050304413,802.357538908336,236.618415387397,152.8,-53,4.96396530717959,-32.7351465358979
77.5306079387665,802.088073170725,236.790168315482,152.8,-54,4.87192530717959,-32.8271865358979
77.935653924942,801.563087655559,237.124785251316,152.8,-54,4.76761530717959,-32.9314965358979
78.3061089515686,801.083451928823,237.431875023313,152.8,-54,4.66330530717959,-33.0358065358979
78.6776678562164,800.602926577741,237.740977004768,152.8,-53,4.56512530717959,-33.1339865358979
79.0010950565338,800.185327984867,238.010283264256,152.8,-53,4.47922530717959,-33.2198865358979
79.1859278678894,799.948775184537,238.16494404831,152.8,-53,4.44854530717959,-33.2505665358979
79.5244648456573,799.515508658323,238.448218397864,152.8,-53,4.36264530717959,-33.3364665358979
79.9672379493713,798.956016191855,238.813083594071,152.8,-53,4.20924530717959,-33.4898665358979
80.2428779602051,798.615180950056,239.034367310943,152.8,-53,4.11720530717959,-33.5819065358979
80.6106789112091,798.160386576445,239.329637802555,152.8,-53,3.93312530717959,-33.7659865358979
80.9026410579681,797.847113508333,239.529842293006,152.8,-53,3.87790530717959,-33.8212065358979
81.1586089134216,797.579408918236,239.700391172315,152.8,-53,3.80427530717959,-33.8948365358979
81.4325230121613,797.292935206937,239.882897458052,152.8,-53,3.77972530717959,-33.9193865358979
82.0881259441376,796.466894294788,240.42292485433,152.8,-53,3.57724530717959,-34.1218665358979
82.5746579170227,795.812104237378,240.848619452676,152.8,-53,3.44225530717959,-34.2568565358979
82.9117360115051,795.334089396495,241.156636057892,152.8,-53,3.31339530717959,-34.3857165358979
83.1185140609741,795.040854748404,241.345586552965,152.8,-53,3.27044530717959,-34.4286665358979
83.425675868988,794.65245525429,241.597281029848,152.8,-53,3.20295530717959,-34.4961565358979
83.6185238361359,794.412606843068,241.752845360822,152.8,-53,3.17227530717959,-34.5268365358979
84.0127718448639,793.91970593312,242.072170110499,152.8,-53,3.03114530717959,-34.6679665358979
84.4336829185486,793.377205938583,242.421308666691,152.8,-53,2.92069530717959,-34.7784165358979
84.8497459888458,792.855116387545,242.752546768726,152.8,-53,2.79184530717959,-34.9072665358979
85.0355708599091,792.677231180833,242.846297080372,152.8,-53,2.67526530717959,-35.0238465358979
85.4478528499603,792.28256459716,243.054297036632,152.8,-53,2.51572530717959,-35.1833865358979
85.7362160682678,791.972384069497,243.228104572206,152.8,-54,2.42368530717959,-35.2754265358979
85.9183809757233,791.719130888342,243.38545122322,152.8,-54,2.37460530717959,-35.3245065358979
86.3125309944153,791.171167246604,243.725902006548,152.8,-53,2.20893530717959,-35.4901765358979
86.8060989379883,790.463393822305,244.16725386106,152.8,-53,2.07394530717959,-35.6251665358979
87.0596299171448,790.092539744605,244.399037659622,152.8,-53,2.00031530717959,-35.6987965358979
87.4264118671417,789.568969880964,244.726744154181,152.8,-53,1.85304530717959,-35.8460665358979
87.6477720737457,789.276223213265,244.910851123669,152.8,-53,1.70578530717959,-35.9933265358979
87.8611779212952,788.993996106162,245.088342392159,152.8,-54,1.64442530717959,-36.0546865358979
88.4065020084381,788.286523517891,245.532982285133,152.8,-53,1.43580530717959,-36.2633065358979
88.6035768985748,788.035844214938,245.690425615741,152.8,-53,1.36217530717959,-36.3369365358979
88.9787290096283,787.587494999258,245.970589067362,152.8,-53,1.25786530717959,-36.4412465358979
89.2194340229034,787.443812691717,246.052776513054,152.8,-53,1.16582530717959,-36.5332865358979
89.5162880420685,787.266613763053,246.15413573797,152.8,-53,1.00015530717959,-36.6989565358979
90.0681788921356,786.661060174627,246.532183226478,152.8,-54,0.773125307179586,-36.9259865358979
90.1282379627228,786.571064225934,246.589871178345,152.8,-54,0.754715307179586,-36.9443965358979
90.4817349910736,786.041364047168,246.929412222814,152.8,-53,0.595185307179587,-37.1039265358979
90.9669358730316,785.347598166462,247.370574920651,152.8,-53,0.380425307179586,-37.3186865358979
91.2600798606873,784.937951730714,247.630006178951,152.8,-53,0.227025307179586,-37.4720865358979
91.6263799667358,784.399680366984,247.972068233811,152.8,-53,0.122715307179586,-37.5763965358979
91.8741819858551,784.00601932302,248.223479411143,152.8,-54,0.0184053071795862,-37.6807065358979
92.2491099834442,783.410404535591,248.603868116704,152.8,-53,6.15433130717959,-37.8279658430775
92.6247279644012,782.785042616599,249.002087050777,152.8,-53,6.06842830717959,-37.9138688430775
92.8846218585968,782.349949829814,249.279052832215,152.8,-53,5.99479730717959,-37.9874998430775
93.1600449085236,781.932157761701,249.566074678858,152.8,-53,5.88435030717959,-38.0979468430775
93.5496459007263,781.521004877312,249.945113846833,152.8,-52,5.70640830717959,-38.2758888430775
93.9227159023285,781.124861657317,250.300491799086,152.8,-52,5.63277730717959,-38.3495198430775
94.1850719451904,780.827982483704,250.493478676222,152.8,-52,5.60209830717959,-38.3801988430775
94.5513770580292,780.413475701228,250.762929606471,152.8,-52,5.49778730717959,-38.4845098430775
94.8419969081879,780.065625083167,250.988580326526,152.8,-52,5.44256430717959,-38.5397328430775
95.1975200176239,779.595946327204,251.292227439284,152.8,-52,5.36893230717959,-38.6133648430775
95.482076883316,779.220020512167,251.535263316248,152.8,-51,5.28302530717959,-38.6992718430775
95.9078009128571,778.626606730013,251.919076633918,152.8,-51,5.17871530717959,-38.8035818430775
96.1273350715637,778.313136983296,252.121864470065,152.8,-51,5.13576530717959,-38.8465318430775
96.4611978530884,777.836418999274,252.430259807877,152.8,-50,5.00691530717959,-38.9753818430775
96.8059449195862,777.3818646696,252.725054653111,152.8,-50,4.96396530717959,-39.0183318430775
97.1895580291748,776.876972090167,253.052514881722,152.8,-50,4.92101530717959,-39.0612818430775
97.7454328536987,777.742297922715,255.148049684339,152.8,-50,4.75534530717959,-39.2269518430775
98.0075559616089,778.325361004005,256.313858447311,152.8,-50,4.71852530717959,-39.2637718430775
98.389319896698,778.273202982844,257.006222533587,152.8,-50,4.63875530717959,-39.3435418430775
98.7774279117584,777.836473105447,257.282026418425,152.8,-49,4.53444530717959,-39.4478518430775
99.1409358978271,777.356537160668,257.582780782018,152.8,-49,4.50376530717959,-39.4785318430775
99.4168679714203,776.957131074756,257.832085392462,152.8,-49,4.44854530717959,-39.5337518430775
99.7424499988556,776.485857686607,258.126248732954,152.8,-48,4.39332530717959,-39.5889718430775
100.082869052887,776.049740483969,258.397190024395,152.8,-48,4.31355530717959,-39.6687418430775
100.442005872726,775.595335172722,258.679347834989,152.8,-48,4.26446530717959,-39.7178318430775
100.720783948898,775.240079169671,258.900132416001,152.8,-48,4.20310530717959,-39.7791918430775
101.071625947952,774.784031629255,259.184234364777,152.8,-48,4.15401530717959,-39.8282818430775
101.63019490242,773.986631612989,259.701392483789,152.8,-47,3.96994530717959,-40.0123518430775
101.993300914764,773.317783032973,260.17437339034,152.8,-47,3.89631530717959,-40.0859818430775
102.241279840469,772.861000862772,260.497390066181,152.8,-47,3.85949530717959,-40.1228018430775
102.566947937012,772.383227589891,260.81050664585,152.8,-47,3.81040530717959,-40.1718918430775
102.905310869217,771.931033898098,261.095612864997,152.8,-46,3.73677530717959,-40.2455218430775
103.315182924271,771.428117165668,261.412901811779,152.8,-46,3.65700530717959,-40.3252918430775
103.586920022964,771.129146295411,261.601690898167,152.8,-46,3.58951530717959,-40.3927818430775
104.013989925385,770.662788996905,261.896124056006,152.8,-46,3.50361530717959,-40.4786818430775
104.352536916733,770.309357635914,262.119008698072,152.8,-46,3.44225530717959,-40.5400418430775
104.612418889999,770.03804983565,262.290103707248,152.8,-46,3.39930530717959,-40.5829918430775
104.94647693634,769.654052144448,262.531175071866,152.8,-46,3.34407530717959,-40.6382218430775
105.447290897369,769.008911737927,262.934240936049,152.8,-45,3.28885530717959,-40.6934418430775
105.893619060516,767.622442783817,262.453087234799,152.8,-45,3.21522530717959,-40.7670718430775
106.231884002686,766.038743767569,261.536565243757,152.8,-45,3.14159530717959,-40.8407018430775
106.498039960861,764.79264676908,260.815421080396,152.8,-45,3.14159530717959,-40.8407018430775
106.844285011292,764.370120554096,261.052785521187,152.8,-45,3.05568530717959,-40.9266118430775
107.173810005188,763.987061318099,261.297384804172,152.8,-45,3.01887530717959,-40.9634218430775
107.50926399231,763.541906143227,261.580835348229,152.8,-45,2.98205530717959,-41.0002418430775
107.861403942108,763.02437885096,261.909731197521,152.8,-45,2.95137530717959,-41.0309218430775
108.155063867569,762.594251935562,262.183041905253,152.8,-45,2.95137530717959,-41.0309218430775
108.655488014221,761.888343151709,262.630824387028,152.8,-44,2.89001530717959,-41.0922818430775
108.943425893784,761.482171947248,262.888472902132,152.8,-44,2.84706530717959,-41.1352318430775
109.210522890091,761.146991872028,263.101678121,152.8,-44,2.81638530717959,-41.1659118430775
109.384346961975,760.930231669611,263.239579286534,152.8,-44,2.84093530717959,-41.1413618430775
109.698781967163,760.538128351394,263.48903238719,152.8,-44,2.82252530717959,-41.1597718430775
110.044498920441,760.011356424669,263.817127224635,152.8,-44,2.81638530717959,-41.1659118430775
110.401346921921,759.422545442013,264.181149968898,152.8,-44,2.79798530717959,-41.1843118430775
110.708876848221,758.941499605054,264.478583756187,152.8,-44,2.77957530717959,-41.2027218430775
111.080493927002,758.521205159814,264.738680318659,152.8,-44,2.77343530717959,-41.2088618430775
111.374572038651,758.188606353543,264.944506988921,152.8,-44,2.74889530717959,-41.2334018430775
111.746508836746,757.721943514841,265.23188462711,152.8,-44,2.70594530717959,-41.2763518430775
112.028002023697,757.354269952663,265.457901931585,152.8,-44,2.69980530717959,-41.2824918430775
112.350357055664,756.936038667728,265.715016451455,152.8,-44,2.68139530717959,-41.3009018430775
112.694665908813,756.501072752913,265.982495491025,152.8,-44,2.66912530717959,-41.3131718430775
113.095016002655,755.995309850736,266.29351060903,152.8,-44,2.68139530717959,-41.3009018430775
113.253713846207,755.802191992656,266.412449732524,152.8,-44,2.68753530717959,-41.2947618430775
113.625007867813,755.352310405353,266.689576790302,152.8,-44,2.67526530717959,-41.3070318430775
113.927959918976,754.985235952972,266.915694652969,152.8,-43,2.66912530717959,-41.3131718430775
114.317863941193,754.298725429624,267.322125391076,152.8,-44,2.66912530717959,-41.3131718430775
114.617406845093,753.767672893952,267.636328545868,152.8,-43,2.66299530717959,-41.3193018430775
114.91849899292,753.331234559902,267.896362050048,152.8,-43,2.66299530717959,-41.3193018430775
115.249868869781,752.992304305038,268.101514310184,152.8,-43,2.65685530717959,-41.3254418430775
115.614593029022,752.619258772302,268.327316324246,152.8,-44,2.63844530717959,-41.3438518430775
115.975306987762,752.162421356773,268.606036209592,152.8,-43,2.67526530717959,-41.3070318430775
116.308418035507,751.734829962308,268.867028315459,152.8,-43,2.67526530717959,-41.3070318430775
116.658311843872,751.29512440356,269.135277079397,152.8,-43,2.68139530717959,-41.3009018430775
117.017768859863,750.851165060764,269.406005227652,152.8,-43,2.69366530717959,-41.2886318430775
117.189496040344,750.639067695029,269.535343033031,152.8,-43,2.66299530717959,-41.3193018430775
117.481736898422,750.281652797486,269.756305159848,152.8,-43,2.66912530717959,-41.3131718430775
117.84184885025,749.843506850453,270.029138372264,152.8,-43,2.66912530717959,-41.3131718430775
118.183063983917,749.417360865384,270.316680216177,152.8,-43,2.69980530717959,-41.2824918430775
118.569293022156,748.899897171811,270.734841898131,152.8,-44,2.71207530717959,-41.2702218430775
118.925786018372,748.422273367563,271.120809021635,152.8,-44,2.72434530717959,-41.2579518430775
119.234279870987,747.975292686139,271.396244097504,152.8,-44,2.74275530717959,-41.2395418430775
119.566571950912,747.49186274056,271.689504104878,152.8,-44,2.76116530717959,-41.2211318430775
119.902936935425,747.023118169646,271.974303284869,152.8,-44,2.75502530717959,-41.2272718430775
120.234930992126,746.602149142801,272.231020263241,152.8,-44,2.78570530717959,-41.1965918430775
120.597501039505,746.142409707931,272.511380363467,152.8,-44,2.81025530717959,-41.1720418430775
120.892138957977,745.735975664466,272.759547734332,152.8,-44,2.86547530717959,-41.1168218430775
121.071532011032,745.48480996245,272.912941320511,152.8,-44,2.89001530717959,-41.0922818430775
121.419975042343,744.996959752637,273.210884441729,152.8,-44,2.92069530717959,-41.0616018430775
121.700293064117,744.617169946167,273.445764992881,152.8,-44,2.98205530717959,-41.0002418430775
122.011440992355,744.198610182203,273.705339860002,152.8,-45,3.00660530717959,-40.9756918430775
122.341001987457,743.769631903992,273.969616605288,152.8,-45,3.06796530717959,-40.9143318430775
122.668020009995,743.43201129948,274.166456583199,152.8,-45,3.10477530717959,-40.8775218430775
122.986675024033,743.103024849023,274.35826266605,152.8,-45,3.17840530717959,-40.8038918430775
123.329941034317,742.661856922207,274.631631059515,152.8,-45,3.20908530717959,-40.7732118430775
123.651001930237,742.222811069062,274.907636012287,152.8,-45,3.25817530717959,-40.7241218430775
123.954977989197,741.931550801337,275.2994321797,152.8,-45,3.33180530717959,-40.6504918430775
124.264791965485,742.184813900841,276.275646308696,152.8,-45,3.38702530717959,-40.5952718430775
124.601547956467,742.46010124286,277.336753881569,152.8,-45,3.40543530717959,-40.5768618430775
124.949934959412,742.349808170744,278.031406415175,152.8,-45,3.42998530717959,-40.5523118430775
125.3325278759,741.809771986997,278.366849373605,152.8,-45,3.48520530717959,-40.4970918430775
125.648454904556,741.366597152634,278.642295646275,152.8,-45,3.51588530717959,-40.4664118430775
126.007942914963,740.899020560954,278.935164016876,152.8,-45,3.58951530717959,-40.3927818430775
126.225235939026,740.616393244754,279.112188707708,152.8,-45,3.61405530717959,-40.3682418430775
126.555093050003,740.178753415908,279.385067390384,152.8,-46,3.66314530717959,-40.3191518430775
126.875763893127,739.727043029381,279.663013110149,152.8,-46,3.71223530717959,-40.2700618430775
127.198864936829,739.27190936049,279.943065238597,152.8,-46,3.75518530717959,-40.2271118430775
127.512897014618,738.846071692861,280.212806651398,152.8,-46,3.76132530717959,-40.2209718430775
127.827153921127,738.42781932087,280.4815710743,152.8,-46,3.81654530717959,-40.1657518430775
128.223758935928,737.89432602656,280.823850464988,152.8,-46,3.89017530717959,-40.0921218430775
128.472180843353,737.552253541981,281.042572273509,152.8,-47,3.92085530717959,-40.0614418430775
128.855437994003,737.024515360135,281.380009088111,152.8,-47,3.98221530717959,-40.0000818430775
129.20791888237,736.57213765419,281.66827482052,152.8,-47,4.01902530717959,-39.9632718430775
129.579305887222,736.104345515048,281.966079295717,152.8,-47,4.12334530717959,-39.8589518430775
129.827055931091,735.80268391739,282.157933592772,152.8,-47,4.14174530717959,-39.8405518430775
130.310310840607,735.303665661755,282.473627716759,152.8,-47,4.24605530717959,-39.7362418430775
130.623333930969,734.980432036084,282.678115138105,152.8,-47,4.29514530717959,-39.6871518430775
130.88894200325,734.658271647421,282.874868959744,152.8,-47,4.34423530717959,-39.6380618430775
131.136726856232,734.351946824171,283.061226266664,152.8,-47,4.37491530717959,-39.6073818430775
131.49792599678,733.905413222316,283.332881689846,152.8,-47,4.45467530717959,-39.5276218430775
131.824630022049,733.443543437351,283.622059573606,152.8,-48,4.52217530717959,-39.4601218430775
132.193330049515,732.920910814674,283.949453225345,152.8,-48,4.57126530717959,-39.4110318430775
132.623640060425,732.318148037823,284.328888759691,152.8,-48,4.65716530717959,-39.3251318430775
132.773092985153,732.109681019794,284.460346047446,152.8,-49,4.67557530717959,-39.3067218430775
133.139349937439,731.604061912616,284.778740408114,152.8,-49,4.73079530717959,-39.2515018430775
133.411212921143,731.268986440209,284.986309284826,152.8,-49,4.76147530717959,-39.2208218430775
133.80498290062,730.783658647159,285.286954820344,152.8,-49,4.87805530717959,-39.1042418430775
134.096993923187,730.449283748396,285.49369181942,152.8,-49,4.97009530717959,-39.0122018430775
134.396345853806,730.126678033254,285.69281377664,152.8,-49,5.01918530717959,-38.9631118430775
134.761206865311,729.733474464127,285.935510854203,152.8,-49,5.10508530717959,-38.8772118430775
135.149359941483,729.225580752618,286.111903677347,152.8,-49,5.18485530717959,-38.7974418430775
135.403712034225,728.88927368234,286.224304973724,152.8,-49,5.24621530717959,-38.7360818430775
135.744494915009,728.420671330941,286.429257867844,152.8,-50,5.27689530717959,-38.7054018430775
136.164253950119,727.797322933481,286.820946225172,152.8,-50,5.36279730717959,-38.6194998430775
136.431927919388,727.399823116135,287.07071994903,152.8,-50,5.42415630717959,-38.5581408430775
136.780349969864,726.874773751584,287.398500137901,152.8,-51,5.52233130717959,-38.4599658430775
137.038269042969,726.485609309725,287.641312140086,152.8,-51,5.63891330717959,-38.3433838430775
137.502518892288,725.775815948202,288.084655442575,152.8,-51,5.78003930717959,-38.2022578430775
137.673593044281,725.511727352373,288.249736706007,152.8,-51,5.85367030717959,-38.1286268430775
138.015337944031,724.984172899199,288.579509960265,152.8,-51,5.96411730717959,-38.0181798430775
138.410140037537,724.524558349083,288.865751660381,152.8,-51,6.08070030717959,-37.9015968430775
138.692445039749,724.21007603992,289.061473772624,152.8,-52,6.17887430717959,-37.8034228430775
139.192744970322,723.628421313578,289.411536209125,152.8,-52,0.0613553071795865,-37.6377565358979
139.418771028519,723.357013375362,289.570824058904,152.8,-52,0.159535307179587,-37.5395765358979
139.718477964401,722.997130792859,289.782037198493,152.8,-52,0.251575307179587,-37.4475365358979
140.176457881927,722.402662926923,290.147716092704,152.8,-52,0.417245307179586,-37.2818665358979
140.612643003464,721.828716740064,290.503480589567,152.8,-52,0.607455307179587,-37.0916565358979
140.911506891251,721.425816293268,290.754949859849,152.8,-52,0.699495307179586,-36.9996165358979
141.288039922714,720.917032816898,291.072711582995,152.8,-53,0.791535307179586,-36.9075765358979
141.760776996613,720.272433766336,291.472431608765,152.8,-52,1.00015530717959,-36.6989565358979
142.236923933029,719.619678997087,291.875498761362,152.8,-52,1.21491530717959,-36.4841965358979
142.595175981522,719.122825811627,292.181814402317,152.8,-52,1.36217530717959,-36.3369365358979
142.812713861465,718.820821154182,292.3679781539,152.8,-52,1.45421530717959,-36.2448965358979
143.109231948853,718.409169429753,292.621731291397,152.8,-52,1.60147530717959,-36.0976365358979
143.50187087059,717.959755788752,292.826339138687,152.8,-52,1.75487530717959,-35.9442365358979
143.843055009842,717.570817791074,293.001962688154,152.8,-51,1.86532530717959,-35.8337865358979
144.21026802063,717.124078162341,293.254497136007,152.8,-51,2.01258530717959,-35.6865265358979
144.691529989243,716.519701414195,293.628111853043,152.8,-51,2.12302530717959,-35.5760865358979
144.931380987167,716.210307028169,293.819730284118,152.8,-51,2.22120530717959,-35.4779065358979
145.349057912827,715.646928652506,294.169692434889,152.8,-51,2.31324530717959,-35.3858665358979
145.686846017838,715.190176640036,294.453481706833,152.8,-51,2.41755530717959,-35.2815565358979
145.843306064606,714.969065982736,294.591382876492,152.8,-51,2.46050530717959,-35.2386065358979
146.353389024735,714.24821244267,295.040961144413,152.8,-50,2.60163530717959,-35.0974765358979
146.659293889999,713.831899431885,295.29987920409,152.8,-50,2.68139530717959,-35.0177165358979
146.902410030365,713.508899727564,295.500392238403,152.8,-50,2.74889530717959,-34.9502165358979
147.228446006775,713.075734229709,295.769294429871,152.8,-50,2.87161530717959,-34.8274965358979
147.698682069778,712.472701372929,295.998049394691,152.8,-50,3.03728530717959,-34.6618265358979
147.9458360672,712.157664182535,296.10425851396,152.8,-51,3.12932530717959,-34.5697865358979
148.514942884445,711.379295023227,296.519671529511,152.8,-51,3.28885530717959,-34.4102565358979
148.792053937912,710.98872158426,296.759269660223,152.8,-50,3.36862530717959,-34.3304865358979
149.18551492691,710.441449729707,297.093913660821,152.8,-50,3.47293530717959,-34.2261765358979
149.392909049988,710.157185539011,297.267102897826,152.8,-50,3.54042530717959,-34.1586865358979
149.789479970932,709.613626684868,297.598268575029,152.8,-50,3.66314530717959,-34.0359665358979
150.197998046875,709.097841411516,297.910149920027,152.8,-50,3.76132530717959,-33.9377865358979
150.531681060791,708.682695266385,298.160819909364,152.8,-51,3.86563530717959,-33.8334765358979
150.716032981873,708.437385383097,298.30930703195,152.8,-51,3.89631530717959,-33.8027965358979
151.181756019592,707.744783530539,298.730106308756,152.8,-51,3.97607530717959,-33.7230365358979
151.440921068192,707.359365206256,298.96427223183,152.8,-51,4.04357530717959,-33.6555365358979
151.668026924133,707.019303901689,299.184335750197,152.8,-51,4.08652530717959,-33.6125865358979
152.038581848145,706.464278233935,299.54447750959,152.8,-51,4.17856530717959,-33.5205465358979
152.476013898849,705.811843554555,299.957204135638,152.8,-52,4.31968530717959,-33.3794265358979
152.720278024673,705.448977448901,300.18112467552,152.8,-52,4.39332530717959,-33.3057865358979
152.964657068253,705.085940627396,300.405150562208,152.8,-52,4.41786530717959,-33.2812465358979
153.341785907745,704.605725075605,300.701036400445,152.8,-52,4.46695530717959,-33.2321565358979
153.598760843277,704.309719288213,300.883216374648,152.8,-53,4.58353530717959,-33.1155765358979
153.969460964203,703.882715071035,301.1460207541,152.8,-53,4.62034530717959,-33.0787665358979
154.249127864838,703.519345348605,301.366298615381,152.8,-53,4.70625530717959,-32.9928565358979
154.449311971664,703.258329611618,301.524462266865,152.8,-54,4.72466530717959,-32.9744465358979
154.809118032455,702.789186253445,301.808741779874,152.8,-53,4.87805530717959,-32.8210565358979
