3.09839987754822,1,4.22152,-63,8.9113479357709,1.85761065872636,0.633,-2.08922406587264
25.1377248764038,1,5.04373,-65,8.62549810478837,2.01881776442773,0.633,-2.07643779506455
25.4952619075775,1,5.41188,-64,8.62083402638365,2.02145078176299,0.633,-2.07663267299233
25.6619470119476,1,5.43029,-64,8.61852771110534,2.02275711907458,0.633,-2.0770669069666
25.9035499095917,1,5.54074,-64,8.61510256174186,2.02469974110163,0.633,-2.07791041389939
26.3151569366455,1,5.59596,-64,8.60926730247775,2.02800929113202,0.633,-2.07934745535996
26.5785458087921,1,5.63891,-63,8.60561941253401,2.03007908338695,0.633,-2.07967376028066
26.8583760261536,1,5.7555,-63,8.60178439204553,2.03225545751416,0.633,-2.0797408731392
27.0989928245544,1,5.91503,-64,8.59848678408726,2.03412685003048,0.633,-2.07979858127847
27.4573738574982,1,5.96412,-64,8.59446611234594,2.03633299009641,0.633,-2.08032132371471
27.6452298164368,1,6.04388,-64,8.59279287659284,2.03720607593169,0.633,-2.08080827822234
28.0642328262329,1,6.22796,-63,8.5890608107025,2.03915344877447,0.633,-2.08189440509043
28.3117258548737,1,6.21569,-64,8.58591202758684,2.04090206532041,0.633,-2.08202847492243
28.4754710197449,1,0.0613592,-63,8.58351249967615,2.04225935402299,0.633,-2.08194723574461
28.7735018730164,1,0.0674952,-64,8.57914514415006,2.04472974092255,0.633,-2.08179937317106
29.0940129756927,1,0.19635,-64,8.57438979022592,2.04742561068071,0.633,-2.08173907964833
29.3438308238983,1,0.153398,-64,8.57060723216327,2.04957770193188,0.633,-2.08182029063894
29.6333940029144,1,0.46633,-65,8.56622287954274,2.05207218496701,0.633,-2.08191442207423
29.737902879715,1,0.392699,-64,8.56464048301903,2.05297249149454,0.633,-2.08194839590545
37.8772058486938,1,5.30451,-65,8.45972660816906,2.11507817020345,0.633,-2.08713995029837
38.0930178165436,1,5.52233,-64,8.45708617766585,2.11662075087279,0.633,-2.08677908299187
38.2707788944244,1,5.66959,-64,8.45484664984072,2.1179282392527,0.633,-2.08654083983481
38.6230318546295,1,5.76777,-64,8.44997822682225,2.12076485429056,0.633,-2.08646167848491
38.794224023819,1,5.6021,-64,8.44761221151161,2.12214342689703,0.633,-2.08642320669125
39.2757489681244,1,5.90276,-64,8.44109326903423,2.12592711187663,0.633,-2.0863057991052
39.3451819419861,1,5.98866,-63,8.44017226347029,2.12645959531943,0.633,-2.08628758713077
39.768620967865,1,6.25864,-63,8.43455548404791,2.12970696120017,0.633,-2.086176520871
40.0588579177856,1,6.27091,-63,8.43015694085836,2.13245614967046,0.633,-2.08630042968796
40.3256349563599,1,6.19728,-63,8.42597415993448,2.13511645005713,0.633,-2.08646528426842
40.5183098316193,1,0.0613592,-63,8.42295322231162,2.13703780373844,0.633,-2.08658434749776
40.8377130031586,1,0.184078,-62,8.41833964831873,2.13983011861109,0.633,-2.0867030335253
40.929093837738,1,0.13499,-63,8.41710620247389,2.14054284577863,0.633,-2.08671972991575
41.3313539028168,1,0.288388,-62,8.41167655184637,2.14368028349317,0.633,-2.08679322772458
41.5507578849792,1,0.368155,-62,8.4086989066372,2.14540085394295,0.633,-2.08684657735637
41.7284548282623,1,0.417243,-63,8.40614212303857,2.14687810668882,0.633,-2.08700891282295
42.1451489925385,1,0.49701,-63,8.4001465398553,2.15034222141694,0.633,-2.08738958477109
42.2766478061676,1,0.503146,-63,8.3982544757392,2.15143541401735,0.633,-2.08750971582608
42.5133528709412,1,0.539961,-63,8.39490796244064,2.15336837882892,0.633,-2.08760777493532
43.124048948288,1,0.711767,-64,8.38646579661177,2.15824272457535,0.633,-2.0874785581114
43.3346779346466,1,0.730175,-64,8.3835453559253,2.15993331900043,0.633,-2.08730730174258
43.6449580192566,1,0.822214,-64,8.37922025472244,2.16244854362467,0.633,-2.08672209539703
43.9709589481354,1,0.859029,-65,8.37467601524475,2.16509120618831,0.633,-2.08610723862183
44.1232478618622,1,0.99402,-64,8.3724234448881,2.16656903841428,0.633,-2.08636601527754
44.4605059623718,1,1.09219,-64,8.36703437663659,2.1705929322221,0.633,-2.08862445201156
44.653785943985,1,1.09219,-65,8.36394594373908,2.17289899431523,0.633,-2.08991874445336
44.8636288642883,1,1.17196,-64,8.3606091079115,2.17538378717584,0.633,-2.09130529537837
45.1623919010162,1,1.264,-65,8.35719320238652,2.17737084013282,0.633,-2.09174764285642
45.5523269176483,1,1.39899,-65,8.35273488253448,2.17996427182475,0.633,-2.09232497924014
45.8696908950806,1,1.46035,-65,8.34907389685875,2.18208164518231,0.633,-2.09259804530517
46.0370419025421,1,1.42967,-65,8.34712630206477,2.18320165553488,0.633,-2.09263818219494
46.3655760288239,1,1.75487,-65,8.3433028930295,2.18540039713907,0.633,-2.09271697668928
46.6670608520508,1,1.8101,-65,8.33969378170645,2.18747658188251,0.633,-2.09261116361924
47.1561458110809,1,5.25542,-67,8.33339061255866,2.19110550499588,0.633,-2.0916449844068
47.4262719154358,1,2.30097,-67,8.32990931448244,2.19310979248319,0.633,-2.09111135477468
47.7060940265656,1,2.45437,-67,8.32624765865386,2.1952004390477,0.633,-2.09089449539244
47.9130699634552,1,2.53414,-67,8.32353759618978,2.19674725545875,0.633,-2.09074407564421
48.2467048168182,1,2.6814,-66,8.31916911110694,2.19924064611195,0.633,-2.09050160653693
48.552011013031,1,2.87775,-66,8.31465995646938,2.2017746128709,0.633,-2.09023066567134
48.7480068206787,1,3.04955,-66,8.31174711016648,2.20341026984132,0.633,-2.09005499278918
49.0971999168396,1,3.17841,-65,8.30657162768478,2.20631741881863,0.633,-2.08974977749565
49.4167418479919,1,3.28885,-65,8.3023296703128,2.20873342085568,0.633,-2.08974180389157
49.6454639434814,1,3.42385,-65,8.29929335712662,2.21046274960645,0.633,-2.08973609653595
49.8078198432922,1,3.46066,-64,8.29713806312936,2.21169029487181,0.633,-2.08973204523145
50.2163279056549,1,3.63247,-65,8.29183439099071,2.21471562556045,0.633,-2.08946868604136
50.4389889240265,1,3.69383,-63,8.28895990072389,2.21635594543924,0.633,-2.08929050432928
51.0169959068298,1,4.00676,-63,8.28151808941469,2.22061190112308,0.633,-2.08872707953485
51.1402769088745,1,4.05585,-63,8.27993549482464,2.22151913941371,0.633,-2.08858360255278
51.5940999984741,1,4.22152,-62,8.27410511848801,2.22486140698291,0.633,-2.08804759401115
51.8989679813385,1,4.40559,-62,8.26984056553967,2.2273018780399,0.633,-2.08708359002535
52.1632189750671,1,4.4915,-62,8.2661441709763,2.2294172097186,0.633,-2.0862480184812
52.4810919761658,1,4.69398,-62,8.26179990249088,2.2320416724286,0.633,-2.08542404319948
52.7486419677734,1,4.73693,-62,8.25873759053099,2.23471511937771,0.633,-2.08578374333446
53.0441989898682,1,4.73693,-62,8.25535471692986,2.2376684217279,0.633,-2.08618109674157
53.3384318351746,1,4.89647,-62,8.25194429043629,2.24038294930892,0.633,-2.08638942274182
53.6264460086823,1,5.01305,-61,8.24847667854909,2.24235746472959,0.633,-2.08602661425463
53.9289598464966,1,5.1235,-61,8.24483449466879,2.2444313843234,0.633,-2.08564554068969
54.2430949211121,1,5.17872,-62,8.24106105581461,2.24658925616925,0.633,-2.08569538035558
54.3106319904327,1,5.22167,-61,8.24025180281307,2.24705417995249,0.633,-2.08580962783816
54.8350329399109,1,5.50392,-62,8.23396824555114,2.25066414520297,0.633,-2.08669671827513
55.2513499259949,1,5.68186,-62,8.22835472605864,2.25387742363902,0.633,-2.08778943220763
55.4893720149994,1,5.72482,-62,8.2250195675332,2.25578442863971,0.633,-2.08849230776588
55.881000995636,1,5.84753,-62,8.2196136641275,2.25887171317196,0.633,-2.08943457972838
56.1770758628845,1,5.84753,-63,8.21574072775755,2.26107354921932,0.633,-2.08958519392054
56.5201230049133,1,6.06843,-63,8.21125335007056,2.26362470653396,0.633,-2.08975970305281
56.8614218235016,1,6.19115,-64,8.20736363153856,2.26574795986907,0.633,-2.089336896636
57.1796579360962,1,0.00613592,-64,8.20395534000407,2.26756995545337,0.633,-2.08871584680645
57.5139808654785,1,0.122718,-65,8.20023130991968,2.26959307613482,0.633,-2.08815625993336
57.8191540241241,1,0.0552233,-66,8.19597637083718,2.27209007242607,0.633,-2.08819931159355
58.0125818252563,1,0.239301,-66,8.19327946422085,2.27367274275067,0.633,-2.08822659901294
58.7449300289154,1,0.398835,-68,8.18319920638807,2.27956882007375,0.633,-2.0878071479351
58.9812998771667,1,0.423379,-68,8.17997628955443,2.28144933193849,0.633,-2.08754954357007
87.6839578151703,1,1.45728,-66,7.80214309398096,2.4973514788398,0.633,-2.09169628824661
87.8529210090637,1,4.62649,-66,7.79992601387137,2.49866165933972,0.633,-2.09163068274293
88.2539649009705,1,4.60194,-65,7.79466364627919,2.50177144836939,0.633,-2.09147496429373
88.5309598445892,1,4.54058,-64,7.79092514657768,2.50396957474794,0.633,-2.09162213952511
88.8346970081329,1,4.6633,-65,7.78679129101032,2.50639657035324,0.633,-2.09186795505718
89.0449378490448,1,4.58967,-64,7.78392991816891,2.50807648857922,0.633,-2.09203810369347
89.416298866272,1,4.61421,-64,7.7787111795214,2.5111475873091,0.633,-2.09264899845223
89.6770558357239,1,4.59581,-63,7.77496793546233,2.51335371894286,0.633,-2.09322663942735
90.0269029140472,1,4.64489,-64,7.76998667788704,2.51626701052241,0.633,-2.09402654006202
90.2103579044342,1,4.7492,-63,7.76758516226454,2.5175548461902,0.633,-2.09457421394921
90.4921779632568,1,4.62649,-64,7.76389599974806,2.5195331947916,0.633,-2.09541554013379
90.733283996582,1,4.68171,-63,7.76073980375421,2.52122573500967,0.633,-2.09613532147208
90.920334815979,1,4.6633,-63,7.75819705721656,2.52267920020597,0.633,-2.09626253767385
91.3324048519135,1,4.71239,-63,7.75249292363513,2.52603398732105,0.633,-2.09607339537359
91.6840989589691,1,4.6633,-63,7.74767782746374,2.52886006136704,0.633,-2.09592951227887
91.9211158752441,1,4.69398,-62,7.74460363706707,2.53064542525143,0.633,-2.09588881249427
92.2323088645935,1,4.68785,-62,7.74056735765543,2.53298953103506,0.633,-2.09583537543233
92.4667959213257,1,4.69398,-63,7.73752598040152,2.53475583838994,0.633,-2.0957951100671
92.7484040260315,1,4.72466,-62,7.73381543014427,2.53689253640145,0.633,-2.0957005246128
93.0757160186768,1,4.66944,-62,7.72949470701231,2.53937813322421,0.633,-2.09558423938132
93.3800740242004,1,4.72466,-62,7.72547699087476,2.54168941820157,0.633,-2.09547610908999
93.8435549736023,1,4.7308,-63,7.71966942911744,2.54502054658836,0.633,-2.0955719282353
94.2038519382477,1,4.65717,-62,7.71516410055074,2.54760442452433,0.633,-2.09565421734154
94.5393328666687,1,4.76761,-63,7.70998467211233,2.55068520413934,0.633,-2.09658496928998
94.8437008857727,1,4.7308,-62,7.70505389951832,2.55363910568563,0.633,-2.09763042994022
95.1402769088745,1,4.71852,-63,7.70046254986486,2.55636830468858,0.633,-2.09832333888984
95.4374499320984,1,4.70012,-63,7.69659809867094,2.55858822958192,0.633,-2.09789271800752
95.7208669185638,1,4.63262,-63,7.69291253159004,2.56070539491754,0.633,-2.09748203041733
95.9179289340973,1,4.54058,-64,7.69029133868927,2.5622121174104,0.633,-2.09718247926405
96.3416228294373,1,4.61421,-65,7.68421533583968,2.56571197715992,0.633,-2.09643324242618
96.5974869728088,1,4.55899,-65,7.68054610368568,2.56782550446484,0.633,-2.09598078643421
96.9393630027771,1,4.6633,-65,7.6757358893786,2.57055550918015,0.633,-2.09591220011087
97.2119288444519,1,4.81056,-66,7.67193232652786,2.57270007121302,0.633,-2.09603981555839
97.9015238285065,1,4.92715,-67,7.66264089679436,2.57795070102208,0.633,-2.09661589783708
107.861812829971,1,1.14128,-66,7.52149233892049,2.65905629636622,0.633,-2.09703836189845
107.985847949982,1,1.17196,-64,7.51973313800457,2.66005690380593,0.633,-2.09724782427621
108.83794593811,1,4.44854,-66,7.50823040931025,2.66660323879716,0.633,-2.0981242714947
109.169123888016,1,4.35651,-66,7.50407930401478,2.66896784326431,0.633,-2.09815638836352
116.117122888565,1,5.32905,-67,7.40335664120422,2.72729535397823,0.633,-2.0929633974675
116.376873016357,1,5.30144,-65,7.4001070650623,2.72915310253059,0.633,-2.09260134423525
116.651914834976,1,5.15418,-64,7.39666618386079,2.73112021817639,0.633,-2.09221797664933
117.271152019501,1,5.03146,-65,7.38940676480045,2.73534400212101,0.633,-2.09231147390747
117.747387886047,1,4.92101,-65,7.38386617483716,2.73858885867836,0.633,-2.09262533638164
118.070348978043,1,5.02532,-65,7.37980578593413,2.74096387271428,0.633,-2.0927654769614
118.209498882294,1,4.76761,-64,7.37805634074992,2.74198716308543,0.633,-2.09282585744914
118.635341882706,1,4.74307,-64,7.3725757051814,2.7451891814684,0.633,-2.09299456519389
118.983080863953,1,4.71852,-63,7.36773310207399,2.74800788049685,0.633,-2.0930857711717
119.280970811844,1,4.64489,-63,7.36358469517938,2.75042251374761,0.633,-2.093163902602
119.663650989532,1,4.59581,-63,7.35877735474975,2.7523164675605,0.633,-2.0924015094634
119.754057884216,1,4.66944,-63,7.35766518630676,2.75270939610685,0.633,-2.09218246308986
120.255116939545,1,4.52218,-62,7.35138483613197,2.75528897851704,0.633,-2.09125259969552
120.591025829315,1,4.55285,-61,7.34690363201883,2.75795336485772,0.633,-2.09129036265153
121.295598983765,1,4.26447,-61,7.33719643537752,2.76375043398145,0.633,-2.09113821089607
121.504990816116,1,4.37491,-60,7.33421992450388,2.76553532636224,0.633,-2.09102411976378
121.938763856888,1,4.35651,-60,7.32819287772977,2.76913200932984,0.633,-2.0912532215296
122.220623970032,1,4.38719,-60,7.32441776699559,2.7713666633196,0.633,-2.09187469334924
122.440889835358,1,4.39946,-60,7.321467622602,2.77311298346852,0.633,-2.09236035634923
122.873668909073,1,4.33196,-60,7.31595551193045,2.77640472485228,0.633,-2.09302784070072
123.203915834427,1,4.40559,-59,7.31190566330204,2.7788399279491,0.633,-2.09337950822867
123.486074924469,1,4.43627,-59,7.30844552025126,2.78092053684238,0.633,-2.09367996882972
123.579428911209,1,4.43014,-59,7.30686873631115,2.78164410942743,0.633,-2.09384723784313
124.16069984436,1,4.56513,-59,7.29674897762321,2.78617404444987,0.633,-2.09493616453122
124.482699871063,1,4.54672,-59,7.29196024042863,2.7886626961998,0.633,-2.0951480674283
124.709020853043,1,4.5774,-59,7.28901172015183,2.79040127718756,0.633,-2.0950971821311
125.085620880127,1,4.70625,-59,7.28410535748768,2.79329429064725,0.633,-2.09501250856642
125.565744876862,1,4.76761,-59,7.27718174185386,2.79735204755669,0.633,-2.09445930314111
125.810619831085,1,4.75534,-59,7.27364241683641,2.7994260858988,0.633,-2.09417175210253
126.157946825027,1,4.81056,-59,7.26899722708372,2.80216204167582,0.633,-2.09539654364474
126.561942815781,1,4.88419,-59,7.26373910631167,2.8052648066359,0.633,-2.09745242149616
126.835429906845,1,4.95169,-59,7.260213921112,2.80734764021221,0.633,-2.09839925874068
127.058704853058,1,4.93328,-59,7.25739776751984,2.80901637732264,0.633,-2.09837114831463
127.564257860184,1,5.07441,-59,7.25102125756565,2.81279483558043,0.633,-2.09830749894122
127.910629987717,1,5.11122,-59,7.24816684841309,2.81478951822525,0.633,-2.09823120532192
128.106200933456,1,5.20326,-59,7.24673274290868,2.81584610997538,0.633,-2.09818429532879
128.395123004913,1,5.2953,-59,7.2446141013515,2.81740704059305,0.633,-2.09811499396944
128.953096866608,1,5.41188,-59,7.23846090958056,2.82114905333891,0.633,-2.09826000285235
129.419766902924,1,5.55915,-59,7.23277911863153,2.82448665549346,0.633,-2.0983496710077
129.604098796844,1,5.52233,-59,7.23037506175914,2.82588307895904,0.633,-2.09828755661961
130.089774847031,1,5.688,-59,7.2240408738909,2.82956236320404,0.633,-2.09812389817709
130.298268795013,1,5.70641,-59,7.22113727340575,2.83125675194964,0.633,-2.0982513095947
130.635673999786,1,5.8414,-59,7.21642085212249,2.83400970210023,0.633,-2.09847629066198
130.917140007019,1,5.73709,-59,7.2124863773478,2.83630623421069,0.633,-2.09866397159226
131.082194805145,1,6.0132,-59,7.21029311823021,2.83759408671837,0.633,-2.09870667935705
131.516726016998,1,6.09911,-59,7.20453642435545,2.840975569722,0.633,-2.09880883896441
131.811216831207,1,6.10524,-59,7.2007346357455,2.84311531687729,0.633,-2.09879076867615
132.095094919205,1,6.06843,-58,7.19779739059949,2.84406846265315,0.633,-2.0981358862043
132.332008838654,1,6.19115,-59,7.19534607685128,2.84486392208137,0.633,-2.09758934605293
132.624397993088,1,6.20955,-59,7.19232076894299,2.84584564451519,0.633,-2.09691482927868
132.895326852798,1,6.24023,-59,7.18847137521888,2.84798988551441,0.633,-2.09689411518324
133.208495855331,1,6.25864,-59,7.1838818841451,2.85063358409162,0.633,-2.09695100970068
133.449289798737,1,0.0368155,-58,7.18035304941069,2.85266630955434,0.633,-2.09699475558582
133.74876499176,1,0.0490874,-58,7.17633332583116,2.85498214404652,0.633,-2.09657069772609
134.108382940292,1,0.251573,-58,7.17155361187875,2.85773587022399,0.633,-2.0960001867562
134.421837806702,1,0.368155,-58,7.16763970504309,2.86000556123004,0.633,-2.09548210905584
134.741014957428,1,0.319068,-58,7.16395994840701,2.86215852808539,0.633,-2.09492937250231
134.995898962021,1,0.411107,-58,7.1610214200531,2.86387781410759,0.633,-2.09448797591134
135.311970949173,1,0.380427,-57,7.15688417049953,2.86628418331648,0.633,-2.09375450783832
135.47650384903,1,0.503146,-57,7.1545961918407,2.86761152982064,0.633,-2.09332202406745
135.948150873184,1,0.521553,-58,7.14797949620907,2.87145084286724,0.633,-2.09208159041172
136.153505802155,1,0.625864,-58,7.14446766591945,2.87349619457439,0.633,-2.09153407291464
136.742743968964,1,0.705631,-58,7.13439094435071,2.87936505438915,0.633,-2.08996304558215
137.081537008286,1,0.791534,-58,7.12974009258155,2.88213914559335,0.633,-2.09016849799627
137.433912992477,1,0.895845,-59,7.12505585222567,2.88494405584082,0.633,-2.09053068152894
137.778074026108,1,0.914253,-59,7.12051561656773,2.88766492351387,0.633,-2.09085830725998
138.185086965561,1,1.03697,-59,7.11522208135209,2.8908420313227,0.633,-2.09118884487363
138.264436006546,1,0.987884,-59,7.11419008236123,2.8914614230749,0.633,-2.09125328469879
138.819396018982,1,0.99402,-59,7.10690534274736,2.89583195146469,0.633,-2.0916238639864
139.122949838638,1,1.05538,-59,7.10289706262418,2.89823616111284,0.633,-2.09179830191039
139.463587999344,1,1.03084,-60,7.09830539289132,2.90099558874503,0.633,-2.09180228218504
139.734835863113,1,1.07992,-60,7.09458331600516,2.90323606221049,0.633,-2.09167087611669
140.066931009293,1,1.04311,-60,7.09002628963665,2.90597912662648,0.633,-2.09150999257323
140.271186828613,1,1.09219,-60,7.08691928528045,2.90784136311261,0.633,-2.0917007681894
140.730404853821,1,1.05538,-61,7.07976079819945,2.91212781766941,0.633,-2.0922946095008
141.084249019623,1,0.99402,-62,7.07457515356875,2.91521544508843,0.633,-2.09284950360426
141.333086013794,1,0.987884,-61,7.0713513696374,2.91711110024952,0.633,-2.09336437290728
141.688171863556,1,0.901981,-62,7.06675108879682,2.91981616557138,0.633,-2.09409908200704
141.924690961838,1,0.846757,-63,7.06370472532535,2.92161378527562,0.633,-2.09451798352585
142.297924995422,1,0.791534,-64,7.05892709244959,2.92444351273647,0.633,-2.09506199314624
142.380568027496,1,0.736311,-64,7.05786920910708,2.92507008276027,0.633,-2.09518245001903
