72.8282430171967,903.935617931401,837.377297208126,107.3,-65,0.325205307179586,0.325205307179586
72.9019818305969,904.004708684958,837.33654607504,107.3,-63,0.245435307179586,0.245435307179586
73.2720010280609,904.351404054797,837.13205808744,107.3,-64,0.110445307179586,0.110445307179586
73.6561839580536,904.755718624974,836.866201350936,107.3,-63,0.00613530717958621,0.00613530717958621
73.865669965744,905.002208758048,836.68981391626,107.3,-63,6.11751530717959,-0.16567
74.2603259086609,905.468429447846,836.356052384841,107.3,-63,5.98252530717959,-0.30066
74.5873649120331,905.865831914343,836.070749573633,107.3,-62,5.88435030717959,-0.398835
74.8584389686584,906.195228400987,835.834269552586,107.3,-62,5.78003930717959,-0.503146
75.2003009319305,906.599140881203,835.543499204105,107.3,-62,5.72481630717959,-0.558369
75.4368529319763,906.876737264065,835.343527586531,107.3,-62,5.55914630717959,-0.724039
75.7127418518066,907.19339737959,835.115725811018,107.3,-62,5.54687430717959,-0.736311
75.9442508220673,907.430940002503,834.946098931181,107.3,-62,5.38734030717959,-0.895845
76.3620119094849,907.859588898244,834.64000491808,107.3,-61,5.25234530717959,-1.03084
76.6863579750061,908.007757355361,834.431165509659,107.3,-61,5.07440530717959,-1.20878
76.9766948223114,908.132364730384,834.245476088056,107.3,-61,5.05600530717959,-1.22718
77.1830549240112,908.299911079221,834.087337084377,107.3,-61,4.93941530717959,-1.34377
77.4731619358063,908.670689314037,833.82023039548,107.3,-61,4.94555530717959,-1.33763
77.8188378810883,909.11004327827,833.503709997831,107.3,-61,4.70011530717959,-1.58307
78.1243138313293,909.451473515344,833.257502766574,107.3,-61,4.63875530717959,-1.64443
78.3418300151825,909.694591188475,833.082189268612,107.3,-61,4.52831530717959,-1.75487
78.6681199073792,910.070594607625,832.809351617307,107.3,-61,4.38104530717959,-1.90214
79.1729199886322,910.672281480573,832.369840821099,107.3,-61,4.28287530717959,-2.00031
79.4530668258667,910.997308472637,832.132012499866,107.3,-61,4.22765530717959,-2.05553
79.5849130153656,911.148495510075,832.02130218761,107.3,-61,4.14788530717959,-2.1353
79.998477935791,911.629874630442,831.672683409158,107.3,-61,4.00062530717959,-2.28256
80.1698348522186,911.86928063518,831.520683408155,107.3,-61,3.91471530717959,-2.36847
80.5069789886475,912.340311115922,831.221623935428,107.3,-61,3.81040530717959,-2.47278
80.9597709178925,912.925676610064,830.810186169571,107.3,-61,3.65087530717959,-2.63231
81.1952979564667,913.214456768309,830.592913479082,107.3,-61,3.58337530717959,-2.69981
81.5559799671173,913.654525638942,830.262760435344,107.3,-60,3.47293530717959,-2.81025
81.7590599060059,913.899200903891,830.080561306664,107.3,-61,3.42384530717959,-2.85934
82.1767380237579,914.402428867635,829.705829122188,107.3,-62,3.22135530717959,-3.06183
82.4454078674316,914.741170786148,829.452669678129,107.3,-62,3.10477530717959,-3.17841
82.5628299713135,914.889618011293,829.341704144382,107.3,-62,3.04341530717959,-3.23977
83.0652990341187,915.542243785662,828.85493549391,107.3,-61,2.83479530717959,-3.44839
83.2886078357697,915.849005154936,828.627139180498,107.3,-61,2.72434530717959,-3.55884
83.6351799964905,916.318568792165,828.287718719227,107.3,-61,2.57708530717959,-3.7061
83.7933149337769,916.510971261713,828.180115036603,107.3,-62,2.48504530717959,-3.79814
84.2553169727325,917.073088240773,827.865743515517,107.3,-62,2.30710530717959,-3.97608
84.3842978477478,917.223873028774,827.764484117255,107.3,-62,2.22733530717959,-4.05585
84.8085699081421,917.705976712086,827.400902360838,107.3,-61,2.06780530717959,-4.21538
84.9050559997559,917.815614617801,827.318218192038,107.3,-62,2.08621530717959,-4.19697
85.4245920181274,918.45383510182,826.83703986145,107.3,-62,1.79782530717959,-4.48536
85.64080286026,918.727060769582,826.631065413662,107.3,-62,1.73646530717959,-4.54672
86.119765996933,919.298949977374,826.199757034613,107.3,-62,1.55852530717959,-4.72466
86.3815348148346,919.600869129139,825.971993463983,107.3,-62,1.42353530717959,-4.85965
86.5278990268707,919.769682814057,825.844642789395,107.3,-62,1.29467530717959,-4.98851
86.9367530345917,920.220514181885,825.504067295013,107.3,-62,1.16582530717959,-5.11736
87.2395989894867,920.553210285092,825.252705988536,107.3,-62,1.03083530717959,-5.25235
87.4395418167114,920.774022221844,825.117216952339,107.3,-62,0.908115307179586,-5.37507
87.762109041214,921.131058874169,824.919647263306,107.3,-62,0.766995307179586,-5.51619
88.0662379264832,921.499015791833,824.69357330688,107.3,-62,0.613595307179586,-5.66959
88.1394529342651,921.608362533113,824.612769658629,107.3,-62,0.607455307179587,-5.67573
88.6545588970184,922.3776741831,824.044273631831,107.3,-62,0.362015307179586,-5.92117
88.925106048584,922.752774056809,823.766690867598,107.3,-62,0.220895307179586,-6.06229
89.2521629333496,923.19946964174,823.436026066022,107.3,-62,0.0736353071795861,-6.20955
89.2922639846802,923.254239816028,823.395482641319,107.3,-62,0.0306753071795862,-6.25251
89.9085879325867,924.051701638701,822.80668948857,107.3,-62,6.03774830717959,-6.52862230717959
90.1536118984222,924.364381105037,822.575978847394,107.3,-62,5.96411730717959,-6.60225330717959
90.539078950882,924.812939495354,822.244326614733,107.3,-62,5.76163230717959,-6.80473830717959
90.6012368202209,924.885271056867,822.190846567574,107.3,-62,5.74936030717959,-6.81701030717959
91.0172200202942,925.440452251252,821.792828644963,107.3,-62,5.54073830717959,-7.02563230717959
91.3975598812103,926.163206957265,821.307565172362,107.3,-62,5.40574830717959,-7.16062230717959
91.6309549808502,926.606724516058,821.009783824211,107.3,-62,5.27689530717959,-7.28947530717959
91.9231188297272,926.95546311215,820.760358075751,107.3,-62,5.16031530717959,-7.40605530717959
92.2167859077454,927.282589014828,820.523632305429,107.3,-62,5.00691530717959,-7.55945530717959
92.4605720043182,927.561221044785,820.321771102953,107.3,-62,4.91487530717959,-7.65149530717959
92.6752569675446,927.845878451355,820.114308925284,107.3,-62,4.79215530717959,-7.77421530717959
93.0425169467926,928.332839772068,819.759404911883,107.3,-62,4.73079530717959,-7.83557530717959
93.2114260196686,928.55977963184,819.594399979385,107.3,-62,4.63262530717959,-7.93374530717959
93.8927550315857,929.483050910213,818.925001380302,107.3,-62,4.28287530717959,-8.28349530717959
94.1796300411224,929.818036426916,818.681009525588,107.3,-62,4.16629530717959,-8.40007530717959
94.3602018356323,930.028891098376,818.527430281712,107.3,-62,4.11106530717959,-8.45530530717959
94.6476910114288,930.360501542549,818.302679604466,107.3,-62,3.90858530717959,-8.65778530717959
94.9940319061279,930.747967652271,818.090010235971,107.3,-62,3.73677530717959,-8.82959530717959
95.2415449619293,931.024870906564,817.938025743014,107.3,-62,3.66314530717959,-8.90322530717959
95.4244468212128,931.25430349476,817.779716796492,107.3,-62,3.55883530717959,-9.00753530717959
95.8355898857117,931.783649535473,817.398630465868,107.3,-62,3.38089530717959,-9.18547530717959
96.022775888443,932.024651215858,817.225128750565,107.3,-62,3.30726530717959,-9.25910530717959
96.3268029689789,932.40563439263,816.947299298684,107.3,-62,3.12932530717959,-9.43704530717959
96.6747009754181,932.840623854386,816.629747596582,107.3,-62,3.03114530717959,-9.53522530717959
96.936084985733,933.147035123504,816.406005786461,107.3,-61,2.77343530717959,-9.79293530717959
97.225154876709,933.469120610164,816.170770437075,107.3,-61,2.60776530717959,-9.95860530717959
97.2669279575348,933.515664727996,816.136776909662,107.3,-61,2.73662530717959,-9.82974530717959
97.7032599449158,933.997311772485,815.784862520736,107.3,-61,2.58935530717959,-9.97701530717959
98.1001818180084,934.42930766604,815.469029091743,107.3,-61,2.47891530717959,-10.0874553071796
98.2653439044952,934.609064308266,815.337608498294,107.3,-61,2.39914530717959,-10.1672253071796
98.6032538414001,934.991144431433,815.022855844068,107.3,-61,2.30097530717959,-10.2653953071796
98.7562308311462,935.164206070072,814.880079992191,107.3,-61,2.20279530717959,-10.3635753071796
99.24760389328,935.744639564854,814.429736786892,107.3,-60,2.07394530717959,-10.4924253071796
99.5355758666992,936.100473268968,814.17108455659,107.3,-60,1.94508530717959,-10.6212853071796
99.6178369522095,936.202119503545,814.097198848264,107.3,-60,1.91440530717959,-10.6519653071796
100.163153886795,936.860579705844,813.619787552879,107.3,-60,1.77328530717959,-10.7930853071796
100.419569969177,937.167063431496,813.397828112043,107.3,-60,1.69351530717959,-10.8728553071796
100.665676832199,937.445637796708,813.196592446104,107.3,-61,1.60147530717959,-10.9648953071796
100.984294891357,937.782244154952,812.954268949875,107.3,-60,1.49716530717959,-11.0692053071796
101.331583023071,938.150827357461,812.688834218518,107.3,-60,1.39899530717959,-11.1673753071796
101.665017843246,938.576148417922,812.378704278599,107.3,-60,1.25786530717959,-11.3085053071796
101.899873971939,938.875724981818,812.160263034091,107.3,-60,1.19650530717959,-11.3698653071796
102.074373960495,939.106737312646,811.992040448332,107.3,-60,1.08605530717959,-11.4803153071796
102.597458839417,939.898023172584,811.418358199876,107.3,-60,0.969475307179586,-11.5968953071796
102.967938899994,940.386214212801,811.066210059,107.3,-60,0.828345307179586,-11.7380253071796
103.159446954727,940.618645374712,810.899116689147,107.3,-61,0.730175307179587,-11.8361953071796
103.350291013718,940.850270652493,810.732602664567,107.3,-60,0.674955307179586,-11.8914153071796
103.84436583519,941.479892949806,810.28196062094,107.3,-60,0.423375307179586,-12.1429953071796
104.070528030396,941.771208734569,810.073652475823,107.3,-60,0.423375307179586,-12.1429953071796
104.354959011078,942.122222648186,809.821183457889,107.3,-61,0.282255307179586,-12.2841153071796
104.625036001205,942.449036430817,809.585471133835,107.3,-61,0.233165307179586,-12.3332053071796
104.87935590744,942.75678293864,809.363510958245,107.3,-61,0.0981753071795861,-12.4681953071796
105.576246023178,943.577867702049,808.773503860407,107.3,-61,6.14819530717959,-12.7013606143592
105.66907286644,943.6868743042,808.695211825713,107.3,-61,6.08683530717959,-12.7627206143592
106.226716995239,944.373083849786,808.471749582653,107.3,-61,5.92730130717959,-12.9222546143592
106.280530929565,944.439650375701,808.452905913169,107.3,-61,5.88435030717959,-12.9652056143592
106.787160873413,945.042570789171,808.122580525921,107.3,-61,5.60823330717959,-13.2413226143592
107.04690694809,945.344305826817,807.90575232445,107.3,-61,5.53460230717959,-13.3149536143592
107.26790189743,945.607573430529,807.716375932929,107.3,-61,5.55914630717959,-13.2904096143592
107.686336040497,946.142596126021,807.330477879525,107.3,-61,5.31984530717959,-13.5297106143592
108.007272958755,946.553349236588,807.034865399633,107.3,-61,5.20326530717959,-13.6462906143592
108.301236867905,946.930292193052,806.764765684797,107.3,-61,5.08667530717959,-13.7628806143592
108.49152302742,947.174291627369,806.589927087872,107.3,-60,5.00691530717959,-13.8426406143592
108.919615983963,947.668792900766,806.231442274624,107.3,-61,4.84737530717959,-14.0021806143592
108.991479873657,947.749174089896,806.17294801169,107.3,-61,4.85351530717959,-13.9960406143592
109.557354927063,948.411720830692,805.713612185529,107.3,-61,4.60807530717959,-14.2414806143592
109.621673822403,948.492011084701,805.661615482569,107.3,-61,4.60194530717959,-14.2476106143592
110.172339916229,949.169771688573,805.216017883228,107.3,-61,4.39945530717959,-14.4501006143592
110.479485034943,949.51228863428,804.965900857758,107.3,-60,4.24605530717959,-14.6035006143592
110.788357973099,949.856732380715,804.714376819664,107.3,-61,4.17856530717959,-14.6709906143592
110.940490007401,950.025418813321,804.590735598983,107.3,-61,4.16015530717959,-14.6894006143592
111.376482009888,950.505554130704,804.237229376295,107.3,-61,3.89017530717959,-14.9593806143592
111.676425933838,950.849787449806,803.984400943517,107.3,-60,3.81040530717959,-15.0391506143592
111.857749938965,951.090428596905,803.809044145473,107.3,-60,3.76132530717959,-15.0882306143592
112.265281915665,951.631277903009,803.414923673202,107.3,-60,3.55269530717959,-15.2968606143592
112.588474035263,952.037800531093,803.117643755393,107.3,-60,3.46679530717959,-15.3827606143592
112.907835006714,952.43381431448,802.827768801338,107.3,-60,3.31339530717959,-15.5361606143592
113.259101867676,952.796117345942,802.562412444927,107.3,-60,3.23363530717959,-15.6159206143592
113.505786895752,953.016588612831,802.40084834466,107.3,-59,3.15386530717959,-15.6956906143592
113.955534934998,953.476603202833,802.063280343087,107.3,-59,2.96365530717959,-15.8859006143592
114.254063844681,953.833708696884,801.800867991279,107.3,-58,2.83479530717959,-16.0147606143592
114.762611865997,954.434159344556,801.361824014083,107.3,-58,2.61390530717959,-16.2356506143592
114.949903011322,954.652410278408,801.203051922048,107.3,-58,2.58322530717959,-16.2663306143592
115.121366977692,954.852217753113,801.057696984943,107.3,-58,2.50345530717959,-16.3461006143592
115.571622848511,955.384958059887,800.669764540516,107.3,-58,2.28869530717959,-16.5608606143592
115.962018966675,955.850638176709,800.330490535753,107.3,-58,2.13530530717959,-16.7142506143592
116.228927850723,956.175888066764,800.093853749873,107.3,-57,2.11075530717959,-16.7388006143592
116.424638032913,956.416903821995,799.918619191709,107.3,-57,2.03099530717959,-16.8185606143592
116.934404850006,957.066772545968,799.423267998609,107.3,-57,1.88372530717959,-16.9658306143592
117.11275601387,957.310120043503,799.22181454422,107.3,-57,1.82850530717959,-17.0210506143592
117.50431895256,957.846234635577,798.784219672909,107.3,-57,1.70578530717959,-17.1437706143592
117.915204048157,958.423264438466,798.361581108603,107.3,-57,1.54625530717959,-17.3033006143592
118.330904960632,958.963528599296,797.965497990391,107.3,-56,1.41739530717959,-17.4321606143592
118.67612695694,959.366565900384,797.66959718706,107.3,-56,1.28854530717959,-17.5610106143592
118.920070886612,959.651475399424,797.460522965687,107.3,-56,1.25786530717959,-17.5916906143592
119.325991868973,960.126962135564,797.11284958893,107.3,-56,1.12287530717959,-17.7266806143592
119.685803890228,960.547528074148,796.805372985988,107.3,-56,1.02469530717959,-17.8248606143592
119.969777822495,960.86872175565,796.571008295133,107.3,-56,0.901985307179586,-17.9475706143592
120.164981842041,961.089510675188,796.409905727268,107.3,-56,0.828345307179586,-18.0212106143592
120.610602855682,961.601801653932,795.992449628884,107.3,-56,0.638135307179586,-18.2114206143592
121.004304885864,962.065639612769,795.556090222111,107.3,-56,0.576775307179586,-18.2727806143592
121.347733974457,962.483179157024,795.214245527425,107.3,-55,0.460195307179586,-18.3893606143592
121.931741952896,963.206423265085,794.685313545024,107.3,-55,0.319065307179586,-18.5304906143592
122.080003976822,963.383190697576,794.55714640419,107.3,-55,0.245435307179586,-18.6041206143592
122.577708959579,963.975116422884,794.127867696525,107.3,-56,0.0674953071795859,-18.7820606143592
122.892290830612,964.326807394946,793.871335004934,107.3,-56,0.0122753071795865,-18.8372806143592
123.241104841232,964.716768641158,793.586886963744,107.3,-55,6.17887430717959,-18.9538669215388
123.418179035187,964.919975105108,793.440064459108,107.3,-55,6.11751530717959,-19.0152259215388
123.871412038803,965.443307998825,793.062777954336,107.3,-55,5.99479730717959,-19.1379439215388
124.223363876343,965.801214439968,792.802565657845,107.3,-55,5.88435030717959,-19.2483909215388
124.408368825912,965.970706549101,792.67838332046,107.3,-55,5.84139930717959,-19.2913419215388
125.136828899384,966.746999729495,792.113658090355,107.3,-55,5.64504930717959,-19.4876919215388
125.401729822159,967.073313188147,791.877681936572,107.3,-55,5.52233130717959,-19.6104099215388
125.67650103569,967.422452568737,791.626194155173,107.3,-55,5.44256430717959,-19.6901769215388
126.089293956757,967.969748487097,791.234032696284,107.3,-54,5.29530130717959,-19.8374399215388
126.421874046326,968.422139409636,790.90896352487,107.3,-54,5.22167530717959,-19.9110659215388
126.692564964294,968.802682848981,790.634563400218,107.3,-54,5.14190530717959,-19.9908359215388
127.040827989578,969.285620621629,790.286680569472,107.3,-54,5.03759530717959,-20.0951459215388
127.234848976135,969.540795202027,790.103608298767,107.3,-54,4.99464530717959,-20.1380959215388
127.704951047897,970.171857934987,789.651771324386,107.3,-54,4.83510530717959,-20.2976359215388
128.006778001785,970.648055592769,789.315780404041,107.3,-55,4.75534530717959,-20.3773959215388
128.413349866867,971.27233322316,788.874603272559,107.3,-54,4.59580530717959,-20.5369359215388
128.49364900589,971.364756809869,788.807984869522,107.3,-54,4.58967530717959,-20.5430659215388
128.811189889908,971.730243511033,788.544544104781,107.3,-54,4.55899530717959,-20.5737459215388
129.284378051758,972.261813778452,788.160482994143,107.3,-54,4.41172530717959,-20.7210159215388
129.526573896408,972.521696271194,787.971848479484,107.3,-54,4.32582530717959,-20.8069159215388
129.88222193718,972.903315945586,787.694851590221,107.3,-54,4.24605530717959,-20.8866859215388
130.165297031403,973.220409044471,787.465733178397,107.3,-54,4.15401530717959,-20.9787259215388
130.587071895599,973.693317321027,787.124062605382,107.3,-54,3.97607530717959,-21.1566659215388
130.742630004883,973.878064484313,786.990998286199,107.3,-54,3.91471530717959,-21.2180259215388
131.284330844879,974.536978339463,786.517002981463,107.3,-54,3.73064530717959,-21.4020959215388
131.542541980743,974.861842393971,786.3176542251,107.3,-53,3.66314530717959,-21.4695959215388
131.715601921082,975.08212887236,786.190344178432,107.3,-53,3.63860530717959,-21.4941359215388
132.195400953293,975.684695976995,785.814462707092,107.3,-54,3.49747530717959,-21.6352659215388
132.381469964981,975.911617512937,785.649722517299,107.3,-53,3.41770530717959,-21.7150359215388
132.705888032913,976.30726343804,785.36249202363,107.3,-54,3.35021530717959,-21.7825259215388
133.15719294548,976.875766671252,784.954004548837,107.3,-54,3.19681530717959,-21.9359259215388
133.445040941238,977.239119557778,784.693094766882,107.3,-54,3.11091530717959,-22.0218259215388
133.754654884338,977.596128236972,784.436659852231,107.3,-53,3.03728530717959,-22.0954559215388
134.145823001862,978.04606694029,784.11347155804,107.3,-53,2.93297530717959,-22.1997659215388
134.301738977432,978.222435447796,783.986473938278,107.3,-53,2.91456530717959,-22.2181759215388
134.684294939041,978.647151497505,783.679789441918,107.3,-53,2.80411530717959,-22.3286259215388
134.905946016312,978.893229926283,783.502097925324,107.3,-52,2.73048530717959,-22.4022559215388
135.35107088089,979.30733092788,783.266422854564,107.3,-52,2.60776530717959,-22.5249759215388
135.638744831085,979.560691635588,783.13569335698,107.3,-52,2.50959530717959,-22.6231459215388
136.001879930496,979.962858070736,782.864455745764,107.3,-53,2.35619530717959,-22.7765459215388
136.457541942596,980.51201876661,782.466678448176,107.3,-52,2.20279530717959,-22.9299459215388
136.667886972427,980.814623223864,782.248040737068,107.3,-52,2.15984530717959,-22.9728959215388
137.003933906555,981.301954785478,781.895970540752,107.3,-52,2.08007530717959,-23.0526659215388
137.287468910217,981.696431619165,781.610807619364,107.3,-52,2.01258530717959,-23.1201559215388
137.588390827179,982.094690439298,781.322687673778,107.3,-51,1.93895530717959,-23.1937859215388
137.910785913467,982.514539328644,781.019105383037,107.3,-52,1.81009530717959,-23.3226459215388
138.212955951691,982.857988615918,780.771935165694,107.3,-52,1.69965530717959,-23.4330859215388
138.716495037079,983.375377602457,780.400488090439,107.3,-52,1.57079530717959,-23.5619459215388
138.875,983.464158833937,780.338095750344,107.3,-52,1.54625530717959,-23.5864859215388
139.308076858521,983.706732291048,780.167623620346,107.3,-51,1.42353530717959,-23.7092059215388
139.756456851959,984.210222997956,779.803664216981,107.3,-51,1.30081530717959,-23.8319259215388
139.99853682518,984.51530657243,779.582462432091,107.3,-51,1.23332530717959,-23.8994159215388
140.248350858688,984.836460114638,779.350308717461,107.3,-51,1.17809530717959,-23.9546459215388
140.706523895264,985.441507664876,778.914674481289,107.3,-51,1.03083530717959,-24.1019059215388
140.911576986313,985.712381694708,778.719631107309,107.3,-51,0.994015307179586,-24.1387259215388
141.195449829102,986.087767336768,778.449271393519,107.3,-51,0.889705307179586,-24.2430359215388
141.592736005783,986.610429281322,778.072934165148,107.3,-51,0.742445307179586,-24.3902959215388
141.907409906387,987.004145862355,777.790149276692,107.3,-51,0.681085307179586,-24.4516559215388
142.18216586113,987.347917541264,777.543237054658,107.3,-50,0.595185307179587,-24.5375559215388
142.556704998016,987.689763838303,777.262102857688,107.3,-50,0.521555307179586,-24.6111859215388
142.93466591835,988.007966809138,776.990107578987,107.3,-50,0.411105307179586,-24.7216359215388
143.275355815887,988.42056311599,776.688354279129,107.3,-50,0.343615307179586,-24.7891259215388
143.572480916977,988.791813711866,776.420052188962,107.3,-50,0.245435307179586,-24.8873059215388
144.060151815414,989.366422773302,776.00519546214,107.3,-50,0.177945307179586,-24.9547959215388
144.477200031281,989.845643596404,775.659360457365,107.3,-50,0.0306753071795862,-25.1020659215388
144.862671852112,990.3336217488,775.307515610001,107.3,-50,6.25864160717959,-25.1572849287183
145.309694051743,990.905977816298,774.894497065422,107.3,-50,6.15433130717959,-25.2615952287183
145.552883863449,991.226218549078,774.66276168284,107.3,-50,6.09297130717959,-25.3229552287183
145.873662948608,991.648631513548,774.357091541884,107.3,-49,6.03774830717959,-25.3781782287183
146.401569843292,992.339865192844,773.870266818268,107.3,-49,5.92116630717959,-25.4947602287183
146.624757051468,992.631912944302,773.665189643817,107.3,-49,5.85367030717959,-25.5622562287183
146.940969944,993.046294183335,773.367572609851,107.3,-49,5.78617530717959,-25.6297512287183
147.31060385704,993.530681007817,773.019676140572,107.3,-49,5.72481630717959,-25.6911102287183
147.708560943604,994.050340929479,772.646789159094,107.3,-49,5.66345730717959,-25.7524692287183
147.971076011658,994.393033477515,772.400906378978,107.3,-49,5.59596230717959,-25.8199642287183
148.410650968552,994.982537962411,771.977172490151,107.3,-49,5.52233130717959,-25.8935952287183
148.699231863022,995.37338835892,771.696048536925,107.3,-49,5.46710730717959,-25.9488192287183
149.111290931702,995.906513501683,771.313053185404,107.3,-49,5.41188430717959,-26.0040422287183
149.500821828842,996.401689771279,770.957490509061,107.3,-49,5.39347630717959,-26.0224502287183
149.747309923172,996.756652691197,770.670195212482,107.3,-49,5.36279730717959,-26.0531292287183
150.088330984116,997.278604175703,770.226536450652,107.3,-48,5.29530130717959,-26.1206252287183
150.485672950745,997.850423362677,769.775135063984,107.3,-48,5.27075530717959,-26.1451712287183
150.764600992203,998.228212615161,769.500855233555,107.3,-48,5.20326530717959,-26.2126612287183
151.129703044891,998.692090505824,769.163325712788,107.3,-48,5.17258530717959,-26.2433412287183
151.489469051361,999.109536903367,768.858548305627,107.3,-48,5.08054530717959,-26.3353812287183
151.938809871674,999.661857372505,768.455109662401,107.3,-48,5.01918530717959,-26.3967412287183
152.246677875519,1000.05384827946,768.168704092432,107.3,-48,4.93941530717959,-26.4765112287183
152.705054044724,1000.58489274082,767.785161357197,107.3,-49,4.89646530717959,-26.5194612287183
152.995836019516,1000.90735396661,767.553610886625,107.3,-49,4.84124530717959,-26.5746812287183
153.287582874298,1001.41624684383,767.204923360872,107.3,-49,4.77988530717959,-26.6360412287183
153.738095998764,1002.45775832774,766.505966810113,107.3,-49,4.75534530717959,-26.6605812287183
154.011541843414,1002.94604344027,766.169781815001,107.3,-49,4.70011530717959,-26.7158112287183
154.290817975998,1003.28195966834,765.926055929528,107.3,-49,4.67557530717959,-26.7403512287183
154.711330890656,1003.7993207482,765.549869018584,107.3,-49,4.62648530717959,-26.7894412287183
155.059216022491,1004.26725833237,765.206875593492,107.3,-49,4.58967530717959,-26.8262512287183
155.317041873932,1004.61405787916,764.952675100944,107.3,-49,4.57739530717959,-26.8385312287183
155.677726984024,1005.09093544183,764.604190319338,107.3,-49,4.55899530717959,-26.8569312287183
155.980829000473,1005.49095230052,764.311967477308,107.3,-49,4.49149530717959,-26.9244312287183
156.166075944901,1005.73353287525,764.135781812322,107.3,-49,4.46081530717959,-26.9551112287183
156.476863861084,1006.13748718086,763.844037036042,107.3,-49,4.42400530717959,-26.9919212287183
156.924530029297,1006.63300789931,763.497840499523,107.3,-49,4.38104530717959,-27.0348812287183
157.183120012283,1006.8304932526,763.373963323372,107.3,-49,4.36264530717959,-27.0532812287183
157.610731840134,1007.21118633195,763.121961227954,107.3,-49,4.31968530717959,-27.0962412287183
157.835317850113,1007.47834850419,762.931045338578,107.3,-49,4.29514530717959,-27.1207812287183
158.264444828033,1007.98656069468,762.567754644176,107.3,-49,4.27060530717959,-27.1453212287183
158.495789051056,1008.24569398526,762.381733960579,107.3,-49,4.26446530717959,-27.1514612287183
158.8376288414,1008.62859557047,762.106865322626,107.3,-49,4.22765530717959,-27.1882712287183
159.153808832169,1008.99074261645,761.847249827531,107.3,-49,4.19083530717959,-27.2250912287183
159.502830982208,1009.39788961805,761.555695135581,107.3,-49,4.15401530717959,-27.2619112287183
159.826988935471,1009.78908707835,761.275509773762,107.3,-49,4.12947530717959,-27.2864512287183
160.068542003632,1010.10257237815,761.050899172356,107.3,-49,4.10493530717959,-27.3109912287183
160.477365016937,1010.63268958046,760.670982814655,107.3,-49,4.08038530717959,-27.3355412287183
160.718809843063,1010.90116856571,760.469623575717,107.3,-49,4.06811530717959,-27.3478112287183
161.081701040268,1011.30469206193,760.166980953555,107.3,-49,4.00675530717959,-27.4091712287183
161.38084602356,1011.66835367694,759.903561625306,107.3,-49,3.98221530717959,-27.4337112287183
161.669914007187,1012.03788252135,759.640874816344,107.3,-50,3.95153530717959,-27.4643912287183
162.090256929398,1012.58488613394,759.251154283457,107.3,-50,3.90858530717959,-27.5073412287183
162.325613021851,1012.89865684036,759.026938966161,107.3,-50,3.87790530717959,-27.5380212287183
162.6424908638,1013.32134047322,758.72500380919,107.3,-49,3.87176530717959,-27.5441612287183
162.889430046082,1013.65737523464,758.488065013127,107.3,-49,3.85949530717959,-27.5564312287183
163.222864866257,1014.11111323285,758.168133424596,107.3,-49,3.84108530717959,-27.5748412287183
163.523114919662,1014.4909156616,757.90023029721,107.3,-50,3.82881530717959,-27.5871112287183
163.94690489769,1014.99535638168,757.544287856525,107.3,-49,3.79813530717959,-27.6177912287183
164.286660909653,1015.36517871707,757.309312298619,107.3,-49,3.77359530717959,-27.6423312287183
164.569813013077,1015.64916697009,757.148764272911,107.3,-49,3.76745530717959,-27.6484712287183
164.885840892792,1015.98043604219,756.95412281535,107.3,-49,3.74904530717959,-27.6668812287183
165.140977859497,1016.33766780648,756.70000949848,107.3,-49,3.73064530717959,-27.6852812287183
165.551344871521,1016.91173713129,756.291733525809,107.3,-50,3.71223530717959,-27.7036912287183
165.810467004776,1017.25947316236,756.046822665217,107.3,-50,3.68768530717959,-27.7282412287183
166.069828987122,1017.60753106548,755.801685109797,107.3,-50,3.67541530717959,-27.7405112287183
166.341941833496,1017.97317560542,755.543891453907,107.3,-50,3.64473530717959,-27.7711912287183
166.599031925201,1018.31933374216,755.299439573834,107.3,-50,3.62019530717959,-27.7957312287183
166.966384887695,1018.81322577658,754.950583822107,107.3,-50,3.62019530717959,-27.7957312287183
167.129421949387,1019.02127581276,754.802461242002,107.3,-50,3.61405530717959,-27.8018712287183
167.42791390419,1019.40217854341,754.531275058765,107.3,-50,3.57724530717959,-27.8386812287183
167.852471828461,1019.93476536935,754.146073626682,107.3,-50,3.50361530717959,-27.9123112287183
168.248234987259,1020.41907652619,753.787683370623,107.3,-50,3.53429530717959,-27.8816312287183
168.49046087265,1020.7151643849,753.57023603699,107.3,-50,3.52201530717959,-27.8939112287183
168.718559980392,1020.99225160216,753.375361510572,107.3,-50,3.50361530717959,-27.9123112287183
168.981458902359,1021.31161247747,753.150756059804,107.3,-50,3.51588530717959,-27.9000412287183
169.281581878662,1021.67066377616,752.897414793161,107.3,-50,3.48520530717959,-27.9307212287183
169.547281980515,1021.9748782961,752.680704674464,107.3,-50,3.47906530717959,-27.9368612287183
169.793995857239,1022.25735445266,752.479480086531,107.3,-50,3.47293530717959,-27.9429912287183
170.140590906143,1022.67312158378,752.183359575506,107.3,-50,3.47906530717959,-27.9368612287183
170.354818820953,1022.94361350295,751.990745549548,107.3,-50,3.48520530717959,-27.9307212287183
170.645545005798,1023.3106949067,751.729351319182,107.3,-50,3.46679530717959,-27.9491312287183
170.93035697937,1023.6917285192,751.46013190614,107.3,-50,3.47906530717959,-27.9368612287183
171.182356834412,1024.03338907397,751.219152174421,107.3,-50,3.47906530717959,-27.9368612287183
171.455238819122,1024.37205023318,750.985172562332,107.3,-50,3.47906530717959,-27.9368612287183
171.757439851761,1024.62787783165,750.828740276709,107.3,-50,3.46679530717959,-27.9491312287183
172.056825876236,1024.88132239135,750.673765160697,107.3,-50,3.46679530717959,-27.9491312287183
172.35142993927,1025.21207524572,750.444645697123,107.3,-50,3.47293530717959,-27.9429912287183
172.583756923676,1025.48846888542,750.24930682143,107.3,-50,3.44225530717959,-27.9736712287183
172.883505821228,1025.84688265263,749.996073526381,107.3,-50,3.44225530717959,-27.9736712287183
173.150032043457,1026.18685168193,749.75672159363,107.3,-50,3.47906530717959,-27.9368612287183
173.391705989838,1026.4951202503,749.539688066205,107.3,-50,3.46679530717959,-27.9491312287183
173.692776918411,1026.87687267146,749.27073830298,107.3,-50,3.48520530717959,-27.9307212287183
173.934178829193,1027.17464059968,749.060293328994,107.3,-50,3.49747530717959,-27.9184512287183
174.255822896957,1027.57138678686,748.779896304569,107.3,-50,3.50361530717959,-27.9123112287183
174.500571012497,1027.86168791255,748.573091195223,107.3,-50,3.52201530717959,-27.8939112287183
174.84255695343,1028.25530049113,748.290923141902,107.3,-50,3.50974530717959,-27.9061812287183
175.069586038589,1028.51660217908,748.103604461982,107.3,-50,3.50361530717959,-27.9123112287183
175.286586999893,1028.79655076849,747.930219361139,107.3,-50,3.53429530717959,-27.8816312287183
175.5052318573,1029.08034429048,747.755844008184,107.3,-50,3.54656530717959,-27.8693612287183
175.65491604805,1029.27462923357,747.63646670426,107.3,-50,3.55883530717959,-27.8570912287183
175.954772949219,1029.66476573728,747.378162488613,107.3,-50,3.54656530717959,-27.8693612287183
176.203207015991,1029.98851060918,747.153607534907,107.3,-50,3.54042530717959,-27.8755012287183
176.495194911957,1030.3690123061,746.889685081303,107.3,-49,3.58951530717959,-27.8264112287183
176.69492483139,1030.64018604448,746.697664168498,107.3,-50,3.58337530717959,-27.8325512287183
176.990805864334,1031.0419658489,746.41313847027,107.3,-49,3.60178530717959,-27.8141412287183
177.2302339077,1031.36522869501,746.184194106835,107.3,-49,3.60792530717959,-27.8080012287183
177.469493865967,1031.65477846916,745.97873697986,107.3,-49,3.63860530717959,-27.7773212287183
177.708595991135,1031.94413723543,745.773415387203,107.3,-49,3.64473530717959,-27.7711912287183
177.96458697319,1032.25393471084,745.553591008375,107.3,-49,3.65700530717959,-27.7589212287183
178.19673204422,1032.52716811966,745.360418570393,107.3,-49,3.64473530717959,-27.7711912287183
178.436715841293,1032.80845439272,745.161663544485,107.3,-49,3.67541530717959,-27.7405112287183
178.641628980637,1033.04863416306,744.991954102366,107.3,-49,3.68155530717959,-27.7343712287183
178.890034914017,1033.29764574498,744.816482477254,107.3,-49,3.71836530717959,-27.6975612287183
179.092562913895,1033.46346023913,744.700131289832,107.3,-49,3.71836530717959,-27.6975612287183
179.364017009735,1033.68570616865,744.54418245115,107.3,-49,3.75518530717959,-27.6607412287183
179.578807830811,1033.91241592197,744.383794430841,107.3,-49,3.76132530717959,-27.6546012287183
179.854148864746,1034.2980476307,744.10908153318,107.3,-49,3.77359530717959,-27.6423312287183
180.052747011185,1034.57619630134,743.910936449251,107.3,-49,3.81654530717959,-27.5993812287183
180.324769020081,1034.94090539269,743.651740109229,107.3,-49,3.82267530717959,-27.5932512287183
180.535078048706,1035.21114526888,743.460143073414,107.3,-49,3.82267530717959,-27.5932512287183
180.789356946945,1035.53788491685,743.228488334236,107.3,-49,3.84722530717959,-27.5687012287183
180.943866968155,1035.73752095875,743.087151855815,107.3,-49,3.81654530717959,-27.5993812287183
181.192808866501,1036.06145923247,742.858235475722,107.3,-49,3.84722530717959,-27.5687012287183
181.397910833359,1036.32835033244,742.669632431739,107.3,-49,3.90244530717959,-27.5134812287183
181.618043899536,1036.61062947293,742.469959736802,107.3,-49,3.90244530717959,-27.5134812287183
181.873383998871,1036.92150508521,742.249272214234,107.3,-49,3.90858530717959,-27.5073412287183
182.108551979065,1037.20782121818,742.046019223138,107.3,-49,3.94539530717959,-27.4705312287183
182.276211977005,1037.41194663621,741.901112607704,107.3,-49,3.96994530717959,-27.4459812287183
182.515372991562,1037.69977651022,741.755619943637,107.3,-49,4.00062530717959,-27.4153012287183
182.740763902664,1037.97041050235,741.629906089229,107.3,-49,4.01289530717959,-27.4030312287183
182.956959962845,1038.23000394631,741.509320747521,107.3,-49,4.06811530717959,-27.3478112287183
183.178074836731,1038.48405761056,741.368924528579,107.3,-49,4.06811530717959,-27.3478112287183
183.464290857315,1038.79044203915,741.153689467498,107.3,-49,4.12334530717959,-27.2925812287183
183.70184803009,1039.04473884087,740.975045964287,107.3,-49,4.14788530717959,-27.2680412287183
183.941998958588,1039.34097298884,740.768625404829,107.3,-49,4.16015530717959,-27.2557712287183
184.164877891541,1039.66311840071,740.545911413356,107.3,-49,4.19697530717959,-27.2189512287183
184.406900882721,1040.01293430813,740.304067531208,107.3,-48,4.23378530717959,-27.1821412287183
184.611800909042,1040.29490631758,740.10801149937,107.3,-48,4.25219530717959,-27.1637312287183
184.877290964127,1040.60981046593,739.884890389383,107.3,-48,4.25219530717959,-27.1637312287183
185.059420824051,1040.82583907917,739.731826213419,107.3,-48,4.27673530717959,-27.1391912287183
185.252296924591,1041.05568413501,739.56901547764,107.3,-48,4.30128530717959,-27.1146412287183
185.470039844513,1041.37385077005,739.345983816636,107.3,-48,4.31355530717959,-27.1023712287183
185.672456979752,1041.66962332063,739.138650187124,107.3,-48,4.34423530717959,-27.0716912287183
185.885512828827,1041.98094119311,738.920419440871,107.3,-48,4.36264530717959,-27.0532812287183
186.111081838608,1042.29844053865,738.664709947536,107.3,-48,4.38104530717959,-27.0348812287183
186.302145957947,1042.56413773348,738.441524303879,107.3,-48,4.40559530717959,-27.0103312287183
186.553587913513,1042.91379743142,738.147810157605,107.3,-48,4.43627530717959,-26.9796512287183
186.707898855209,1043.1185333043,737.983895151478,107.3,-48,4.45467530717959,-26.9612512287183
186.934273004532,1043.38798248629,737.794675220301,107.3,-48,4.49149530717959,-26.9244312287183
187.17097401619,1043.66972355151,737.596823348656,107.3,-48,4.52831530717959,-26.8876112287183
187.383960008621,1043.92323704503,737.418794209948,107.3,-48,4.55899530717959,-26.8569312287183
187.586755037308,1044.17529410301,737.2434554377,107.3,-48,4.56512530717959,-26.8508012287183
187.805265903473,1044.4483187629,737.053745519385,107.3,-48,4.62034530717959,-26.7955812287183
188.061329841614,1044.76826518409,736.831432232909,107.3,-48,4.65716530717959,-26.7587612287183
188.263743877411,1045.01950221684,736.655483211545,107.3,-48,4.68170530717959,-26.7342212287183
188.471266031265,1045.27450411316,736.474764476323,107.3,-49,4.71852530717959,-26.6974012287183
188.694727897644,1045.54909262637,736.28016479088,107.3,-48,4.72466530717959,-26.6912612287183
188.905262947083,1045.80779674953,736.096822303595,107.3,-48,4.76761530717959,-26.6483112287183
189.14927482605,1046.11773373239,735.880793925292,107.3,-48,4.81669530717959,-26.5992312287183
189.352979898453,1046.37748835555,735.700095057005,107.3,-48,4.84737530717959,-26.5685512287183
189.531539916992,1046.60517925093,735.541701390658,107.3,-48,4.87192530717959,-26.5440012287183
189.753039836884,1046.79026352612,735.415553660268,107.3,-48,4.92101530717959,-26.4949112287183
189.997176885605,1046.8640843631,735.370558102491,107.3,-48,4.93328530717959,-26.4826412287183
190.167232990265,1046.91550500591,735.339215996397,107.3,-48,4.97009530717959,-26.4458312287183
190.403096914291,1047.04397958709,735.25436841318,107.3,-48,5.00077530717959,-26.4151512287183
190.608786821365,1047.31746500848,735.063498379495,107.3,-48,5.03759530717959,-26.3783312287183
190.838798999786,1047.62328933617,734.850058484132,107.3,-48,5.05600530717959,-26.3599212287183
191.078004837036,1047.94252273015,734.627257716689,107.3,-48,5.08667530717959,-26.3292512287183
191.302917957306,1048.27282798881,734.396667253095,107.3,-48,5.12963530717959,-26.2862912287183
191.552726984024,1048.63969513772,734.140552451024,107.3,-48,5.15417530717959,-26.2617512287183
191.765266895294,1048.95182921991,733.922647525721,107.3,-48,5.20326530717959,-26.2126612287183
191.955883026123,1049.20526157887,733.743559657414,107.3,-48,5.22167530717959,-26.1942512287183
192.169224023819,1049.48422410702,733.546008642577,107.3,-48,5.25234530717959,-26.1635812287183
192.428745031357,1049.8235711484,733.305695533683,107.3,-48,5.27689530717959,-26.1390312287183
192.56919002533,1050.00443330686,733.177860054019,107.3,-48,5.31984530717959,-26.0960812287183
192.804189920425,1050.28874382141,732.978540235839,107.3,-48,5.36893230717959,-26.0469942287183
193.000349998474,1050.52606466235,732.812163178202,107.3,-48,5.35052530717959,-26.0654012287183
193.225692033768,1050.79869078407,732.62103486521,107.3,-49,5.39961230717959,-26.0163142287183
193.439273834229,1051.0550902397,732.407357496838,107.3,-49,5.42415630717959,-25.9917702287183
193.629612922668,1051.28223946845,732.194999380658,107.3,-49,5.43642830717959,-25.9794982287183
193.862216949463,1051.55982735501,731.935486984382,107.3,-49,5.47937930717959,-25.9365472287183
194.07017993927,1051.81281313974,731.708059782515,107.3,-49,5.51005930717959,-25.9058672287183
194.291877985001,1052.11082798741,731.492690289513,107.3,-49,5.54687430717959,-25.8690522287183
194.494838953018,1052.3836557508,731.295523008957,107.3,-49,5.58369030717959,-25.8322362287183
194.697275876999,1052.6557790745,731.09886481317,107.3,-49,5.60209830717959,-25.8138282287183
194.905680894852,1052.9331637672,730.900055874946,107.3,-49,5.65732130717959,-25.7586052287183
195.180160999298,1053.29693040352,730.640279048793,107.3,-49,5.70027230717959,-25.7156542287183
195.403736829758,1053.59323394789,730.42867966982,107.3,-49,5.76776730717959,-25.6481592287183
195.584442853928,1053.81154184894,730.271492973444,107.3,-49,5.79844730717959,-25.6174792287183
195.800976037979,1054.06332131465,730.089552335722,107.3,-49,5.82912730717959,-25.5867992287183
196.047909021378,1054.35044892005,729.882068458963,107.3,-49,5.86594230717959,-25.5499842287183
196.218765974045,1054.55613885553,729.733591719617,107.3,-49,5.87821430717959,-25.5377122287183
196.414901018143,1054.81680289292,729.545967917699,107.3,-49,5.92116630717959,-25.4947602287183
196.654887914658,1055.13574616823,729.31639520599,107.3,-49,5.95798130717959,-25.4579452287183
196.839112043381,1055.38058056486,729.140165447585,107.3,-49,5.98866130717959,-25.4272652287183
197.027367830276,1055.56586482411,728.98060886543,107.3,-49,6.01320430717959,-25.4027222287183
197.257099866867,1055.75513397616,728.797550107436,107.3,-49,6.05615630717959,-25.3597702287183
197.454679012299,1055.91791335109,728.640111930745,107.3,-49,6.09297130717959,-25.3229552287183
197.660771846771,1056.0877068923,728.475889740101,107.3,-49,6.11751530717959,-25.2984112287183
197.899178028107,1056.35335620269,728.28128546794,107.3,-49,6.14819530717959,-25.2677312287183
198.117009878159,1056.60030365818,728.103192773575,107.3,-49,6.17887430717959,-25.2370522287183
198.319326877594,1056.82966253384,727.937784549127,107.3,-50,6.24023380717959,-25.1756927287183
198.515252828598,1057.06684382981,727.767841997718,107.3,-50,6.24636980717959,-25.1695567287183
198.726725816727,1057.34207520375,727.571959243288,107.3,-50,0.0122753071795865,-25.1204659215388
198.915457963943,1057.58770945068,727.397140827124,107.3,-50,0.0368153071795865,-25.0959259215388
199.112813949585,1057.84456759395,727.214334340051,107.3,-50,0.0552253071795858,-25.0775159215388
199.313988924026,1058.12003537393,727.016901695166,107.3,-50,0.0613553071795865,-25.0713859215388
199.514477014542,1058.39741639021,726.817823028277,107.3,-50,0.134995307179587,-24.9977459215388
199.695634841919,1058.64805343371,726.637938733514,107.3,-50,0.177945307179586,-24.9547959215388
199.921795845032,1058.96430812012,726.41229153943,107.3,-50,0.220895307179586,-24.9118459215388
200.120559930801,1059.24761787006,726.212257685685,107.3,-50,0.276115307179587,-24.8566259215388
200.344599962235,1059.56695486213,725.986786415525,107.3,-50,0.312935307179586,-24.8198059215388
200.565390825272,1059.87357376114,725.775514206213,107.3,-49,0.355885307179586,-24.7768559215388
200.692800998688,1060.01992684482,725.694931845681,107.3,-50,0.362015307179586,-24.7707259215388
200.908257007599,1060.26741611869,725.558663655132,107.3,-50,0.417245307179586,-24.7154959215388
201.098250865936,1060.48565761623,725.438499360705,107.3,-49,0.478605307179587,-24.6541359215388
201.259095907211,1060.67044486904,725.336685206798,107.3,-50,0.478605307179587,-24.6541359215388
201.437925815582,1060.88982789826,725.181447867644,107.3,-50,0.509285307179586,-24.6234559215388
201.625020980835,1061.11935049031,725.019035685662,107.3,-50,0.539965307179586,-24.5927759215388
201.786612987518,1061.31758659213,724.878762096224,107.3,-50,0.570645307179587,-24.5620959215388
201.976898908615,1061.55102350527,724.713580106598,107.3,-50,0.607455307179587,-24.5252859215388
202.198124885559,1061.83853225145,724.511783764913,107.3,-50,0.631995307179587,-24.5007459215388
202.340292930603,1062.02503285414,724.381050499305,107.3,-50,0.656545307179586,-24.4761959215388
202.545097827911,1062.29370248921,724.19271835315,107.3,-50,0.705635307179587,-24.4271059215388
202.708837985992,1062.50850208188,724.042148050446,107.3,-50,0.748585307179586,-24.3841559215388
202.993260860443,1062.8853459591,723.776823735092,107.3,-50,0.785395307179586,-24.3473459215388
203.189342975616,1063.14610404022,723.592934963302,107.3,-50,0.828345307179586,-24.3043959215388
203.376811981201,1063.3954080531,723.417123695889,107.3,-50,0.871305307179586,-24.2614359215388
203.537938833237,1063.61050507953,723.265729107759,107.3,-50,0.901985307179586,-24.2307559215388
203.727262020111,1063.86750232329,723.086355521298,107.3,-50,0.981745307179586,-24.1509959215388
203.894688844681,1064.09477629409,722.927727566167,107.3,-50,1.00629530717959,-24.1264459215388
204.063933849335,1064.32451835809,722.767376982719,107.3,-50,1.03697530717959,-24.0957659215388
204.224164962769,1064.54202449243,722.615566578755,107.3,-50,1.08605530717959,-24.0466859215388
204.379688978195,1064.73744986659,722.519722420574,107.3,-50,1.12287530717959,-24.0098659215388
204.528254032135,1064.92354240062,722.430098544991,107.3,-50,1.14741530717959,-23.9853259215388
204.691148042679,1065.12758338062,722.331830532783,107.3,-50,1.19650530717959,-23.9362359215388
204.847801923752,1065.32380797665,722.237326962969,107.3,-50,1.22104530717959,-23.9116959215388
205.007484912872,1065.53227768538,722.112047287197,107.3,-50,1.27013530717959,-23.8626059215388
205.153203010559,1065.72966063035,721.973249280146,107.3,-50,1.29467530717959,-23.8380659215388
205.320410966873,1065.95615273644,721.813981958737,107.3,-50,1.33763530717959,-23.7951059215388
205.474699020386,1066.16514414423,721.667020979427,107.3,-50,1.37444530717959,-23.7582959215388
205.644453048706,1066.38863160418,721.509716405712,107.3,-50,1.42353530717959,-23.7092059215388
205.817549943924,1066.57997307364,721.374163653857,107.3,-50,1.43580530717959,-23.6969359215388
205.94895195961,1066.72522498436,721.271262300235,107.3,-50,1.46034530717959,-23.6723959215388
206.128631830215,1066.92384328095,721.130554398555,107.3,-51,1.49716530717959,-23.6355759215388
206.248358011246,1067.05618871315,721.036796429717,107.3,-51,1.53398530717959,-23.5987559215388
206.48304104805,1067.33627154895,720.838293471792,107.3,-51,1.57693530717959,-23.5558059215388
206.62984585762,1067.52524647696,720.704310247835,107.3,-51,1.60761530717959,-23.5251259215388
206.915346860886,1067.89275849306,720.443744228421,107.3,-51,1.64442530717959,-23.4883159215388
207.057531833649,1068.07578652239,720.313977355626,107.3,-51,1.71192530717959,-23.4208159215388
207.23455786705,1068.29783625765,720.157060572244,107.3,-51,1.74873530717959,-23.3840059215388
207.369711875916,1068.46289382196,720.040825298012,107.3,-51,1.77941530717959,-23.3533259215388
207.52628993988,1068.65411562942,719.906164888333,107.3,-51,1.81623530717959,-23.3165059215388
207.690011978149,1068.85406205415,719.765360511344,107.3,-51,1.83464530717959,-23.2980959215388
207.838663816452,1069.03560391565,719.637516821503,107.3,-51,1.89599530717959,-23.2367459215388
207.985972881317,1069.22134678695,719.510054236023,107.3,-51,1.92054530717959,-23.2121959215388
208.135752916336,1069.41841650624,719.37936589586,107.3,-51,1.95735530717959,-23.1753859215388
208.299754858017,1069.63419838002,719.236268442724,107.3,-51,1.99417530717959,-23.1385659215388
208.463274002075,1069.84934502366,719.093592247468,107.3,-51,2.03099530717959,-23.1017459215388
208.624285936356,1070.06119286231,718.953103680785,107.3,-51,2.08007530717959,-23.0526659215388
208.762261867523,1070.25180458312,718.820236365268,107.3,-51,2.12916530717959,-23.0035759215388
208.908272981644,1070.45532773102,718.677140708703,107.3,-51,2.16598530717959,-22.9667559215388
209.06139087677,1070.66875693608,718.527080174839,107.3,-51,2.20279530717959,-22.9299459215388
209.256063938141,1070.940109391,718.336294222001,107.3,-51,2.25801530717959,-22.8747259215388
209.384136915207,1071.12010735458,718.209560564794,107.3,-51,2.29483530717959,-22.8379059215388
209.519641876221,1071.31374947087,718.072837494812,107.3,-52,2.31937530717959,-22.8133659215388
209.68644285202,1071.55211486879,717.904537077494,107.3,-52,2.36846530717959,-22.7642759215388
209.825891971588,1071.75139334852,717.76383439332,107.3,-52,2.37460530717959,-22.7581359215388
209.971415996552,1071.95935311584,717.617002193965,107.3,-52,2.42368530717959,-22.7090559215388
210.147917985916,1072.18675235387,717.455482547657,107.3,-52,2.47891530717959,-22.6538259215388
210.293860912323,1072.36326280536,717.329613785222,107.3,-52,2.53413530717959,-22.5986059215388
210.486289024353,1072.59599469427,717.163653783492,107.3,-52,2.59549530717959,-22.5372459215388
210.610888957977,1072.74669189544,717.056192326942,107.3,-52,2.62617530717959,-22.5065659215388
210.807037830353,1072.98310568574,716.888412216936,107.3,-52,2.68139530717959,-22.4513459215388
211.001003026962,1073.21565308806,716.724595491301,107.3,-52,2.73662530717959,-22.3961159215388
211.159706830978,1073.40592514721,716.590559396299,107.3,-52,2.76730530717959,-22.3654359215388
211.328790903091,1073.60864224508,716.447756462913,107.3,-52,2.81025530717959,-22.3224859215388
211.471374034882,1073.77958702018,716.327335365784,107.3,-52,2.84093530717959,-22.2918059215388
211.601485013962,1073.96476726612,716.205308981612,107.3,-52,2.88388530717959,-22.2488559215388
211.742214918137,1074.16731907403,716.072384357665,107.3,-52,2.93297530717959,-22.1997659215388
211.934340000153,1074.44384369002,715.890915078428,107.3,-52,2.99433530717959,-22.1384059215388
212.044069051743,1074.60177613452,715.787271911723,107.3,-52,3.03114530717959,-22.1015959215388
212.237310886383,1074.87990808665,715.604747818134,107.3,-53,3.06182530717959,-22.0709159215388
212.360837936401,1075.02608575138,715.503344227155,107.3,-53,3.10477530717959,-22.0279659215388
212.485966920853,1075.16763459183,715.403777485972,107.3,-53,3.14159530717959,-21.9911459215388
212.658347845078,1075.36263593423,715.266611768993,107.3,-53,3.19067530717959,-21.9420659215388
212.769421815872,1075.48828541376,715.178228782823,107.3,-53,3.20908530717959,-21.9236559215388
212.952749013901,1075.69566943768,715.032352975088,107.3,-53,3.26431530717959,-21.8684259215388
213.110683917999,1075.87985507227,714.903411294486,107.3,-53,3.35634530717959,-21.7763959215388
213.264111042023,1076.06478860041,714.774595526614,107.3,-53,3.36862530717959,-21.7641159215388
213.433111906052,1076.26849395069,714.632704213656,107.3,-53,3.41770530717959,-21.7150359215388
213.540720939636,1076.39820060046,714.542356823131,107.3,-53,3.47906530717959,-21.6536759215388
213.690634012222,1076.57889846339,714.416491415159,107.3,-53,3.53429530717959,-21.5984459215388
