69.9627408981323,900.204391522846,839.989395663051,107.3,-66,5.52233130717959,5.52233130717959
70.4017398357391,900.724029888891,839.626182073101,107.3,-65,5.37506830717959,5.37506830717959
70.6134369373322,900.978544567736,839.448566272406,107.3,-65,5.36279730717959,5.36279730717959
70.86580991745,901.297311004289,839.227200691466,107.3,-65,5.34438930717959,5.34438930717959
71.0071618556976,901.475849347158,839.10321573114,107.3,-65,5.18485530717959,5.18485530717959
71.4602439403534,902.063083689362,838.693653908172,107.3,-64,5.08054530717959,5.08054530717959
71.6682388782501,902.345832164435,838.494943001734,107.3,-64,4.97009530717959,4.97009530717959
71.866415977478,902.615234262234,838.305611706362,107.3,-64,4.96396530717959,4.96396530717959
72.172150850296,903.038420170039,838.006816104488,107.3,-64,4.86578530717959,4.86578530717959
72.5088698863983,903.516202052733,837.667364351863,107.3,-63,4.81056530717959,4.81056530717959
72.8085160255432,903.917134412941,837.388199163625,107.3,-63,4.60194530717959,4.60194530717959
73.080512046814,904.171985409418,837.23788285732,107.3,-62,4.50990530717959,4.50990530717959
73.217747926712,904.300570748942,837.162040606163,107.3,-63,4.46081530717959,4.46081530717959
73.6219749450684,904.715466847512,836.895005375175,107.3,-62,4.31355530717959,4.31355530717959
73.8936400413513,905.035119536837,836.666263083731,107.3,-62,4.25219530717959,4.25219530717959
74.3466620445251,905.573341073024,836.280734327921,107.3,-62,4.11106530717959,4.11106530717959
74.5669469833374,905.841021004511,836.088561799074,107.3,-62,4.05584530717959,4.05584530717959
74.9279160499573,906.279494215914,835.773762509595,107.3,-62,3.93926530717959,3.93926530717959
75.2129249572754,906.613955314276,835.532827357035,107.3,-62,3.83495530717959,3.83495530717959
75.4660398960114,906.910988488494,835.318854092293,107.3,-62,3.73677530717959,3.73677530717959
75.7345550060272,907.215779034442,835.099743288675,107.3,-62,3.53429530717959,3.53429530717959
76.0570180416107,907.546646193407,834.863474264078,107.3,-62,3.50361530717959,3.50361530717959
76.2364490032196,907.73075353579,834.732004999066,107.3,-62,3.47906530717959,3.47906530717959
76.5649678707123,907.955658896656,834.508802428513,107.3,-62,3.34407530717959,3.34407530717959
76.8153238296509,908.063107190437,834.348683402486,107.3,-62,3.25203530717959,3.25203530717959
77.1906599998474,908.309630929068,834.080334955704,107.3,-62,3.16613530717959,3.16613530717959
77.508661031723,908.716059786264,833.787545746079,107.3,-62,3.06182530717959,3.06182530717959
77.8665809631348,909.163405684734,833.465230071561,107.3,-62,2.90229530717959,2.90229530717959
78.2317700386047,909.571577236426,833.170895309412,107.3,-62,2.82252530717959,2.82252530717959
78.6000728607178,909.989487222266,832.8685976689,107.3,-62,2.62617530717959,2.62617530717959
78.7900338172913,910.215907577943,832.703205676361,107.3,-62,2.62617530717959,2.62617530717959
79.0737488269806,910.55407629726,832.456185490676,107.3,-62,2.53413530717959,2.53413530717959
79.3236458301544,910.848902386739,832.240686394063,107.3,-62,2.41141530717959,2.41141530717959
79.7796478271484,911.371796459396,831.857784744281,107.3,-63,2.26415530717959,2.26415530717959
80.0550198554993,911.708870421098,831.622528609273,107.3,-62,2.14143530717959,2.14143530717959
80.3510639667511,912.122479275521,831.359926397788,107.3,-62,2.08621530717959,2.08621530717959
80.6015520095825,912.472440880919,831.137734124753,107.3,-63,1.85918530717959,1.85918530717959
80.9865128993988,912.958465005392,830.785516805467,107.3,-63,1.84077530717959,1.84077530717959
81.2173910140991,913.24154510907,830.572532727462,107.3,-63,1.74873530717959,1.74873530717959
81.5948100090027,913.701308944266,830.227922923392,107.3,-63,1.46648530717959,1.46648530717959
81.7499778270721,913.888258611503,830.088709560388,107.3,-63,1.38671530717959,1.38671530717959
82.1690559387207,914.393173319293,829.712721330291,107.3,-63,1.11060530717959,1.11060530717959
82.3012659549713,914.558943878057,829.588885805439,107.3,-64,0.994015307179586,0.994015307179586
82.6523218154907,915.002755278487,829.257133097477,107.3,-63,0.779265307179586,0.779265307179586
82.8647918701172,915.271363904914,829.056345918254,107.3,-64,0.662675307179586,0.662675307179586
83.3523478507996,915.936565403988,828.562118275216,107.3,-63,0.349745307179586,0.349745307179586
83.6438100337982,916.329068941713,828.281846368616,107.3,-63,0.306795307179586,0.306795307179586
83.8163750171661,916.539028420164,828.16442369137,107.3,-63,0.159535307179587,0.159535307179587
84.2426879405975,917.057722522023,827.874337001492,107.3,-63,6.14205930717959,-0.141126
84.4721360206604,917.323684236368,827.689210819366,107.3,-62,6.05615630717959,-0.227029
84.8424508571625,917.744475901265,827.371867936694,107.3,-62,5.90275830717959,-0.380427
85.0502300262451,917.98075380669,827.193677871785,107.3,-62,5.75549630717959,-0.527689
85.4033889770508,918.427040816206,826.857239055136,107.3,-62,5.66345730717959,-0.619728
86.0345859527588,919.200704942344,826.273871710161,107.3,-62,5.35666130717959,-0.926524
86.2940988540649,919.500022163022,826.048070999825,107.3,-61,5.23394530717959,-1.04924
86.6418309211731,919.896522937167,825.748851834941,107.3,-61,5.13576530717959,-1.14742
86.7397849559784,920.00413185565,825.667550256481,107.3,-61,5.12349530717959,-1.15969
87.1988289356232,920.508421712457,825.286545020686,107.3,-61,4.86578530717959,-1.4174
87.5235278606415,920.866982986884,825.065776212791,107.3,-60,4.76147530717959,-1.52171
87.5748829841614,920.923825902062,825.034321635223,107.3,-60,4.72466530717959,-1.55852
88.0295729637146,921.44425660626,824.734038545421,107.3,-61,4.61421530717959,-1.66897
88.3402528762817,921.908257595256,824.391157063412,107.3,-60,4.52831530717959,-1.75487
88.6610460281372,922.387362724693,824.037114117997,107.3,-60,4.38718530717959,-1.896
88.7365598678589,922.495256938508,823.957316989051,107.3,-60,4.31968530717959,-1.9635
89.0891578197479,922.976836613791,823.600829364945,107.3,-60,4.17856530717959,-2.10462
89.469085931778,923.49060473238,823.220691222832,107.3,-60,4.11106530717959,-2.17212
89.8364908695221,923.959657827829,822.874603420905,107.3,-61,3.96994530717959,-2.31324
90.259388923645,924.487471189815,822.484969288067,107.3,-61,3.84722530717959,-2.43596
90.5325138568878,924.805299859293,822.249975159964,107.3,-60,3.74904530717959,-2.53414
90.8513369560242,925.176306344106,821.975662759,107.3,-60,3.63246530717959,-2.65072
91.1299140453339,925.654603186526,821.649045940199,107.3,-60,3.57110530717959,-2.71208
91.264191865921,925.909769517262,821.47772516053,107.3,-60,3.53429530717959,-2.74889
91.6762130260468,926.680426208284,820.959389465199,107.3,-61,3.39930530717959,-2.88388
91.8614308834076,926.886746777788,820.810084884458,107.3,-61,3.35634530717959,-2.92684
92.1773529052734,927.238663231196,820.555419347917,107.3,-61,3.28885530717959,-2.99433
92.5084228515625,927.624667957293,820.27553013282,107.3,-61,3.14772530717959,-3.13546
92.7514748573303,927.946938099477,820.040655283432,107.3,-61,3.09250530717959,-3.19068
92.9016358852386,928.146041232411,819.895546220446,107.3,-61,3.01273530717959,-3.27045
93.2197828292847,928.571204636709,819.586118610353,107.3,-61,2.85933530717959,-3.42385
93.8671379089355,929.45313765607,818.94678915916,107.3,-62,2.65071530717959,-3.63247
94.1707649230957,929.807684580139,818.688549452447,107.3,-62,2.57708530717959,-3.7061
94.3537559509277,930.021364203573,818.53291261134,107.3,-62,2.44209530717959,-3.84109
94.6251718997955,930.335308466269,818.316507383176,107.3,-62,2.44209530717959,-3.84109
94.7865209579468,930.515816436382,818.217431580031,107.3,-62,2.32551530717959,-3.95767
95.1718089580536,930.946854309209,817.980846882915,107.3,-62,2.14143530717959,-4.14175
95.4548828601837,931.293489846459,817.751505793044,107.3,-63,2.14143530717959,-4.14175
95.8483819961548,931.800119357295,817.386773526396,107.3,-63,1.98190530717959,-4.30128
96.0939919948578,932.114542410356,817.159802732829,107.3,-63,1.92054530717959,-4.36264
96.2831008434296,932.350992044245,816.987189393186,107.3,-63,1.72419530717959,-4.55899
96.4626648426056,932.575507407676,816.823288328738,107.3,-63,1.71192530717959,-4.57126
96.824138879776,933.022303295173,816.497103760236,107.3,-64,1.49716530717959,-4.78602
97.205454826355,933.447170554127,816.186801675099,107.3,-63,1.26399530717959,-5.01919
97.393474817276,933.656664908843,816.033797333808,107.3,-63,1.17196530717959,-5.11122
97.8021838665009,934.104977111173,815.706148084768,107.3,-64,0.981745307179586,-5.30144
98.0719358921051,934.398565787532,815.491504566736,107.3,-64,0.816075307179586,-5.46711
98.3929529190063,934.753232688647,815.219133031867,107.3,-64,0.705635307179587,-5.57755
98.700749874115,935.101440909422,814.931861249727,107.3,-64,0.521555307179586,-5.76163
98.9294538497925,935.360171878437,814.71840820029,107.3,-64,0.429515307179586,-5.85367
99.2688219547272,935.770857746121,814.410679033282,107.3,-64,0.251575307179587,-6.03161
99.5616788864136,936.132727568174,814.147639204647,107.3,-64,0.0122753071795865,-6.27091
99.7887899875641,936.413117746673,813.943845236666,107.3,-64,6.22182610717959,-6.34454450717959
100.123854875565,936.813607194353,813.653805647521,107.3,-63,6.01320430717959,-6.55316630717959
100.436224937439,937.186970438405,813.383411202588,107.3,-62,5.85367030717959,-6.71270030717959
100.743217945099,937.527556667523,813.137618910113,107.3,-62,5.76163230717959,-6.80473830717959
101.031488895416,937.832102602647,812.918375767628,107.3,-62,5.63891330717959,-6.92745730717959
101.264518022537,938.07828791321,812.741146539139,107.3,-62,5.49165130717959,-7.07471930717959
101.583936929703,938.472723646288,812.454118174582,107.3,-61,5.31984530717959,-7.24652530717959
101.862368822098,938.82788435709,812.195146822955,107.3,-61,5.26462530717959,-7.30174530717959
102.17994093895,939.266431581576,811.876262103358,107.3,-60,5.05600530717959,-7.51036530717959
102.655413866043,939.985693443567,811.354797253414,107.3,-60,4.86578530717959,-7.70058530717959
102.776506900787,940.153875358624,811.233237069377,107.3,-60,4.84124530717959,-7.72512530717959
103.210607051849,940.68073780646,810.854478811946,107.3,-60,4.74306530717959,-7.82330530717959
103.503533840179,941.04087289162,810.595886123002,107.3,-59,4.55899530717959,-8.00737530717959
103.830493927002,941.462024774198,810.294737431235,107.3,-59,4.45467530717959,-8.11169530717959
103.945943832397,941.610733888736,810.188401553016,107.3,-59,4.44854530717959,-8.11782530717959
104.38130402565,942.15410212767,809.798190589784,107.3,-59,4.23378530717959,-8.33258530717959
104.582305908203,942.397329755178,809.622764238753,107.3,-58,4.22765530717959,-8.33871530717959
104.977466821671,942.874721026992,809.278526334205,107.3,-58,3.98221530717959,-8.58415530717959
105.602749824524,943.608991127421,808.751150018979,107.3,-58,3.79200530717959,-8.77436530717959
105.707854032516,943.732415044281,808.66250300687,107.3,-57,3.76745530717959,-8.79891530717959
106.185914993286,944.322612767261,808.486036949832,107.3,-57,3.60792530717959,-8.95844530717959
106.423804044724,944.616875729178,808.402736913974,107.3,-57,3.53429530717959,-9.03207530717959
106.614619016647,944.842136870347,808.266613272239,107.3,-57,3.50361530717959,-9.06275530717959
107.060765028,945.360404119231,807.894184016646,107.3,-56,3.35634530717959,-9.21002530717959
107.179435014725,945.498257570746,807.795121885208,107.3,-57,3.32567530717959,-9.24069530717959
107.436486005783,945.823130228564,807.560900381218,107.3,-57,3.25817530717959,-9.30819530717959
107.938727855682,946.465455474805,807.097845963632,107.3,-57,3.10477530717959,-9.46159530717959
108.254097938538,946.869847060683,806.808077843139,107.3,-56,3.06796530717959,-9.49840530717959
108.586457967758,947.29602445228,806.502699031926,107.3,-56,2.99433530717959,-9.57203530717959
108.759714841843,947.489940294796,806.361595255354,107.3,-56,2.94524530717959,-9.62112530717959
109.466802835464,948.298683279332,805.786816337814,107.3,-55,2.78570530717959,-9.78066530717959
109.711434841156,948.604061127812,805.58905084966,107.3,-55,2.70594530717959,-9.86042530717959
110.080838918686,949.065193848763,805.29041708131,107.3,-55,2.61390530717959,-9.95246530717959
110.240038871765,949.245267075167,805.160888693948,107.3,-55,2.55254530717959,-10.0138253071796
110.682801961899,949.739020197273,804.800334088502,107.3,-55,2.47277530717959,-10.0935953071796
110.843401908875,949.918115354472,804.669552973711,107.3,-56,2.43596530717959,-10.1304053071796
111.282106876373,950.401623704401,804.313749580276,107.3,-55,2.33165530717959,-10.2347153071796
111.575515985489,950.724739896727,804.075850845267,107.3,-55,2.22120530717959,-10.3451653071796
111.998798847198,951.277619316913,803.672637027738,107.3,-55,2.17211530717959,-10.3942553071796
112.304533958435,951.683370600783,803.37696337924,107.3,-55,2.11689530717959,-10.4494753071796
112.432643890381,951.844568136539,803.259086386542,107.3,-55,2.10462530717959,-10.4617453071796
112.760574817657,952.251208830956,802.961432725089,107.3,-55,2.02485530717959,-10.5415153071796
113.288794994354,952.822655159395,802.542965203506,107.3,-55,1.88372530717959,-10.6826453071796
113.712189912796,953.201058400124,802.265666578659,107.3,-55,1.76100530717959,-10.8053653071796
114.043795824051,953.582182419346,801.9856974132,107.3,-56,1.73646530717959,-10.8299053071796
114.223852872849,953.797569804897,801.827423986064,107.3,-56,1.65669530717959,-10.9096753071796
114.591352939606,954.234590803553,801.507005132899,107.3,-56,1.57079530717959,-10.9955753071796
114.978368997574,954.685581777635,801.17892048657,107.3,-56,1.46648530717959,-11.0998853071796
115.145042896271,954.879807372103,801.037626227636,107.3,-56,1.40512530717959,-11.1612453071796
115.607700824738,955.427993314088,800.638410951409,107.3,-56,1.27013530717959,-11.2962353071796
115.849998950958,955.717016217939,800.42784160452,107.3,-56,1.20877530717959,-11.3575953071796
116.354490041733,956.330517049048,799.981428147804,107.3,-57,1.07378530717959,-11.4925853071796
116.473238945007,956.476755513932,799.875103012521,107.3,-57,1.03697530717959,-11.5293953071796
116.882122993469,956.995437665505,799.482322060119,107.3,-57,0.871305307179586,-11.6950653071796
117.17587184906,957.396237118466,799.1505231506,107.3,-57,0.785395307179586,-11.7809753071796
117.554818868637,957.917154600628,798.732275194375,107.3,-58,0.674955307179586,-11.8914153071796
117.894963026047,958.394838795571,798.382401130104,107.3,-58,0.582915307179587,-11.9834553071796
118.166436910629,958.771516619475,798.106468811019,107.3,-57,0.490875307179587,-12.0754953071796
118.718905925751,959.416509184177,797.632929966047,107.3,-58,0.263845307179587,-12.3025253071796
118.845163822174,959.563911847854,797.524710288917,107.3,-58,0.196345307179587,-12.3700253071796
119.254742860794,960.04350264511,797.173874725201,107.3,-59,0.116585307179586,-12.4497853071796
119.628573894501,960.481399935,796.853686551953,107.3,-58,6.18501050717959,-12.6645454143592
119.767590999603,960.640034814291,796.7378737953,107.3,-58,6.12365130717959,-12.7259046143592
120.226444005966,961.159028530389,796.359180785959,107.3,-58,5.95798130717959,-12.8915746143592
120.587873935699,961.575023697399,796.017641213585,107.3,-58,5.82299130717959,-13.0265646143592
120.743448019028,961.758312478575,795.845210772525,107.3,-58,5.72481630717959,-13.1247396143592
121.23911690712,962.348057220759,795.313163267763,107.3,-58,5.52846630717959,-13.3210896143592
121.398344993591,962.546140338627,795.168153989772,107.3,-58,5.45483530717959,-13.3947206143592
121.802893877029,963.049407732823,794.799730661958,107.3,-57,5.33825330717959,-13.5113026143592
122.201160907745,963.527641710997,794.452410632902,107.3,-57,5.27075530717959,-13.5788006143592
122.506983041763,963.892262346801,794.188038493074,107.3,-56,5.09281530717959,-13.7567406143592
122.89860200882,964.333863060268,793.866188416138,107.3,-56,4.99464530717959,-13.8549106143592
123.233438014984,964.708197411141,793.59313904549,107.3,-56,4.91487530717959,-13.9346806143592
123.547711849213,965.069542285464,793.332236956991,107.3,-56,4.80442530717959,-14.0451306143592
123.931104898453,965.512233334635,793.013087595961,107.3,-56,4.71238530717959,-14.1371706143592
124.103932857513,965.691797825308,792.882732286408,107.3,-56,4.66943530717959,-14.1801206143592
124.372778892517,965.938100865366,792.702272633296,107.3,-55,4.60807530717959,-14.2414806143592
124.765239953995,966.297653694721,792.438837887036,107.3,-55,4.53444530717959,-14.3151106143592
125.129019975662,966.737380446628,792.120614350702,107.3,-54,4.44240530717959,-14.4071506143592
125.416636943817,967.091676259049,791.864402536878,107.3,-54,4.35036530717959,-14.4991906143592
125.69017791748,967.44058587771,791.61320084632,107.3,-54,4.24605530717959,-14.6035006143592
126.07367181778,967.94903608516,791.248874038031,107.3,-54,4.20310530717959,-14.6464506143592
126.371784925461,968.351722986098,790.959739003826,107.3,-54,4.12334530717959,-14.7262106143592
126.590734004974,968.659526573986,790.737789722477,107.3,-54,4.06811530717959,-14.7814406143592
126.938640832901,969.148621892973,790.385115618497,107.3,-54,4.05584530717959,-14.7937106143592
127.248172998428,969.558318831085,790.091036158714,107.3,-54,3.95153530717959,-14.8980206143592
127.632390975952,970.063638708773,789.728499822624,107.3,-54,3.89017530717959,-14.9593806143592
128.100284814835,970.795582925192,789.211689501058,107.3,-53,3.81040530717959,-15.0391506143592
128.393399000168,971.249369955051,788.891155067445,107.3,-53,3.74904530717959,-15.1005106143592
128.537111997604,971.414782322375,788.771926760625,107.3,-53,3.74291530717959,-15.1066406143592
128.861771821976,971.788462859849,788.502579924618,107.3,-53,3.71223530717959,-15.1373206143592
129.255771875381,972.231118601021,788.18276294781,107.3,-53,3.65087530717959,-15.1986806143592
129.580493927002,972.57955387804,787.929852801085,107.3,-53,3.61405530717959,-15.2355006143592
129.859400033951,972.878827444932,787.712626456034,107.3,-52,3.56497530717959,-15.2845806143592
130.077422857285,973.121881541379,787.536918120822,107.3,-52,3.57110530717959,-15.2784506143592
130.536730051041,973.636872338242,787.164843430266,107.3,-52,3.46679530717959,-15.3827606143592
130.892995834351,974.060966412946,786.85942622299,107.3,-52,3.41770530717959,-15.4318506143592
131.153599023819,974.377958818271,786.631395031072,107.3,-52,3.39930530717959,-15.4502506143592
131.359556913376,974.62892230854,786.452265605531,107.3,-52,3.38089530717959,-15.4686606143592
131.75063586235,975.126723268562,786.164571762879,107.3,-52,3.31953530717959,-15.5300206143592
132.152390003204,975.632241724846,785.852543374134,107.3,-52,3.28885530717959,-15.5607006143592
132.284221887589,975.793018059492,785.735823188127,107.3,-52,3.28271530717959,-15.5668406143592
132.743392944336,976.353423535027,785.329079135641,107.3,-52,3.22749530717959,-15.6220606143592
133.206478834152,976.937980652859,784.909331073057,107.3,-53,3.17840530717959,-15.6711506143592
133.459642887115,977.256792515201,784.680402682684,107.3,-53,3.17227530717959,-15.6772806143592
133.686246871948,977.517442344609,784.493179460662,107.3,-53,3.16000530717959,-15.6895506143592
133.989017009735,977.865701819491,784.243026751432,107.3,-52,3.15386530717959,-15.6956906143592
134.411213874817,978.34397517172,783.898710951584,107.3,-52,3.11091530717959,-15.7386406143592
134.595921993256,978.549039293797,783.750635579712,107.3,-52,3.07409530717959,-15.7754606143592
134.927604913712,978.917275771252,783.484734588433,107.3,-52,3.06796530717959,-15.7815906143592
135.387524843216,979.339436725737,783.249856849277,107.3,-52,3.02500530717959,-15.8245506143592
135.654625892639,979.574678432069,783.128476425462,107.3,-52,3.01273530717959,-15.8368206143592
135.925892829895,979.871278944244,782.930789876603,107.3,-52,2.95751530717959,-15.8920406143592
136.175384044647,980.171964025444,782.712992609021,107.3,-52,2.94524530717959,-15.9043106143592
136.652726888657,980.792638237399,782.263923678192,107.3,-52,2.92069530717959,-15.9288606143592
136.929258823395,981.19366180258,781.974206252845,107.3,-52,2.87161530717959,-15.9779406143592
137.325147867203,981.746298299214,781.574731619496,107.3,-52,2.85933530717959,-15.9902206143592
137.65861082077,982.18762395534,781.255455014433,107.3,-52,2.82866530717959,-16.0208906143592
137.952590942383,982.562055314907,780.984909543689,107.3,-52,2.81638530717959,-16.0331706143592
138.314708948135,982.973642021902,780.688702855852,107.3,-52,2.77957530717959,-16.0699806143592
138.505033969879,983.189967218975,780.533020057958,107.3,-52,2.76730530717959,-16.0822506143592
138.832999944687,983.440633913554,780.354628240474,107.3,-52,2.72434530717959,-16.1252106143592
139.278005838394,983.689889019081,780.179460481983,107.3,-52,2.69366530717959,-16.1558906143592
139.511664867401,983.901721585559,780.027344115778,107.3,-52,2.70594530717959,-16.1436106143592
139.834363937378,984.308406138759,779.732476228479,107.3,-52,2.66912530717959,-16.1804306143592
140.165626049042,984.72721657688,779.428964064647,107.3,-52,2.68139530717959,-16.1681606143592
140.54745388031,985.231445275384,779.065919401724,107.3,-52,2.63844530717959,-16.2111106143592
141.00558590889,985.836696509095,778.630097268313,107.3,-52,2.60163530717959,-16.2479206143592
141.397533893585,986.354997747225,778.256807086971,107.3,-52,2.54640530717959,-16.3031506143592
141.509382963181,986.502903881505,778.15028234108,107.3,-52,2.54640530717959,-16.3031506143592
141.861214876175,986.946347140182,777.831662908553,107.3,-52,2.47277530717959,-16.3767806143592
142.168361902237,987.330646177196,777.555642122153,107.3,-52,2.45436530717959,-16.3951906143592
142.656237840652,987.773559925461,777.190475179227,107.3,-52,2.48504530717959,-16.3645106143592
143.077878952026,988.173820571818,776.866674640281,107.3,-52,2.42368530717959,-16.4258706143592
143.209497928619,988.338275285706,776.747823535491,107.3,-52,2.42982530717959,-16.4197306143592
143.638756036758,988.874622864039,776.360206174276,107.3,-52,2.38073530717959,-16.4688206143592
143.883394956589,989.163315400694,776.151770142934,107.3,-52,2.40528530717959,-16.4442706143592
144.422497987747,989.782786695619,775.7047218347,107.3,-52,2.33778530717959,-16.5117706143592
144.848320960999,990.315398436284,775.320654737953,107.3,-52,2.31937530717959,-16.5301806143592
145.329916000366,990.932606775793,774.875227586294,107.3,-52,2.29483530717959,-16.5547206143592
145.512269020081,991.172735522339,774.701463535523,107.3,-52,2.25801530717959,-16.5915406143592
146.042242050171,991.869682382587,774.200328923482,107.3,-52,2.27029530717959,-16.5792606143592
146.430884838104,992.37822405878,773.843339402446,107.3,-52,2.21506530717959,-16.6344906143592
146.781240940094,992.836977282882,773.517908265049,107.3,-52,2.19666530717959,-16.6528906143592
147.071915864944,993.217892287804,773.24432736109,107.3,-52,2.17211530717959,-16.6774406143592
147.369886875153,993.60822886204,772.964005698782,107.3,-52,2.15984530717959,-16.6897106143592
147.663817882538,993.991932420904,772.688697413456,107.3,-52,2.15370530717959,-16.6958506143592
148.056327819824,994.504322934466,772.321055908842,107.3,-52,2.12916530717959,-16.7203906143592
148.417213916779,994.991426738369,771.970779128755,107.3,-52,2.14143530717959,-16.7081206143592
148.685441970825,995.354711499377,771.709482097785,107.3,-52,2.11075530717959,-16.7388006143592
149.025887012482,995.797947032531,771.39100963587,107.3,-52,2.12302530717959,-16.7265306143592
149.414876937866,996.292435612452,771.035940756982,107.3,-52,2.13530530717959,-16.7142506143592
149.740345001221,996.745992495191,770.679256379088,107.3,-52,2.12916530717959,-16.7203906143592
150.246659994125,997.5209354311,770.020554883565,107.3,-52,2.10462530717959,-16.7449306143592
150.440415859222,997.789125679281,769.819637966322,107.3,-52,2.08621530717959,-16.7633406143592
150.88226890564,998.387585881565,769.385148203256,107.3,-52,2.06166530717959,-16.7878906143592
151.15114402771,998.716969068213,769.145161886765,107.3,-52,2.11689530717959,-16.7326606143592
151.676609039307,999.328011890673,768.699031661122,107.3,-52,2.06780530717959,-16.7817506143592
151.79493188858,999.478665678729,768.588957464833,107.3,-52,2.03712530717959,-16.8124306143592
152.400193929672,1000.24681963135,768.027922288816,107.3,-52,2.04939530717959,-16.8001606143592
152.712898015976,1000.59359127375,767.778915181738,107.3,-53,2.07394530717959,-16.7756106143592
153.031369924545,1000.946759114,767.525315142239,107.3,-53,2.06780530717959,-16.7817506143592
153.331370830536,1001.5174773226,767.136987762119,107.3,-53,2.11689530717959,-16.7326606143592
153.677604913712,1002.31791299065,766.59981677333,107.3,-53,2.12916530717959,-16.7203906143592
154.019397974014,1002.95549287562,766.16292572469,107.3,-53,2.13530530717959,-16.7142506143592
154.479327917099,1003.50870138014,765.761542220854,107.3,-53,2.17825530717959,-16.6713006143592
154.725338935852,1003.81816286081,765.536057944292,107.3,-53,2.21506530717959,-16.6344906143592
155.133972883224,1004.3678132041,765.133169909157,107.3,-54,2.22120530717959,-16.6283506143592
155.51516699791,1004.87639798756,764.760915575406,107.3,-54,2.24574530717959,-16.6038106143592
155.778993844986,1005.22458170418,764.50655820768,107.3,-54,2.32551530717959,-16.5240406143592
156.172967910767,1005.74249087889,764.129312143023,107.3,-54,2.33165530717959,-16.5179006143592
156.6068379879,1006.30642427723,763.722026910888,107.3,-54,2.38687530717959,-16.4626806143592
156.862809896469,1006.58587219013,763.527407444375,107.3,-55,2.39300530717959,-16.4565506143592
157.197914838791,1006.84179207209,763.366875882056,107.3,-55,2.41755530717959,-16.4320006143592
157.775897979736,1007.40766404061,762.98155693278,107.3,-55,2.51572530717959,-16.3338306143592
157.900921821594,1007.55638942727,762.87527676883,107.3,-55,2.52800530717959,-16.3215506143592
158.201728820801,1007.9142222742,762.619567004054,107.3,-55,2.57708530717959,-16.2724706143592
158.736846923828,1008.51570772918,762.187902665837,107.3,-55,2.60163530717959,-16.2479206143592
158.999161958694,1008.81034142749,761.976433667444,107.3,-55,2.67526530717959,-16.1742906143592
159.280092000961,1009.13805651478,761.74175953022,107.3,-55,2.67526530717959,-16.1742906143592
159.673966884613,1009.59752585753,761.412737230755,107.3,-55,2.73662530717959,-16.1129306143592
159.843266010284,1009.81021131294,761.260374368565,107.3,-55,2.78570530717959,-16.0638506143592
160.213069915771,1010.29013934309,760.916508408816,107.3,-56,2.75502530717959,-16.0945306143592
160.574401855469,1010.74059146578,760.590056400661,107.3,-56,2.80411530717959,-16.0454406143592
160.758498907089,1010.94530154551,760.436523840864,107.3,-56,2.85320530717959,-15.9963506143592
161.126955032349,1011.35501306514,760.129240201142,107.3,-56,2.93297530717959,-15.9165806143592
161.510958909988,1011.83468293956,759.785323214702,107.3,-57,2.95751530717959,-15.8920406143592
161.744942903519,1012.13379539628,759.572693272647,107.3,-57,2.99433530717959,-15.8552206143592
162.047478914261,1012.52785558126,759.291907365892,107.3,-57,3.08023530717959,-15.7693206143592
162.509137868881,1013.14332745966,758.852101419448,107.3,-58,3.10477530717959,-15.7447806143592
162.715678930283,1013.42093477102,758.654779666555,107.3,-58,3.17840530717959,-15.6711506143592
163.093418836594,1013.93496311648,758.292337231137,107.3,-58,3.25817530717959,-15.5913806143592
163.317868947983,1014.24039475732,758.076976757852,107.3,-58,3.27658530717959,-15.5729706143592
163.667330026627,1014.6625760976,757.779103607533,107.3,-58,3.37475530717959,-15.4748006143592
163.797765016556,1014.8178339462,757.669550878415,107.3,-58,3.39316530717959,-15.4563906143592
164.159871816635,1015.23801521521,757.381202064999,107.3,-59,3.44225530717959,-15.4073006143592
164.383931875229,1015.4627369243,757.254159392131,107.3,-58,3.48520530717959,-15.3643506143592
164.690505027771,1015.77021538891,757.080331566802,107.3,-59,3.56497530717959,-15.2845806143592
164.937109947205,1016.05222075845,756.903059460486,107.3,-59,3.60792530717959,-15.2416306143592
165.304797887802,1016.56704153658,756.536846742021,107.3,-59,3.67541530717959,-15.1741406143592
165.455760002136,1016.77841217072,756.38649031155,107.3,-59,3.73064530717959,-15.1189106143592
165.869835853577,1017.33914481215,755.990709836608,107.3,-60,3.80427530717959,-15.0452806143592
166.171525001526,1017.74400481236,755.705566503124,107.3,-60,3.91471530717959,-14.9348406143592
166.514186859131,1018.20509437265,755.380113767764,107.3,-60,4.00675530717959,-14.8428006143592
166.732167005539,1018.49859304788,755.172849239386,107.3,-60,4.04970530717959,-14.7998506143592
166.843605995178,1018.64863972124,755.066888444281,107.3,-61,4.15401530717959,-14.6955406143592
167.276768922806,1019.20930387726,754.668593435215,107.3,-60,4.30128530717959,-14.5482706143592
167.566352844238,1019.57883915166,754.405500386588,107.3,-61,4.28900530717959,-14.5605506143592
168.095260858536,1020.23187598566,753.926211770613,107.3,-61,4.43627530717959,-14.4132806143592
168.301255941391,1020.48396038175,753.739669317507,107.3,-61,4.44240530717959,-14.4071506143592
168.506712913513,1020.73490682415,753.556351244551,107.3,-61,4.54058530717959,-14.3089706143592
168.925426006317,1021.24354557711,753.19862728643,107.3,-61,4.64489530717959,-14.2046606143592
169.169883012772,1021.54050382621,752.989777528822,107.3,-61,4.70011530717959,-14.1494406143592
169.451484918594,1021.86519502161,752.758838602584,107.3,-62,4.74920530717959,-14.1003506143592
169.710597991943,1022.1618676938,752.547500991157,107.3,-62,4.84737530717959,-14.0021806143592
169.903739929199,1022.38300641867,752.389970708496,107.3,-62,4.82897530717959,-14.0205806143592
170.088315010071,1022.60711614528,752.230361250391,107.3,-62,4.96396530717959,-13.8855906143592
170.46678686142,1023.0849884035,751.890074191793,107.3,-61,4.98850530717959,-13.8610506143592
170.629503011703,1023.29043970432,751.743774803955,107.3,-61,5.06827530717959,-13.7812806143592
171.079651832581,1023.89414197838,751.317365817375,107.3,-61,5.15417530717959,-13.6953806143592
171.273069858551,1024.1563774866,751.132406091901,107.3,-61,5.18485530717959,-13.6647006143592
171.491001844406,1024.40232534109,750.966660078318,107.3,-61,5.24007530717959,-13.6094806143592
171.905371904373,1024.75310937513,750.752164267339,107.3,-61,5.38120430717959,-13.4683516143592
172.117193937302,1024.93341049528,750.641589661202,107.3,-61,5.31370930717959,-13.5358466143592
172.508240938187,1025.39862939416,750.312800124802,107.3,-61,5.48551530717959,-13.3640406143592
172.816030025482,1025.76479842232,750.054013249843,107.3,-62,5.55301030717959,-13.2965456143592
173.001219987869,1025.99703362327,749.890361176346,107.3,-61,5.51619530717959,-13.3333606143592
173.204311847687,1026.25608859303,749.707976010764,107.3,-61,5.58982630717959,-13.2597296143592
173.600790977478,1026.76181978813,749.35192081583,107.3,-61,5.65732130717959,-13.1922346143592
173.715394973755,1026.90477191823,749.25102074543,107.3,-61,5.70640830717959,-13.1431476143592
174.113050937653,1027.39527836091,748.904359450551,107.3,-61,5.79844730717959,-13.0511086143592
174.342772006989,1027.67863803549,748.704097388399,107.3,-61,5.83526330717959,-13.0142926143592
174.692276000977,1028.08233293274,748.414917957856,107.3,-61,5.89048630717959,-12.9590696143592
174.921800851822,1028.34650715038,748.225540054849,107.3,-61,5.90889430717959,-12.9406616143592
175.187528848648,1028.66797668741,748.009220990957,107.3,-61,5.98252530717959,-12.8670306143592
175.405724048615,1028.95118656947,747.835204252312,107.3,-61,6.05002030717959,-12.7995356143592
175.715201854706,1029.35287814187,747.588387097273,107.3,-61,6.10524330717959,-12.7443126143592
176.042264938354,1029.77878022484,747.299080099369,107.3,-61,6.21569010717959,-12.6338658143592
176.239789962769,1030.03618338439,747.120540886573,107.3,-61,6.19728240717959,-12.6522735143592
176.591950893402,1030.50035670749,746.796686168368,107.3,-61,6.26477750717959,-12.5847784143592
176.687657833099,1030.63031811506,746.704652273624,107.3,-61,0.0429553071795858,-12.5234153071796
177.026582956314,1031.09054791878,746.378734433029,107.3,-61,0.141125307179586,-12.4252453071796
177.355170965195,1031.51642615004,746.076908253107,107.3,-61,0.245435307179586,-12.3209353071796
177.58886384964,1031.79923871258,745.876231679475,107.3,-60,0.337475307179586,-12.2288953071796
177.752272844315,1031.99699448352,745.735909233501,107.3,-60,0.349745307179586,-12.2166253071796
177.979248046875,1032.27167738121,745.541001262479,107.3,-60,0.423375307179586,-12.1429953071796
178.231782913208,1032.56825142789,745.331389375677,107.3,-61,0.441785307179586,-12.1245853071796
178.573596000671,1032.96889234877,745.048299142575,107.3,-60,0.539965307179586,-12.0264053071796
178.676244974136,1033.08920775144,744.963285072337,107.3,-61,0.570645307179587,-11.9957253071796
179.022732973099,1033.40628880448,744.740248194823,107.3,-61,0.736315307179586,-11.8300553071796
179.229501008987,1033.57557471704,744.621461130758,107.3,-61,0.760855307179586,-11.8055153071796
179.73225402832,1034.1273265675,744.230698290573,107.3,-61,0.938795307179586,-11.6275753071796
179.942309856415,1034.42152241168,744.021121663429,107.3,-61,1.04310530717959,-11.5232653071796
180.105763912201,1034.65044966575,743.85804049584,107.3,-61,1.03697530717959,-11.5293953071796
180.303042888641,1034.91298806023,743.671533184261,107.3,-61,1.10446530717959,-11.4619053071796
180.637662887573,1035.34296326231,743.366685597171,107.3,-61,1.22718530717959,-11.3391853071796
180.746700048447,1035.48307226784,743.267349886509,107.3,-61,1.33149530717959,-11.2348753071796
181.00971198082,1035.82320247672,743.026603583119,107.3,-61,1.34990530717959,-11.2164653071796
181.258718013763,1036.14722420626,742.797628227579,107.3,-61,1.34376530717959,-11.2226053071796
181.377763986588,1036.30213403536,742.688158615013,107.3,-61,1.45421530717959,-11.1121553071796
181.771622896194,1036.79761132476,742.337223169457,107.3,-62,1.60147530717959,-10.9648953071796
181.850872039795,1036.89409685956,742.268729042556,107.3,-62,1.60761530717959,-10.9587553071796
182.220191001892,1037.34374130933,741.949530894694,107.3,-61,1.77328530717959,-10.7930853071796
182.43331193924,1037.60124321055,741.801390250584,107.3,-61,1.81009530717959,-10.7562753071796
182.683715820313,1037.90191106644,741.66172518204,107.3,-61,1.96349530717959,-10.6028753071796
182.830698013306,1038.07839723204,741.579744511567,107.3,-61,2.01871530717959,-10.5476553071796
183.127199888229,1038.42959772396,741.40718259892,107.3,-61,2.09848530717959,-10.4678853071796
183.296574831009,1038.61090778813,741.279812278837,107.3,-61,2.15370530717959,-10.4126653071796
183.536527872086,1038.86776928466,741.099367077527,107.3,-62,2.25801530717959,-10.3083553071796
183.826006889343,1039.17764663921,740.881678235952,107.3,-62,2.32551530717959,-10.2408553071796
184.114496946335,1039.59029864099,740.59625507416,107.3,-61,2.43596530717959,-10.1304053071796
184.230717897415,1039.7582824233,740.480120132355,107.3,-62,2.47891530717959,-10.0874553071796
184.50948882103,1040.16121316608,740.201555513069,107.3,-62,2.66912530717959,-9.89724530717959
184.61871099472,1040.30310253663,740.102204178316,107.3,-62,2.66912530717959,-9.89724530717959
184.986322879791,1040.739135847,739.793258625476,107.3,-62,2.76116530717959,-9.80520530717959
185.197425842285,1040.98953015498,739.615845097507,107.3,-62,2.88388530717959,-9.68248530717959
185.369215965271,1041.22652660263,739.449256599348,107.3,-62,2.92069530717959,-9.64567530717959
185.628664016724,1041.6056329062,739.183506834072,107.3,-62,3.06796530717959,-9.49840530717959
185.822957038879,1041.88953447735,738.984494643602,107.3,-62,3.06182530717959,-9.50454530717959
185.923135042191,1042.03591488885,738.881883424452,107.3,-62,3.14772530717959,-9.41864530717959
186.184490919113,1042.40052452403,738.578959399816,107.3,-62,3.15386530717959,-9.41250530717959
186.353365898132,1042.63536510193,738.381693314378,107.3,-62,3.23976530717959,-9.32660530717959
186.531783819199,1042.88347626639,738.173279936237,107.3,-62,3.30726530717959,-9.25910530717959
186.811102867126,1043.2413752307,737.897629753725,107.3,-62,3.41770530717959,-9.14866530717959
187.072203874588,1043.55215918323,737.679382596044,107.3,-62,3.58951530717959,-8.97685530717959
187.225569009781,1043.73470701543,737.551188893658,107.3,-62,3.60792530717959,-8.95844530717959
187.521308898926,1044.09352055103,737.300275410932,107.3,-62,3.69996530717959,-8.86640530717959
187.768432855606,1044.40229665635,737.085723766622,107.3,-62,3.80427530717959,-8.76209530717959
187.952152967453,1044.63185101184,736.926218987647,107.3,-63,3.89631530717959,-8.67005530717959
188.153362035751,1044.88325744486,736.751530393982,107.3,-62,3.95767530717959,-8.60869530717959
188.343082904816,1045.11699350664,736.58639155834,107.3,-62,4.03130530717959,-8.53506530717959
188.611971855164,1045.44740253028,736.352232119844,107.3,-62,4.17242530717959,-8.39394530717959
188.752408981323,1045.61997077333,736.229933756289,107.3,-62,4.18469530717959,-8.38167530717959
189.02742099762,1045.9623517632,735.988885729949,107.3,-61,4.28900530717959,-8.27736530717959
189.25591802597,1046.25371986117,735.786194879187,107.3,-62,4.32582530717959,-8.24054530717959
189.431746006012,1046.47792699631,735.630224698219,107.3,-62,4.50990530717959,-8.05646530717959
189.647286891937,1046.7527740629,735.439026738851,107.3,-61,4.57126530717959,-7.99510530717959
189.875659942627,1046.8273407288,735.392954222446,107.3,-62,4.58967530717959,-7.97669530717959
190.101900815964,1046.89575021731,735.351257010405,107.3,-62,4.71852530717959,-7.84784530717959
190.173758983612,1046.91747830039,735.338013226427,107.3,-62,4.65102530717959,-7.91534530717959
190.532661914825,1047.21624928799,735.134138517761,107.3,-62,4.92101530717959,-7.64535530717959
190.785935878754,1047.55300249936,734.899112838989,107.3,-62,5.00077530717959,-7.56559530717959
190.997964859009,1047.83491635619,734.702360459745,107.3,-61,5.11122530717959,-7.45514530717959
191.121872901917,1048.00694695093,734.582282317274,107.3,-61,5.14190530717959,-7.42446530717959
191.342587947845,1048.33108695774,734.355995897425,107.3,-62,5.30757330717959,-7.25879730717959
191.601925849915,1048.71194812192,734.090111688474,107.3,-62,5.35052530717959,-7.21584530717959
191.771678924561,1048.96124586481,733.916073641551,107.3,-62,5.43642830717959,-7.12994230717959
192.034939050674,1049.308634436,733.670354797365,107.3,-62,5.57755430717959,-6.98881630717959
192.148465871811,1049.45708095767,733.565230423855,107.3,-62,5.62664130717959,-6.93972930717959
192.449455976486,1049.85065257052,733.286517465366,107.3,-62,5.76776730717959,-6.79860330717959
192.613260984421,1050.05775178622,733.140480396681,107.3,-63,5.85367030717959,-6.71270030717959
192.937886953354,1050.45049483926,732.865142447794,107.3,-62,6.05002030717959,-6.51635030717959
193.162106990814,1050.72176353152,732.674965779499,107.3,-63,6.08683530717959,-6.47953530717959
193.261567831039,1050.84209449018,732.590606096778,107.3,-63,6.17273830717959,-6.39363230717959
193.581965923309,1051.22537789973,732.248158335597,107.3,-63,0.128855307179586,-6.15433
193.744137048721,1051.41891169442,732.067226741495,107.3,-63,0.141125307179586,-6.14206
193.913275003433,1051.62075965051,731.878522373246,107.3,-63,0.276115307179587,-6.00707
194.141772031784,1051.90904992196,731.638511345059,107.3,-63,0.349745307179586,-5.93344
194.451956987381,1052.32601220047,731.337180873679,107.3,-63,0.576775307179586,-5.70641
194.652092933655,1052.59504246343,731.142757972302,107.3,-63,0.736315307179586,-5.54687
194.740741014481,1052.71420654635,731.056640423722,107.3,-63,0.773125307179586,-5.51006
195.058632850647,1053.13586996549,730.75529720943,107.3,-64,0.883575307179586,-5.39961
195.35558795929,1053.5294225737,730.474249314215,107.3,-63,1.15355530717959,-5.12963
195.455044984818,1053.66108118633,730.380218714161,107.3,-63,1.20877530717959,-5.07441
195.598376989365,1053.82774411923,730.259784904315,107.3,-63,1.30081530717959,-4.98237
195.973024845123,1054.26337543997,729.944989414209,107.3,-63,1.54625530717959,-4.73693
196.018836975098,1054.316644659,729.906496061888,107.3,-63,1.55852530717959,-4.72466
196.364635944366,1054.75000046539,729.594051748352,107.3,-62,1.75487530717959,-4.52831
196.540467023849,1054.98368047545,729.425850824444,107.3,-62,1.84077530717959,-4.44241
196.61242890358,1055.07931802046,729.357011716521,107.3,-62,1.87759530717959,-4.40559
197.003960847855,1055.54658053194,728.999260391765,107.3,-62,2.04326530717959,-4.23992
197.160650968552,1055.67567269827,728.874404062145,107.3,-62,2.09234530717959,-4.19084
197.362848043442,1055.8422566431,728.713286152999,107.3,-62,2.22733530717959,-4.05585
197.634541988373,1056.06609691952,728.496790635649,107.3,-61,2.33165530717959,-3.95153
197.83340382576,1056.27879055997,728.33506045499,107.3,-61,2.46664530717959,-3.81654
197.953239917755,1056.41464405424,728.237086111474,107.3,-61,2.49118530717959,-3.792
198.236785888672,1056.73608904042,728.005267550851,107.3,-61,2.61390530717959,-3.66928
198.393326044083,1056.91355249698,727.87728508159,107.3,-61,2.71821530717959,-3.56497
198.601078987122,1057.17854628288,727.688343124209,107.3,-60,2.81025530717959,-3.47293
198.833643913269,1057.48122874232,727.472923373817,107.3,-60,2.89001530717959,-3.39317
199.141149044037,1057.88144562289,727.188088168389,107.3,-60,3.01887530717959,-3.26431
199.322005987167,1058.13112721044,727.008940991673,107.3,-60,3.11704530717959,-3.16614
199.569310903549,1058.47328064639,726.763374619417,107.3,-60,3.20908530717959,-3.0741
199.781193971634,1058.76642694054,726.552981081216,107.3,-60,3.27044530717959,-3.01274
199.983229875565,1059.05187353598,726.35046504884,107.3,-60,3.36862530717959,-2.91456
200.160430908203,1059.30444824057,726.172131999843,107.3,-59,3.41770530717959,-2.86548
200.432553052902,1059.69231940184,725.898271452639,107.3,-59,3.50974530717959,-2.77344
200.558320999146,1059.86545281737,725.779985617424,107.3,-59,3.54656530717959,-2.73662
200.730489969254,1060.06321928306,725.67109492487,107.3,-59,3.58951530717959,-2.69367
200.969844818115,1060.33816059493,725.519711576045,107.3,-59,3.69996530717959,-2.58322
201.076401948929,1060.46056027672,725.452318016314,107.3,-59,3.76132530717959,-2.52186
201.32137799263,1060.74685061509,725.282619836495,107.3,-59,3.77972530717959,-2.50346
201.480294942856,1060.94180503995,725.144668390206,107.3,-59,3.82881530717959,-2.45437
201.722553014755,1061.23899978858,724.934370801773,107.3,-59,3.85949530717959,-2.42369
201.854233980179,1061.40054194531,724.820062166961,107.3,-59,3.92699530717959,-2.35619
202.061731815338,1061.65960744602,724.637206545193,107.3,-59,3.95153530717959,-2.33165
202.191582918167,1061.82995028874,724.517799552501,107.3,-58,4.01902530717959,-2.26416
202.391369819641,1062.09203715589,724.33408179759,107.3,-58,4.10493530717959,-2.17825
202.510380983353,1062.24815981869,724.22464287219,107.3,-58,4.08652530717959,-2.19666
202.694139003754,1062.48921948539,724.055664772496,107.3,-58,4.12334530717959,-2.15984
202.986346960068,1062.87615156933,723.783307695382,107.3,-57,4.22151530717959,-2.06167
203.2045378685,1063.16631083526,723.578684963054,107.3,-57,4.28900530717959,-1.99418
203.355720996857,1063.36736039255,723.43690313984,107.3,-57,4.30741530717959,-1.97577
203.548632860184,1063.62502171373,723.255597089601,107.3,-57,4.36877530717959,-1.91441
203.696920871735,1063.8263156539,723.115102135442,107.3,-57,4.39945530717959,-1.88373
203.96931886673,1064.19608300821,722.857019614681,107.3,-57,4.46081530717959,-1.82237
204.15890789032,1064.45344111269,722.67739416216,107.3,-57,4.54671530717959,-1.73647
204.238061904907,1064.56004784467,722.605160865612,107.3,-57,4.52831530717959,-1.75487
204.366062879562,1064.72038182026,722.527942548633,107.3,-57,4.58353530717959,-1.69965
204.577985048294,1064.98583545387,722.400097637734,107.3,-57,4.65102530717959,-1.63216
204.705723047256,1065.1458400262,722.323037964394,107.3,-57,4.68170530717959,-1.60148
204.932332992554,1065.43048039603,722.183630274704,107.3,-57,4.76147530717959,-1.52171
205.036433935165,1065.57149068201,722.084473041691,107.3,-57,4.76761530717959,-1.51557
205.25337100029,1065.86534352163,721.87783822575,107.3,-57,4.85965530717959,-1.42353
205.38662981987,1066.04584970905,721.750907810975,107.3,-57,4.90260530717959,-1.38058
205.453917980194,1066.13699511554,721.686815136837,107.3,-57,4.91487530717959,-1.36831
205.664695978165,1066.41100815729,721.493864100618,107.3,-56,4.95782530717959,-1.32536
205.810794830322,1066.57250596476,721.379453605688,107.3,-57,5.00691530717959,-1.27627
205.99938082695,1066.78096910136,721.231771287226,107.3,-56,5.05600530717959,-1.22718
206.136746883392,1066.9328136683,721.124199473539,107.3,-56,5.09281530717959,-1.19037
206.328407049179,1067.14467499436,720.974109763029,107.3,-56,5.18485530717959,-1.09833
206.510835886002,1067.37205053682,720.812926169393,107.3,-56,5.21553530717959,-1.06765
206.681423902512,1067.59164046874,720.657236907662,107.3,-56,5.23394530717959,-1.04924
206.922890901566,1067.90246958188,720.43685906645,107.3,-56,5.29530130717959,-0.987884
207.050546884537,1068.06679512586,720.320352255767,107.3,-56,5.31370930717959,-0.969476
207.263764858246,1068.33350545361,720.131941948981,107.3,-56,5.39347630717959,-0.889709
207.411785840988,1068.51427687936,720.004640808116,107.3,-56,5.41188430717959,-0.871301
207.516731023788,1068.64244175145,719.914385756087,107.3,-56,5.46097130717959,-0.822214
207.725972890854,1068.89797951328,719.734433374332,107.3,-57,5.47937930717959,-0.803806
207.846727848053,1069.04545215786,719.630581585675,107.3,-56,5.51005930717959,-0.773126
208.000417947769,1069.24035255892,719.497450408297,107.3,-56,5.58369030717959,-0.699495
208.150166988373,1069.437381498,719.36678911185,107.3,-56,5.62050530717959,-0.66268
208.321178913116,1069.66238659966,719.217575202333,107.3,-56,5.70640830717959,-0.576777
208.476848840714,1069.86720581291,719.081747724068,107.3,-56,5.74322430717959,-0.539961
208.63871884346,1070.08018263589,718.940510462517,107.3,-56,5.81685530717959,-0.46633
208.776988983154,1070.27233253369,718.805803311365,107.3,-56,5.89048630717959,-0.392699
208.901657819748,1070.44610693587,718.683623783231,107.3,-56,5.95184530717959,-0.33134
209.069006919861,1070.67937284757,718.519616204079,107.3,-56,5.97638930717959,-0.306796
209.220376968384,1070.89036575012,718.371268616923,107.3,-56,6.07456430717959,-0.208621
209.356667041779,1071.08085178501,718.237277376038,107.3,-56,6.07456430717959,-0.208621
209.527186870575,1071.32453157555,718.065224675448,107.3,-56,6.16046730717959,-0.122718
209.700250864029,1071.57184708115,717.890604939674,107.3,-57,6.22796200717959,-0.0552232999999998
209.81181883812,1071.73128226677,717.778034035884,107.3,-57,6.27091350717959,-0.0122717999999997
210.006997823715,1072.01020099818,717.581100507348,107.3,-56,0.0368153071795865,0.0368153071795865
210.155606031418,1072.19605064887,717.448851977772,107.3,-56,0.116585307179586,0.116585307179586
210.314640045166,1072.38839409614,717.311692781445,107.3,-56,0.165665307179586,0.165665307179586
210.523319005966,1072.64078054949,717.131717203396,107.3,-56,0.263845307179587,0.263845307179587
210.617637872696,1072.75485436013,717.050371712238,107.3,-56,0.257705307179586,0.257705307179586
210.887198925018,1073.07921186694,716.820710751513,107.3,-56,0.374295307179586,0.374295307179586
210.980031967163,1073.19051061113,716.742306969491,107.3,-56,0.398835307179586,0.398835307179586
211.187084913254,1073.43874908689,716.567436754346,107.3,-56,0.490875307179587,0.490875307179587
211.314115047455,1073.59104717047,716.460151215469,107.3,-56,0.533825307179586,0.533825307179586
211.464136838913,1073.77091025161,716.333447667202,107.3,-56,0.582915307179587,0.582915307179587
211.637048959732,1074.01595426546,716.171717513293,107.3,-56,0.650405307179586,0.650405307179586
211.787792921066,1074.23291925296,716.029334240242,107.3,-56,0.705635307179587,0.705635307179587
211.912580013275,1074.41252465581,715.911468194624,107.3,-56,0.766995307179586,0.766995307179586
212.078207015991,1074.65091072619,715.755027335941,107.3,-56,0.803805307179586,0.803805307179586
212.199997901917,1074.82620370515,715.639991318495,107.3,-56,0.852895307179586,0.852895307179586
212.353292942047,1075.0175506769,715.509347876137,107.3,-56,0.932665307179586,0.932665307179586
212.493495941162,1075.1761515961,715.397786547743,107.3,-56,1.00629530717959,1.00629530717959
212.693053007126,1075.40189522709,715.238996425493,107.3,-56,1.05537530717959,1.05537530717959
212.804641008377,1075.52812618992,715.150204418682,107.3,-56,1.11673530717959,1.11673530717959
213.001502990723,1075.75082107914,714.993558809107,107.3,-56,1.16582530717959,1.16582530717959
213.067567825317,1075.82788504944,714.939611103495,107.3,-56,1.18423530717959,1.18423530717959
213.204489946365,1075.99292425672,714.82465275911,107.3,-56,1.23945530717959,1.23945530717959
213.382834911346,1076.20789252787,714.674916239206,107.3,-56,1.32535530717959,1.32535530717959
213.562422037125,1076.42435803871,714.524136814418,107.3,-56,1.35603530717959,1.35603530717959
213.674690961838,1076.55968149262,714.429877029277,107.3,-56,1.42966530717959,1.42966530717959
