13.0952320098877,3,5.90889,-58,10.9519323470746,7.79042665217605,1.528,0.865715579060384
14.0043730735779,3,6.09297,-57,10.965603867538,7.78068517442166,1.528,0.868419068566334
14.9946639537811,3,0.0429515,-56,10.9814405702962,7.77022843349425,1.528,0.869594120842615
15.7239999771118,3,0.0245437,-53,10.9906701394315,7.76339941155432,1.528,0.869102759828355
16.6217470169067,3,0.337476,-54,11.001462286999,7.75538802973759,1.528,0.866726326851136
17.4208500385284,3,0.515418,-53,11.0110061787419,7.74799079335909,1.528,0.86753543637365
18.4815530776978,3,0.773126,-53,11.0126697837717,7.74037961491538,1.528,0.872433783550205
19.3366670608521,3,0.760854,-54,11.0087409468627,7.73562047024869,1.528,0.879309799797709
19.637237071991,3,0.895845,-54,11.0232895823786,7.72989235276751,1.528,0.877253418670067
20.3611900806427,3,0.957204,-53,11.0453881102934,7.71932975373004,1.528,0.874986332925238
21.0609068870544,3,1.12901,-54,11.0537260172125,7.71241083851306,1.528,0.874755639971326
21.4726178646088,3,1.07992,-54,11.0584077099791,7.70848647839986,1.528,0.872827884126246
22.2896530628204,3,1.13515,-55,11.0679006911447,7.70053706316477,1.528,0.871521825465585
23.0661098957062,3,1.16583,-56,11.065072630332,7.69409189746015,1.528,0.876667232083544
23.6277029514313,3,4.32889,-58,11.0525447919725,7.69048728880335,1.528,0.884406020689332
24.2592079639435,3,1.19651,-58,11.060958138156,7.6833569779128,1.528,0.885220713044772
24.8670010566711,3,1.24559,-59,11.0683085482359,7.6770122031971,1.528,0.884633536890443
25.1838030815125,3,1.34377,-59,11.0718519614235,7.67390462983156,1.528,0.883799063084757
25.7879519462585,3,1.07992,-61,11.0794702657509,7.66734560805376,1.528,0.882073065779113
26.5601530075073,3,0.908117,-63,11.089498319432,7.65876920355434,1.528,0.88043101735366
31.7720289230347,3,3.50975,-62,11.1510613181469,7.60979649958923,1.528,0.878189036291756
32.1417469978333,3,3.68155,-61,11.1526728472554,7.60667522215792,1.528,0.879848487186962
32.6743049621582,3,3.81654,-61,11.1562236239585,7.60176776214222,1.528,0.881670918943667
33.3474168777466,3,3.66315,-59,11.1652286276491,7.59405347564724,1.528,0.881887789449217
34.0152289867401,3,3.61406,-60,11.1731194100982,7.5873966501578,1.528,0.883346459034358
34.1961090564728,3,3.74291,-59,11.1752140241856,7.58563435465151,1.528,0.88379237014875
34.8791608810425,3,3.85336,-59,11.1842686746748,7.5779990466831,1.528,0.883179818610819
35.6454200744629,3,3.99449,-59,11.1939824075724,7.56988951375274,1.528,0.881296538707402
36.0687170028687,3,3.97608,-59,11.1989424816164,7.56579745266646,1.528,0.879964666973373
36.6900949478149,3,4.07425,-59,11.204384853625,7.56052799309472,1.528,0.878207686263522
37.2145850658417,3,4.12334,-60,11.2092830760243,7.55596388570731,1.528,0.877447887746729
37.4466199874878,3,4.20311,-61,11.2120483823229,7.55371029029388,1.528,0.87776706095035
38.4399909973145,3,4.36264,-62,11.224395623566,7.5437435011472,1.528,0.87897833086304
39.4459569454193,3,4.65103,-65,11.2370407160493,7.53356039368264,1.528,0.879730782702699
40.0986928939819,3,5.16031,-66,11.2450799002947,7.52701644521345,1.528,0.878801201172134
43.2453129291534,3,2.36233,-63,11.2848720856839,7.49286474493056,1.528,0.879644096096982
43.8876760005951,3,2.78571,-61,11.2931775525435,7.48592246657077,1.528,0.879428545316589
44.2584660053253,3,3.0066,-60,11.2978639684441,7.48201450080739,1.528,0.879119458527434
44.7990789413452,3,3.27658,-59,11.3041284234109,7.47684486180201,1.528,0.87781621770909
45.587739944458,3,3.54656,-57,11.3170501713743,7.46718461665341,1.528,0.876393704063478
46.3333690166473,3,3.82268,-56,11.329088245262,7.4580110155663,1.528,0.87583992163508
47.0295259952545,3,4.06812,-55,11.3376919672122,7.45075789435417,1.528,0.876061248193602
47.4910209178925,3,4.22152,-54,11.3434233725141,7.44591804098808,1.528,0.87657123712834
48.4202950000763,3,4.48536,-53,11.3534865077691,7.43732831018498,1.528,0.876742480592519
48.7109839916229,3,4.58353,-53,11.3564665042897,7.43477412519543,1.528,0.876707313283933
49.4376449584961,3,4.75534,-53,11.3639168660468,7.42839907338264,1.528,0.876681198613857
50.0605149269104,3,4.90874,-53,11.3717749531201,7.42084535871574,1.528,0.876805092800683
50.6203219890594,3,5.08668,-52,11.3790339969763,7.41390872296291,1.528,0.876684846646893
50.7514040470123,3,5.17872,-52,11.3805878103349,7.41258571877307,1.528,0.876462183684042
51.8470180034637,3,5.55301,-53,11.3944029071413,7.40084957021921,1.528,0.875173179585412
52.0632340908051,3,5.62664,-53,11.3973270825295,7.39837145548348,1.528,0.875055469135465
52.9375269412994,3,5.89662,-53,11.4069000621005,7.39011661284624,1.528,0.876019127100511
53.3740198612213,3,6.04388,-53,11.411701665952,7.38598442199582,1.528,0.876440653107303
53.8937408924103,3,6.27705,-53,11.4176559564549,7.38088395428205,1.528,0.876751849044906
54.9517688751221,3,0.362019,-53,11.4322056466703,7.37046544932052,1.528,0.875742699436095
55.3601958751678,3,0.527689,-52,11.4366110250017,7.36679817257918,1.528,0.874176071120326
56.1538960933685,3,0.816078,-53,11.4456872212261,7.35917253614509,1.528,0.872314924399929
56.7945249080658,3,1.0247,-52,11.4537316191575,7.3523918226582,1.528,0.872616366196065
57.5116610527039,3,1.24559,-52,11.462624573491,7.34485751412572,1.528,0.874495414509849
58.1794929504395,3,1.46649,-52,11.4692727879945,7.33929094095008,1.528,0.876847369408876
58.8577160835266,3,1.67511,-52,11.474670464279,7.3342123707553,1.528,0.879955275714684
59.4277589321136,3,1.81623,-51,11.4786340893686,7.33012679029672,1.528,0.882783548949514
60.0460350513458,3,1.96963,-51,11.4861328840718,7.32377001386942,1.528,0.882010278743422
60.7213580608368,3,2.11076,-51,11.4939962816314,7.31707620406212,1.528,0.880918358899818
61.1973190307617,3,2.23961,-51,11.499412264711,7.31245351390195,1.528,0.880079508951805
61.8886079788208,3,2.39915,-51,11.5075753823992,7.30548712511754,1.528,0.879726830566246
62.9036228656769,3,2.58936,-51,11.5190094212607,7.29580042961345,1.528,0.881145147832417
63.2571740150452,3,2.63845,-50,11.5237827301259,7.2919603649307,1.528,0.881258454722766
64.1434309482574,3,2.82866,-50,11.5351581752887,7.28274030728337,1.528,0.881376654869261
64.7480039596558,3,2.90843,-50,11.5417218861198,7.27724648131769,1.528,0.881416693505331
65.1879489421844,3,2.98206,-50,11.5467464554762,7.27304091676645,1.528,0.880782900245314
66.0012669563293,3,3.14159,-50,11.5561842584047,7.26514191189818,1.528,0.879824770992827
66.7098190784454,3,3.23977,-50,11.5646878823923,7.25803481793517,1.528,0.879665446569998
67.3043959140778,3,3.34408,-50,11.5721974687356,7.25178138058017,1.528,0.8802675788568
67.931755065918,3,3.41157,-50,11.5818897578816,7.24245053824619,1.528,0.880223295621122
68.7128090858459,3,3.57724,-50,11.5919190602196,7.23333302485509,1.528,0.880343516606875
69.0424840450287,3,3.65701,-50,11.5952557060537,7.23063070839385,1.528,0.880514748871109
69.9624838829041,3,3.76746,-51,11.6046449467929,7.22300389430873,1.528,0.879033356329492
70.6097619533539,3,3.90858,-51,11.6119885082918,7.21697299317144,1.528,0.878536157230922
71.330785036087,3,4.05585,-51,11.6208866885213,7.2096679996576,1.528,0.878799950520262
72.0684909820557,3,4.19084,-51,11.6296347373903,7.20268852458851,1.528,0.879633466017718
72.5405769348145,3,4.28287,-52,11.6337953004529,7.19969186587632,1.528,0.88010166102565
73.1915099620819,3,4.39946,-52,11.6409880447725,7.19383729048645,1.528,0.880184526593271
73.8079788684845,3,4.58967,-53,11.6484299278515,7.18753664575544,1.528,0.879942109717029
74.5863828659058,3,4.79829,-54,11.6576469308002,7.17976620333073,1.528,0.879378791234293
75.3312799930573,3,5.00691,-54,11.6670388775326,7.17191112060908,1.528,0.877903401783967
75.9049260616302,3,5.2094,-55,11.6735720439671,7.1664812035073,1.528,0.878820657400066
76.6800680160522,3,5.5346,-56,11.6830991413004,7.15824281989843,1.528,0.880820110672706
76.7796239852905,3,5.61437,-56,11.6844528885513,7.15702777625924,1.528,0.881110833442994
77.8334159851074,3,5.90276,-57,11.6976938001961,7.14566090460857,1.528,0.883655381428565
78.6245830059052,3,0.0490874,-57,11.7074172032319,7.13765090105976,1.528,0.883614521098674
79.3627729415894,3,0.392699,-57,11.7168561856642,7.12989774509603,1.528,0.881868181310596
79.4173450469971,3,0.374291,-57,11.71756845534,7.12931331869539,1.528,0.881670572133878
80.5317990779877,3,0.791534,-56,11.732528340559,7.11702904684069,1.528,0.878168303008946
81.2259299755096,3,0.96334,-56,11.7391433537416,7.11138543936342,1.528,0.876067202161816
81.7907209396362,3,1.11674,-55,11.7435281536032,7.10753308606509,1.528,0.874761108822911
82.3669679164886,3,1.19037,-55,11.7502649866899,7.1018677302408,1.528,0.87550729328765
83.1962559223175,3,1.30082,-55,11.7599159542914,7.09376399350126,1.528,0.875645494290952
83.4214110374451,3,1.3499,-54,11.7625322125993,7.09156829260361,1.528,0.875597814817116
84.353658914566,3,1.46649,-54,11.7731181136613,7.08270346169923,1.528,0.872600825720946
84.8918468952179,3,1.5708,-54,11.7796402208793,7.07722399786653,1.528,0.870740680503012
85.6571569442749,3,1.62602,-53,11.7894157570836,7.06987123161447,1.528,0.869825165195897
86.1939470767975,3,1.7426,-53,11.7965004526319,7.0651123855896,1.528,0.870576826652258
86.6342060565948,3,1.75487,-53,11.8007723609504,7.06159174390641,1.528,0.872195241573846
87.5003690719604,3,1.84691,-52,11.8097541987091,7.05416862950081,1.528,0.874313901538705
88.0819420814514,3,1.88373,-52,11.8161688123469,7.04885246660998,1.528,0.874884762358705
88.8794050216675,3,1.95736,-52,11.8250323709338,7.04149223707753,1.528,0.874551075447199
89.4189040660858,3,2.02485,-52,11.8315597855505,7.03617028479923,1.528,0.872878998221732
90.0548808574677,3,2.05553,-52,11.8395799916059,7.02946455898938,1.528,0.871309583596584
90.8504710197449,3,2.12303,-52,11.8499353247026,7.02058886553098,1.528,0.870993546722591
91.3688628673553,3,2.14144,-52,11.8561508309366,7.01546255277037,1.528,0.872462182052738
92.1051988601685,3,2.19666,-53,11.8646095716277,7.00850887099032,1.528,0.874256788598307
92.6201748847961,3,2.27643,-53,11.8705172957425,7.00365948404242,1.528,0.875105671745444
93.2954199314117,3,2.32551,-54,11.8784948678166,6.99711641116697,1.528,0.875170077831914
94.3157160282135,3,2.46664,-54,11.8914688011,6.98657806118535,1.528,0.87229691114829
94.9343090057373,3,2.53414,-54,11.8990260138465,6.98059585632897,1.528,0.870041047829367
95.4849438667297,3,2.6139,-55,11.9056982562243,6.97515145314642,1.528,0.869430559823565
95.9469640254974,3,2.67526,-55,11.9112644899653,6.97051292502892,1.528,0.869741208678063
96.738422870636,3,2.73049,-56,11.9205019998907,6.96275716547645,1.528,0.871730413243499
97.7985339164734,3,2.89616,-57,11.9331051287654,6.95221757384552,1.528,0.871592384806992
98.8627009391785,3,2.95138,-58,11.9454037715737,6.94185479063674,1.528,0.871171513852333
99.6478040218353,3,3.03115,-58,11.9552988996754,6.9339117014424,1.528,0.871374813756967
100.120981931686,3,3.08023,-59,11.9609301933166,6.929204022493,1.528,0.871483981404854
100.959470033646,3,3.12932,-60,11.970342106807,6.92124316765547,1.528,0.872611036369419
102.046087026596,3,3.14773,-61,11.9828508411667,6.91060033199224,1.528,0.875120055267235
102.616060972214,3,3.14159,-61,11.9900397859504,6.90451438087193,1.528,0.875320742263434
103.289057970047,3,3.16,-62,11.9987656003422,6.89719799690699,1.528,0.874330074722779
104.100306034088,3,3.11091,-63,12.008650928902,6.8903841811497,1.528,0.874575442699532
104.619554042816,3,2.95751,-63,12.0154274139639,6.88483393166071,1.528,0.873742578269238
105.271375894547,3,2.89002,-63,12.0237467807915,6.87780260726665,1.528,0.873544881970416
105.991901874542,3,2.79798,-63,12.0321995946298,6.87057758943853,1.528,0.875306441575276
106.609627962112,3,2.62618,-63,12.0381894272123,6.86543459525561,1.528,0.876934023670111
107.347121953964,3,2.46051,-63,12.0459856552721,6.85878620736348,1.528,0.87775580960549
107.873560905457,3,2.38074,-63,12.0516505751812,6.85396445866016,1.528,0.877172812545753
108.591867923737,3,2.36847,-62,12.0591994929871,6.84753620494087,1.528,0.873494855272464
109.166563987732,3,2.38687,-62,12.0653360485191,6.84237806759748,1.528,0.872528294195099
109.897253990173,3,2.09235,-61,12.0733063182384,6.83560952258497,1.528,0.872496627963619
110.602861881256,3,2.14144,-61,12.0809231514578,6.82910152759336,1.528,0.873702110355384
111.032212972641,3,2.11076,-61,12.0851793948188,6.82551958795586,1.528,0.874870903476085
112.00906085968,3,2.11076,-60,12.0954501198539,6.81683146408345,1.528,0.875830776104972
112.445996046066,3,2.10462,-60,12.1013312154778,6.81201739756106,1.528,0.876599688180642
113.800719022751,3,2.14144,-59,12.1210721002261,6.79592584115017,1.528,0.877111334042016
113.985117912292,3,2.12917,-59,12.1234404881815,6.79394443086957,1.528,0.876616087203472
115.191667079926,3,2.12303,-59,12.1382883801314,6.78145374376025,1.528,0.87825033916667
115.796779870987,3,2.08008,-59,12.1448487262815,6.77586393622709,1.528,0.879212399683665
116.497154951096,3,2.02485,-59,12.15289731815,6.7690890535572,1.528,0.880061018204946
117.621964931488,3,1.91441,-60,12.1641429620155,6.75985424460194,1.528,0.884035171029488
118.426393032074,3,1.79169,-62,12.1727817169039,6.75279026274008,1.528,0.880839731591085
119.076065063477,3,1.64443,-63,12.1802054032913,6.7465898828485,1.528,0.879953905904214
119.163331031799,3,1.75487,-63,12.181205445094,6.74575384790141,1.528,0.879845801385337
126.142987966537,3,5.49472,-65,12.2633045770326,6.67733645787945,1.528,0.880746968212116
126.624068021774,3,2.35006,-63,12.2686893201447,6.67248941979135,1.528,0.880310573365195
127.199527025223,3,2.2887,-62,12.2744296183118,6.6676600819855,1.528,0.879792074693792
127.815994024277,3,2.20893,-61,12.2809441958915,6.66222904973494,1.528,0.879725585988293
128.386069059372,3,2.17212,-60,12.2873049412679,6.65694454928391,1.528,0.879856253702677
129.093615055084,3,2.12917,-59,12.2966356227431,6.64911489048082,1.528,0.879268015087937
129.78223490715,3,2.08621,-58,12.3050569452831,6.64206232866303,1.528,0.879678002439896
130.412990093231,3,1.91441,-58,12.3127708194213,6.63570798198901,1.528,0.879511504031281
130.548687934875,3,1.90827,-58,12.3144493907543,6.6343433656646,1.528,0.879350951791746
131.14355301857,3,1.85918,-58,12.3217434066179,6.62833301007731,1.528,0.879011371598117
131.916241884232,3,1.72419,-58,12.3310732437534,6.62043951450368,1.528,0.879319713508101
132.229480981827,3,1.59534,-58,12.3349477432261,6.61715638600316,1.528,0.878558408348559
132.873149871826,3,1.46649,-58,12.3428097012631,6.61049825200382,1.528,0.877092535345606
133.373266935349,3,1.35604,-58,12.3484399205622,6.60574879968418,1.528,0.876426385636455
134.1736369133,3,1.18423,-58,12.3581678814792,6.59749947737266,1.528,0.876274491347253
134.506629943848,3,1.07379,-58,12.3624012971338,6.59389916712224,1.528,0.876448404639011
135.267534971237,3,0.96334,-58,12.3716037732536,6.58614849084493,1.528,0.879743230482022
135.646378040314,3,0.840621,-58,12.3761384593798,6.58231121678913,1.528,0.881002419450056
136.231185913086,3,0.724039,-58,12.3830932876968,6.57639636279996,1.528,0.882264688290382
136.874005079269,3,0.503146,-58,12.3903751236767,6.57028314892302,1.528,0.882480071975013
137.53421497345,3,0.380427,-58,12.3976378039896,6.56419742706709,1.528,0.882482220899465
138.055783987045,3,0.233165,-59,12.4032198605147,6.55951082544291,1.528,0.882545600499594
138.843955993652,3,6.26478,-59,12.4116287856119,6.55247269332685,1.528,0.881971369685745
139.015552997589,3,6.20342,-59,12.4134586001424,6.5509419452572,1.528,0.881822623472293
139.557543992996,3,6.0807,-59,12.4182738238484,6.54671265900104,1.528,0.881467388250087
140.183356046677,3,5.86594,-58,12.4244173402298,6.54145560760927,1.528,0.881505034610337
140.731735944748,3,5.71868,-59,12.4305267066844,6.53638483345193,1.528,0.882045713541571
141.467783927917,3,5.57755,-59,12.4383687992558,6.52990157114125,1.528,0.882741389239226
142.035840034485,3,5.47938,-59,12.4446447240542,6.52474446609286,1.528,0.882329396910782
142.332556962967,3,5.3628,-59,12.4480201386848,6.5219812590178,1.528,0.881755576423576
142.992141962051,3,5.22167,-59,12.4557398979336,6.51563654564513,1.528,0.880381203330837
143.508857011795,3,5.04986,-59,12.461898470934,6.51050363945712,1.528,0.879396451307678
144.044450044632,3,4.85965,-60,12.4681778710477,6.50441508385665,1.528,0.880522433935914
144.828850030899,3,4.61421,-61,12.4771911428482,6.49648506032478,1.528,0.882945000025957
145.297086954117,3,4.22765,-61,12.4824977691249,6.4921158875138,1.528,0.884583012602148
145.853076934814,3,3.89631,-62,12.4887650442394,6.48692128064,1.528,0.88597928918296
146.376189947128,3,3.59565,-63,12.4951497826915,6.48166383627021,1.528,0.886334317911915
146.77031993866,3,3.37476,-63,12.5004071624543,6.47736389802518,1.528,0.88572394894433
147.311215877533,3,3.01887,-63,12.5076626669476,6.47142316891569,1.528,0.884815399851661
147.780610084534,3,2.55868,-64,12.5140001211504,6.46622750398248,1.528,0.883954867847098
148.207905054092,3,2.30711,-63,12.5189632945685,6.46217400855805,1.528,0.883554163583862
148.792656898499,3,1.76715,-63,12.5249698176496,6.45728594149892,1.528,0.883378800726091
149.131109952927,3,1.54012,-63,12.5286091312391,6.4542644345769,1.528,0.883940567428425
149.514942884445,3,1.3315,-62,12.532743585331,6.45082931899628,1.528,0.884606918274089
150.191829919815,3,1.01243,-61,12.5403550340296,6.4445186860898,1.528,0.885167138277399
150.629838943481,3,0.779262,-61,12.5453921554184,6.44034540076716,1.528,0.885340633388771
150.763658046722,3,0.717903,-61,12.5471197408832,6.43891542456307,1.528,0.885136371813223
151.293747901917,3,0.460194,-59,12.5539631250242,6.43325094273203,1.528,0.884327242276545
151.949620008469,3,0.319068,-59,12.561962267189,6.42658870874576,1.528,0.883007185069426
152.381126880646,3,0.233165,-58,12.5670614710229,6.42232654403181,1.528,0.88202727203079
152.970141887665,3,0.0859029,-58,12.5745289903643,6.41546469223745,1.528,0.879152230492402
153.426624059677,3,6.25864,-58,12.5802364378779,6.41036440329993,1.528,0.878040578953919
153.654520988464,3,6.22796,-57,12.5829879380449,6.40806878894485,1.528,0.878588451193067
154.184062004089,3,6.09297,-57,12.5892852623875,6.40280536039162,1.528,0.879835523673163
154.513130903244,3,6.03775,-56,12.5928252268717,6.39980916364775,1.528,0.880509576704337
154.959403038025,3,6.03775,-57,12.5976260072295,6.39574582274696,1.528,0.881423704675563
155.286122083664,3,5.9948,-56,12.6013873807624,6.39261737158607,1.528,0.881888537835953
155.864515066147,3,5.90276,-57,12.608131408111,6.38702595982068,1.528,0.882640803432021
156.352192878723,3,5.88435,-57,12.613748558326,6.38233380072157,1.528,0.882296561981883
156.74781703949,3,5.81072,-58,12.6182924396007,6.37853151516435,1.528,0.881833600493518
157.190348863602,3,5.72482,-59,12.6255728912378,6.37232131070399,1.528,0.87951134037597
157.860828876495,3,5.64505,-60,12.6374281087644,6.36218595717488,1.528,0.875605443613902
158.17231297493,3,5.71868,-62,12.6411223606169,6.35911716776475,1.528,0.876185550884995
158.857470989227,3,5.17872,-64,12.6489704922867,6.35259125642774,1.528,0.877645232272691
162.727649927139,3,6.14819,-66,12.6916829820411,6.31652422736287,1.528,0.882350574519885
163.003791093826,3,6.0807,-64,12.6948927174703,6.31393419332844,1.528,0.882604493193936
163.312874078751,3,5.97025,-62,12.6982648699564,6.31118339476403,1.528,0.882930135088845
163.609961986542,3,5.90889,-60,12.7013988929954,6.308611451944,1.528,0.883263295364075
164.061335086823,3,5.85981,-59,12.7062210410594,6.30466587177776,1.528,0.883904247808748
164.376873016357,3,5.80458,-59,12.7097839160058,6.30178735102896,1.528,0.884779445109944
164.902364969254,3,5.80458,-58,12.7157520612676,6.29696398916488,1.528,0.886180310611244
165.116287946701,3,5.80458,-57,12.7184307278174,6.2947878689059,1.528,0.88634245290505
165.494036912918,3,5.7739,-57,12.7231607644505,6.29094523737562,1.528,0.886628766626914
165.778033971787,3,5.74936,-56,12.72671789236,6.28805707936954,1.528,0.886839340865722
166.122773885727,3,5.73095,-55,12.7312952721515,6.28475161084797,1.528,0.885903229178852
166.394109010696,3,5.74322,-55,12.7348979995049,6.28214996920998,1.528,0.885166441904529
166.670687913895,3,5.70027,-55,12.7385703525777,6.27949804867138,1.528,0.884415415599897
167.075368881226,3,5.67573,-54,12.7433016770956,6.27563284877795,1.528,0.883858313423114
167.341980934143,3,5.65119,-54,12.7463911279857,6.27308702241945,1.528,0.883514612011588
167.723782062531,3,5.62664,-54,12.7509542958913,6.26932595784239,1.528,0.883633599346178
167.881316900253,3,5.63891,-54,12.7529471388372,6.26768276824969,1.528,0.884166775417988
168.22731590271,3,5.63891,-54,12.7573240860656,6.26407377630772,1.528,0.885337807753736
168.532244920731,3,5.64505,-54,12.7610258688409,6.2610315829183,1.528,0.886366586909458
168.889375925064,3,5.57142,-53,12.7647460522026,6.25801585981024,1.528,0.887558628641935
169.197454929352,3,5.58369,-54,12.7679552677899,6.25541434674903,1.528,0.888586943253533
169.479801893234,3,5.54687,-54,12.7709630656711,6.25298704634294,1.528,0.889234789765001
169.773283958435,3,5.52233,-54,12.7741904797889,6.25039872412968,1.528,0.889461667391102
170.175338029861,3,5.48552,-54,12.7786118572429,6.24685286696361,1.528,0.889772477093314
