27.9208309650421,1,4.59887,-64,8.54882813447743,9.18972322322983,0.633,0.62845925496759
28.0541839599609,1,1.54318,-64,8.55001199501614,9.18805221510921,0.633,0.62852212458005
28.184623003006,1,1.55239,-65,8.55115209096296,9.18644310096627,0.633,0.628563257553574
28.2884938716888,1,4.69398,-62,8.55199170403879,9.18525855130833,0.633,0.62851833558009
28.3546228408813,1,4.76761,-62,8.55252624031378,9.18450441255095,0.633,0.628489736187034
28.5243248939514,1,4.9701,-63,8.55389798259878,9.18256912009152,0.633,0.62841634360618
28.5803728103638,1,4.67557,-63,8.55435103131292,9.18192994626872,0.633,0.628392104057143
28.7901268005371,1,4.89033,-61,8.55604652298532,9.17953789910032,0.633,0.628301389853015
28.9160130023956,1,4.99464,-63,8.55706409126493,9.17810228525362,0.633,0.628246946709392
28.9882040023804,1,5.03146,-61,8.55766631739567,9.17725518879223,0.633,0.628320460164517
29.239620923996,1,5.2094,-63,8.55979409931138,9.17426624159724,0.633,0.628747021798959
29.3688390254974,1,4.9701,-62,8.5608876929239,9.17273004395572,0.633,0.628966257179863
29.4758169651031,1,5.07441,-61,8.56179306446298,9.17145824645515,0.633,0.629147759222264
29.6635408401489,1,5.28917,-63,8.56338180186341,9.16922650824857,0.633,0.629466257286948
29.810537815094,1,5.41188,-63,8.56494436272734,9.1675013987547,0.633,0.629573102740263
29.934849023819,1,5.23394,-62,8.56632306618374,9.16604656041356,0.633,0.629637817392298
30.1193518638611,1,5.33825,-63,8.56836933945138,9.16388728766175,0.633,0.62973386695384
30.2672669887543,1,5.37507,-63,8.57000982783561,9.16215620808223,0.633,0.629810869469835
30.4166259765625,1,5.28917,-62,8.57166632972991,9.16040823069317,0.633,0.629888623640384
30.5477149486542,1,5.46711,-62,8.57275585267991,9.15898552249722,0.633,0.629868280231194
30.6327819824219,1,5.3628,-62,8.57341049365512,9.15807831242604,0.633,0.629842343763491
30.8831298351288,1,5.43643,-63,8.57533706797162,9.15540844040611,0.633,0.629766014089014
31.0003898143768,1,5.52847,-63,8.57623945264131,9.15415790386559,0.633,0.629730262170439
31.2747728824615,1,5.41188,-62,8.57856680177762,9.15093515898757,0.633,0.629489972634393
31.5185799598694,1,5.3812,-62,8.58107473448447,9.14746702714531,0.633,0.628957162834424
31.6664299964905,1,5.47938,-61,8.58259560068118,9.14536387482776,0.633,0.628634055116327
31.8258128166199,1,5.41188,-62,8.5842350993855,9.14309666979221,0.633,0.628285743945812
32.0027198791504,1,5.49779,-62,8.5859016772123,9.14078597829393,0.633,0.627885015746527
32.1071379184723,1,5.55301,-62,8.58678770743633,9.13955330312835,0.633,0.627639487565939
32.3458619117737,1,5.61437,-61,8.5888133791942,9.1367351201795,0.633,0.627078152875894
32.4773638248444,1,5.54074,-63,8.58992922728189,9.13518271464191,0.633,0.626768939777566
32.5442049503326,1,5.52233,-64,8.59049640185992,9.13439364221761,0.633,0.626611769809272
32.7457158565521,1,5.39961,-62,8.59222334779994,9.13199826204285,0.633,0.626526266530728
32.9566638469696,1,5.60823,-62,8.59404854254372,9.12947387731261,0.633,0.626832618448492
33.1241128444672,1,5.55301,-64,8.59549736900317,9.127470038871,0.633,0.627075798397301
33.32728099823,1,5.48552,-63,8.59725524991788,9.12503875434435,0.633,0.627370851947755
33.5111348628998,1,5.46711,-63,8.5987818603739,9.12269893267417,0.633,0.627506732464902
65.6885869503021,1,4.78909,-66,8.90047832344506,8.72126399539781,0.633,0.636933709159251
65.7773118019104,1,4.94555,-65,8.90125175669021,8.72023078304743,0.633,0.636655155109587
66.0647759437561,1,5.16645,-64,8.90375764224606,8.71688322600717,0.633,0.635752653731534
66.5278279781342,1,5.27076,-63,8.90776720129248,8.71151304011402,0.633,0.634500663583745
66.8030159473419,1,5.38734,-62,8.91009152714611,8.70837470072665,0.633,0.633845970678401
67.0037097930908,1,5.47938,-62,8.91147924752197,8.70636499412655,0.633,0.633833807392238
67.1315929889679,1,5.5346,-61,8.91236351039504,8.70508439829245,0.633,0.633826056881
67.3951640129089,1,5.55301,-61,8.91418600215628,8.70244505265415,0.633,0.633810082849626
67.706976890564,1,5.70641,-60,8.91642942597118,8.69941584389104,0.633,0.634396393313041
67.9867489337921,1,5.70641,-59,8.91847952847386,8.6967376084787,0.633,0.635180210698465
68.2574088573456,1,5.88435,-59,8.92056219466923,8.69401009206327,0.633,0.635934791759633
68.5088438987732,1,5.93344,-59,8.92310091794032,8.69064628372908,0.633,0.636613232149577
68.7099139690399,1,5.95185,-59,8.9251311093711,8.68795628008329,0.633,0.637155774096408
69.0083668231964,1,5.93957,-58,8.92812323774482,8.68399569355187,0.633,0.63793979361876
69.2420268058777,1,6.0807,-58,8.93033643677141,8.68109048018176,0.633,0.6384245153774
69.3896110057831,1,6.11752,-58,8.93173433641953,8.6792554907845,0.633,0.638730675089067
69.6380288600922,1,6.14206,-58,8.93408732021691,8.67616678529273,0.633,0.639246011681309
69.9869868755341,1,6.24637,-58,8.93717965575484,8.67208824494074,0.633,0.639478363809734
70.1086819171906,1,6.24023,-57,8.93823385878331,8.67069549022428,0.633,0.639503503786565
70.4774358272552,1,0.116583,-57,8.94132635752011,8.66659720561741,0.633,0.6392916641792
70.727432012558,1,0.079767,-57,8.94256581659709,8.66484474820023,0.633,0.636725295301482
70.9879388809204,1,0.208621,-57,8.94385738671531,8.66301861156086,0.633,0.634051027617808
71.0500919818878,1,0.214757,-56,8.94416553631792,8.66258292226161,0.633,0.633412986746171
71.4286098480225,1,0.319068,-56,8.94740537176924,8.65822004252192,0.633,0.631737420823838
71.7849559783936,1,0.319068,-56,8.95109542364639,8.65331013878455,0.633,0.631197636375693
72.0305638313293,1,0.355884,-56,8.95350356124428,8.65007515703898,0.633,0.631482870881141
72.1226568222046,1,0.33134,-56,8.95437605804322,8.64889576456367,0.633,0.631737898651878
72.4690089225769,1,0.423379,-56,8.95765742718988,8.64446019289739,0.633,0.632697031406811
72.6740119457245,1,0.441786,-56,8.95960834048827,8.64183295073878,0.633,0.633335664696967
73.1082649230957,1,0.509282,-56,8.96377592432281,8.63626022744783,0.633,0.634973997509971
73.3446497917175,1,0.472466,-56,8.96601892482649,8.63326016342881,0.633,0.635831280857038
73.457662820816,1,0.484738,-56,8.96691130532247,8.63206079200336,0.633,0.635998470525002
73.6930618286133,1,0.521553,-56,8.96877007758091,8.62956257701184,0.633,0.636346716052679
74.3980898857117,1,0.754719,-57,8.975734702941,8.61937320040134,0.633,0.635565608990703
74.4590718746185,1,0.717903,-57,8.97648464621403,8.61820608089202,0.633,0.635305482563207
74.9086530208588,1,0.785398,-58,8.98174548009394,8.61015350353452,0.633,0.633497873847739
75.1779699325562,1,0.865165,-58,8.98411664736609,8.60693628596808,0.633,0.632735686433498
75.4074900150299,1,0.93266,-58,8.9861374284022,8.6041944750787,0.633,0.632086127083235
75.6318769454956,1,0.99402,-58,8.98812385436874,8.60148796622879,0.633,0.631641595026144
75.9805948734283,1,1.01243,-58,8.99124505971995,8.59719991026167,0.633,0.631550359792801
76.1880428791046,1,1.1106,-59,8.9931018263888,8.59464899851509,0.633,0.631496085074789
76.5044260025024,1,1.1781,-59,8.99606063227547,8.5906074331853,0.633,0.631501052398161
76.7785818576813,1,1.25786,-60,8.99867238710609,8.58704835109676,0.633,0.631538417098772
76.9856379032135,1,1.3315,-60,9.00064491337869,8.58436035647961,0.633,0.631566636766545
77.2423667907715,1,1.42967,-61,9.00281781219635,8.58137898516578,0.633,0.632184413181236
77.5498449802399,1,1.58307,-61,9.00538549259749,8.57785303169626,0.633,0.632998535770944
77.8446888923645,1,1.6567,-61,9.00779266014126,8.57462500702029,0.633,0.633825182062187
78.2031648159027,1,1.87146,-62,9.0105501873919,8.5711709417444,0.633,0.634971607318812
78.5507938861847,1,2.11076,-62,9.01329730989579,8.56768266861373,0.633,0.636058867133308
78.7867319583893,1,2.43596,-63,9.01556265618158,8.56455375407939,0.633,0.636662452687308
79.0958199501038,1,2.62618,-64,9.01853034735356,8.5604547551318,0.633,0.637453173086821
79.3539519309998,1,5.78618,-65,9.02099667925033,8.55706382474531,0.633,0.637779374660186
80.88569688797,1,4.19697,-62,9.03619282667949,8.53629440956363,0.633,0.634690963935925
81.0677440166473,1,4.41786,-62,9.037717495635,8.53418799092716,0.633,0.634381667022215
81.3355858325958,1,4.65717,-62,9.03996070652623,8.53108886491051,0.633,0.63392660548053
81.6947238445282,1,4.96396,-62,9.04290711324137,8.52678946827164,0.633,0.634093566037031
82.114266872406,1,5.47324,-61,9.04629377946542,8.52163735083029,0.633,0.634988407487371
82.4557459354401,1,5.62664,-61,9.04929484390694,8.51741272375203,0.633,0.635112618472813
82.7538228034973,1,5.84753,-60,9.05200903377609,8.51371300081181,0.633,0.634987439877091
82.9025440216064,1,5.85981,-60,9.05336324024688,8.51186707661808,0.633,0.634924983795349
83.2576630115509,1,6.00093,-59,9.05632275558014,8.50787325789213,0.633,0.63514193932501
83.5964608192444,1,6.12979,-59,9.05908585330281,8.50415420692892,0.633,0.635429598313831
83.8556168079376,1,0.0122718,-59,9.06112543806449,8.50140899730391,0.633,0.635591660060962
84.0784819126129,1,0.128854,-58,9.06279352029994,8.49916383326238,0.633,0.635663723510376
84.4463579654694,1,0.30066,-57,9.06554696844299,8.49545781527983,0.633,0.635782676261479
84.7313368320465,1,0.423379,-57,9.06813162278032,8.49198524940928,0.633,0.635319788909942
84.8387258052826,1,0.441786,-56,9.06916664125205,8.49059536746154,0.633,0.635070349458257
85.3043479919434,1,0.582913,-56,9.07374717615653,8.48467449373645,0.633,0.634089502679687
85.5417838096619,1,0.681087,-56,9.07642595746526,8.48204477435645,0.633,0.633961287505936
85.7513039112091,1,0.748583,-55,9.07878979008841,8.47972423537109,0.633,0.633848146799187
85.9360167980194,1,0.773126,-55,9.08087374453733,8.47767844858606,0.633,0.633748401970863
86.3801789283752,1,0.846757,-55,9.08540775809269,8.47172515973614,0.633,0.633833771972687
86.7261288166046,1,0.981748,-54,9.08891584031372,8.46699391967685,0.633,0.633932757152561
86.9142138957977,1,0.987884,-54,9.09089725204273,8.46429246551559,0.633,0.634045943678781
87.1384699344635,1,1.06151,-54,9.09325971241025,8.46107149013871,0.633,0.634180897297161
87.5398077964783,1,1.12901,-53,9.09720904456049,8.45568590341916,0.633,0.634567399955018
87.8180849552155,1,1.22105,-53,9.09945860523667,8.45261623033292,0.633,0.635089742578805
88.1481628417969,1,1.264,-53,9.10212691706327,8.448975143837,0.633,0.635709318220995
88.4654839038849,1,1.31309,-53,9.1047748530724,8.44539765462149,0.633,0.636275419180852
88.6711609363556,1,1.37445,-53,9.10649185850535,8.4430781911419,0.633,0.636642097055607
89.1023409366608,1,1.46035,-52,9.11013884372321,8.43840673816203,0.633,0.636936513407881
89.4586570262909,1,1.52171,-53,9.11319837787604,8.43473055371484,0.633,0.636722583190373
89.6749999523163,1,1.5708,-52,9.11507366777755,8.43245224682083,0.633,0.636581765512984
90.0513758659363,1,1.63829,-52,9.11862942051674,8.42771988202363,0.633,0.636155178850542
90.2707369327545,1,1.66897,-52,9.12070179998096,8.42496174434021,0.633,0.635906553734063
90.4713377952576,1,1.69351,-52,9.12274791185065,8.42222862376406,0.633,0.635528460835587
90.8146479129791,1,1.8101,-52,9.12656265904967,8.41711393173266,0.633,0.634568865195683
91.1138129234314,1,1.85918,-52,9.12986895762008,8.41268105206186,0.633,0.633772128499982
91.3438019752502,1,1.90214,-51,9.13182874791878,8.41005677036501,0.633,0.634441213156646
91.6346728801727,1,1.9819,-51,9.13430732667343,8.40673779850136,0.633,0.6352874154346
91.9330379962921,1,2.03099,-51,9.13675695730604,8.40346003429478,0.633,0.636138412633678
92.3842489719391,1,2.16598,-51,9.14004407164244,8.39907307262843,0.633,0.637348866079294
92.517107963562,1,2.19052,-51,9.14101196187484,8.39778133254511,0.633,0.637705283881322
92.8565318584442,1,2.23961,-52,9.14432158759127,8.39288673845529,0.633,0.637818631037378
93.182993888855,1,2.33165,-52,9.14770275904446,8.38780194333931,0.633,0.637739099626589
93.3899569511414,1,2.36847,-52,9.14981059799294,8.38472180816581,0.633,0.637650177534846
93.8736569881439,1,2.53414,-51,9.1545046342342,8.37845665417026,0.633,0.637191720222942
94.2422208786011,1,2.62618,-51,9.15816074197004,8.37356162554847,0.633,0.637182975255381
94.4971718788147,1,2.66913,-52,9.16076488521342,8.3700609739754,0.633,0.637498887714415
94.7212209701538,1,2.73662,-51,9.16305338742329,8.36698462674247,0.633,0.637776509293973
95.1158728599548,1,2.87161,-52,9.16710993590601,8.36151315715053,0.633,0.636799729541913
95.408383846283,1,2.93297,-52,9.17012716077174,8.35743593904012,0.633,0.635467643543099
95.6854989528656,1,3.04955,-52,9.17272818168373,8.35390236145931,0.633,0.634785278627055
96.0702090263367,1,3.14773,-52,9.17588293044726,8.34957994594564,0.633,0.634865171615223
96.3084218502045,1,3.2459,-52,9.17783635372203,8.34690350236787,0.633,0.634914641425428
96.7599868774414,1,3.43612,-52,9.18115607095173,8.34173787061747,0.633,0.637174062187079
97.1265158653259,1,3.53429,-52,9.18399453227171,8.33746041259604,0.633,0.638872313430661
97.4704959392548,1,3.64474,-52,9.18711770506727,8.33318780230534,0.633,0.639966339795557
97.7797808647156,1,3.77973,-53,9.18992586268594,8.32934614386219,0.633,0.640950018468726
98.0476539134979,1,3.86563,-53,9.19229371903935,8.32612045506405,0.633,0.640990339927457
98.5086419582367,1,4.01903,-53,9.19636316133503,8.32057791148487,0.633,0.640990953719658
98.731066942215,1,4.11107,-53,9.19844111338024,8.31775937946627,0.633,0.640854356978985
99.1002600193024,1,4.19697,-53,9.20192540024837,8.31303667187774,0.633,0.640585541052771
99.5332148075104,1,4.37491,-53,9.20606540849494,8.30740626114327,0.633,0.640081041059268
99.6799259185791,1,4.47922,-53,9.20748319324685,8.30547291829974,0.633,0.639857827840061
100.224426984787,1,4.65717,-53,9.21260891082698,8.29867150046064,0.633,0.639308638994361
100.552199840546,1,4.80443,-53,9.21552631593231,8.29503877006506,0.633,0.639322664980444
100.802256822586,1,4.84738,-53,9.21778988096372,8.29215902690713,0.633,0.639378887230773
101.140688896179,1,5.00691,-53,9.22103411370346,8.28774481942935,0.633,0.639672080103373
101.523895978928,1,5.16645,-53,9.22473857016056,8.28270729004352,0.633,0.640129381532862
102.049191951752,1,5.35052,-53,9.23009433625342,8.27544973755738,0.633,0.641878745340215
102.20880484581,1,5.45484,-53,9.23172170324309,8.27324450657138,0.633,0.642410295236841
102.722126960754,1,5.65732,-53,9.23643336087928,8.26689899577381,0.633,0.643895988017757
102.891933917999,1,5.71868,-53,9.23798659130847,8.26480760381564,0.633,0.644385146220525
103.250908851624,1,5.84753,-52,9.24108666466057,8.26063000270442,0.633,0.644708999989525
103.77870798111,1,6.04388,-52,9.24566890309311,8.25445663869163,0.633,0.644691016866777
104.075619935989,1,6.14819,-52,9.24971702674669,8.2490427844317,0.633,0.64425226568695
104.315282821655,1,6.22183,-53,9.25298461156571,8.24467280231011,0.633,0.64389811230202
104.666018009186,1,0.079767,-52,9.25685921045935,8.23953487878845,0.633,0.643327194914667
105.029691934586,1,0.202485,-51,9.26006464791336,8.23533275062608,0.633,0.642688110822274
105.572119951248,1,0.368155,-51,9.26489289180913,8.22900300308277,0.633,0.642447122581233
106.044167995453,1,0.478602,-51,9.26914428087894,8.22342009773663,0.633,0.6431049860992
106.264541864395,1,0.558369,-51,9.27116271134161,8.22075917269354,0.633,0.644053765767264
106.586735010147,1,0.693359,-51,9.27411371666439,8.2168688211997,0.633,0.645440909839047
107.174048900604,1,0.859029,-51,9.27959574135841,8.20968159631423,0.633,0.647480468980083
107.435395956039,1,0.914253,-51,9.28228598001038,8.2062054629264,0.633,0.648295633910989
107.675328969955,1,0.96334,-50,9.2866334578579,8.20092524185224,0.633,0.648558846383167
108.207005977631,1,1.11674,-50,9.29578854622876,8.18977606871284,0.633,0.649007107793685
108.458317995071,1,1.17196,-50,9.29785743992879,8.18710819952845,0.633,0.648581997085055
108.890494823456,1,1.27014,-50,9.30141527980708,8.18252031211106,0.633,0.647850941723522
109.364718914032,1,1.38672,-50,9.30243317776529,8.18885301248768,0.633,0.646952885307634
109.919049978256,1,1.54012,-50,9.30507793596191,8.191472768156,0.633,0.646357017264573
110.137813806534,1,1.60761,-50,9.30731001017506,8.18845101755674,0.633,0.646428700065674
110.587884902954,1,1.69351,-50,9.31180467826129,8.18235338911999,0.633,0.646244655252148
110.889012813568,1,1.77328,-49,9.31464356983012,8.17847944026208,0.633,0.645548890601393
111.291190862656,1,1.85305,-49,9.31823336278223,8.17203672736036,0.633,0.646400857060497
111.663060903549,1,1.93895,-49,9.32115225946791,8.16356168522914,0.633,0.650723384590988
111.969839811325,1,2.04326,-49,9.32369436528645,8.15737265029331,0.633,0.653573550119991
112.280287027359,1,2.09849,-49,9.32664972313221,8.15340048401392,0.633,0.654414690429936
112.723605871201,1,2.21507,-50,9.33076605836306,8.14787134331167,0.633,0.655283663341643
113.031330823898,1,2.31938,-50,9.33331014595976,8.14446471901812,0.633,0.654885630352175
113.261365890503,1,2.36847,-50,9.33521193960576,8.14191814929929,0.633,0.654588086898384
113.682832956314,1,2.48505,-50,9.33844777694139,8.13756345373451,0.633,0.652915427920342
114.123092889786,1,2.58322,-50,9.34167372021623,8.13320751903006,0.633,0.650468935723021
114.330775976181,1,2.62618,-50,9.3434512105117,8.13078938220357,0.633,0.649708100914991
114.687304019928,1,2.72435,-50,9.3465493011946,8.12657185463366,0.633,0.648473774452739
115.215837955475,1,2.87775,-50,9.35124716585879,8.12058201937142,0.633,0.647401486561854
115.486721992493,1,2.93911,-50,9.35368318468713,8.11758269450467,0.633,0.647055668881322
115.80299782753,1,3.01274,-50,9.35665910382382,8.11362864081136,0.633,0.647086405538848
116.187570810318,1,3.13546,-50,9.36036141419355,8.10853316476176,0.633,0.647400142062032
116.539085865021,1,3.20909,-50,9.36327083328682,8.1045409590703,0.633,0.647917626410591
116.879941940308,1,3.30726,-50,9.36588538712812,8.10095944276704,0.633,0.648519865652672
117.296293973923,1,3.42998,-50,9.36903142856299,8.09662564090287,0.633,0.648827708518775
117.737376928329,1,3.5527,-50,9.37233804044466,8.09205705604619,0.633,0.64891750274969
117.998706817627,1,3.61406,-50,9.37489949929844,8.08858754597644,0.633,0.648401537916108
118.337567806244,1,3.72451,-50,9.37825935974866,8.08403999292084,0.633,0.64769614785922
118.815692901611,1,3.8779,-50,9.38278965441785,8.07765065650837,0.633,0.649474434382318
119.214721918106,1,3.95767,-50,9.38648015167009,8.07232996838356,0.633,0.652149646635094
119.536782979965,1,4.01289,-50,9.38889067290047,8.06894485733916,0.633,0.656919565422573
119.987171888351,1,4.12948,-50,9.39215936339496,8.06437468824412,0.633,0.664060304693641
120.139737844467,1,4.16016,-50,9.39340687550675,8.06274498627983,0.633,0.66605903926791
120.637753009796,1,4.30742,-50,9.39752991056103,8.05739564658722,0.633,0.672431183315621
121.043041944504,1,4.38105,-50,9.40105543698584,8.05284882958428,0.633,0.678359831438386
121.524209976196,1,4.46695,-50,9.40532815534717,8.0473576181501,0.633,0.6857453452101
121.908793926239,1,4.55899,-50,9.40886039090628,8.04294851626004,0.633,0.691521764090774
122.266507863998,1,4.65103,-50,9.41214583714189,8.03884746836427,0.633,0.696894597626141
122.67862200737,1,4.71239,-50,9.41610644203047,8.03392294975039,0.633,0.701238784077197
123.116573810577,1,4.85352,-50,9.42028235424845,8.02879609011159,0.633,0.706281838803594
123.264611959457,1,4.87192,-49,9.42165340408984,8.0271791561523,0.633,0.708493222206312
123.699419021606,1,4.97623,-49,9.42568035361675,8.02243001338169,0.633,0.714988339362906
124.003816843033,1,5.04373,-49,9.42834956811187,8.01931408488469,0.633,0.720088410820804
124.486482858658,1,5.16031,-49,9.43252309432541,8.0144553528749,0.633,0.728392482157022
124.813624858856,1,5.22167,-49,9.43542639521427,8.01112789217559,0.633,0.733096752310799
125.042855024338,1,5.2953,-49,9.43746978508705,8.00879216762448,0.633,0.736281133291728
125.344755887985,1,5.34439,-49,9.44016876381087,8.00571905517223,0.633,0.740466188541775
125.900709867477,1,5.47324,-49,9.44525292077793,8.00010500015508,0.633,0.74804373065803
126.044211864471,1,5.5346,-49,9.44656523565419,7.99865590879876,0.633,0.749999634322902
126.51264500618,1,5.62664,-48,9.45413153314087,7.99221098777538,0.633,0.754208270615891
126.865680932999,1,5.688,-48,9.4600850105515,7.9872225818325,0.633,0.757213652994908
127.182765007019,1,5.78618,-48,9.4632278156149,7.98383271359877,0.633,0.762103337778441
127.700955867767,1,5.89049,-48,9.46804220855016,7.97848808806513,0.633,0.770423701197765
128.050390958786,1,5.95185,-48,9.47107657966864,7.97517033458645,0.633,0.776294511755443
128.244162797928,1,6.0132,-48,9.47275922599518,7.97333054456562,0.633,0.779550045582049
128.655241966248,1,6.08684,-48,9.47635958405407,7.96948221753888,0.633,0.786731375533685
128.909782886505,1,6.15433,-48,9.47860642184516,7.96713050613096,0.633,0.791334691715283
129.385036945343,1,6.26478,-48,9.48299895541849,7.96255823904356,0.633,0.799194734308693
129.591218948364,1,0.0245437,-48,9.48510379984587,7.96039163878946,0.633,0.801863357970846
129.962215900421,1,0.0859029,-48,9.48889118601766,7.956493131263,0.633,0.806665189509672
130.372010946274,1,0.202485,-47,9.49102794798546,7.95262655144992,0.633,0.811468896347329
130.879076004028,1,0.306796,-47,9.49311717169382,7.9479624782998,0.633,0.817308481252081
131.053511857986,1,0.343612,-47,9.4951724461702,7.94609226561419,0.633,0.820232675266103
131.499113798141,1,0.429515,-47,9.50042271022686,7.94131474779144,0.633,0.827702621934007
131.942322015762,1,0.533825,-47,9.50498840615034,7.93723958712923,0.633,0.835109424397447
132.317013025284,1,0.582913,-47,9.50849615746544,7.9341574429737,0.633,0.841358834140427
132.780915021896,1,0.742447,-48,9.51300204848678,7.93025204851198,0.633,0.849114283959212
133.299822807312,1,0.816078,-48,9.51813394687357,7.92583325239509,0.633,0.857799503913101
133.488338947296,1,0.859029,-47,9.52000979256985,7.92424922691263,0.633,0.860650121287276
133.901085853577,1,0.975612,-47,9.52412050183988,7.92078783988452,0.633,0.866794707610475
134.398942947388,1,1.06151,-47,9.53062978567258,7.91236317708886,0.633,0.875999940718229
134.646816015244,1,1.10447,-47,9.53464300360742,7.9060524068834,0.633,0.881476273532453
135.083555936813,1,1.21491,-47,9.54116318875013,7.89669560338445,0.633,0.890210239672547
135.341779947281,1,1.27014,-47,9.54401579485301,7.89437049365803,0.633,0.89370910250928
135.812119960785,1,1.39899,-48,9.5492116509259,7.89013544154903,0.633,0.900082077628435
136.139230966568,1,1.48489,-48,9.55281337736893,7.88726277893293,0.633,0.904578601537395
136.488379001617,1,1.56466,-48,9.55665595179468,7.88420758368513,0.633,0.909387765922752
136.74066400528,1,1.64443,-48,9.55933255136589,7.88208380127849,0.633,0.913025990135312
137.180750846863,1,1.77328,-48,9.56297330980427,7.87924149882867,0.633,0.921052230427803
137.389558792114,1,1.81623,-48,9.56470073997677,7.87789291196296,0.633,0.924860439592931
137.928939819336,1,1.94509,-48,9.56981102132991,7.87399185212571,0.633,0.933972945163603
138.195463895798,1,2.01872,-48,9.57251158543184,7.87195122317031,0.633,0.938279554200486
138.724838018417,1,2.17212,-49,9.57910794948852,7.87211126451668,0.633,0.947457854979304
139.034533977509,1,2.28256,-49,9.58367018328356,7.87460881268611,0.633,0.953183664517105
139.308794021606,1,2.36233,-49,9.5877103988727,7.87682058733468,0.633,0.958254317621336
139.68748998642,1,2.49118,-49,9.59217054635883,7.87455792879575,0.633,0.964447464995602
139.963285923004,1,2.57095,-48,9.59529620570997,7.87232749739171,0.633,0.968869218869469
140.388319969177,1,2.71821,-48,9.60007730641722,7.86891962555884,0.633,0.975170820826742
140.756768941879,1,2.84093,-48,9.60414912770426,7.8660251983789,0.633,0.97959422507632
140.937870979309,1,2.93297,-48,9.60615053138773,7.86460251383282,0.633,0.981768440724417
141.381970882416,1,3.12932,-49,9.61116944280866,7.8611209560819,0.633,0.987777265112113
141.846765995026,1,3.30113,-48,9.61654090995673,7.85748480885282,0.633,0.994789763119975
142.080355882645,1,3.39317,-48,9.61924042286774,7.85565740748916,0.633,0.998314001170559
142.50550198555,1,3.56497,-48,9.62394226563156,7.8525685316025,0.633,1.00436695384705
143.025159835815,1,3.72451,-48,9.62968400198362,7.8487989806197,0.633,1.01175636639681
143.237836837769,1,3.792,-48,9.62996837551527,7.84857162448474,0.633,1.01530112853484
143.683643817902,1,3.93926,-48,9.63023537147581,7.84830462852419,0.633,1.02281448854736
143.913781881332,1,4.00676,-47,9.63037320227713,7.84816679772287,0.633,1.02669309565806
144.232753992081,1,4.12948,-47,9.63349791603458,7.84620136484029,0.633,1.03217885502381
144.650259971619,1,4.2706,-47,9.63883375805678,7.84287523963237,0.633,1.03940593710487
144.964387893677,1,4.34423,-46,9.64288398846912,7.84004922070422,0.633,1.04483794018847
145.346362829208,1,4.47309,-46,9.6484130308958,7.83112276518315,0.633,1.05134827426134
145.648890972137,1,4.58967,-47,9.65279209031023,7.82405291907408,0.633,1.0565045269201
145.956092834473,1,4.63262,-47,9.65696128087447,7.81836385072476,0.633,1.06131950483752
146.404381990433,1,4.76148,-46,9.6620081820023,7.81562991099588,0.633,1.06677286780115
146.872111797333,1,4.89033,-46,9.66735975993766,7.81274530094598,0.633,1.07252939810804
147.059367895126,1,4.94555,-46,9.66967975840651,7.81152403048968,0.633,1.07497193902064
147.41131401062,1,5.01919,-46,9.67404017421504,7.8092286638868,0.633,1.0795626722264
147.808646917343,1,5.13577,-45,9.67794400002698,7.80876247927354,0.633,1.08484752095126
148.163157939911,1,5.22167,-45,9.67907651419084,7.81324928017969,0.633,1.08979833807732
148.52538895607,1,5.31371,-46,9.68023369049927,7.81783378770717,0.633,1.0948569664534
148.756045818329,1,5.3812,-46,9.68225898479749,7.81782769702601,0.633,1.09813275062076
149.137017011642,1,5.46711,-46,9.68660880906098,7.8155365359465,0.633,1.10358588307936
149.485142946243,1,5.54074,-46,9.69058361519764,7.81344290628074,0.633,1.10856887619529
149.907274007797,1,5.65119,-45,9.69513222059034,7.81109904745031,0.633,1.11496854053762
150.172616958618,1,5.69414,-45,9.69798490605814,7.80963039794041,0.633,1.11899977190843
150.532464027405,1,5.79845,-45,9.70215342971924,7.80752119732196,0.633,1.12488519745278
151.092124938965,1,5.92117,-45,9.70926128863306,7.80399605757262,0.633,1.13491041340054
151.296239852905,1,5.95185,-45,9.71191118073796,7.8027025319671,0.633,1.13843536158259
151.62001490593,1,6.03775,-45,9.7164587168055,7.80060366916669,0.633,1.1432414532125
152.077324867249,1,6.14206,-45,9.72288179827431,7.79763917002724,0.633,1.15002972660429
152.398193836212,1,6.22796,-46,9.72804809875591,7.79376266167697,0.633,1.15190555129908
152.700138807297,1,0.0184078,-46,9.73296820851433,7.78995543388772,0.633,1.15341466059473
153.043022871017,1,0.0920388,-46,9.73848864812241,7.78597727959145,0.633,1.15583620437654
153.464813947678,1,0.208621,-45,9.74490523718445,7.78301920725937,0.633,1.16278296720665
153.901572942734,1,0.312932,-45,9.7514582064675,7.78001932398988,0.633,1.16993509310571
154.192408800125,1,0.380427,-45,9.75549763056087,7.77824591829035,0.633,1.17455157778385
154.665531873703,1,0.509282,-45,9.76205627257022,7.77536701117406,0.633,1.18206445209124
155.019969940186,1,0.638136,-46,9.76628245239205,7.77353913635457,0.633,1.18785202839896
155.293799877167,1,0.742447,-46,9.76954749264511,7.77212696623527,0.633,1.19232336431202
155.606639862061,1,0.791534,-46,9.77357764444415,7.77041952877459,0.633,1.19715740620336
156.03165602684,1,0.920388,-46,9.77996993750882,7.76781221374339,0.633,1.20288629958554
156.238974809647,1,0.975612,-46,9.78308803636559,7.76654039063769,0.633,1.2056807984805
156.55469083786,1,1.05538,-46,9.78824071973785,7.7645531385515,0.633,1.2102351311736
157.061842918396,1,1.23332,-46,9.79680951243751,7.76132449602999,0.633,1.21776658435589
157.244149923325,1,1.30082,-46,9.79953952103565,7.76028593339554,0.633,1.22052394014394
157.616519927979,1,1.38058,-46,9.80422236534096,7.75847591428843,0.633,1.22628351376425
158.058626890183,1,1.52171,-46,9.80986000182064,7.7563163460162,0.633,1.23285078455707
158.32604598999,1,1.60761,-46,9.81344619746899,7.75498614483443,0.633,1.23620970965175
158.697772979736,1,1.71806,-46,9.81843120307989,7.753137093359,0.633,1.24087879692012
159.123058795929,1,1.87146,-46,9.82428764366942,7.75113591425726,0.633,1.24760560569218
159.371914863586,1,1.93282,-46,9.82773153212973,7.74997760010425,0.633,1.25169541732628
159.703439950943,1,2.05553,-46,9.83223434620056,7.74846003216261,0.633,1.25735009427422
160.233675956726,1,2.26416,-46,9.83924164478856,7.74609118145958,0.633,1.26686519849475
160.496892929077,1,2.31938,-46,9.8435294158775,7.74507563146012,0.633,1.27080984864923
160.964381933212,1,2.50959,-45,9.85264811340634,7.74356990201349,0.633,1.27636900176621
161.310417890549,1,2.62004,-45,9.85843084315779,7.74234148366023,0.633,1.28119937446972
161.558293819427,1,2.66913,-45,9.86182189870536,7.74137305265075,0.633,1.28521542383171
161.889516830444,1,2.77957,-45,9.86635318027865,7.74007899139852,0.633,1.29058185036651
162.376037836075,1,2.9207,-45,9.87281456323682,7.73834625534211,0.633,1.29789984917407
162.646583795547,1,3.01887,-45,9.87639354755107,7.7373948797649,0.633,1.30192838458524
162.953116893768,1,3.0741,-46,9.88038133632656,7.73635754586629,0.633,1.30659528749814
163.393493890762,1,3.23363,-45,9.88607886348836,7.73488627084817,0.633,1.31334791228251
163.674368858337,1,3.28885,-45,9.88950431764,7.73404215061286,0.633,1.31808114762143
164.193728923798,1,3.40544,-45,9.89568554643616,7.73255036054625,0.633,1.32714561192749
164.421630859375,1,3.4852,-45,9.89738561241717,7.73229835288344,0.633,1.33102063123923
164.759751796722,1,3.54043,-45,9.89942057423653,7.73211826776668,0.633,1.33672032518462
165.064937829971,1,3.61406,-45,9.90169680145643,7.7318117878726,0.633,1.34159566319847
165.552264928818,1,3.74905,-45,9.90795770453115,7.73046228752075,0.633,1.3477722225012
165.857313871384,1,3.81654,-45,9.91162595981878,7.72968554321021,0.633,1.35192289060739
166.151535987854,1,3.89631,-45,9.91470712484929,7.72906021451398,0.633,1.35644420657466
166.61446595192,1,4.02517,-45,9.91968802586422,7.72806572937868,0.633,1.36340481997035
166.865788936615,1,4.08652,-45,9.92270667505361,7.72750077731555,0.633,1.36682127564207
167.305099964142,1,4.19084,-45,9.92799176412526,7.72651316274307,0.633,1.37288216494171
167.571873903275,1,4.25833,-44,9.93128590135586,7.72591261345292,0.633,1.37744847167452
168.069203853607,1,4.38719,-44,9.93765921035615,7.72472725491242,0.633,1.3860549824531
168.304250955582,1,4.41173,-44,9.94197490524039,7.72379776877709,0.633,1.39064921021965
168.750916004181,1,4.52218,-45,9.95017611278141,7.72203144634077,0.633,1.39937971977021
168.979697942734,1,4.61421,-45,9.95284443375189,7.72162255228201,0.633,1.4029124941505
169.352808952332,1,4.67557,-45,9.95680860990689,7.72108107959918,0.633,1.40843650904319
169.666510820389,1,4.72466,-45,9.96047381390275,7.72057498188123,0.633,1.41159740520351
169.99898982048,1,4.82284,-45,9.9648318414438,7.71996613979829,0.633,1.41283340040948
170.366729974747,1,4.93328,-45,9.9696711135943,7.71928637461885,0.633,1.41297976254916
170.702142000198,1,5.03759,-45,9.97412690736942,7.71865238392139,0.633,1.41042594086643
171.061018943787,1,5.17258,-45,9.97875776398414,7.71798487655527,0.633,1.40793407409476
171.435511827469,1,5.28303,-45,9.98272465413394,7.71735695173257,0.633,1.40685763154154
171.879189014435,1,5.43029,-46,9.98759890035743,7.71602624136816,0.633,1.40477017446228
172.330989837646,1,5.58983,-46,9.99305582620827,7.71301199676919,0.633,1.40034807909253
172.574242830276,1,5.67573,-45,9.99614488094902,7.71166258700119,0.633,1.39779047811171
172.874446868896,1,5.79845,-45,10.0005068440194,7.71099278793256,0.633,1.39399081549397
173.282197952271,1,5.94571,-46,10.0064884451715,7.7100614023024,0.633,1.38873899390759
173.587260007858,1,6.03775,-46,10.0113209652838,7.70922890934187,0.633,1.38423947097947
173.958346843719,1,6.19728,-46,10.0171993908856,7.70821623938525,0.633,1.37876611336027
174.27339887619,1,6.25864,-46,10.0218496307494,7.70733025298285,0.633,1.37383348835704
174.725207805634,1,0.153398,-46,10.0284639873864,7.70605548606735,0.633,1.36671403539501
175.044543981552,1,0.239301,-46,10.0333014179171,7.70505338943303,0.633,1.36451045188251
175.332195997238,1,0.312932,-46,10.0376666639055,7.70414587776702,0.633,1.36266096608215
175.727849960327,1,0.404971,-46,10.0435768776655,7.70284752247803,0.633,1.36024551357822
176.139178991318,1,0.49701,-46,10.0496546435347,7.70146222989704,0.633,1.35782535816004
176.479496955872,1,0.607456,-46,10.0545864544113,7.70042968549772,0.633,1.35716464569985
176.822914838791,1,0.674952,-47,10.0595198948999,7.69943859254244,0.633,1.35709857283616
177.202282905579,1,0.760854,-47,10.0652704229331,7.69828352339428,0.633,1.35696910327379
177.40721487999,1,0.816078,-47,10.0685588315916,7.69762310132202,0.633,1.35686497033293
177.950402021408,1,0.908117,-47,10.0768696112216,7.69594453751633,0.633,1.3573008648772
178.263142824173,1,0.96334,-47,10.0811803486364,7.69506224640058,0.633,1.35838459232075
178.605711936951,1,1.04311,-47,10.0859504528986,7.6940844974473,0.633,1.35947050806983
178.886365890503,1,1.09219,-47,10.0900514423077,7.69323820236014,0.633,1.35995517045455
179.299426794052,1,1.20264,-47,10.0960871969064,7.69199264209296,0.633,1.36066848690711
179.647848844528,1,1.22105,-47,10.1028235075175,7.69066848300518,0.633,1.35916300693573
180.10223698616,1,1.30695,-47,10.1113141742314,7.68901015013974,0.633,1.35739042308739
180.432478904724,1,1.33763,-47,10.1158140797234,7.68819198550483,0.633,1.35720406336499
180.737013816834,1,1.38058,-47,10.1199636992795,7.68743750922191,0.633,1.35703221043388
181.261068820953,1,1.47876,-48,10.1277936411907,7.68591354451049,0.633,1.35584818104927
181.3907289505,1,1.5033,-48,10.1297447471189,7.68553195653692,0.633,1.35553738541469
181.915771007538,1,1.59534,-48,10.1382628612654,7.68382191687988,0.633,1.35303847861483
182.091664791107,1,1.63829,-47,10.141189223211,7.6832296212221,0.633,1.35205522100111
182.411772012711,1,1.68738,-47,10.1464096201179,7.68215063376351,0.633,1.3492485529585
182.869973897934,1,1.77328,-47,10.1536704932248,7.68060400876025,0.633,1.34318601907167
183.070255994797,1,1.81623,-47,10.1566779844107,7.68006414107474,0.633,1.34060927350095
183.643524885178,1,1.87759,-47,10.1595783820623,7.68319351748832,0.633,1.3357472911218
184.053099870682,1,1.93282,-47,10.164249946107,7.68316851703278,0.633,1.33184943699317
184.367830991745,1,1.97577,-47,10.1691520191768,7.68200794075901,0.633,1.32864004556462
184.685849905014,1,2.01872,-47,10.1740363417958,7.68084390710757,0.633,1.3253597014734
185.050424814224,1,2.05553,-47,10.1795194814974,7.67952407171036,0.633,1.3215360606903
185.248021841049,1,2.07394,-47,10.1824913045037,7.67880873024335,0.633,1.31946367438147
185.735548973084,1,2.11076,-47,10.1902753586538,7.67682585758573,0.633,1.3137560919082
185.987543821335,1,2.11689,-47,10.1943318402168,7.67578500844049,0.633,1.31076247140588
186.343194961548,1,2.14144,-47,10.199998441235,7.674293749004,0.633,1.3072142166335
186.593127012253,1,2.17212,-47,10.2039590851678,7.67323757728859,0.633,1.30496985173824
187.046612977982,1,2.20893,-47,10.211893381121,7.67135415513081,0.633,1.302466174991
187.51393198967,1,2.2028,-47,10.2214750052217,7.66947516131367,0.633,1.30283326318706
187.867401838303,1,2.2212,-47,10.227648013243,7.66796836607546,0.633,1.30305568785123
188.192991018295,1,2.24575,-47,10.2328049904466,7.66653827996018,0.633,1.30323336521707
188.527954816818,1,2.25802,-47,10.238164280754,7.66505283017211,0.633,1.30351071958066
188.778878927231,1,2.25188,-47,10.2422354293114,7.66392518664311,0.633,1.30381767125761
189.201003789902,1,2.27029,-47,10.2490663826401,7.66203267148887,0.633,1.30428235832946
189.468675851822,1,2.29484,-47,10.253276482598,7.66086319927834,0.633,1.30422555539352
189.954262971878,1,2.31938,-46,10.2609140757747,7.65874164561814,0.633,1.30412250850145
190.165270805359,1,2.32551,-46,10.2639342976468,7.65790683880811,0.633,1.30416972452012
190.615800857544,1,2.35619,-46,10.2703450373447,7.65613545020739,0.633,1.30428219363763
190.89290189743,1,2.35006,-46,10.2736006831925,7.65545744876056,0.633,1.30451261955868
191.344388008118,1,2.36847,-46,10.277555477318,7.65516083920115,0.633,1.30520470853065
191.666402816772,1,2.3746,-46,10.2814750233894,7.65438566976283,0.633,1.30549855250848
192.206126928329,1,2.38074,-46,10.2910301294892,7.6515550593844,0.633,1.30544826247637
192.389406919479,1,2.35619,-45,10.2941364253346,7.65063914731984,0.633,1.30541985015955
192.772815942764,1,2.39301,-45,10.3003631368743,7.64881196475328,0.633,1.30533818836886
193.161196947098,1,2.38074,-45,10.3067171496973,7.64694865856864,0.633,1.30507448155245
193.541203975677,1,2.38074,-45,10.3130422035719,7.64509668279414,0.633,1.30439643577709
193.888187885284,1,2.40528,-45,10.3188474963038,7.64339940548801,0.633,1.30401623695026
194.147248983383,1,2.40528,-45,10.3232443962925,7.64211913166776,0.633,1.304232848935
194.592660903931,1,2.42369,-44,10.3308041251859,7.63991791649,0.633,1.30460527675548
194.94304394722,1,2.42369,-44,10.3336528391414,7.6393519450769,0.633,1.30476015486226
195.23876786232,1,2.44823,-44,10.3360143117997,7.63889038451187,0.633,1.3048889624618
195.659811019897,1,2.45437,-44,10.3408120459646,7.63764448939428,0.633,1.30532465270948
195.944247961044,1,2.4421,-44,10.3448209747883,7.63648793116728,0.633,1.30575392738883
196.296898841858,1,2.47891,-44,10.349990160801,7.63500356871845,0.633,1.30619405701733
196.687211990356,1,2.47891,-44,10.3565947143098,7.63313661225417,0.633,1.30627206355484
196.969057798386,1,2.47891,-44,10.361363873964,7.63178847972198,0.633,1.30632839221217
197.327065944672,1,2.49118,-43,10.3662052020496,7.63040366000759,0.633,1.30476004644483
197.670075893402,1,2.50346,-44,10.3708169157065,7.62908407065429,0.633,1.3032212865415
198.027588844299,1,2.50959,-43,10.3760999884836,7.62755380865256,0.633,1.30239053243084
198.37123799324,1,2.50346,-43,10.3812673083409,7.62605391403912,0.633,1.30173661496218
198.717348814011,1,2.50959,-43,10.3878332012044,7.62517838682503,0.633,1.30031883585815
199.133170843124,1,2.51573,-43,10.396469313922,7.6244753186743,0.633,1.29819855946659
199.497380018234,1,2.51573,-43,10.4019828718274,7.62332641119688,0.633,1.29804828718274
199.83540892601,1,2.50346,-43,10.4064016574273,7.62207851341173,0.633,1.29849016574273
200.256878852844,1,2.53414,-43,10.4122078819288,7.62043138231764,0.633,1.29893954750406
200.541188001633,1,2.51573,-43,10.4163466993308,7.61925200249158,0.633,1.29916663306063
200.964453935623,1,2.528,-43,10.422474305939,7.6174777082183,0.633,1.29968874442844
201.235105991364,1,2.51573,-44,10.426343974824,7.61631680755281,0.633,1.30028488260801
201.646013021469,1,2.51573,-44,10.4322556318302,7.61454524308339,0.633,1.30114575370038
201.99928689003,1,2.50346,-44,10.4376636166751,7.61294165801198,0.633,1.30149374576866
202.282202005386,1,2.51573,-44,10.4419945360904,7.61165744625494,0.633,1.30177243101799
202.595918893814,1,2.47891,-44,10.446317880145,7.60971381631458,0.633,1.30326969493982
203.09392285347,1,2.50959,-44,10.4529260126465,7.6063520091002,0.633,1.30627864070993
203.391093015671,1,2.51573,-44,10.4566654630405,7.6051748996547,0.633,1.30657687918105
203.81899189949,1,2.50346,-44,10.4619999564544,7.60368331314673,0.633,1.30663902861889
204.148968935013,1,2.47891,-45,10.4663373492999,7.60249289479135,0.633,1.30682391725566
204.361042022705,1,2.46051,-45,10.469236784519,7.60170773799751,0.633,1.30701122590256
204.758066892624,1,2.41755,-45,10.4746648560543,7.60023783544017,0.633,1.30736188893094
205.049968957901,1,2.41755,-45,10.4791242617717,7.59900359189561,0.633,1.30740298148959
205.32136297226,1,2.39915,-45,10.4833236779901,7.59783859255757,0.633,1.30741652799352
205.803246021271,1,2.35619,-46,10.4911408636874,7.59565830026757,0.633,1.30752031599845
205.964444875717,1,2.33165,-46,10.4939095154746,7.59488136077381,0.633,1.3075889957327
206.373396873474,1,2.31324,-46,10.5008133444012,7.59295129042248,0.633,1.30800875359515
206.585775852203,1,2.25802,-46,10.5036399100862,7.59220790364732,0.633,1.30977818371398
206.967500925064,1,2.20893,-46,10.5087203139874,7.59087175742131,0.633,1.31295851655611
207.352157831192,1,2.17212,-47,10.5144261106445,7.58930475369167,0.633,1.31451928579092
207.682718992233,1,2.12917,-47,10.519575547537,7.58786555209863,0.633,1.31517066755169
207.892848014832,1,2.08008,-47,10.5229039363683,7.58693621771241,0.633,1.31544140384639
208.270539999008,1,2.03713,-47,10.529219881546,7.58517812252489,0.633,1.31505961910058
208.456260919571,1,2.00645,-47,10.5323255952009,7.58431362163438,0.633,1.31487188566323
208.727036952972,1,1.95122,-47,10.5366619487862,7.58310162316912,0.633,1.31468101039025
209.084218978882,1,1.88986,-48,10.5417890711628,7.58165265380181,0.633,1.31468546875753
209.448791027069,1,1.83464,-48,10.5470226545174,7.58017364899,0.633,1.3146852367425
209.678500890732,1,1.77328,-48,10.5503765291076,7.57923341748094,0.633,1.3139800631107
209.919228792191,1,1.70579,-49,10.5538912723537,7.57824808775042,0.633,1.31324106581281
210.283126831055,1,1.66284,-49,10.5589890241814,7.57702628133465,0.633,1.31211705824296
210.514179944992,1,1.61375,-49,10.5609222095202,7.57787093462114,0.633,1.31136162889518
210.85820889473,1,1.52784,-50,10.5638006460426,7.57912858996322,0.633,1.31023682446952
211.212532997131,1,1.46035,-50,10.5719031323768,7.57563588883846,0.633,1.30613160853754
211.520599842072,1,1.33763,-50,10.5829416027513,7.56887739043446,0.633,1.30027178114172
211.872344017029,1,1.27014,-50,10.5936615909233,7.56282456258909,0.633,1.29598471665948
212.061560869217,1,1.19037,-50,10.596734785101,7.56194794654496,0.633,1.29711575287733
212.356570005417,1,1.12901,-51,10.6015262206907,7.56058120918004,0.633,1.29887915827057
212.534063816071,1,1.06765,-51,10.6043968674241,7.55976145870539,0.633,1.2999182491308
212.84513092041,1,0.975612,-52,10.6088862073267,7.55843870676982,0.633,1.30076400870172
213.115624904633,1,0.871301,-52,10.6127899934224,7.5572884840809,0.633,1.30149945411797
213.506421804428,1,0.754719,-53,10.6184478049701,7.55566707111252,0.633,1.30209106463668
213.693663835526,1,0.681087,-53,10.6211665160791,7.55490809759458,0.633,1.30216582919218
214.03857588768,1,0.564505,-53,10.6261745595314,7.55351001879748,0.633,1.30230355038711
214.34234380722,1,0.368155,-53,10.6290113075472,7.55275819598808,0.633,1.30210667532605
214.608603954315,1,0.251573,-53,10.6309051134298,7.55227976081773,0.633,1.3018142982775
214.927002906799,1,0.104311,-54,10.6331697625552,7.55170763893343,0.633,1.3014646682371
215.174750804901,1,6.25251,-54,10.6370275245382,7.55063017551841,0.633,1.30154784482547
215.319427013397,1,6.17887,-54,10.6393016902137,7.54999452757142,0.633,1.30160003879179
215.689414024353,1,5.94571,-54,10.6451175169445,7.54836895632944,0.633,1.30173351678233
215.846475839615,1,5.87208,-54,10.6466775847393,7.54838998489264,0.633,1.30343789160278
216.146378993988,1,5.73709,-54,10.6494322680211,7.54860556880165,0.633,1.30709882576135
216.424907922745,1,5.60823,-55,10.6519906238515,7.54880578795359,0.633,1.31049884358232
216.706959962845,1,5.48552,-55,10.656002595072,7.54782500990903,0.633,1.31172986033737
216.958185911179,1,5.31371,-54,10.6597477628433,7.54680846437111,0.633,1.31255914748672
217.197365999222,1,5.25235,-54,10.6633133561397,7.54584066047636,0.633,1.31334867171665
217.409034967422,1,5.16031,-54,10.666782408881,7.54490785261322,0.633,1.31400288728325
217.658867835999,1,5.04986,-54,10.6709002004126,7.54380119613911,0.633,1.31477175617079
217.730207920074,1,4.99464,-53,10.6720760408685,7.5434851890166,0.633,1.31499130763091
218.057014942169,1,4.85965,-54,10.6769780695026,7.54213160878359,0.633,1.31570074512308
218.228005886078,1,4.79216,-54,10.6786218968609,7.54160216828375,0.633,1.31550860945781
218.438580989838,1,4.73693,-54,10.6806462679103,7.54095016306265,0.633,1.31527199465983
218.764760971069,1,4.61421,-54,10.6837820104511,7.53994020962093,0.633,1.31490547929792
218.912935972214,1,4.53445,-53,10.6859727158594,7.53933611419997,0.633,1.31503656475074
219.112566947937,1,4.44854,-53,10.6891106923829,7.53848686817258,0.633,1.31528561050658
219.292591810226,1,4.36878,-53,10.6919404826469,7.53772102810905,0.633,1.31551019703547
219.52432179451,1,4.27674,-53,10.6955830198225,7.53673523034962,0.633,1.3157992872875
219.729622840881,1,4.19084,-53,10.6986838477722,7.53589826712228,0.633,1.31575496913367
219.95996594429,1,4.08652,-53,10.702097713332,7.53497800771051,0.633,1.31555013720008
220.136030912399,1,3.98835,-53,10.7047071343305,7.53427459857177,0.633,1.31539357194017
220.336985826492,1,3.9454,-53,10.7076854438616,7.53347174991558,0.633,1.31521487336831
220.535620927811,1,3.86563,-52,10.7107573456075,7.53264683203354,0.633,1.31548298938749
220.769465923309,1,3.77359,-52,10.714398462524,7.53166964339099,0.633,1.31588444586803
220.926909923553,1,3.72451,-52,10.716849966827,7.53101171830455,0.633,1.31615473993221
221.137163877487,1,3.62633,-52,10.7201579657697,7.53012435154635,0.633,1.31649431863079
221.372359991074,1,3.52816,-51,10.7242070823296,7.52904242760152,0.633,1.31665628329319
221.540303945541,1,3.46066,-51,10.7270983913603,7.52826986982854,0.633,1.31677193565441
221.758808851242,1,3.41157,-51,10.7308601534856,7.52726472698866,0.633,1.31692240613942
221.934078931808,1,3.3134,-51,10.7334346717622,7.52655301932013,0.633,1.31707516601877
222.124212026596,1,3.25818,-51,10.735788985698,7.52587457186338,0.633,1.31727262460693
222.336453914642,1,3.21522,-51,10.7384170607069,7.52511723411888,0.633,1.31749304380122
222.599964857101,1,3.08637,-51,10.7417073331896,7.52417112820404,0.633,1.31776624030172
222.885502815247,1,3.0066,-50,10.7464526456723,7.52289467593156,0.633,1.31804213056234
222.969627857208,1,2.96979,-51,10.7478507071221,7.52251860823925,0.633,1.31812341320477
223.181818962097,1,2.92684,-50,10.7513770792559,7.52157004147147,0.633,1.31832843484046
223.444844007492,1,2.81639,-50,10.7556058260401,7.52043948637929,0.633,1.31847438865295
223.636355876923,1,2.75503,-50,10.7584253828514,7.5196987553526,0.633,1.3183835893658
223.82358288765,1,2.71208,-49,10.7611818553088,7.51897459733413,0.633,1.3182948216087
224.102275848389,1,2.62004,-49,10.7652849463498,7.51789666663692,0.633,1.3181626881684
224.305739879608,1,2.58322,-49,10.7683148977099,7.51709941026972,0.633,1.31850107699491
224.499141931534,1,2.55254,-49,10.771211780321,7.51633656451548,0.633,1.31903458620911
224.72360086441,1,2.44823,-49,10.7745738500254,7.51545121949332,0.633,1.31965376737967
224.964376926422,1,2.35619,-49,10.7781803266902,7.51450151397159,0.633,1.32031796016544
225.215075969696,1,2.2887,-49,10.7822416599224,7.51344581459392,0.633,1.32029476783696
225.434441804886,1,2.24575,-49,10.7858042146776,7.51252013438296,0.633,1.32025388606108
225.673427820206,1,2.17825,-48,10.7896854059513,7.51151166091266,0.633,1.32020934780056
225.872539997101,1,2.11689,-48,10.7926617319112,7.51085377093575,0.633,1.32009488826487
226.063077926636,1,2.08008,-48,10.7954269757883,7.51028296371342,0.633,1.31996043145249
226.519722938538,1,1.98804,-48,10.8021510892508,7.50884764041672,0.633,1.31968427690312
226.746709823608,1,1.92668,-47,10.8059332795326,7.5078286370846,0.633,1.31975616977624
226.957243919373,1,1.86532,-47,10.809441323668,7.50688349461506,0.633,1.31982285160691
227.165766000748,1,1.84078,-47,10.8129158424248,7.50594738460291,0.633,1.31988889617832
227.3636739254,1,1.77942,-47,10.8156702408834,7.50522031176811,0.633,1.31985617782832
227.641083955765,1,1.71192,-47,10.8193671825326,7.5042498645852,0.633,1.31978152804502
227.909680843353,1,1.63829,-47,10.8229466746629,7.50331024790099,0.633,1.31970924983854
228.0656208992,1,1.59534,-47,10.8250495516328,7.50274797884252,0.633,1.31960173085677
228.315335988998,1,1.56466,-47,10.8284505514061,7.50182485033263,0.633,1.31934058265989
228.518697023392,1,1.49717,-47,10.8312202311737,7.50107308011001,0.633,1.31912791082059
228.74894785881,1,1.45421,-47,10.8343561371363,7.50022190563444,0.633,1.31888711804132
229.003729820251,1,1.39285,-47,10.8378735274273,7.49926290197254,0.633,1.31882000530657
229.224141836166,1,1.35604,-47,10.8409276084402,7.49842922039877,0.633,1.31880899960922
229.51619887352,1,1.27627,-46,10.8449744198117,7.49732455026761,0.633,1.31879441650518
229.678030967712,1,1.22718,-46,10.8460487334527,7.49702214414131,0.633,1.31867371384173
229.917311906815,1,1.16583,-46,10.8455554923957,7.49712695786592,0.633,1.31829453477918
230.148545980453,1,1.09833,-46,10.8450788387211,7.49722824677178,0.633,1.31792810726681
230.38779592514,1,1.04311,-46,10.8447206833157,7.49729820090413,0.633,1.31755434895585
230.62982583046,1,1.00016,-46,10.8489198711766,7.49619174822966,0.633,1.31735772031792
230.853678941727,1,0.957204,-46,10.8528036939886,7.49516839174269,0.633,1.31717585877355
231.066134929657,1,0.889709,-46,10.8564897781703,7.49419713781545,0.633,1.31700325641901
231.324018955231,1,0.840621,-46,10.8604630463957,7.49313215389,0.633,1.31665524596714
231.546900987625,1,0.791534,-47,10.8638153331474,7.49223029975504,0.633,1.31633188379375
231.782333850861,1,0.736311,-46,10.8673563923339,7.49127766082345,0.633,1.31599031259788
232.009159803391,1,0.668816,-46,10.8704068209176,7.49045616194221,0.633,1.3161830841669
232.266036987305,1,0.595185,-46,10.8736551412197,7.48958082510291,0.633,1.3166993961307
232.50356388092,1,0.521553,-46,10.8766587689419,7.4887714264746,0.633,1.31717681485287
232.70325088501,1,0.478602,-46,10.8794489543443,7.48802789671727,0.633,1.31753255841129
232.924248933792,1,0.423379,-46,10.8828692461263,7.48712593267476,0.633,1.31786907098984
233.199214935303,1,0.337476,-46,10.8871247767089,7.48600370807758,0.633,1.3182877602891
233.454949855804,1,0.251573,-46,10.8913140511895,7.48478979725511,0.633,1.31856154427429
233.628601789474,1,0.190214,-46,10.8949124570757,7.48341113090352,0.633,1.31837078540803
233.86755490303,1,0.122718,-46,10.8998640304454,7.48151402207033,0.633,1.31810829236193
234.085474967957,1,0.0674952,-47,10.9043797581299,7.4797838998972,0.633,1.31786890438829
234.294093847275,1,0.0368155,-47,10.9083016108604,7.4784371366514,0.633,1.31761042111608
234.532236814499,1,6.2341,-47,10.9120738505993,7.47744347350067,0.633,1.31726386575795
234.743958950043,1,6.20955,-47,10.9154275782471,7.47656005255929,0.633,1.31695575907161
234.951655864716,1,6.12365,-47,10.9187175454643,7.47569342704842,0.633,1.31665351005084
235.190047979355,1,6.05002,-47,10.9228697195559,7.47459523211753,0.633,1.31637991202738
235.414891958237,1,5.96412,-47,10.9268505937152,7.47354164737763,0.633,1.3161344746732
235.573132991791,1,5.91503,-47,10.9296522593171,7.47280015392511,0.633,1.31596174040301
235.797657966614,1,5.8414,-47,10.933567068728,7.47176104936539,0.633,1.31572884925736
236.037539958954,1,5.79231,-47,10.9375644583007,7.47069067397568,0.633,1.31551741708162
236.239521026611,1,5.73709,-47,10.9409302674882,7.46978941597837,0.633,1.31533939081054
236.400580883026,1,5.68186,-47,10.943614166285,7.46907075216832,0.633,1.31519743252708
236.665382862091,1,5.62051,-47,10.9476842027454,7.46799536048505,0.633,1.31529435531442
236.803431987762,1,5.55915,-47,10.9497477348752,7.46745279384747,0.633,1.31540108973492
237.058893918991,1,5.48552,-48,10.9535663313384,7.46644876632913,0.633,1.31559860334509
237.202033996582,1,5.47324,-48,10.9557059620513,7.46588619101238,0.633,1.3157092738992
237.422278881073,1,5.3628,-48,10.9588455169403,7.46510601044914,0.633,1.31499887161648
237.691371917725,1,5.30757,-48,10.9626403390271,7.46417577530043,0.633,1.31389400748679
237.895732879639,1,5.22781,-48,10.9655222920557,7.46346931424829,0.633,1.31305492558732
238.036186933517,1,5.18486,-47,10.967503012748,7.46298377475116,0.633,1.31247823788135
238.223346948624,1,5.1235,-48,10.9699777402169,7.46232084597838,0.633,1.31258742902171
238.43293595314,1,5.06214,-48,10.9727420015769,7.46157779223668,0.633,1.31274719825628
238.64944601059,1,4.99464,-48,10.975597544439,7.46081020135721,0.633,1.31291224339418
238.861862897873,1,4.9026,-48,10.9783991026366,7.46005712195182,0.633,1.31307416831753
239.019479990005,1,4.86579,-48,10.9806637209148,7.45945236379149,0.633,1.31289647010098
239.257687807083,1,4.81056,-48,10.9841005796231,7.45853484526134,0.633,1.31260495083554
239.451094865799,1,4.74307,-49,10.9868910536812,7.45778988834762,0.633,1.31236825883954
239.686589002609,1,4.66944,-49,10.9903463738754,7.45687161688961,0.633,1.31212130925882
239.969506978989,1,4.57126,-49,10.9948277574142,7.4557041976484,0.633,1.3120610553625
240.096606016159,1,4.54058,-49,10.996840989448,7.45517974224465,0.633,1.3120339866965
240.291802883148,1,4.4915,-49,10.9999328821504,7.45437429120452,0.633,1.31199241502991
240.525928974152,1,4.37491,-49,11.0035910743533,7.45343364919464,0.633,1.31178977344216
240.783662796021,1,4.30128,-49,11.0075728841868,7.45242103376283,0.633,1.31142935100033
240.929315805435,1,4.25219,-49,11.0098231227507,7.45184877481772,0.633,1.31122566561309
241.175676822662,1,4.16016,-49,11.0137508963784,7.45083988998012,0.633,1.31105458139713
241.37126493454,1,4.09266,-49,11.0176291017433,7.44978314408873,0.633,1.31200200874803
241.630724906921,1,4.01289,-50,11.0227737858819,7.44838130398116,0.633,1.31325883091344
241.805822849274,1,3.9454,-50,11.0262457033359,7.4474352647286,0.633,1.31410700403643
242.181226015091,1,3.82882,-50,11.0320210908661,7.4458625919309,0.633,1.31553664207683
242.301153898239,1,3.76746,-50,11.0336893112073,7.44540846528246,0.633,1.31595215251367
242.541676998138,1,3.65701,-50,11.0370350346308,7.44449768501717,0.633,1.31678548547748
242.768479824066,1,3.58952,-50,11.0402497520058,7.4436277588634,0.633,1.31722577368195
242.950917959213,1,3.50361,-50,11.0429052419879,7.4429150889024,0.633,1.31717811104124
243.153362989426,1,3.42998,-50,11.0458519436148,7.4421242647051,0.633,1.31712522152486
243.419677972794,1,3.30113,-50,11.049728308443,7.44108394115292,0.633,1.3170556457459
243.618738889694,1,3.26431,-51,11.0527429667519,7.44027854219949,0.633,1.31706961823966
243.822568893433,1,3.13546,-51,11.0558814963472,7.43944160097407,0.633,1.31711299629098
244.101781845093,1,3.05569,-51,11.0601807560053,7.43829513173191,0.633,1.31717241695292
244.249873876572,1,2.96365,-51,11.0624610445551,7.4376870547853,0.633,1.31720393313613
244.476677894592,1,2.8348,-51,11.0663751764421,7.43664498979997,0.633,1.31674238434639
244.658278942108,1,2.78571,-51,11.0695577656033,7.43579785944971,0.633,1.31631413889309
244.893711805344,1,2.69367,-51,11.073683766466,7.43469961510244,0.633,1.31575894907112
