46.1106081008911,1,1.47876,-64,8.74557311374626,8.7110599773788,0.633,0.963876347431658
46.2836339473724,1,1.62602,-64,8.74771296775822,8.70965785951983,0.633,0.96410165037611
46.3388929367065,1,1.49717,-65,8.74839636952985,8.70921006736976,0.633,0.964173605019059
46.551882982254,1,1.63216,-63,8.7510304708086,8.70748409895107,0.633,0.964450946730582
46.7178139686584,1,1.61988,-63,8.75308258090768,8.70613947441015,0.633,0.964667011212122
46.9932370185852,1,5.02532,-64,8.75581669226348,8.70406354093119,0.633,0.964625992711966
47.123074054718,1,1.88986,-64,8.75668765120289,8.70318190473683,0.633,0.964358146144961
47.2834680080414,1,1.72419,-63,8.75776358879077,8.7020927770209,0.633,0.964027262361368
47.4414420127869,1,1.83464,-63,8.75882329313805,8.70102008155203,0.633,0.963701370796777
47.4692320823669,1,1.97577,-62,8.75900971151487,8.70083137783609,0.633,0.963644041432555
47.7299151420593,1,2.06781,-62,8.76079347604196,8.69904741732608,0.633,0.963111453102044
47.8759090900421,1,1.93895,-62,8.76298254508697,8.69757888824887,0.633,0.962989132864654
48.042601108551,1,2.05553,-62,8.76548196607537,8.69590216068925,0.633,0.962849470861149
48.2009260654449,1,2.2028,-61,8.76785592929081,8.69430959602435,0.633,0.962716819154832
48.3495860099792,1,2.16598,-62,8.77008497294166,8.69281425012692,0.633,0.962592265226693
48.5092289447784,1,2.2212,-62,8.7724786982409,8.69120842813933,0.633,0.962458509259737
48.6574740409851,1,2.38687,-62,8.77461887116047,8.68977943686918,0.633,0.962311508719309
48.7680230140686,1,2.32551,-62,8.77616338766169,8.68875251973164,0.633,0.962187698951516
48.9467990398407,1,2.50959,-62,8.77866112702667,8.68709182438977,0.633,0.961987478021186
49.0694620609283,1,2.50346,-61,8.78037489292495,8.68595237682202,0.633,0.961850101076526
49.2671120166779,1,2.63231,-61,8.78313632624818,8.68411635681086,0.633,0.961628742212277
49.3064000606537,1,2.55868,-61,8.78368523258832,8.68375140031661,0.633,0.96158474140914
49.5798859596252,1,2.79185,-61,8.78759213330228,8.68114689545688,0.633,0.961873937511953
49.7465441226959,1,2.84707,-60,8.78999137245279,8.67954601664762,0.633,0.962177896579375
49.8764700889587,1,2.91456,-61,8.79186180867495,8.67829797861377,0.633,0.962414861722944
50.0344829559326,1,2.91456,-60,8.79413658867818,8.6767801444695,0.633,0.962703053089038
50.1750161647797,1,2.95751,-61,8.79615972856164,8.67543021577776,0.633,0.962959364225054
50.5469119548798,1,3.21522,-61,8.80170602074067,8.67170967955337,0.633,0.963160894535391
50.7634620666504,1,3.16,-61,8.8049368306695,8.66954227691267,0.633,0.963275082289994
51.0639951229095,1,3.27658,-60,8.80993813553824,8.66651525625137,0.633,0.964461838225918
51.183354139328,1,3.34408,-60,8.81244995681893,8.66529370609197,0.633,0.965977345805996
51.3556051254272,1,3.38089,-60,8.81607485006527,8.66353084622733,0.633,0.968164425449768
51.4258921146393,1,3.37476,-60,8.81755398721432,8.66281151152224,0.633,0.969056862972529
51.7325689792633,1,3.5527,-59,8.82400777259204,8.6596729034463,0.633,0.972950754920692
51.8718180656433,1,3.59565,-59,8.82659836205943,8.6583171123126,0.633,0.974128251875612
52.0051510334015,1,3.66315,-59,8.82830601707177,8.65717658676307,0.633,0.973912523347905
52.2098560333252,1,3.73678,-59,8.83092776565391,8.65542554734308,0.633,0.973581317127942
52.4078099727631,1,3.82268,-59,8.8334630503819,8.65373225625869,0.633,0.97326103391047
52.5635499954224,1,3.90858,-59,8.83545768257819,8.65240006154411,0.633,0.973009051476131
52.7309241294861,1,3.98221,-59,8.83762588333705,8.65094367515193,0.633,0.972629802583519
52.8622989654541,1,4.0313,-59,8.8393739306003,8.6497541390178,0.633,0.972128222561203
53.0898380279541,1,4.08039,-58,8.84240151980759,8.64769388193146,0.633,0.971259494184072
53.2871861457825,1,4.16629,-58,8.84502739434997,8.64590698936997,0.633,0.970506032742123
53.5051641464233,1,4.2706,-58,8.8479277659825,8.64393330311341,0.633,0.969673807836796
53.7857401371002,1,4.34423,-58,8.85157510059725,8.64146504757296,0.633,0.969610226279559
53.9962501525879,1,4.40559,-57,8.85430447371344,8.6396191709568,0.633,0.969646249797567
54.1981070041656,1,4.47922,-58,8.85692165400645,8.63784917041182,0.633,0.969680792543245
54.3417439460754,1,4.58353,-58,8.85876441842873,8.63660271964266,0.633,0.969713022657685
54.7852251529694,1,4.73693,-58,8.86343254070682,8.63343526300795,0.633,0.970211952452769
54.9848980903625,1,4.77375,-58,8.86553431564764,8.63200914762699,0.633,0.970436590557358
55.1880280971527,1,4.85965,-58,8.86707931213813,8.63086861736478,0.633,0.970758039032893
55.3646080493927,1,4.9026,-57,8.86697790513712,8.63063273586242,0.633,0.971263751337946
55.737645149231,1,5.00078,-57,8.86676367598437,8.6301344202245,0.633,0.972332102808406
55.9120781421661,1,5.07441,-57,8.86666350194724,8.62990140670336,0.633,0.972831666376158
56.1253070831299,1,5.16645,-57,8.86921134646551,8.62812453935379,0.633,0.972890751973958
56.3326971530914,1,5.22781,-57,8.87201128005199,8.62621649061731,0.633,0.972881735651704
56.5953731536865,1,5.30757,-57,8.87555761839195,8.62379979529948,0.633,0.972870315763229
56.8091249465942,1,5.41188,-58,8.87845533586442,8.6218223812795,0.633,0.972834507149509
57.095281124115,1,5.49165,-57,8.8824701263939,8.61905170506819,0.633,0.972484473904853
57.3064110279083,1,5.61437,-58,8.88543229322735,8.61700746263037,0.633,0.972226214635706
57.4773840904236,1,5.66959,-58,8.88783105686101,8.61535203446108,0.633,0.972017076198299
57.811331987381,1,5.7739,-57,8.89278330001532,8.61193543770327,0.633,0.970749770071688
57.9747440814972,1,5.7555,-57,8.89532717193287,8.6101808386435,0.633,0.969741716316492
58.0950810909271,1,5.79231,-57,8.89720048455753,8.60888874820954,0.633,0.968999383413283
58.6957161426544,1,5.96412,-57,8.90587850160104,8.60288897179435,0.633,0.964596251007642
58.9717271327972,1,6.06229,-57,8.90937530878012,8.60046015498524,0.633,0.96206304675269
59.2259271144867,1,6.09297,-58,8.91259579040091,8.59822326873631,0.633,0.959730021988382
59.4336249828339,1,6.2341,-58,8.91279580399254,8.59815989481265,0.633,0.957983149681475
59.6041510105133,1,6.24637,-58,8.91249840378453,8.59844283806611,0.633,0.956579172866121
59.7370829582214,1,0.0368155,-58,8.91226656827274,8.59866340379608,0.633,0.955484716054209
60.0251939296722,1,0.116583,-58,8.9117640979812,8.59914144844844,0.633,0.953112637552936
60.3669500350952,1,0.220893,-58,8.91546370907082,8.5966272386741,0.633,0.953366515507787
60.6200301647186,1,0.257709,-58,8.91895649492493,8.59422518243759,0.633,0.954092340919049
60.8433351516724,1,0.306796,-58,8.92203835086022,8.59210573063648,0.633,0.954732772209461
60.9589810371399,1,0.319068,-58,8.9236372482326,8.59100563915577,0.633,0.95496139445409
61.2434740066528,1,0.411107,-58,8.92758275564832,8.58828888562469,0.633,0.955084980104916
61.4862999916077,1,0.509282,-58,8.93095040204748,8.58597002919323,0.633,0.955190465338661
61.8067171573639,1,0.521553,-59,8.93538785709671,8.58291216745268,0.633,0.955232329543252
61.9474170207977,1,0.644272,-59,8.9373292490465,8.58157164070364,0.633,0.955139564389452
62.2569761276245,1,0.668816,-60,8.94160057911968,8.57862229695175,0.633,0.954935468255639
62.6789469718933,1,0.846757,-60,8.94723670071953,8.5747264515132,0.633,0.954742228258909
62.8989970684052,1,0.865165,-60,8.95001739686962,8.5728007395242,0.633,0.954713728786873
63.1064159870148,1,1.00016,-60,8.95263847723985,8.57098556604942,0.633,0.954686865223691
63.3485860824585,1,1.01856,-60,8.95569394975965,8.56887004697909,0.633,0.954652351516768
63.5745780467987,1,1.15969,-60,8.95827138304717,8.56711345231817,0.633,0.954438386248101
63.8447501659393,1,1.1781,-61,8.96135269000986,8.56501345330538,0.633,0.954182591975827
64.0843069553375,1,1.32536,-62,8.96408482982311,8.56315142171291,0.633,0.953955783766277
64.2968010902405,1,1.30082,-62,8.9668636694307,8.56122061508057,0.633,0.954165261385002
64.3444440364838,1,1.40513,-62,8.96754127931403,8.56074484643909,0.633,0.95427529369627
64.7610540390015,1,1.54012,-63,8.97346658573314,8.55658452491078,0.633,0.955237462602454
64.9741561412811,1,1.64443,-63,8.97649746652557,8.55445645967354,0.633,0.955729626053683
65.1356329917908,1,1.75487,-64,8.97876269486341,8.55286036651066,0.633,0.956063321038178
65.4388880729675,1,1.9635,-63,8.98300717982277,8.54986793118031,0.633,0.956677963583333
73.6905250549316,1,1.60148,-64,9.10053062387246,8.4665456869194,0.633,0.958041712270565
74.4297070503235,1,1.84691,-64,9.10974005456917,8.46005653539896,0.633,0.958584298423824
74.7060639858246,1,1.896,-63,9.11310892614445,8.45767457257711,0.633,0.959106189154454
74.9847149848938,1,1.97577,-63,9.11703408266969,8.4549192075028,0.633,0.957951452652076
75.1868889331818,1,2.14144,-63,9.12010545418601,8.45277047109536,0.633,0.956402551430816
75.5426261425018,1,2.31324,-62,9.12550971690757,8.44898964028299,0.633,0.953677166668687
75.7498590946198,1,2.36847,-62,9.12864991915213,8.44696381962911,0.633,0.953852939804012
76.1053760051727,1,2.50346,-62,9.13402604118485,8.44373125946372,0.633,0.956578018153823
76.247642993927,1,2.58322,-62,9.13617740071253,8.44243768780215,0.633,0.957668511121779
76.5842151641846,1,2.63231,-62,9.14125339885633,8.43919066338859,0.633,0.958844479524256
76.9696180820465,1,2.77344,-62,9.14703887323228,8.43510350568429,0.633,0.957416307180321
77.1465971469879,1,2.90843,-61,9.14969559376512,8.43322666117884,0.633,0.956760482861692
77.3390400409698,1,3.01887,-62,9.15246555167618,8.43126497880367,0.633,0.956111608924131
77.7790429592133,1,3.19682,-62,9.15806952836974,8.42726527779101,0.633,0.955022129925765
77.9389200210571,1,3.18454,-62,9.16010575879291,8.42581196823408,0.633,0.95462626277585
78.2708151340485,1,3.34408,-61,9.16454012799048,8.42263942265431,0.633,0.954383635826867
78.4630279541016,1,3.42385,-61,9.16720570905433,8.42072892975153,0.633,0.954515476616896
78.8329200744629,1,3.66315,-61,9.17233532232067,8.41705239937988,0.633,0.954769189503271
79.1083519458771,1,3.81654,-61,9.17587308905017,8.41451668761722,0.633,0.955337399397315
79.1475250720978,1,3.71223,-61,9.17636588041598,8.41416347299664,0.633,0.955432159663805
79.488753080368,1,3.8779,-61,9.18065847159958,8.41108670243729,0.633,0.956257594346124
79.841001033783,1,4.03744,-61,9.1862706250626,8.40716364952944,0.633,0.957177751354386
79.9405870437622,1,4.14175,-61,9.18845404867101,8.40567708889489,0.633,0.957472290497145
80.3885390758514,1,4.41173,-61,9.19827539850223,8.39899032780052,0.633,0.958797169439036
80.7049150466919,1,4.63876,-61,9.20344719800309,8.39539777416444,0.633,0.959504684914719
80.9695920944214,1,4.59581,-62,9.20640708486688,8.39326755255793,0.633,0.959919837877432
81.1181559562683,1,4.60808,-62,9.20806847646424,8.39207185405982,0.633,0.960152864231349
81.5331280231476,1,4.89647,-62,9.21260441737095,8.38881803115422,0.633,0.960197514733106
81.5756869316101,1,5.14804,-62,9.21305355153915,8.38849752475964,0.633,0.960109069850753
82.2143189907074,1,5.26462,-62,9.21981030908262,8.38367565515609,0.633,0.958760701076302
82.4431760311127,1,5.40575,-62,9.22230934561167,8.38189142064977,0.633,0.958181378971841
82.753947019577,1,5.52847,-63,9.22570285297751,8.37946856173224,0.633,0.957394702264305
82.965980052948,1,5.73095,-63,9.22801817740371,8.37781549196453,0.633,0.956857967965503
83.1326880455017,1,5.84753,-63,9.2299103269678,8.37646107588332,0.633,0.95709877350135
83.4866480827332,1,6.0807,-64,9.23395808497174,8.37356224482373,0.633,0.957889765513037
83.7920830249786,1,6.2341,-64,9.2374509276718,8.37106082035731,0.633,0.958572318835429
84.0565960407257,1,0.159534,-64,9.23765333325297,8.37113157228459,0.633,0.960014703736411
84.2950291633606,1,0.282252,-64,9.2378110928022,8.37121491695211,0.633,0.961322322037843
84.5813839435577,1,0.478602,-64,9.23800055977115,8.37131501270929,0.633,0.962892752971056
84.8266580104828,1,0.730175,-64,9.24099987214253,8.36913283441024,0.633,0.963061898825661
85.079784154892,1,0.908117,-64,9.24427603618159,8.36673623920112,0.633,0.963161501567728
85.3265099525452,1,1.11674,-64,9.24746936173738,8.36440024239604,0.633,0.963258585833924
85.5835840702057,1,1.20878,-64,9.25038249476962,8.36225871889374,0.633,0.963162851521145
86.1227331161499,1,1.67511,-64,9.25598227158581,8.35812741501886,0.633,0.96271969902019
86.3518159389496,1,1.80396,-63,9.25859055896583,8.35621308392971,0.633,0.962467481864017
86.6703240871429,1,1.92668,-63,9.26259897033268,8.35328630737614,0.633,0.962010173027522
86.8461229801178,1,2.02485,-62,9.26481139185118,8.35167088848962,0.633,0.961757763826503
87.1648499965668,1,2.29484,-62,9.26893724422451,8.34866515575609,0.633,0.961090173573961
87.2425589561462,1,2.27643,-63,9.26999189525092,8.34789963628981,0.633,0.960838202210981
87.7763879299164,1,2.54027,-61,9.2772369192245,8.34264082864018,0.633,0.959107261340752
88.0530531406403,1,2.74889,-61,9.28050634532817,8.34117599968711,0.633,0.960240241635852
88.2029640674591,1,2.89002,-61,9.28218330345136,8.34062790298451,0.633,0.961249683311305
88.3835520744324,1,2.99433,-60,9.28420342654493,8.33996764630242,0.633,0.962465692472173
88.9337091445923,1,3.23363,-60,9.29071397395873,8.33656546382739,0.633,0.964842340829268
89.1461570262909,1,3.33794,-60,9.29338371475249,8.33464417637754,0.633,0.965180045035647
89.5367741584778,1,3.49748,-59,9.29828349041485,8.33111457924583,0.633,0.965760344793446
90.0527210235596,1,3.73064,-59,9.30463614215878,8.32649219744592,0.633,0.96598521742155
90.3466510772705,1,3.90245,-59,9.30828846435703,8.32383781178218,0.633,0.966077231798265
90.4953820705414,1,3.90245,-59,9.31037883519709,8.32234135746406,0.633,0.965861017475323
90.9175760746002,1,4.06812,-58,9.31631264909508,8.31809345978944,0.633,0.965247262475573
91.0233061313629,1,4.15402,-58,9.3177986542828,8.31702965865077,0.633,0.965093559793067
91.3762850761414,1,4.2706,-58,9.32237571216648,8.31372682286045,0.633,0.964558380467825
91.9024691581726,1,4.44241,-57,9.32885204219338,8.30902780749049,0.633,0.96374068786127
92.1021871566772,1,4.5099,-57,9.33202393658896,8.30675475594382,0.633,0.963453438937443
92.5171329975128,1,4.60808,-57,9.33954488680214,8.30139374804392,0.633,0.962886777812566
92.8451020717621,1,4.8167,-57,9.34514644412824,8.29738597001392,0.633,0.962432883699844
93.1439969539642,1,4.95169,-57,9.34897522824671,8.29458759521912,0.633,0.961996857859723
93.3769960403442,1,4.98237,-57,9.35195990029924,8.29240616352067,0.633,0.961656960362523
93.7380571365356,1,5.09282,-57,9.35642652535923,8.28913914913603,0.633,0.961423527890013
94.3004851341248,1,5.25235,-57,9.36294939471908,8.28436116436983,0.633,0.961864520207236
94.459645986557,1,5.37507,-57,9.36477805056476,8.28301861839081,0.633,0.962004673317079
94.746964931488,1,5.44256,-57,9.36792804819461,8.28067890954033,0.633,0.962392261449884
95.171019077301,1,5.60823,-57,9.37257713095719,8.27722573231154,0.633,0.96296430293021
95.537887096405,1,5.69414,-56,9.3769051042188,8.27402485837776,0.633,0.963241959962735
95.5787739753723,1,5.71868,-56,9.37740251645492,8.27365761471687,0.633,0.963262202908464
96.1692309379578,1,5.87821,-57,9.38462910089409,8.26829687387748,0.633,0.963354143219791
96.3343040943146,1,5.98253,-56,9.38675722845679,8.26665567431682,0.633,0.962881376868806
96.5590860843658,1,6.0132,-56,9.3896551239062,8.26442083425283,0.633,0.962237605564319
96.856861114502,1,6.14819,-57,9.39349404758769,8.2614602787063,0.633,0.961384783594238
97.2584710121155,1,0.0490874,-57,9.39809996644323,8.25797845519216,0.633,0.960492412255334
97.878231048584,1,0.288388,-57,9.40495938606215,8.25284894176032,0.633,0.959132550935457
98.0481369495392,1,0.319068,-56,9.40690886497046,8.25140645464645,0.633,0.958616649661788
98.4206881523132,1,0.46633,-56,9.41118347054915,8.24824352560019,0.633,0.957485437391127
98.7808029651642,1,0.595185,-56,9.4157443891185,8.24490664189435,0.633,0.957410014765219
99.0605230331421,1,0.742447,-57,9.41950343267251,8.24217374393447,0.633,0.957864799700305
99.1733160018921,1,0.742447,-57,9.42101921123349,8.24107174336507,0.633,0.958048184980245
99.6409230232239,1,0.920388,-56,9.42706563601643,8.23668626546118,0.633,0.959371850860548
99.8970530033112,1,1.0247,-56,9.43028804680846,8.23435311610888,0.633,0.960309138614961
100.253209114075,1,1.17196,-56,9.43489981853015,8.23070043383477,0.633,0.961438543171869
100.670156955719,1,1.34377,-57,9.44101601510678,8.22418695424073,0.633,0.961807869236199
100.969153165817,1,1.51557,-57,9.44540198240048,8.21951609251978,0.633,0.962072715537094
101.239495038986,1,1.61375,-57,9.44891087812842,8.21663741409981,0.633,0.961806117119772
101.66179895401,1,1.896,-57,9.45413587688584,8.21289504708373,0.633,0.961105701435069
101.995938062668,1,2.03713,-57,9.45836091447061,8.20988004827922,0.633,0.960376944320947
102.348835945129,1,2.16598,-57,9.46297514094614,8.20660557810604,0.633,0.959315275593196
102.645465135574,1,2.35006,-57,9.46685364045545,8.20385321407984,0.633,0.958422887310679
102.985914945602,1,2.49118,-57,9.47118087482582,8.20077843344071,0.633,0.958406715487522
103.318082094193,1,2.68753,-57,9.47539450040678,8.19778410502589,0.633,0.95845855635343
103.734041929245,1,2.90229,-57,9.48033402317271,8.19425824428252,0.633,0.958993890866149
104.033941030502,1,3.08637,-57,9.48375797093986,8.19180738029225,0.633,0.95957156858593
104.198616027832,1,3.17841,-57,9.48563806523507,8.1904616075995,0.633,0.959888772193955
104.691271066666,1,3.49748,-57,9.49109903276896,8.18686343982111,0.633,0.961524057197963
104.944025993347,1,3.52816,-57,9.49388053374355,8.18507030497941,0.633,0.962447858236718
105.60272192955,1,3.81041,-56,9.50064995427169,8.18035059622738,0.633,0.963502999629926
105.839941978455,1,3.96994,-57,9.50302480371676,8.17864471845698,0.633,0.963705084823316
106.380013942719,1,4.17243,-56,9.50973817955995,8.1738999982566,0.633,0.962115410677664
106.64314198494,1,4.30128,-56,9.51321362798358,8.17145348644235,0.633,0.961019895817091
107.01714015007,1,4.47309,-56,9.5184007352855,8.16776605338951,0.633,0.960317060947603
107.338832139969,1,4.63262,-56,9.5230115569088,8.16446760244784,0.633,0.960227882049652
107.673387050629,1,4.71239,-56,9.52778310622929,8.16105733259919,0.633,0.960090991379549
108.029049158096,1,4.86579,-56,9.53271270870789,8.15755331786439,0.633,0.959678414739673
108.301443099976,1,4.94555,-56,9.53648818498959,8.1548696685074,0.633,0.959362431184205
108.653706073761,1,5.09282,-56,9.54122963720695,8.15042555098337,0.633,0.959211978337248
109.03241610527,1,5.22781,-56,9.54624593911213,8.14508775187785,0.633,0.959198740217235
109.432734012604,1,5.46097,-57,9.55146847567877,8.14041764067571,0.633,0.959388241008015
109.750196933746,1,5.58369,-57,9.55555114949013,8.13743059966682,0.633,0.959688482839152
110.258522033691,1,5.78004,-56,9.56181342426936,8.13287926931347,0.633,0.96001199672944
110.500129938126,1,5.85367,-56,9.56460041947638,8.1308755843683,0.633,0.960057406019982
110.97932100296,1,6.00093,-57,9.57030924009456,8.12677932003735,0.633,0.959864058616146
111.310272932053,1,6.19115,-57,9.57490608930241,8.12350902452418,0.633,0.958707832812777
111.564440965652,1,0.0429515,-58,9.57843642715878,8.12099746768826,0.633,0.957819862044196
111.980229139328,1,0.214757,-58,9.58379490435162,8.1171764968917,0.633,0.956919048464547
112.069648981094,1,0.251573,-57,9.58488911341042,8.11639491899255,0.633,0.956802370049603
112.415158987045,1,0.404971,-58,9.58911703610578,8.11337497421015,0.633,0.956351535435659
112.907662153244,1,0.66268,-58,9.59490982043208,8.10849530354976,0.633,0.953584846917965
113.063972949982,1,0.687223,-58,9.59672602357402,8.10689173858449,0.633,0.952504098754022
113.463873147964,1,0.969476,-58,9.60141197582948,8.10300646466828,0.633,0.951326485048443
113.744106054306,1,1.09219,-57,9.60475076872358,8.10058719705293,0.633,0.952717988062542
114.155941963196,1,1.33763,-58,9.60965752583534,8.09703179276362,0.633,0.954762968846617
114.461259126663,1,1.46035,-58,9.6127644315184,8.0947815698194,0.633,0.9550896609534
114.78303694725,1,1.63216,-57,9.61603846004013,8.09241030651505,0.633,0.955433112964994
115.153501987457,1,1.8101,-57,9.6202362502356,8.0893788785067,0.633,0.955085108526276
115.437478065491,1,1.98804,-56,9.62374830792695,8.08684813105264,0.633,0.954307635362837
115.692275047302,1,2.0494,-56,9.62689949483643,8.08457742283845,0.633,0.953610049084249
116.122375011444,1,2.25802,-56,9.63272894862792,8.08042935843412,0.633,0.9518330298565
116.32942700386,1,2.31938,-56,9.63560082126874,8.0783919828172,0.633,0.95090054834721
116.709401130676,1,2.50959,-56,9.64112517014493,8.07438054522858,0.633,0.949056311939915
117.272969961166,1,2.71208,-55,9.65036920756971,8.06730380178187,0.633,0.945771011434124
117.517814159393,1,2.77957,-55,9.65416084500224,8.06441029455848,0.633,0.944840558678009
118.016839027405,1,3.00047,-55,9.66033887989227,8.05976271320541,0.633,0.946374760264451
118.333263158798,1,3.12318,-55,9.6641724550513,8.05688263068981,0.633,0.947466721925027
118.530848026276,1,3.17227,-55,9.66638982527934,8.05522498498535,0.633,0.948399356932485
118.807194948196,1,3.33181,-54,9.66949109232019,8.0529065620519,0.633,0.94970376256272
119.445807933807,1,3.5527,-54,9.67694960302532,8.04738331004879,0.633,0.952036542761468
119.608160018921,1,3.65087,-54,9.67890355434312,8.04594634987443,0.633,0.952494561531134
119.827716112137,1,3.7061,-54,9.68154597139228,8.04400308341272,0.633,0.953113961101008
120.410196065903,1,3.9454,-53,9.68803179755429,8.03925150653137,0.633,0.952721708111135
120.626122951508,1,4.07425,-53,9.69040285182721,8.0375156961265,0.633,0.952447220020003
121.114581108093,1,4.25219,-53,9.69786839522305,8.03153720184536,0.633,0.951002815899349
121.646103143692,1,4.424,-52,9.70616462027664,8.02485281882551,0.633,0.94944958444224
121.864223957062,1,4.46082,-52,9.70840322920096,8.02322424444991,0.633,0.949464562969106
122.33456993103,1,4.64489,-52,9.71323046544027,8.01971245944857,0.633,0.949496861995038
122.62162399292,1,4.70012,-52,9.71653075636561,8.01730485346293,0.633,0.950027603987499
122.865030050278,1,4.79216,-52,9.71936576083552,8.01523606641732,0.633,0.950530360497443
123.152843952179,1,4.9026,-52,9.72271799334464,8.01278984269445,0.633,0.951124841647189
123.713384151459,1,5.03146,-51,9.72862044621953,8.0085442680694,0.633,0.954518214469024
123.991404056549,1,5.12963,-52,9.73152487277134,8.00645765803218,0.633,0.956283755800516
124.158874988556,1,5.19099,-52,9.73328125250119,8.00518878279326,0.633,0.956338411142066
124.662521123886,1,5.36893,-52,9.73856716469482,8.00136609888852,0.633,0.955936633041075
125.178918123245,1,5.56528,-52,9.74304968581002,7.99850951993607,0.633,0.952663928149858
125.480535030365,1,5.66959,-51,9.745371656881,7.9971769421988,0.633,0.949848355681407
125.804177045822,1,5.7555,-51,9.74847396323555,7.99513305962074,0.633,0.947499248688095
126.18021607399,1,5.86594,-51,9.75308021324851,7.99175131177053,0.633,0.945872031193113
126.496678113937,1,5.98253,-51,9.75695668129151,7.98890534434933,0.633,0.944502618633971
126.736361980438,1,6.05002,-51,9.7595849221965,7.98698059383662,0.633,0.944176144085367
127.162718057632,1,6.21569,-51,9.76419934756447,7.98360235400649,0.633,0.943735721707513
127.433002948761,1,0.0306796,-50,9.7676701950808,7.98178561806015,0.633,0.944191308447753
127.862482070923,1,0.116583,-50,9.77619230303819,7.98068941330214,0.633,0.948965103361641
128.18026804924,1,0.245437,-50,9.7824980959739,7.97987829470875,0.633,0.952497394010276
128.490091085434,1,0.374291,-50,9.78668720484465,7.97727039916268,0.633,0.953114920846753
128.97129201889,1,0.509282,-50,9.79271080607259,7.97277213886138,0.633,0.9533775187553
129.396979093552,1,0.638136,-50,9.79623922967396,7.98312630095974,0.633,0.953526271076535
129.739447116852,1,0.754719,-50,9.79885912861711,7.9931978796838,0.633,0.953635791442191
130.058760166168,1,0.834486,-50,9.80258325732436,7.99350690485892,0.633,0.953520887434858
130.255596160889,1,0.926524,-50,9.80516585305462,7.99166394881925,0.633,0.953401463883488
130.702038049698,1,1.04311,-49,9.81116958257324,7.98738151200538,0.633,0.953033648995292
131.054603099823,1,1.12901,-49,9.81646927915553,7.98360819625692,0.633,0.95237278578511
131.314605951309,1,1.19037,-49,9.82037759684873,7.98082552436755,0.633,0.951885425171719
131.738191127777,1,1.33763,-49,9.82608426504287,7.97676715754815,0.633,0.95181801932166
131.984195947647,1,1.36831,-49,9.82921339348918,7.97454331154542,0.633,0.951982488337033
132.317393064499,1,1.49717,-50,9.8334515892169,7.97153126049365,0.633,0.952205250646172
132.618049144745,1,1.57693,-49,9.83696350143004,7.96900565436971,0.633,0.952937523767794
132.770195960999,1,1.62602,-49,9.83873521016688,7.96773095373463,0.633,0.95331743103982
133.146690130234,1,1.73647,-49,9.84311938346361,7.96457664943537,0.633,0.954257528744719
133.546033143997,1,1.83464,-49,9.84757350245338,7.9617818990429,0.633,0.956064000363431
133.96159696579,1,1.93895,-49,9.85219086794885,7.95892328287661,0.633,0.958016782804433
134.254932165146,1,2.00645,-49,9.85643264935618,7.95594991445741,0.633,0.958417597298131
134.557292938232,1,2.08008,-49,9.86087084713621,7.95282096553962,0.633,0.958765171698463
134.915313959122,1,2.16598,-49,9.86604917172299,7.94916541419061,0.633,0.958656915111564
135.21279501915,1,2.25802,-49,9.87027264814169,7.94617889260693,0.633,0.95803137999379
135.456598043442,1,2.29484,-49,9.87373403262045,7.94373126453224,0.633,0.957518717596056
135.944604158401,1,2.4421,-49,9.88029713334413,7.93905673551239,0.633,0.95777260704589
136.315370082855,1,2.49118,-49,9.88521219353277,7.93554909060826,0.633,0.958215311048696
136.437688112259,1,2.50959,-48,9.88678491592363,7.93442519748088,0.633,0.958308662048569
136.852756023407,1,2.6139,-48,9.89162231187356,7.93095231674503,0.633,0.958085980746271
137.046362161636,1,2.67526,-48,9.8938786885382,7.92933241067728,0.633,0.957982112280808
137.442310094833,1,2.74276,-48,9.89791259353737,7.92625645517515,0.633,0.958092191412713
137.771852970123,1,2.8532,-48,9.90054989516448,7.92399021111433,0.633,0.958583742941399
138.06587600708,1,2.88388,-48,9.90290293475939,7.92196823457892,0.633,0.959022312499784
138.511734008789,1,2.98206,-48,9.90913955473802,7.9174990695968,0.633,0.959799073298956
138.796437978745,1,3.04342,-49,9.91330556395456,7.91454873883764,0.633,0.960302762297236
139.041970014572,1,3.09864,-49,9.91690787983473,7.91198919692758,0.633,0.960377468845147
139.283317089081,1,3.15386,-49,9.92045685678388,7.90946043421096,0.633,0.960145743356355
139.812987089157,1,3.2459,-48,9.9280098865121,7.90408688301185,0.633,0.959776265075784
140.090985059738,1,3.34408,-48,9.93158134192614,7.90156013904545,0.633,0.959814096819237
140.647305965424,1,3.46066,-48,9.93900674400295,7.89629894100995,0.633,0.959674303629635
140.883610963821,1,3.53429,-48,9.94245303588859,7.89384916725992,0.633,0.959388635097428
141.310483932495,1,3.61406,-47,9.94867858701156,7.88942377549781,0.633,0.958872589413982
141.561033964157,1,3.64474,-48,9.94893335441352,7.88919827831793,0.633,0.958125737876301
141.957633018494,1,3.68769,-47,9.94859731680551,7.88935721502442,0.633,0.956846978546368
142.363113164902,1,3.78586,-48,9.95040568927775,7.8880151405953,0.633,0.955799032113513
142.676408052444,1,3.85336,-48,9.95466506188964,7.88497706627462,0.633,0.955334407763597
142.960015058517,1,3.90858,-48,9.95852081556529,7.88222688043829,0.633,0.954913811302984
143.158378124237,1,3.9454,-48,9.96121612933326,7.88029264209809,0.633,0.954787618890932
143.449679136276,1,3.98835,-48,9.96517275763087,7.8774415422954,0.633,0.954769435856476
143.895097017288,1,4.04971,-47,9.97133135343175,7.87300505992924,0.633,0.954724835330975
144.179715156555,1,4.08652,-47,9.97577051390922,7.86981326685866,0.633,0.954618442228622
144.571911096573,1,4.17856,-47,9.98188755451961,7.86541506410574,0.633,0.954471835470191
144.779252052307,1,4.21538,-47,9.98500148479896,7.86319561668914,0.633,0.954327535803484
145.252470970154,1,4.32583,-47,9.99203251367096,7.85819708691964,0.633,0.953955895705963
145.417874097824,1,4.34423,-47,9.99449006980478,7.85644980176452,0.633,0.953825981668366
145.71687912941,1,4.39332,-47,10.00032629824,7.83987575629266,0.633,0.952293312888458
146.05405497551,1,4.44854,-47,10.0069075763216,7.82118587747812,0.633,0.950564984472325
146.530135154724,1,4.53445,-47,10.0138936335632,7.80720779928004,0.633,0.949877826158594
146.713536024094,1,4.56513,-47,10.0158544888399,7.80575331871765,0.633,0.950168291313868
147.062732934952,1,4.62035,-47,10.0195879749876,7.80298397459711,0.633,0.950721339591569
147.399227142334,1,4.68171,-47,10.023818337654,7.79984160893934,0.633,0.950611131535845
147.776988983154,1,4.76148,-47,10.0287131118073,7.79620483748897,0.633,0.950339402952006
147.911520004272,1,4.80443,-47,10.0304562708399,7.79490968661896,0.633,0.950242633188889
148.41174697876,1,4.84738,-47,10.0373259805833,7.78981156207183,0.633,0.949611435477651
148.848089933395,1,4.91487,-46,10.0431963732241,7.78546552541367,0.633,0.949303619498221
149.066437005997,1,4.95783,-46,10.0459537457042,7.78343688708907,0.633,0.949468780482485
149.461557149887,1,5.00078,-46,10.0509434778682,7.77976586985415,0.633,0.94976765525598
149.818624019623,1,5.09282,-46,10.0537562521121,7.79261303088501,0.633,0.947452326289867
150.131484031677,1,5.11122,-46,10.0560533520156,7.80546511017519,0.633,0.94516846391131
150.432781934738,1,5.16031,-46,10.0592936392677,7.81097689944655,0.633,0.943471451549894
150.780553102493,1,5.22781,-46,10.0645658257042,7.80710772460714,0.633,0.942261462976803
151.048164129257,1,5.25235,-46,10.0686227900429,7.80413038218341,0.633,0.941330372896772
151.377335071564,1,5.33825,-46,10.0733364132488,7.80065311021625,0.633,0.941044673860994
151.632569074631,1,5.38734,-46,10.076951719662,7.79798334548039,0.633,0.940946102686139
152.010298013687,1,5.43643,-46,10.0822444043732,7.79407017378954,0.633,0.94095284456908
152.298712968826,1,5.51006,-46,10.0861335441416,7.79118212740597,0.633,0.94136012392816
152.76011300087,1,5.58369,-46,10.0923601760363,7.78655883500759,0.633,0.94200763738275
152.971140146255,1,5.62051,-46,10.095236213713,7.78442660017827,0.633,0.942280365093478
153.314733028412,1,5.65119,-46,10.0999189575977,7.78095491074655,0.633,0.942724418392883
153.73926615715,1,5.74322,-46,10.1058004425293,7.77654900200867,0.633,0.943040615336272
154.036086082459,1,5.78004,-46,10.1100211791218,7.77333635870149,0.633,0.942997710327935
154.418972015381,1,5.83526,-46,10.1154657619481,7.76919217623617,0.633,0.942942364568626
154.715412139893,1,5.86594,-45,10.1196653978557,7.76607396124897,0.633,0.942256136822778
154.957908153534,1,5.90276,-45,10.1231003908068,7.76352560750404,0.633,0.94167747262563
155.32412815094,1,5.96412,-46,10.1283710805597,7.75961147896481,0.633,0.940781646564981
155.66329908371,1,6.01934,-45,10.1335797380759,7.75572827657269,0.633,0.939865685084703
155.916694164276,1,6.05002,-45,10.1374711334268,7.75282713060782,0.633,0.939181368975433
156.167936086655,1,6.10524,-46,10.1409356827383,7.75023050504618,0.633,0.93875469747593
156.518948078156,1,6.17274,-46,10.1450988249998,7.74708404594749,0.633,0.93859167758948
156.934997081757,1,6.22796,-46,10.1499842446955,7.74338207906675,0.633,0.938440403717584
157.159302949905,1,6.24023,-46,10.1525046835187,7.74144974263568,0.633,0.938455806399281
157.501127004623,1,0,-46,10.1563456290334,7.73850501774105,0.633,0.938479278844093
157.741881132126,1,0.0306796,-46,10.1597608329917,7.73586514697291,0.633,0.937890409454661
157.998326063156,1,0.0674952,-46,10.164793811108,7.73194123229787,0.633,0.936073413941924
158.336086988449,1,0.0920388,-45,10.1714226937249,7.72677308549111,0.633,0.933680268235476
158.637525081635,1,0.147262,-45,10.176562645468,7.72280130115747,0.633,0.932501875140595
158.887720108032,1,0.19635,-45,10.1799719215895,7.72021201472381,0.633,0.93258093507824
159.263334989548,1,0.220893,-45,10.1850902281557,7.71632474913346,0.633,0.932699626842576
159.477097988129,1,0.263845,-45,10.1879641373149,7.71415405312777,0.633,0.932546427156947
159.836106061935,1,0.30066,-45,10.1927373598934,7.71056545760744,0.633,0.931986224397968
160.164776086807,1,0.325204,-45,10.1971072203451,7.70728011706783,0.633,0.931473361684954
160.401884078979,1,0.355884,-45,10.2001444563215,7.70497744196784,0.633,0.930883382127078
160.689116001129,1,0.380427,-45,10.2038094608161,7.7021963503219,0.633,0.930141398373996
161.100135087967,1,0.441786,-45,10.208951478491,7.69829714417364,0.633,0.929504737761395
161.309242010117,1,0.454058,-44,10.2114315700145,7.69642010648374,0.633,0.929744653983511
161.645794153214,1,0.490874,-44,10.2154232127049,7.69339906322647,0.633,0.930130792892194
161.912122964859,1,0.515418,-44,10.2189566164375,7.69077732230986,0.633,0.930970118936012
162.340589046478,1,0.515418,-44,10.2253230466841,7.68613892313019,0.633,0.933291993496538
162.550446033478,1,0.533825,-44,10.2284412395278,7.68386709691546,0.633,0.934429216768965
162.885359048843,1,0.533825,-44,10.2323893009733,7.6808778418358,0.633,0.934536212745401
163.163293123245,1,0.552233,-44,10.2355577402008,7.67846394844499,0.633,0.934445732573648
163.417685985565,1,0.564505,-44,10.2384578103915,7.67625451352649,0.633,0.934362916136243
163.846778154373,1,0.595185,-44,10.2433477187253,7.67254827498652,0.633,0.934150446254315
163.974802017212,1,0.595185,-44,10.2448066440441,7.67144280064703,0.633,0.93408592265001
164.404128074646,1,0.60132,-44,10.2497391830548,7.66771078060513,0.633,0.933974216557188
164.690461158752,1,0.60132,-44,10.2531027631309,7.66517595891886,0.633,0.934092808761936
164.974979162216,1,0.595185,-44,10.2564450212942,7.66265720560203,0.633,0.934210649204392
165.244833946228,1,0.613592,-44,10.2596613366977,7.66022048678389,0.633,0.933930334802882
165.639809131622,1,0.589049,-44,10.264442962445,7.65657757809603,0.633,0.932893165671726
165.886703968048,1,0.589049,-44,10.2674319064353,7.65430043416938,0.633,0.932244842150524
166.216606140137,1,0.595185,-45,10.270830175913,7.65281915250855,0.633,0.932322868424109
166.467066049576,1,0.582913,-45,10.2733642195592,7.65181492039691,0.633,0.932454888969627
166.933886051178,1,0.576777,-45,10.2785446765243,7.6488615750505,0.633,0.932209998662818
167.19672203064,1,0.546097,-45,10.2817600018869,7.64649273330375,0.633,0.931751650751432
167.501153945923,1,0.539961,-45,10.2854841786925,7.64374900304489,0.633,0.931220765547606
167.733586072922,1,0.533825,-45,10.2882246080162,7.64172683928405,0.633,0.931032211998988
167.919451951981,1,0.539961,-45,10.2904092477941,7.64011457512798,0.633,0.930895672012871
168.187968015671,1,0.521553,-45,10.2935653454958,7.63778537502407,0.633,0.93069841590651
168.502498149872,1,0.503146,-45,10.2974799721777,7.63487658224579,0.633,0.930751584802842
168.7643430233,1,0.484738,-45,10.3009864976363,7.63224976405137,0.633,0.93111915479609
169.092057943344,1,0.472466,-45,10.3053751293298,7.62896213995821,0.633,0.931579191188518
169.428812026978,1,0.435651,-45,10.3098784720111,7.6255952344515,0.633,0.931868022837068
169.688488960266,1,0.441786,-45,10.3133480507603,7.623004399479,0.633,0.93200291487068
169.996536016464,1,0.429515,-46,10.3174639092865,7.61993096867301,0.633,0.932162933295623
170.335154056549,1,0.411107,-46,10.3214441535164,7.61768710354572,0.633,0.932889646730293
170.61300110817,1,0.386563,-46,10.3246742479397,7.61592064565798,0.633,0.933522206888189
170.894731998444,1,0.380427,-46,10.3279428424061,7.61402345824155,0.633,0.934044789124223
171.163120985031,1,0.343612,-46,10.3310252152217,7.61171502903503,0.633,0.933981131424769
171.47886800766,1,0.325204,-46,10.3346514819011,7.60899927061969,0.633,0.93390624113465
171.860392093658,1,0.294524,-46,10.3391639443364,7.60563686605958,0.633,0.93313117883967
172.143069982529,1,0.257709,-46,10.3425848940966,7.60309760438189,0.633,0.932150741691896
172.439206123352,1,0.233165,-47,10.3461687147626,7.60043744883602,0.633,0.931123626078354
172.737762928009,1,0.184078,-47,10.3501349242237,7.59750912866394,0.633,0.93064637823217
173.022734165192,1,0.147262,-47,10.3539333626473,7.59470519048216,0.633,0.930210939063794
173.334210157394,1,0.110447,-47,10.3579990964386,7.59169948463184,0.633,0.929929726030855
173.48824095726,1,0.110447,-47,10.3598273240109,7.59033826964733,0.633,0.930203598141436
173.798151016235,1,0.0981748,-48,10.3635057189504,7.58759950430627,0.633,0.930754628987316
174.07964515686,1,0.0490874,-48,10.366846838712,7.58511185870159,0.633,0.931255135343682
174.322389125824,1,0.0245437,-48,10.3690142144207,7.58258015665041,0.633,0.931325656007371
174.645758152008,1,0.0122718,-48,10.3716755212086,7.57908523464811,0.633,0.931305304837816
174.947597980499,1,6.24023,-48,10.3741596440508,7.57582299685678,0.633,0.931286308604317
175.190576076508,1,6.22796,-48,10.3771141578421,7.5735873552489,0.633,0.931759401967814
175.486700057983,1,6.1666,-48,10.380738871425,7.57087251874903,0.633,0.932348232990673
175.788228034973,1,6.11752,-48,10.3844076154676,7.56812538413983,0.633,0.932904911386784
176.025387048721,1,6.10524,-48,10.3871611589753,7.56606762850772,0.633,0.933086704474282
176.320302009583,1,6.08684,-48,10.3905852800448,7.5635087423321,0.633,0.933312770101884
176.555104970932,1,6.04388,-48,10.3933131975278,7.56147024369673,0.633,0.933489855093377
176.867854118347,1,5.98866,-48,10.3974918253512,7.55838118331512,0.633,0.932810730440581
177.12487411499,1,5.97639,-49,10.400925858403,7.55584256635814,0.633,0.932252619835247
177.375522136688,1,5.9273,-49,10.4042688363164,7.55337135983289,0.633,0.931696917757331
177.615441083908,1,5.88435,-49,10.4074053213061,7.55105384592386,0.633,0.931042612138652
177.883655071259,1,5.8414,-49,10.4109117102557,7.54846301408883,0.633,0.930311140443877
178.10595703125,1,5.81686,-49,10.4138178865655,7.54631567270435,0.633,0.9297048797748
178.426505088806,1,5.79231,-49,10.4182325887422,7.54387082110056,0.633,0.930971397913762
178.637400150299,1,5.74936,-49,10.4211822514834,7.54239351102175,0.633,0.932235786959403
178.97846198082,1,5.69414,-49,10.4259524787558,7.5400043887912,0.633,0.934280570935584
179.216089010239,1,5.67573,-49,10.4285696112158,7.53826340323036,0.633,0.935135174633084
179.44967508316,1,5.62664,-50,10.4309407340052,7.5365302253819,0.633,0.935812638287206
179.75070309639,1,5.57142,-50,10.4339964572061,7.5342966372327,0.633,0.936685702058879
179.952124118805,1,5.5346,-50,10.4361457783045,7.53273546533085,0.633,0.937156854702152
180.198143005371,1,5.52847,-50,10.4389209602543,7.53073315663373,0.633,0.937570446334673
180.400880098343,1,5.47938,-50,10.4412079079307,7.52908311158981,0.633,0.937911275310957
180.658273935318,1,5.43029,-50,10.4441114034319,7.52698822397547,0.633,0.938343989801788
181.055484056473,1,5.33825,-50,10.4486629206864,7.52368100035492,0.633,0.938314674042287
181.201643943787,1,5.31371,-50,10.4503395196721,7.52246216940694,0.633,0.938286228374103
181.455673933029,1,5.27076,-50,10.4532534957986,7.5203438069869,0.633,0.938236789003867
181.742004156113,1,5.21553,-50,10.4568599533077,7.5176664703161,0.633,0.937485237569771
182.047431945801,1,5.15418,-50,10.4607118857377,7.51480612445218,0.633,0.93667289934442
182.303411960602,1,5.11122,-50,10.4640693628668,7.51224884240869,0.633,0.936049531944623
182.432793140411,1,5.09282,-50,10.4660911995271,7.51055384400545,0.633,0.935878967979741
182.80860209465,1,5.03146,-50,10.471963957235,7.50563044186691,0.633,0.935383536840778
183.068103075027,1,4.98237,-50,10.476019172965,7.50223076852936,0.633,0.935041435182955
183.376879930496,1,4.91487,-51,10.4797232661087,7.49945021064836,0.633,0.935037608429969
183.556723117828,1,4.87192,-51,10.4817733960758,7.49795171358996,0.633,0.935073961250004
183.823507070541,1,4.82284,-51,10.4848146109492,7.49572880498663,0.633,0.935127887946728
184.18278002739,1,4.76148,-51,10.4889858382977,7.4926639439352,0.633,0.935461235551635
184.3520860672,1,4.71239,-51,10.4909740386206,7.49119841483123,0.633,0.935695925177376
184.64947104454,1,4.69398,-52,10.4944662997864,7.48862422232241,0.633,0.936108156005712
184.813338041306,1,4.62035,-51,10.4964059001098,7.48719598224282,0.633,0.936355135049736
185.038927078247,1,4.60194,-52,10.4991942522673,7.48515400717801,0.633,0.936848588886088
185.363471031189,1,4.50377,-51,10.5032057186206,7.48221631717176,0.633,0.937558496871046
185.614727973938,1,4.44854,-51,10.5063428245015,7.47992090183012,0.633,0.938054824203769
185.820026159287,1,4.43014,-52,10.5091370387262,7.47789061039341,0.633,0.938069692499644
186.090620994568,1,4.34423,-51,10.512819974046,7.47521456931707,0.633,0.938089289770153
186.228497028351,1,4.34423,-52,10.5146965380019,7.47385104761695,0.633,0.938099275156341
186.5893471241,1,4.28287,-52,10.5183357837992,7.47107909355683,0.633,0.938229328388972
186.704256057739,1,4.23992,-52,10.5191650343609,7.47040282542633,0.633,0.938297670073196
187.075371980667,1,4.15402,-52,10.5218432254972,7.46821871437903,0.633,0.938518389963388
187.233607053757,1,4.14788,-52,10.5232184114114,7.46714367171617,0.633,0.938435156613563
187.530508041382,1,4.08652,-52,10.5271138418311,7.46431587778189,0.633,0.937279151567726
187.706452131271,1,4.0313,-53,10.5294222813058,7.46264012171877,0.633,0.936594100779163
187.893059968948,1,4.01903,-53,10.5318706323647,7.46086280020935,0.633,0.935867529932522
188.153141021729,1,3.95153,-53,10.5352274659598,7.45843457930329,0.633,0.935393706713488
188.342720031738,1,3.90858,-53,10.5376373631369,7.45669715819556,0.633,0.935407248040484
188.655580997467,1,3.84109,-53,10.5416144002473,7.4538299038217,0.633,0.93542959520139
188.822656154633,1,3.77359,-53,10.5437382321505,7.45229872215438,0.633,0.935441529113988
189.104187011719,1,3.72451,-53,10.5474034526057,7.44961413475581,0.633,0.93592622894654
189.244903087616,1,3.69996,-53,10.5492388301668,7.44826819121102,0.633,0.936186819490347
189.411196947098,1,3.65087,-53,10.5514078219916,7.44667759720618,0.633,0.936494777248533
189.689499139786,1,3.57111,-53,10.5550377526615,7.4440156480482,0.633,0.937010161999513
189.911304950714,1,3.51588,-53,10.5578856494868,7.44194646216523,0.633,0.937432379871959
190.228134155273,1,3.41771,-53,10.5619521902455,7.43899246557641,0.633,0.938035839175104
190.348169088364,1,3.42385,-54,10.5634928529774,7.43787330491261,0.633,0.93826446771071
190.617140054703,1,3.34408,-54,10.566765758881,7.4354912693631,0.633,0.938829615786875
190.896471977234,1,3.28885,-54,10.5698345379333,7.43324896830558,0.633,0.939513814025574
191.088371992111,1,3.2275,-54,10.5719427779813,7.43170851563409,0.633,0.939983855727202
191.378721952438,1,3.17841,-54,10.5752621845282,7.42928130435999,0.633,0.940576074589637
191.678174972534,1,3.12932,-54,10.5792259032088,7.42637582377999,0.633,0.940690872857084
191.814415931702,1,3.08637,-54,10.5810292606594,7.42505392874304,0.633,0.940743102171929
192.127525091171,1,2.99433,-54,10.5851687972266,7.42201988594183,0.633,0.940842107742002
192.311849117279,1,2.91456,-54,10.5874450915268,7.42036176176036,0.633,0.94021701947386
192.428197145462,1,2.95138,-54,10.5888819218684,7.4193151294625,0.633,0.939822454592795
192.798433065414,1,2.81639,-54,10.5934541197101,7.41598459711311,0.633,0.938566893205091
192.948531150818,1,2.76117,-54,10.5953077432763,7.41463432918883,0.633,0.938058549274411
193.190595149994,1,2.72435,-54,10.5982969717919,7.41244515889361,0.633,0.937498508520173
193.375954151154,1,2.6814,-54,10.6005859549276,7.41076881536186,0.633,0.937069660797391
193.601422071457,1,2.60777,-54,10.6033702398233,7.40872973612937,0.633,0.936548016833096
193.760872125626,1,2.55254,-54,10.605339275493,7.40728770706539,0.633,0.936179112209097
194.078565120697,1,2.51573,-55,10.6091501166473,7.4044674388864,0.633,0.936505900294403
194.1980509758,1,2.44823,-55,10.6105815875862,7.40340757201954,0.633,0.936645866341759
194.41467499733,1,2.41142,-55,10.6131767984688,7.40148606739634,0.633,0.936899620294726
194.561310052872,1,2.3746,-55,10.6149335237351,7.40018538091127,0.633,0.937071388987433
194.730082035065,1,2.28256,-55,10.6171139686687,7.39872670658952,0.633,0.937999772486782
195.028365135193,1,2.15371,-55,10.6210516458722,7.39616902268118,0.633,0.940027856873988
195.090572118759,1,2.17212,-55,10.6218728490211,7.39563561733309,0.633,0.94045081416554
195.238497018814,1,2.15371,-55,10.6238256264548,7.39436720777066,0.633,0.941456584120832
195.438965082169,1,2.09235,-55,10.6264545933006,7.39264641460653,0.633,0.942751666683339
195.665671110153,1,2.07394,-55,10.6291439719954,7.39067042899704,0.633,0.943111194150969
195.848212957382,1,1.98804,-55,10.6313094378157,7.38907938147853,0.633,0.943400682739579
196.059141159058,1,1.9819,-55,10.6338116465871,7.38724091650761,0.633,0.943735188543744
196.215332984924,1,1.896,-55,10.6356645261621,7.38587953761982,0.633,0.943982889286938
196.394546031952,1,1.87759,-55,10.6379790087842,7.38420021863146,0.633,0.943743709347404
196.588957071304,1,1.83464,-55,10.6405036866483,7.38236982717999,0.633,0.943445603153452
196.74276804924,1,1.7426,-56,10.6425011203976,7.38092168771171,0.633,0.943209752322278
196.893177032471,1,1.71806,-56,10.6444543748619,7.3795055782251,0.633,0.942979118045148
197.116629123688,1,1.72419,-56,10.6473002953044,7.37743422818618,0.633,0.942398677314629
197.22047996521,1,1.67511,-56,10.6485837359666,7.37649433477196,0.633,0.941962048208545
197.446265935898,1,1.5892,-56,10.6513741119663,7.37445087760047,0.633,0.941012756656328
197.607311010361,1,1.49103,-56,10.6533643875767,7.37299335253219,0.633,0.940335660872883
197.78847193718,1,1.44194,-56,10.6556032649558,7.3713537706132,0.633,0.939573990265551
197.911082983017,1,1.46035,-56,10.6571179501592,7.3702385132648,0.633,0.939361088424504
198.18780207634,1,1.38672,-56,10.660535757065,7.36771536757847,0.633,0.939213653616803
198.319931983948,1,1.33763,-56,10.6621677171342,7.36651059705681,0.633,0.939143255339309
198.544239997864,1,1.31922,-56,10.6649381854448,7.3644653395687,0.633,0.939023744941597
198.658535003662,1,1.264,-56,10.6663391056937,7.36343174613631,0.633,0.938960497957015
198.891376972198,1,1.20264,-56,10.6685945247872,7.36180220584126,0.633,0.938700842833875
199.227885007858,1,1.14128,-57,10.6718541031764,7.35944716045505,0.633,0.938325583871817
199.305245161057,1,1.13515,-57,10.6726034507605,7.35890575682554,0.633,0.938239315231198
199.549911022186,1,1.03697,-57,10.6750490444152,7.3571127461395,0.633,0.93825953963453
199.747699022293,1,0.981748,-57,10.6771801219773,7.35549887391834,0.633,0.938872763189189
199.839564085007,1,0.975612,-57,10.6781699270907,7.35474929116949,0.633,0.939157582390939
200.029695034027,1,0.920388,-57,10.6802185033395,7.35319789747098,0.633,0.939747065960953
200.252402067184,1,0.908117,-58,10.6826180723782,7.35138069574956,0.633,0.940437548692194
200.325951099396,1,0.82835,-57,10.6834318536799,7.35076729266699,0.633,0.940635070002774
200.51864695549,1,0.79767,-58,10.6857183516417,7.34906408500157,0.633,0.940931614789452
200.628826141357,1,0.711767,-58,10.687025720098,7.34809022890657,0.633,0.941101172473938
200.920854091644,1,0.625864,-58,10.6904908766751,7.34550904084407,0.633,0.941550582066738
201.003981113434,1,0.589049,-58,10.6914772485138,7.3447742944744,0.633,0.941678508455211
201.254915952683,1,0.509282,-58,10.6945141804873,7.34250733361585,0.633,0.941970858954059
201.373204946518,1,0.478602,-58,10.6959750683371,7.3414145322145,0.633,0.942062379281119
201.537080049515,1,0.435651,-58,10.6979989518709,7.33990058796326,0.633,0.942189169631911
201.71227312088,1,0.392699,-58,10.7001626141105,7.33828208375853,0.633,0.94232471670751
201.92574095726,1,0.33134,-58,10.7027989757733,7.33630998184798,0.633,0.942489877011683
201.952302932739,1,0.306796,-58,10.7031270203867,7.33606459161271,0.633,0.942510428041871
202.227829933167,1,0.233165,-59,10.7068886463636,7.33328758312634,0.633,0.941585983402587
202.423933029175,1,0.122718,-59,10.709571536673,7.33130746762366,0.633,0.940910274922893
202.572920084,1,0.0552233,-60,10.7116098314972,7.32980309781531,0.633,0.940396913235296
202.727405071259,1,6.27091,-60,10.7137233436432,7.32824321362974,0.633,0.939864607432884
203.105040073395,1,6.12365,-60,10.7193561566429,7.3243600436322,0.633,0.937987215831429
203.268342971802,1,6.0132,-60,10.7218276687013,7.3226754610132,0.633,0.937131281775367
203.489105939865,1,5.91503,-60,10.7251688117118,7.32039813793721,0.633,0.935974177127954
203.578195095062,1,5.86594,-60,10.7265171339002,7.31947912153364,0.633,0.935507226187689
203.7723300457,1,5.80458,-60,10.7290623900737,7.3176277597075,0.633,0.936012339164027
203.947432994843,1,5.688,-61,10.7312884305794,7.31598472981044,0.633,0.936738028368886
204.084857940674,1,5.65732,-61,10.7330354799433,7.31469524099423,0.633,0.937307566461514
204.312147140503,1,5.61437,-62,10.7359249513532,7.31256253590601,0.633,0.938249534141127
204.474471092224,1,5.5346,-62,10.7379512061482,7.31106508409618,0.633,0.938890175011255
204.656392097473,1,5.39961,-62,10.7400872060097,7.30947959966292,0.633,0.939492218683551
204.810467004776,1,5.24621,-62,10.7418962548339,7.30813680053563,0.633,0.940002109352165
204.982828140259,1,5.19713,-62,10.743920008831,7.30663463262032,0.633,0.940572515891119
205.050287008286,1,5.13577,-62,10.744712067629,7.30604671268773,0.633,0.940795762154409
205.241910934448,1,5.1235,-62,10.7469619929699,7.30437666501206,0.633,0.94142991636903
205.479968070984,1,4.93328,-62,10.7499429548827,7.30216915840412,0.633,0.941852265406448
205.613400936127,1,4.7492,-62,10.7516235027805,7.30092490659522,0.633,0.942069928677435
205.795369148254,1,4.75534,-62,10.7539153391734,7.29922806618891,0.633,0.942366765564096
205.941349029541,1,4.60808,-63,10.7557539130686,7.29786681436268,0.633,0.94260489624071
206.099318027496,1,4.70625,-63,10.7577436702082,7.2963944521837,0.633,0.942840330008544
206.247250080109,1,4.55285,-63,10.7596092181197,7.2950239209457,0.633,0.942792675418328
206.37627696991,1,4.39332,-63,10.7612363559885,7.29382853847184,0.633,0.942751110906433
206.54810500145,1,4.39332,-62,10.7634032523421,7.29223662055662,0.633,0.942695758504529
206.716024160385,1,4.3381,-63,10.7655208545164,7.29068091678103,0.633,0.942641665300472
207.028285980225,1,4.28287,-63,10.7697429060826,7.2873376205973,0.633,0.942043025953578
207.091284036636,1,4.25833,-63,10.7706657286291,7.28655055211136,0.633,0.941797753448658
207.30991601944,1,4.1172,-63,10.7738683436717,7.28381906556267,0.633,0.940946546012551
207.456737995148,1,4.02517,-63,10.7760190549352,7.28198473992303,0.633,0.940374918952759
207.606305122375,1,3.96994,-63,10.7782099783554,7.28011611763405,0.633,0.939792604099914
207.745027065277,1,3.89018,-64,10.7801142416266,7.27852724195799,0.633,0.939338612377067
207.861226081848,1,3.81041,-64,10.7813242788277,7.27763097021716,0.633,0.939217749358955
208.047913074493,1,3.67542,-63,10.7832683418046,7.27619100729126,0.633,0.939023569115101
208.108397006989,1,3.67542,-63,10.7838981905808,7.27572447976745,0.633,0.938960657475705
208.354293107986,1,3.56497,-64,10.7864588269666,7.27382782235151,0.633,0.938704891585548
208.478785037994,1,3.4668,-64,10.787755222332,7.27286758531921,0.633,0.938575402792654
208.611644029617,1,3.49748,-64,10.7891988387571,7.2717938773146,0.633,0.938787071802721
208.801702022552,1,3.43612,-63,10.7913389936973,7.27019681545603,0.633,0.939526690940106
208.876299142838,1,3.35021,-64,10.7921789972827,7.26956997407079,0.633,0.939816988953383
209.080116033554,1,3.22136,-64,10.7944740847916,7.26785729586521,0.633,0.940610151453777
209.172127962112,1,3.22136,-64,10.7955101884588,7.2670841174297,0.633,0.940968219968436
209.358646154404,1,3.12318,-64,10.7976104833451,7.26551680060057,0.633,0.941694063814088
209.441123962402,1,3.13546,-64,10.7986382173689,7.26475626042623,0.633,0.941965418200792
209.627975940704,1,3.04342,-64,10.8009904508958,7.26301696467418,0.633,0.942568178042041
209.818865060806,1,2.95138,-64,10.8033935070062,7.26124008953097,0.633,0.943183961170347
209.873854160309,1,2.95138,-64,10.8040857512342,7.26072822817396,0.633,0.943361348753758
210.087553977966,1,2.80412,-64,10.8067759655971,7.25873902159213,0.633,0.94405071618426
210.141723155975,1,2.90229,-64,10.8074578880354,7.25823479240463,0.633,0.944225458809059
210.376210927963,1,2.81639,-64,10.8104655015312,7.2560166253715,0.633,0.944018143159295
210.533139944077,1,2.6814,-64,10.8124886857976,7.25452553856714,0.633,0.94370009859261
210.619688987732,1,2.73662,-64,10.8136045066174,7.25370317862299,0.633,0.943524691559748
210.937741994858,1,2.58322,-64,10.8177049582474,7.2506811457717,0.633,0.942880100563515
210.96658706665,1,2.6139,-64,10.8180768390943,7.25040706958753,0.633,0.942821640894383
211.120077133179,1,2.54027,-63,10.8210934103378,7.24845989308897,0.633,0.943014867232029
211.353476047516,1,2.41142,-64,10.8256991340033,7.24549019028374,0.633,0.943317771266968
211.511602163315,1,2.40528,-64,10.8288194792532,7.24347823761034,0.633,0.94352298661101
211.552924156189,1,2.38687,-64,10.8296348972728,7.2429524680775,0.633,0.943576614102847
211.693484067917,1,2.35006,-64,10.8324086038845,7.24116402289409,0.633,0.943759032108234
211.904973983765,1,2.34392,-63,10.8356118633563,7.23898751313238,0.633,0.943947815980958
211.973842144012,1,2.34392,-63,10.8363666394751,7.23843165196989,0.633,0.943983825091625
212.165807008743,1,2.21507,-63,10.8384705216614,7.23688223040146,0.633,0.944084197804262
212.224813938141,1,2.32551,-64,10.8391172213989,7.23640596299064,0.633,0.944115050770904
212.356621026993,1,2.2028,-63,10.8405617908863,7.2353420977535,0.633,0.944183968773536
212.502078056335,1,2.11689,-63,10.8421559599721,7.23416805864557,0.633,0.944260023923668
212.719985961914,1,2.06781,-63,10.8445191884392,7.23242906735863,0.633,0.944423136484239
212.88251709938,1,2.09235,-63,10.8462187075623,7.23118211681106,0.633,0.944669089364067
213.005213022232,1,2.09849,-63,10.8475016867529,7.23024078488802,0.633,0.9448547609593
213.068567037582,1,1.96963,-63,10.8481641528027,7.22975472833687,0.633,0.944950632450554
213.266683101654,1,1.92668,-62,10.8502357684003,7.22823476767931,0.633,0.945250434797711
213.388385057449,1,1.93895,-62,10.8515083540993,7.22730106154284,0.633,0.945434602256175
213.499536991119,1,1.88373,-62,10.8526706226946,7.22644829593304,0.633,0.94560280472255
213.630203962326,1,1.84691,-62,10.8541245430915,7.22538858529791,0.633,0.945595445239551
213.82101893425,1,1.79783,-62,10.8562735309649,7.22382421455565,0.633,0.945524274458366
213.942018032074,1,1.75487,-63,10.8576362416123,7.22283221981557,0.633,0.945479143826174
214.110366106033,1,1.69965,-62,10.8595322037887,7.22145204089793,0.633,0.945416352820763
214.17314696312,1,1.67511,-62,10.8602392515596,7.22093734053135,0.633,0.945392936615015
214.382159948349,1,1.66897,-62,10.8626269085881,7.21919417476901,0.633,0.945338454904198
214.507225990295,1,1.68738,-62,10.8641562175794,7.21806279821935,0.633,0.94537590736929
214.820418119431,1,1.44194,-62,10.8679859345163,7.21522958926091,0.633,0.945469696355501
214.991364002228,1,1.44808,-62,10.8700762627262,7.21368317298319,0.633,0.945520888066763
215.011585950851,1,1.44808,-62,10.8703235369452,7.21350024052522,0.633,0.945526943761924
215.267926931381,1,1.37445,-62,10.8732961218355,7.21141528611413,0.633,0.945438685775496
215.389976024628,1,1.3315,-61,10.8746227696503,7.21055067771068,0.633,0.945306325970524
215.527451038361,1,1.24559,-61,10.8761170939562,7.20957679049059,0.633,0.945157237062756
215.646789073944,1,1.22105,-61,10.877414273148,7.2087313875001,0.633,0.945027817345695
215.765752077103,1,1.18423,-61,10.8787073758166,7.20788864127812,0.633,0.944898804343811
215.935896158218,1,1.10447,-61,10.8805568059714,7.20668332300483,0.633,0.944714286484689
216.09022808075,1,1.09833,-61,10.8823257472943,7.20538064308414,0.633,0.944664001309912
216.11704993248,1,1.09219,-61,10.8826346596274,7.2051508501343,0.633,0.94465716110825
216.361811161041,1,1.07992,-61,10.885453620933,7.20305388810185,0.633,0.944594741250768
216.4767370224,1,0.969476,-61,10.8867772437882,7.20206927477387,0.633,0.944565432458975
216.540827035904,1,0.926524,-61,10.8875153805806,7.20152019138445,0.633,0.94454908800143
216.780650138855,1,0.975612,-61,10.8902774685607,7.19946553614208,0.633,0.94448792748187
216.933267116547,1,0.852893,-61,10.891894126331,7.19826771994143,0.633,0.944435223760567
217.002911090851,1,0.840621,-61,10.8926225278583,7.19772837543974,0.633,0.944410261685754
217.18519115448,1,0.82835,-61,10.8945289824809,7.19631674218549,0.633,0.944344928128464
217.235938072205,1,0.779262,-61,10.8950597409958,7.19592374234128,0.633,0.944326739213064
217.459998130798,1,0.687223,-61,10.8974031697062,7.19418855186919,0.633,0.944246430701078
217.617718935013,1,0.589049,-61,10.8990527607273,7.19296711312442,0.633,0.94418989977283
217.762290000916,1,0.570641,-60,10.9006133618214,7.19181346043196,0.633,0.944254711430709
217.903341054916,1,0.552233,-60,10.9021500838422,7.19067799360548,0.633,0.944351866411802
218.063184022903,1,0.447922,-60,10.903891539874,7.18939125109312,0.633,0.944461965132032
218.148838996887,1,0.423379,-60,10.9048247330759,7.18870172500507,0.633,0.944520963680018
218.312325954437,1,0.343612,-60,10.9066058896192,7.18738564822581,0.633,0.944633572354814
218.396044015884,1,0.33134,-60,10.9075179805602,7.18671171436389,0.633,0.94469123677097
218.748558044434,1,0.177942,-60,10.9114860164877,7.18378448674372,0.633,0.945146147407249
218.885265111923,1,0.159534,-61,10.9130395820444,7.18263894554751,0.633,0.945347086600683
219.012078046799,1,0.141126,-60,10.9144807087643,7.1815763125485,0.633,0.945533482880838
219.165544033051,1,6.27705,-61,10.9162247259154,7.18029033946241,0.633,0.945759055209052
219.326032161713,1,6.27091,-61,10.9185064685759,7.17866415494647,0.633,0.945977095737448
219.424669981003,1,6.20955,-61,10.9205631678247,7.17726264372182,0.633,0.946085595859497
219.627527952194,1,6.11138,-61,10.9247929636573,7.17438030380716,0.633,0.946308736585755
219.661787986755,1,6.12365,-60,10.92550732036,7.17389351462893,0.633,0.94634642211001
219.856163024902,1,5.98866,-60,10.9295602383769,7.1711317058246,0.633,0.946560231737129
219.950487136841,1,5.98866,-60,10.9315269924228,7.16979148660049,0.633,0.946663986845779
