1.1849000453949,1,3.0066,-61,8.23490589476332,9.08118401429609,0.633,0.986190832742407
1.25984811782837,1,2.89002,-62,8.23558379793696,9.0806796543349,0.633,0.985794394966467
1.37179493904114,1,2.90229,-62,8.23659635373612,9.07992631282033,0.633,0.985202252335118
1.43736100196838,1,2.96365,-62,8.23718939690184,9.07948508870503,0.633,0.984855440691802
1.57169008255005,1,2.99433,-62,8.23840439959746,9.07858112669949,0.633,0.984144907115408
1.62662315368652,1,3.08023,-62,8.23890126765626,9.07821145686375,0.633,0.983854338674622
1.71976399421692,1,2.95751,-61,8.2397437238975,9.07758466942026,0.633,0.983361670264745
1.84280204772949,1,3.16,-62,8.24085659957589,9.07675668991554,0.633,0.982710860568019
1.9378650188446,1,3.08637,-62,8.24171644143335,9.07611696757359,0.633,0.982208025049779
2.00091600418091,1,3.20909,-62,8.24228778525884,9.07569240559299,0.633,0.98188953183377
2.10491895675659,1,3.23363,-62,8.24325536292907,9.07498578791018,0.633,0.98172389969564
2.18624114990234,1,3.29499,-63,8.24401193316321,9.07443326802244,0.633,0.981594388288564
2.26814007759094,1,3.25204,-62,8.24477386897065,9.07387682968031,0.633,0.981463958390493
2.34103298187256,1,3.3993,-62,8.24545201843423,9.07338158013362,0.633,0.981347871228623
2.47063112258911,1,3.44225,-62,8.24665771754137,9.07250106342114,0.633,0.981141476923338
2.54940295219421,1,3.57111,-62,8.24739056080669,9.07196587123354,0.633,0.98101602715255
2.60915899276733,1,3.4668,-61,8.24794649320176,9.07155987627015,0.633,0.980920861385414
2.69897294044495,1,3.49134,-62,8.2487820653475,9.07094966163661,0.633,0.98077782625209
2.83351898193359,1,3.50975,-62,8.25003379659298,9.07003552785759,0.633,0.980563552061053
2.91778612136841,1,3.59565,-62,8.25085440980348,9.0694594049963,0.633,0.980589156126133
3.04446315765381,1,3.65087,-62,8.25212938310601,9.06858927437418,0.633,0.980808024200227
3.12941598892212,1,3.61406,-62,8.25298441251794,9.0680057427248,0.633,0.980954802678108
3.21407914161682,1,3.67542,-61,8.25383652638608,9.06742420084566,0.633,0.981101080659661
3.29220294952393,1,3.68769,-61,8.25462282335271,9.06688757700625,0.633,0.981236060194065
3.38227415084839,1,3.69996,-62,8.25552936790398,9.06626888783621,0.633,0.981391682009536
3.48137998580933,1,3.74291,-61,8.25652684382704,9.06558814076192,0.633,0.981562913543407
3.58954501152039,1,3.90858,-63,8.25761549828322,9.06484516710329,0.633,0.981749797224584
3.63925504684448,1,3.88404,-62,8.25811581759732,9.06450371434097,0.633,0.981835684454137
3.73167395591736,1,3.90245,-62,8.25904599125129,9.06386889902475,0.633,0.981995362555486
3.96951508522034,1,4.05891,-62,8.26122713138077,9.06236624432596,0.633,0.982397973737234
3.99839615821838,1,4.16629,-61,8.26148689934666,9.06218691212617,0.633,0.982446663748098
4.12474298477173,1,4.14788,-61,8.26262331343111,9.06140238260593,0.633,0.982659669281441
4.19272208213806,1,4.20924,-61,8.26323474472546,9.06098027775298,0.633,0.982774273852729
4.27669310569763,1,4.1172,-61,8.26399001382451,9.0604588737049,0.633,0.982915838885635
4.35751104354858,1,4.20311,-62,8.26471692280479,9.05995704821598,0.633,0.98305208819577
4.52072310447693,1,4.31355,-61,8.26618491760808,9.0589436101792,0.633,0.983327244074509
4.55741095542908,1,4.38105,-62,8.26651490286918,9.05871580309539,0.633,0.983389095372815
4.63281011581421,1,4.20311,-62,8.26719307318937,9.05824762460023,0.633,0.983516209276738
4.79447412490845,1,4.39946,-62,8.27060349133535,9.05579533147761,0.633,0.983676956607969
4.83132910728455,1,4.45468,-62,8.2714236280246,9.05520469449548,0.633,0.98371116505488
4.97271513938904,1,4.47922,-61,8.27456990200986,9.05293884564865,0.633,0.983842398235892
5.01657700538635,1,4.5099,-61,8.27554596340629,9.05223591653317,0.633,0.98388311040607
5.08658313751221,1,4.47309,-62,8.27710381511935,9.05111400009356,0.633,0.983948089437396
5.20605897903442,1,4.53445,-61,8.27976251998894,9.04919928338706,0.633,0.984058985786234
5.26777696609497,1,4.48536,-62,8.28113593498773,9.04821019254316,0.633,0.984116271839509
5.38176202774048,1,4.65717,-62,8.28367245312057,9.04638347093112,0.633,0.984222071698271
5.48155999183655,1,4.69398,-63,8.28589326470671,9.04478411137278,0.633,0.984314703226943
5.58150196075439,1,4.67557,-62,8.2872925876933,9.04384710038773,0.633,0.984433460841285
5.67432999610901,1,4.60808,-62,8.28844105479016,9.04309868640876,0.633,0.984548532299915
5.70040702819824,1,4.6633,-62,8.2887636794501,9.0428884437243,0.633,0.984580857901849
5.85100698471069,1,4.75534,-62,8.29062689991128,9.04167425113414,0.633,0.984767544570367
5.9006929397583,1,4.93942,-62,8.29124161382104,9.04127366457455,0.633,0.984829136257607
5.99482703208923,1,4.95783,-62,8.29240623943574,9.04051472068082,0.633,0.984945826730156
6.08889102935791,1,4.92715,-62,8.29356999783534,9.03975634191944,0.633,0.985062430311486
6.15186810493469,1,4.94555,-62,8.29434914929406,9.03924859742677,0.633,0.985140497933182
6.27207708358765,1,5.13577,-63,8.29583637302128,9.03827942814856,0.633,0.985289511347729
6.30565214157104,1,5.14804,-62,8.29625176314801,9.03800873360414,0.633,0.985331131650055
6.41899704933167,1,5.04373,-62,8.29741554000391,9.03727570564714,0.633,0.985409418758277
6.5239200592041,1,5.00691,-63,8.29844992086093,9.03662967993906,0.633,0.985470692570665
6.55983805656433,1,5.2094,-63,8.2988040175356,9.03640852778468,0.633,0.985491668261644
6.65432906150818,1,5.27076,-63,8.2997355547341,9.03582673339611,0.633,0.985546849904988
6.73030304908752,1,5.21553,-62,8.30048454238208,9.03535895088413,0.633,0.985591217826448
6.84901309013367,1,5.35666,-63,8.30165484233959,9.03462803648875,0.633,0.985660543104026
6.93012714385986,1,5.28917,-62,8.30245450320055,9.03412860586759,0.633,0.985707912764085
7.03440809249878,1,5.43643,-64,8.30348255431304,9.0334865334207,0.633,0.985768811620212
7.11677598953247,1,5.30757,-62,8.30429457615675,9.0329793827102,0.633,0.98581691351012
7.20759010314941,1,5.38734,-62,8.3051518428773,9.03243667250425,0.633,0.985770669224589
7.26298809051514,1,5.6021,-62,8.30563306359346,9.03212365771516,0.633,0.985633511835189
7.32060098648071,1,5.51006,-62,8.30613352435701,9.03179812804636,0.633,0.985490870653042
7.43564009666443,1,5.59596,-62,8.30713282425256,9.03114812351509,0.633,0.985206050485703
7.54889607429504,1,5.70641,-62,8.30811663477088,9.03050819420291,0.633,0.984925645096185
7.63837599754334,1,5.54687,-63,8.30889391197524,9.03000260653385,0.633,0.984704105772104
7.86712408065796,1,5.65119,-62,8.31088095738265,9.02871011313481,0.633,0.984137758664524
7.9106171131134,1,5.71868,-62,8.31125876439733,9.02846436481383,0.633,0.984030076218422
7.97766900062561,1,5.65119,-62,8.31184121800011,9.02808550208928,0.633,0.98386406546094
8.06825709342957,1,5.76163,-63,8.31260620838104,9.02758560878869,0.633,0.983668508759268
8.16836309432983,1,5.73709,-63,8.31334714439881,9.02709017031204,0.633,0.98358930525392
8.30672812461853,1,5.87208,-63,8.31437125517757,9.02640538259491,0.633,0.983479831343088
8.37692308425903,1,5.95798,-62,8.31489080418957,9.02605797800817,0.633,0.983424293345253
8.44457602500916,1,5.98866,-62,8.31539153841188,9.02572315422534,0.633,0.983370766583557
8.52789497375488,1,5.87821,-62,8.31600822481962,9.02531079719708,0.633,0.983304844933075
8.62622308731079,1,6.04388,-63,8.31673600177842,9.02482415773138,0.633,0.983227048085755
8.70797896385193,1,6.10524,-62,8.31734111908456,9.02441953656415,0.633,0.98316236313234
8.81358098983765,1,6.26478,-62,8.31812273401172,9.02389689749741,0.633,0.983078811191851
8.91948795318604,1,6.14819,-62,8.31890660593719,9.02337274925339,0.633,0.982995017986025
8.99835896492004,1,0.0613592,-63,8.32028738649361,9.0224432772283,0.633,0.983079172496935
9.04147505760193,1,6.24023,-62,8.32135377552047,9.02172441450663,0.633,0.983182467852077
9.18560314178467,1,6.12979,-63,8.32491849110284,9.01932140671025,0.633,0.983527762629866
9.22265195846558,1,0.0736311,-63,8.32583481837437,9.01870370200797,0.633,0.983616522311893
9.31388998031616,1,0.233165,-62,8.32809140563174,9.01718251563352,0.633,0.983835105752167
9.42936706542969,1,0.159534,-62,8.33094749691363,9.01525719804254,0.633,0.984111759914817
9.47997498512268,1,0.202485,-62,8.33219918107321,9.0144134261554,0.633,0.984233003810369
9.60987496376038,1,0.392699,-63,8.33541199334796,9.01224763963859,0.633,0.984544211612185
9.68148112297058,1,0.349748,-62,8.33718302633558,9.01105376989539,0.633,0.984715762028421
9.75417113304138,1,0.460194,-62,8.33898086617402,9.00984182940573,0.633,0.984889909079755
9.87002396583557,1,0.46633,-62,8.34094519890126,9.00850704042054,0.633,0.984838003944246
9.91271305084229,1,0.392699,-62,8.34142313443488,9.00817805226728,0.633,0.984728976467847
10.0445420742035,1,0.576777,-63,8.34289905678404,9.0071620973239,0.633,0.984392286521669
10.1168301105499,1,0.717903,-63,8.34370837422947,9.00660500157971,0.633,0.984207663633278
10.1532709598541,1,0.417243,-63,8.34411635619383,9.0063241661457,0.633,0.984114594085479
10.2205009460449,1,0.613592,-63,8.34486904506781,9.00580605082425,0.633,0.983942889404257
10.2967400550842,1,0.644272,-62,8.34572259766225,9.00521850570154,0.633,0.983748175517553
10.4336540699005,1,0.638136,-63,8.3472554502104,9.00416336270931,0.633,0.983398498556409
10.4558629989624,1,0.79767,-62,8.34750409541703,9.0039922071421,0.633,0.983341777183984
10.5783259868622,1,0.822214,-62,8.34887515814797,9.0030484325865,0.633,0.983029007994367
10.6122200489044,1,0.803806,-62,8.34925462696596,9.00278722425008,0.633,0.982942442914586
10.7430300712585,1,0.901981,-62,8.35053155940381,9.00192112781013,0.633,0.98284760159092
10.8190901279449,1,0.93266,-62,8.35122161914875,9.00145721458782,0.633,0.982859311153949
10.8773400783539,1,1.04924,-62,8.35175009556165,9.00110193057449,0.633,0.98286827882365
10.9238309860229,1,0.981748,-62,8.35217188730472,9.00081836850887,0.633,0.982875436170585
11.0460920333862,1,1.18423,-62,8.35328110850223,9.0000726615121,0.633,0.982894258447382
11.1005351543427,1,1.15969,-62,8.35377504721064,8.99974059649958,0.633,0.982902640049818
11.1999781131744,1,1.17196,-62,8.35467724983574,8.99913406390577,0.633,0.982917949446694
11.2724061012268,1,1.22105,-62,8.35533435740494,8.99869230376533,0.633,0.982929099847156
11.2983520030975,1,1.24559,-62,8.35556975326456,8.99853405188561,0.633,0.982933094258764
11.4106070995331,1,1.32536,-62,8.35658819483021,8.99784937420093,0.633,0.982950376103984
11.5016360282898,1,1.48489,-63,8.35741406062754,8.99729416131387,0.633,0.982964390147954
11.5711669921875,1,1.46649,-62,8.35811027291263,8.99682005906538,0.633,0.982831327479182
11.7720091342926,1,1.49717,-63,8.3601327123793,8.99544187394456,0.633,0.982421883783187
11.841658115387,1,1.61988,-63,8.36083406343393,8.99496394043709,0.633,0.982279894975745
11.9168331623077,1,1.6567,-63,8.36159106084596,8.99444808689143,0.633,0.982126640540519
11.972913980484,1,1.66897,-63,8.36215578326335,8.99406325854633,0.633,0.982012312256486
12.061802148819,1,1.63829,-61,8.36305086901516,8.99345330512852,0.633,0.981831101780478
12.1377329826355,1,1.82237,-63,8.36381547704731,8.99293226534932,0.633,0.981676306572101
12.1677820682526,1,1.7426,-62,8.36411806521956,8.992726067575,0.633,0.981615047473053
12.2987720966339,1,1.79783,-62,8.3654371081274,8.99182720986417,0.633,0.981348006697662
12.3568861484528,1,1.90827,-62,8.36602231197136,8.99142838292624,0.633,0.981229969173715
12.4610431194305,1,1.83464,-62,8.36707441788991,8.99069250319338,0.633,0.981215941094801
12.5113749504089,1,1.95122,-62,8.36758282761772,8.99033690362105,0.633,0.98120916229843
12.5686309337616,1,1.9635,-62,8.36816117929588,8.9899323841987,0.633,0.981201450942722
12.6925029754639,1,1.88986,-62,8.36941243023947,8.98905721545962,0.633,0.981184767596807
12.7484021186829,1,2.09235,-63,8.3699770762624,8.98866228225263,0.633,0.981177238983168
12.8449909687042,1,2.15371,-63,8.37095273540282,8.98797987207418,0.633,0.981164230194629
12.8831970691681,1,2.10462,-63,8.37133866122272,8.98770994203744,0.633,0.98115908451703
12.9768941402435,1,2.26416,-63,8.37228511004995,8.98704796257524,0.633,0.981146465199334
13.1008579730988,1,2.20893,-63,8.37353728819039,8.9861721453222,0.633,0.981129769490795
13.1250751018524,1,2.33779,-63,8.3737819092105,8.98600104881209,0.633,0.981126507877193
13.2248599529266,1,2.2212,-62,8.37478985165939,8.98529605855688,0.633,0.981113068644541
13.3475790023804,1,2.31324,-62,8.37523289943954,8.98461245909192,0.633,0.980840021936289
13.4138150215149,1,2.3746,-62,8.37544230940856,8.98425033860397,0.633,0.980683077858423
13.5508921146393,1,2.47891,-61,8.37587568856087,8.98350092122507,0.633,0.980358278176043
13.5814039707184,1,2.57095,-62,8.37597215400248,8.98333410914373,0.633,0.980285981332439
13.7212550640106,1,2.69981,-63,8.37641430335711,8.98256952596369,0.633,0.979954608747521
13.78080701828,1,2.64458,-62,8.37660258117123,8.98224394808295,0.633,0.979813502342425
13.8905889987946,1,2.75503,-61,8.37694966484925,8.98164375645201,0.633,0.97955337753536
13.9923219680786,1,2.75503,-62,8.37727130099564,8.98108756975844,0.633,0.97931232459677
14.0736739635468,1,2.79185,-63,8.37752850121802,8.98064280836307,0.633,0.979119563708085
14.1241900920868,1,2.86548,-62,8.37776749022187,8.98035885881611,0.633,0.979130722369899
14.2407009601593,1,2.90229,-62,8.37874157053147,8.97966250084196,0.633,0.979854442150492
14.2897460460663,1,3.00047,-62,8.37915160826663,8.97936936993299,0.633,0.980159090973379
14.4284911155701,1,3.04955,-62,8.38031157593741,8.97854012338182,0.633,0.98102092088608
14.464791059494,1,3.06796,-62,8.38061505887596,8.97832316717996,0.633,0.981246401889585
14.5932841300964,1,3.16,-62,8.38168931548451,8.97755519440784,0.633,0.98204455040914
14.6865079402924,1,3.25818,-63,8.38246870610618,8.97699801768533,0.633,0.982623620126646
14.8040699958801,1,3.38089,-63,8.38345157478959,8.97629537701137,0.633,0.983353869471481
14.8955769538879,1,3.35635,-61,8.38421661179826,8.97574846150939,0.633,0.983922274777079
14.9786450862885,1,3.44225,-61,8.38494681054234,8.97523078406173,0.633,0.98437872775376
15.0707941055298,1,3.54043,-62,8.38589931191333,8.97457194352297,0.633,0.984647573703866
15.1707620620728,1,3.54043,-62,8.38693263398715,8.97385719969945,0.633,0.984939231504222
15.202938079834,1,3.56497,-62,8.38726522245399,8.97362714988393,0.633,0.985033105450325
15.3479480743408,1,3.77359,-61,8.38876412303603,8.97259036768384,0.633,0.985456173976382
15.4035220146179,1,3.66315,-61,8.38933856489924,8.97219302905718,0.633,0.985618311662685
15.6355030536652,1,3.84109,-63,8.39173644454631,8.97053442743554,0.633,0.986295119330989
15.7600390911102,1,3.88404,-62,8.39302371539717,8.96964402848523,0.633,0.986658454823706
15.8362579345703,1,3.88404,-61,8.39382477663381,8.96908977002275,0.633,0.98678139094026
15.9091680049896,1,4.04971,-61,8.39461651350917,8.96854164449365,0.633,0.986707601416537
16.0048010349274,1,3.99449,-61,8.39565500100299,8.96782269161332,0.633,0.986610814845207
16.0939099788666,1,4.03744,-62,8.39662264287242,8.96715278570371,0.633,0.986520631054477
16.147518157959,1,4.13561,-62,8.39720477881008,8.9667497685161,0.633,0.986466376244679
16.2472231388092,1,4.08039,-61,8.39828748397744,8.96600020340023,0.633,0.986365468605893
16.3567371368408,1,4.16629,-62,8.39947670612619,8.96517689575879,0.633,0.98625463363194
16.430328130722,1,4.25833,-61,8.40027583720939,8.96462365116273,0.633,0.986180154971343
16.4978430271149,1,4.20311,-61,8.40100898741488,8.96411608563585,0.633,0.986111825699126
16.6005160808563,1,4.26447,-61,8.40212392314715,8.96334420705197,0.633,0.986007914186063
16.6272549629211,1,4.33196,-61,8.4024142830222,8.96314318867694,0.633,0.985980852775189
16.7439889907837,1,4.30742,-60,8.40344152409481,8.96098431313331,0.633,0.98859338350526
16.8324949741364,1,4.48536,-61,8.40420378017734,8.95925909779782,0.633,0.990762537615149
16.8868141174316,1,4.38105,-62,8.40467160275617,8.95820027425308,0.633,0.992093821540385
17.001314163208,1,4.47309,-61,8.40565773220231,8.95596836599778,0.633,0.994900052661376
17.0347731113434,1,4.63876,-61,8.40594589675079,8.95531616274275,0.633,0.995720083263954
17.1637170314789,1,4.54058,-61,8.40705642378756,8.95280270523389,0.633,0.998880312931055
17.2180960178375,1,4.58353,-61,8.40752476176363,8.95174271518982,0.633,1.00021306352354
17.3295640945435,1,4.70625,-61,8.40848477843435,8.9495699080183,0.633,1.00294498545185
17.3929491043091,1,4.60194,-61,8.40903068061412,8.9483343667956,0.633,1.00449846069985
17.4918451309204,1,4.66944,-61,8.40989087003172,8.94647314409641,0.633,1.00674880398569
17.5385100841522,1,4.76148,-62,8.41039751191514,8.94638815546878,0.633,1.00574226447767
17.6810240745544,1,4.78602,-61,8.41194478779376,8.94612860161468,0.633,1.00266830957467
17.7679309844971,1,4.87806,-61,8.41288833702047,8.94597032225306,0.633,1.00079377135446
17.8288609981537,1,4.78602,-60,8.41354985481356,8.9458593533592,0.633,0.999479541686965
17.9340901374817,1,5.03759,-61,8.4146923286756,8.94566770460528,0.633,0.997209802218837
17.9572689533234,1,4.93328,-61,8.41494398132069,8.94562549014642,0.633,0.996709846850236
18.093405008316,1,5.04373,-60,8.41642201188811,8.94537755211834,0.633,0.993773460797615
18.1792230606079,1,5.16031,-60,8.41735373937596,8.94522125584061,0.633,0.991922408687823
18.236426115036,1,5.1419,-61,8.41797479353387,8.94511707467776,0.633,0.990688567651375
18.3013250827789,1,5.11122,-61,8.41867940230282,8.94499887731933,0.633,0.989288729645786
18.3975729942322,1,5.10509,-61,8.4195633672,8.94459797624563,0.633,0.988376126402591
18.5374641418457,1,5.2094,-61,8.42069670180291,8.94380304577768,0.633,0.988144191870476
18.5692870616913,1,5.19713,-61,8.42095451665997,8.94362221225822,0.633,0.988091430604657
18.7098481655121,1,5.2094,-61,8.42209327894407,8.9428234747688,0.633,0.987858385309051
18.7936100959778,1,5.37507,-61,8.42277188009806,8.94234749818474,0.633,0.987719511016552
18.8689670562744,1,5.27076,-61,8.42338238799745,8.94191928278488,0.633,0.987594571864746
18.9339740276337,1,5.40575,-61,8.42390904498275,8.94154988112478,0.633,0.987486792625362
18.9893651008606,1,5.32598,-60,8.42435779832455,8.94123512173855,0.633,0.987394956202032
19.1206080913544,1,5.58983,-60,8.42542106948254,8.94048933436295,0.633,0.987177360005898
19.1553120613098,1,5.57142,-60,8.42570222530032,8.94029212929639,0.633,0.987119822061779
19.2454249858856,1,5.63891,-61,8.42655976048346,8.93969482308841,0.633,0.987125023224768
19.3348579406738,1,5.61437,-60,8.42766554278134,8.93893170716801,0.633,0.987439099033331
19.5253930091858,1,5.79845,-60,8.43002138919596,8.93730590441419,0.633,0.988108231075811
19.6484589576721,1,5.78004,-60,8.43154302233031,8.93625580398117,0.633,0.988540421171385
19.7513749599457,1,5.83526,-60,8.43281551403935,8.93537763955079,0.633,0.988901847523725
19.8074040412903,1,5.85367,-60,8.43350827842877,8.93489955309954,0.633,0.989098613683001
19.9131309986115,1,6.06229,-60,8.43481552583094,8.93399740327637,0.633,0.989469911709396
19.9549939632416,1,5.93957,-60,8.43533313508733,8.93364019384657,0.633,0.98961692848298
20.0259139537811,1,6.02548,-61,8.43621001621343,8.93303504584511,0.633,0.989865989395981
20.1661400794983,1,6.11138,-60,8.43791747699675,8.93187524610413,0.633,0.989890183069734
20.2443389892578,1,6.16047,-60,8.43886371055921,8.93123676811781,0.633,0.989797856396892
20.319699048996,1,6.09911,-60,8.43977559306515,8.93062146875701,0.633,0.989708881453352
20.3888671398163,1,0.00613592,-60,8.44061255062871,8.93005672554665,0.633,0.989627217147393
20.5007810592651,1,6.21569,-60,8.4419667473434,8.92914297145276,0.633,0.989495084361154
20.5784449577332,1,6.27705,-60,8.44290650708619,8.9285088617234,0.633,0.989403389357125
20.6645040512085,1,0.0859029,-60,8.44394785156083,8.92780620695653,0.633,0.989301782444793
20.694591999054,1,0.0552233,-60,8.44431192602381,8.9275605450616,0.633,0.989266258674376
20.8173980712891,1,0.0920388,-59,8.44579792151377,8.9265578587844,0.633,0.989121265910549
20.9004111289978,1,0.239301,-60,8.44680240791349,8.92588007427196,0.633,0.989023255344363
20.9530141353607,1,0.288388,-59,8.44745355968407,8.92544845842362,0.633,0.989005665522984
21.0619790554047,1,0.257709,-60,8.44881706804809,8.92455225574304,0.633,0.989013859376064
21.1380240917206,1,0.257709,-59,8.44976864074705,8.92392680889865,0.633,0.989019577747212
21.2121810913086,1,0.282252,-59,8.4506965879171,8.92331689057092,0.633,0.989025154143352
21.3355269432068,1,0.46633,-59,8.45224004888291,8.92230240918494,0.633,0.989034429401738
21.3904149532318,1,0.374291,-59,8.45292687782495,8.92185097232163,0.633,0.989038556824488
21.4987320899963,1,0.503146,-59,8.45428228029655,8.92096009745767,0.633,0.989046701966101
21.5670211315155,1,0.552233,-58,8.45513680007452,8.92039844126558,0.633,0.989051837108429
21.6347529888153,1,0.564505,-59,8.45598434765131,8.91984136774092,0.633,0.989056930352083
21.718719959259,1,0.570641,-59,8.4570350497163,8.91915076544469,0.633,0.98906324443022
21.8080239295959,1,0.607456,-59,8.4579583699042,8.91835142524104,0.633,0.988880021526702
21.8980550765991,1,0.625864,-59,8.45864083693158,8.91746263097283,0.633,0.988452342189545
21.9413321018219,1,0.754719,-59,8.45896889165198,8.91703539691835,0.633,0.988246761231426
22.0143711566925,1,0.650408,-59,8.45952255278281,8.91631434986424,0.633,0.987899800256103
22.1380541324615,1,0.809942,-58,8.4604601122344,8.91509334220635,0.633,0.987312262999773
22.2069840431213,1,0.846757,-59,8.46098262464029,8.91441286093357,0.633,0.986984821892084
22.3130650520325,1,0.883573,-58,8.46178675513538,8.91336562121904,0.633,0.986480900115163
22.3815870285034,1,0.957204,-58,8.46230617525996,8.91268916710331,0.633,0.986155396837094
22.4658660888672,1,0.895845,-58,8.46294503949429,8.9118571578679,0.633,0.985755041916909
22.5537841320038,1,1.03697,-58,8.46361148846834,8.9109892243203,0.633,0.985337400559841
22.6243350505829,1,1.03697,-58,8.46416861200741,8.91030096282808,0.633,0.984983847845855
22.6720819473267,1,1.04924,-58,8.4647531995697,8.9099116118029,0.633,0.984573402298278
22.8015561103821,1,1.11674,-57,8.4663384122332,8.90885581757213,0.633,0.983460406535691
22.8732409477234,1,1.1106,-57,8.46721608318509,8.90827126513392,0.633,0.982844183821292
22.9202120304108,1,1.12901,-58,8.46779117209346,8.9078882404675,0.633,0.9824404073862
23.0312449932098,1,1.18423,-57,8.46915060052723,8.90698282460087,0.633,0.981485937288178
23.1251180171967,1,1.264,-57,8.47029993181366,8.90621733907996,0.633,0.980678978776512
23.2376120090485,1,1.27627,-57,8.47167724830865,8.90530000928388,0.633,0.979711949268131
23.4590201377869,1,1.37445,-57,8.47438805146192,8.90349454154072,0.633,0.977808663676067
23.5652079582214,1,1.4174,-57,8.47601946535321,8.90239961282247,0.633,0.976393379707415
23.6420431137085,1,1.52784,-57,8.47722930212791,8.90158703588424,0.633,0.97532475074732
23.734631061554,1,1.54625,-57,8.47868718040624,8.90060786390626,0.633,0.974037030799384
23.7971849441528,1,1.55852,-57,8.47967214603933,8.89994631982433,0.633,0.973167026826752
23.9243841171265,1,1.63829,-57,8.48167500835149,8.89860111379377,0.633,0.971397931429234
23.9738421440125,1,1.6567,-56,8.48245376827397,8.89807806608465,0.633,0.970710065575323
24.1004900932312,1,1.75487,-56,8.48444795108564,8.89673868956935,0.633,0.968948636638089
24.1924121379852,1,1.75487,-56,8.48589534413695,8.89576655990802,0.633,0.967670178119034
24.2712309360504,1,1.78555,-56,8.48713641510026,8.89493300478341,0.633,0.966573960512935
24.4001190662384,1,1.82851,-55,8.4889175732287,8.89371118842032,0.633,0.964641253670503
24.5007719993591,1,1.88373,-55,8.49018402666162,8.89282786375702,0.633,0.963061675243148
24.5972790718079,1,1.91441,-55,8.49139831530095,8.89198092294135,0.633,0.961547159123242
24.6842141151428,1,1.9819,-55,8.49249216503448,8.89121798573225,0.633,0.960182859894441
24.7856180667877,1,1.98804,-55,8.49376806806771,8.89032807017126,0.633,0.958591495495008
24.870411157608,1,2.11076,-55,8.49483496694117,8.88958393062086,0.633,0.95726081060689
24.981507062912,1,2.12303,-55,8.49623281781639,8.88860895900201,0.633,0.955517347302397
25.1477510929108,1,2.19052,-55,8.498324563342,8.88715001044214,0.633,0.952908426972697
25.2003800868988,1,2.23961,-55,8.49899918684513,8.8866817958622,0.633,0.952545103616142
25.2872059345245,1,2.25802,-55,8.50013080936345,8.88589982571134,0.633,0.95263994542444
25.4298751354218,1,2.35006,-55,8.50199025196979,8.88461491966549,0.633,0.952795786171999
25.4944231510162,1,2.38687,-55,8.50283152205188,8.88403358792072,0.633,0.952866293407902
25.625559091568,1,2.46051,-54,8.50454064885395,8.88285255261819,0.633,0.953009536118165
25.7633979320526,1,2.45437,-54,8.50633713619105,8.88161114971991,0.633,0.9531601005554
25.8332929611206,1,2.51573,-54,8.50724809520815,8.88098166175152,0.633,0.953236448453279
25.9099521636963,1,2.51573,-54,8.50824721335377,8.88029125434587,0.633,0.953320185008623
26.047749042511,1,2.60163,-54,8.50976451530063,8.87874855491927,0.633,0.953547631019269
26.162474155426,1,2.63845,-53,8.51093251207536,8.87736102066723,0.633,0.953763294305807
26.2666580677032,1,2.6814,-53,8.51199319068728,8.87610097617371,0.633,0.953959141965969
26.3476049900055,1,2.72435,-53,8.51281729747412,8.87512196970826,0.633,0.954111308120835
26.4739689826965,1,2.7673,-53,8.51410378769544,8.87359366989988,0.633,0.954348850479884
26.5950510501862,1,2.81639,-53,8.51533650353867,8.87212925193871,0.633,0.954576463736931
26.700336933136,1,2.86548,-53,8.51640840112574,8.87085587974374,0.633,0.954774382910564
26.8515770435333,1,2.89616,-53,8.51821228185793,8.86936012940813,0.633,0.955222010675203
26.9249329566956,1,2.95138,-53,8.51914911620179,8.86871278131649,0.633,0.955477397933303
27.075492143631,1,3.03115,-53,8.52107191984535,8.8673841331116,0.633,0.956001566964476
27.1643879413605,1,3.05569,-53,8.52220721532117,8.86659964931835,0.633,0.956311056043952
27.3575620651245,1,3.14773,-53,8.52467425779514,8.86489493466099,0.633,0.956983588191357
27.4782359600067,1,3.23363,-53,8.5262153939389,8.86383001688961,0.633,0.957403712129696
27.5613689422607,1,3.20295,-53,8.52727709202875,8.86309638854127,0.633,0.95769313807343
27.692841053009,1,3.28272,-52,8.52884735417686,8.86200243056912,0.633,0.957855171989498
27.8341889381409,1,3.35635,-52,8.53052127192785,8.86083500578842,0.633,0.95799051355369
27.9172210693359,1,3.34408,-52,8.53150458312617,8.86014922426816,0.633,0.958070017385697
28.0332641601563,1,3.40544,-52,8.53287882787997,8.85919079761942,0.633,0.958181129436724
28.1489269733429,1,3.45452,-52,8.53424856918131,8.85823551177137,0.633,0.958291877369322
28.3177399635315,1,3.47907,-52,8.53624774349234,8.85684124635405,0.633,0.958453516958954
28.3701281547546,1,3.53429,-52,8.53686815265621,8.85640856020107,0.633,0.958503679009406
28.5175440311432,1,3.58952,-51,8.53874719626237,8.85509206368878,0.633,0.958435209711221
28.6017379760742,1,3.60792,-51,8.53986799396587,8.85430481384387,0.633,0.958321207474826
28.7287800312042,1,3.66315,-51,8.54155918973719,8.85311691561341,0.633,0.958149187047315
28.864424943924,1,3.69383,-51,8.54336490755684,8.85184857693906,0.633,0.95796551797921
29.0014090538025,1,3.73064,-51,8.54518845289486,8.85056771619135,0.633,0.957780035580334
29.0668590068817,1,3.80427,-51,8.54605972881816,8.84995573078725,0.633,0.957691413518153
29.2048089504242,1,3.76132,-51,8.54789613142463,8.84866583907652,0.633,0.957504623338798
29.3168289661407,1,3.83495,-51,8.5493825391539,8.84762174823643,0.633,0.957339409997065
29.4236381053925,1,3.89631,-51,8.55076786382876,8.84664842098653,0.633,0.95709207820959
29.5602779388428,1,3.90858,-51,8.55254009543903,8.84540325344514,0.633,0.956775669197362
29.7018890380859,1,3.95767,-51,8.55437680483853,8.84411278389593,0.633,0.956447748510541
29.791659116745,1,3.95767,-51,8.55554113128009,8.84329472970697,0.633,0.95623987309677
29.9572041034698,1,4.03744,-51,8.55768826547212,8.8417861561168,0.633,0.955856530081733
30.0613360404968,1,4.06812,-51,8.55903886658,8.84083722559827,0.633,0.955615397737642
30.2181370258331,1,4.11107,-50,8.56124966955634,8.83947246462073,0.633,0.956235524180238
30.3320190906525,1,4.16629,-50,8.56290314967415,8.8384985747835,0.633,0.956951368754027
30.4213869571686,1,4.19697,-50,8.56420070245992,8.83773432400254,0.633,0.957513120970394
30.6074540615082,1,4.21538,-50,8.56690225391222,8.83614312645755,0.633,0.958682709238868
30.7414610385895,1,4.26447,-50,8.5688479322998,8.83499713359814,0.633,0.959525055815089
30.8206269741058,1,4.29515,-50,8.56999736088271,8.83432012708112,0.633,0.960022680313365
30.982390165329,1,4.35037,-50,8.57203969745262,8.83302818356398,0.633,0.960830396672051
31.0852401256561,1,4.37491,-50,8.57312674425069,8.83226986569454,0.633,0.961199594124089
31.2543740272522,1,4.40559,-50,8.5749143625015,8.8310228330316,0.633,0.961806729074107
31.3601341247559,1,4.424,-50,8.57603216726282,8.83024305857611,0.633,0.962186372959252
31.5051889419556,1,4.47922,-50,8.57756528768485,8.82917356219923,0.633,0.962707071934202
31.6446759700775,1,4.51604,-50,8.57903956076002,8.82814511740795,0.633,0.963207784381841
31.8175311088562,1,4.53445,-50,8.58079979266494,8.82692105496363,0.633,0.963787221840219
31.957622051239,1,4.59581,-50,8.58217266478554,8.82596959203113,0.633,0.964223775421013
32.0804460048676,1,4.63262,-50,8.58337632277234,8.82513540220334,0.633,0.964606521341996
32.2230660915375,1,4.6633,-50,8.58477398016186,8.82416676195017,0.633,0.965050956281685
32.3513810634613,1,4.66944,-50,8.58603144937874,8.82329527848812,0.633,0.965450813399569
32.4736640453339,1,4.7308,-50,8.58722980591614,8.82246476280632,0.633,0.965831873535924
32.6246500015259,1,4.74307,-49,8.58873202336038,8.82142913106078,0.633,0.966152100543349
32.7371740341187,1,4.80443,-49,8.58989409455593,8.82063815221387,0.633,0.966107672186038
32.8961360454559,1,4.86579,-49,8.59153574541312,8.81952074124367,0.633,0.966044908517907
33.0323059558868,1,4.86579,-49,8.5929420150514,8.81856354555618,0.633,0.965991143954941
33.1696519851685,1,4.93328,-49,8.59436043084021,8.81759808243362,0.633,0.965936915019811
33.3328709602356,1,4.96396,-49,8.59604604470528,8.81645074747132,0.633,0.965872470556019
33.452329158783,1,5.01919,-49,8.59727972722096,8.8156110254496,0.633,0.965825304351552
33.605122089386,1,5.00691,-49,8.59889251737288,8.81450620611603,0.633,0.965609550447956
33.7532620429993,1,5.06214,-49,8.60045753536424,8.81343384673596,0.633,0.965394382234683
33.8521411418915,1,5.09895,-49,8.6015021392335,8.81271807812254,0.633,0.965250763727186
34.0094630718231,1,5.12963,-49,8.60316415980778,8.81157925201158,0.633,0.965022259007518
34.1315159797668,1,5.17258,-49,8.60445358235835,8.81069573222164,0.633,0.964844981335381
34.2919371128082,1,5.16645,-49,8.60614834432689,8.80953447151795,0.633,0.964611975129251
34.417699098587,1,5.22781,-49,8.60715946067486,8.80847274887294,0.633,0.965382940473259
34.5773351192474,1,5.2953,-49,8.60837909281093,8.80709462254486,0.633,0.966553284781331
34.7094020843506,1,5.32598,-49,8.60938809512813,8.80595449789801,0.633,0.967521511252106
34.855947971344,1,5.31985,-49,8.61050771758205,8.80468937775594,0.633,0.968595887473741
35.0026640892029,1,5.39348,-49,8.61162864061358,8.803422788023,0.633,0.969671511713986
35.1382460594177,1,5.46097,-49,8.6126874777167,8.80224793452692,0.633,0.970639618107805
35.2901270389557,1,5.51006,-49,8.61493634136896,8.80072909828285,0.633,0.970526795690174
35.4638750553131,1,5.52847,-49,8.61750898476267,8.79899158786264,0.633,0.970397729685178
35.5906450748444,1,5.59596,-49,8.61938603671472,8.79772386559149,0.633,0.970303560552676
35.7421159744263,1,5.64505,-49,8.6216288284157,8.7962091302184,0.633,0.970191042756548
35.9246730804443,1,5.69414,-49,8.62433190579534,8.79438352736757,0.633,0.970055433056642
36.036642074585,1,5.72482,-49,8.62572844596654,8.79343881856162,0.633,0.970118885962239
36.1684460639954,1,5.78618,-49,8.62733766663566,8.7923500003418,0.633,0.970213054024493
36.316605091095,1,5.82299,-49,8.62914656915669,8.79112607495943,0.633,0.970318907030536
36.4894111156464,1,5.86594,-49,8.6312563916871,8.78969854344944,0.633,0.970442369215184
36.6326160430908,1,5.90276,-49,8.63300480863711,8.78851554333794,0.633,0.970544682738341
36.771919965744,1,5.95185,-49,8.63470559745712,8.78736476899677,0.633,0.970644209167847
36.9672310352325,1,6.02548,-49,8.63751475582067,8.78548312402027,0.633,0.970300668522358
37.1147620677948,1,6.05002,-49,8.63966357291184,8.7840448168442,0.633,0.970010586858723
37.213611125946,1,6.09911,-49,8.6411033279377,8.78308111919214,0.633,0.969816225721684
37.3980510234833,1,6.14819,-49,8.64378972955259,8.78128298070173,0.633,0.969453572309795
37.5161769390106,1,6.18501,-49,8.64551025561268,8.78013134942096,0.633,0.969221308212544
37.6766800880432,1,6.24023,-50,8.6478220357938,8.77858351154647,0.633,0.968984634263311
37.7918050289154,1,6.27091,-50,8.64941635297498,8.77751492374983,0.633,0.969008878425405
37.9701271057129,1,0.0368155,-50,8.65188586087369,8.77585974118301,0.633,0.96904643127279
38.0967950820923,1,0.0981748,-50,8.65364003272835,8.77468401112175,0.633,0.969073106282811
38.2547459602356,1,0.116583,-50,8.65582742841254,8.77321791368383,0.633,0.969106369159331
38.4163701534271,1,0.16567,-49,8.6580656943013,8.7717177205964,0.633,0.969140405599292
38.5855369567871,1,0.245437,-49,8.66035662298634,8.77004964185611,0.633,0.967930602276253
38.7012569904327,1,0.282252,-49,8.66187520935647,8.76881684111283,0.633,0.965935706528036
38.8589200973511,1,0.343612,-49,8.66394421191113,8.76713720804262,0.633,0.963217754832608
39.0708360671997,1,0.374291,-49,8.66672517120822,8.7648796027092,0.633,0.95956453892943
39.1983330249786,1,0.404971,-49,8.66839830537709,8.76352133880826,0.633,0.957366620980644
39.347461938858,1,0.46633,-50,8.6703528570575,8.76194756769808,0.633,0.95492198484758
39.4857289791107,1,0.503146,-50,8.67212054891624,8.76075906275518,0.633,0.954940733094566
39.620432138443,1,0.552233,-50,8.6738426779042,8.75960119193942,0.633,0.954958998098984
39.7670919895172,1,0.60132,-50,8.67571766867766,8.75834054473377,0.633,0.954978884364763
39.8883850574493,1,0.681087,-50,8.67726835471471,8.75729794332628,0.633,0.954995331034853
40.018294095993,1,0.705631,-50,8.67892919268008,8.75618128143669,0.633,0.955012945982971
40.1852381229401,1,0.748583,-50,8.68106717617531,8.75473960522989,0.633,0.955097330366523
40.3134059906006,1,0.785398,-50,8.68273043059638,8.7535930147288,0.633,0.955530210948125
40.4390289783478,1,0.840621,-50,8.68436065971364,8.75246919073845,0.633,0.955954496324726
40.5876750946045,1,0.901981,-50,8.68628966356267,8.75113940170447,0.633,0.956456541169761
40.7214231491089,1,0.951068,-50,8.68802533293927,8.74994289081892,0.633,0.956908268554158
40.8310871124268,1,1.01856,-50,8.68944845930588,8.74896183635537,0.633,0.957278653121587
40.9393520355225,1,1.03697,-50,8.69085343010919,8.74799329771391,0.633,0.957644312500433
41.0871260166168,1,1.09219,-50,8.69261125285192,8.74679877149304,0.633,0.958109261948358
41.1964719295502,1,1.11674,-50,8.69384599153445,8.7459674750023,0.633,0.958439210849165
41.309730052948,1,1.15969,-50,8.69512490706334,8.74510643613946,0.633,0.958780964759486
41.4548151493073,1,1.22105,-50,8.69676321411963,8.74400343440645,0.633,0.959218755864641
41.5689461231232,1,1.27014,-50,8.69805198591242,8.74313575974471,0.633,0.959563143582009
41.721451997757,1,1.32536,-51,8.69977408871145,8.74197634193933,0.633,0.960023326723309
41.8087069988251,1,1.33763,-51,8.70075937588107,8.74131299043179,0.633,0.960286616780706
41.9646100997925,1,1.44194,-51,8.70219816363918,8.74034245492784,0.633,0.960386707652204
42.1322140693665,1,1.49103,-51,8.70364632164527,8.73936490044817,0.633,0.960380777282562
42.1758279800415,1,1.48489,-51,8.70402316137098,8.73911052118815,0.633,0.960379234081572
42.2973189353943,1,1.52784,-51,8.70507288650643,8.73840192205445,0.633,0.960374935339274
42.4393739700317,1,1.60761,-51,8.70630029261285,8.7375733823974,0.633,0.960369908973448
42.5884611606598,1,1.63216,-51,8.70758845905224,8.73670382750899,0.633,0.960364633787236
42.7625279426575,1,1.69965,-51,8.7089672079069,8.73574902176045,0.633,0.960440139940311
42.8105239868164,1,1.71192,-51,8.70924245457724,8.73553638242701,0.633,0.960529369496147
42.9899151325226,1,1.8101,-51,8.71027122301868,8.73474161664335,0.633,0.960862875986793
43.0707349777222,1,1.86532,-51,8.71073470690946,8.73438355634249,0.633,0.961013128346468
43.2203600406647,1,1.896,-51,8.71159277346674,8.73372066476032,0.633,0.961291296644342
43.3405470848084,1,1.92668,-51,8.71228201951397,8.73318819394105,0.633,0.961514736653913
43.4766819477081,1,2.00645,-52,8.7130627227654,8.73258506868329,0.633,0.96176782528993
43.6063661575317,1,2.03099,-52,8.71399979530909,8.73191000239703,0.633,0.961858687535263
43.7074370384216,1,2.10462,-52,8.71512233408562,8.73117998534955,0.633,0.961624764149697
43.8700721263886,1,2.15984,-52,8.71692863270555,8.73000530095293,0.633,0.961248353554933
44.0016951560974,1,2.21507,-52,8.71839049742298,8.72905461115303,0.633,0.960943718783208
44.1571769714355,1,2.31324,-52,8.72011734857165,8.72793159357596,0.633,0.960583864072161
44.2852740287781,1,2.35619,-52,8.7215400522501,8.72700637124912,0.633,0.960287389983178
44.4271430969238,1,2.46664,-52,8.7231970439676,8.72591916354421,0.633,0.960091904436904
44.5794579982758,1,2.49118,-52,8.72529854674734,8.72450401636944,0.633,0.960408882643716
44.6896560192108,1,2.57709,-52,8.72681895903308,8.72348017420687,0.633,0.960638212609204
44.8494851589203,1,2.60777,-52,8.72902413645435,8.72199521276516,0.633,0.960970828483632
44.9596719741821,1,2.67526,-52,8.73054439413438,8.72097147471372,0.633,0.961200135129312
45.0927391052246,1,2.71821,-52,8.73238033364717,8.71973515723672,0.633,0.961477057349064
45.2003991603851,1,2.79185,-52,8.73386572938441,8.71873489513798,0.633,0.9617011056262
45.4100711345673,1,2.86548,-52,8.73658546393537,8.7169476895085,0.633,0.962212158421389
45.5334351062775,1,2.90229,-52,8.73817369140443,8.71590728110067,0.633,0.962518011624781
45.6481740474701,1,2.96365,-52,8.73965087745515,8.71493961317083,0.633,0.962802481006166
45.779158115387,1,3.04955,-53,8.74133720849484,8.71383493954803,0.633,0.963127226523113
45.9024641513824,1,3.11705,-53,8.74292469008086,8.71279501974966,0.633,0.963432936087939
46.0644390583038,1,3.18454,-53,8.74500212962441,8.71143410899243,0.633,0.963816229123041
46.2310900688171,1,3.27658,-52,8.74706314444212,8.71008364972401,0.633,0.964033231172897
46.3602089881897,1,3.3134,-52,8.74865999048136,8.70903733238782,0.633,0.964201361387607
46.4875731468201,1,3.40544,-52,8.75023513495468,8.70800523478484,0.633,0.964367206667608
46.6713471412659,1,3.45452,-52,8.75250791400652,8.70651601912795,0.633,0.964606505147601
46.9685840606689,1,0.408039,-53,8.75565131792408,8.70423094262676,0.633,0.964676850389722
47.1092090606689,1,3.66315,-52,8.75659464353057,8.70327605260829,0.633,0.964386748854698
47.1652901172638,1,3.65701,-52,8.75697084048505,8.7028952437822,0.633,0.964271056761514
47.3321380615234,1,3.69383,-52,8.75809007204566,8.70176229134433,0.633,0.963926858754435
47.5191640853882,1,3.82882,-52,8.75934466004488,8.70049232310693,0.633,0.963541034494078
47.6556611061096,1,3.87177,-52,8.76026029478163,8.69956546342595,0.633,0.963259448750167
47.8348369598389,1,3.95153,-52,8.76236669949828,8.69799202604191,0.633,0.963023544926154
47.9332320690155,1,3.98221,-52,8.76384205988585,8.6970022858446,0.633,0.962941105117664
48.1396610736847,1,4.07425,-52,8.76693730698586,8.69492585048597,0.633,0.962768149695853
48.2653901576996,1,4.10493,-52,8.7688225196928,8.69366116233774,0.633,0.962662808264814
48.4943029880524,1,4.17243,-52,8.7722548947868,8.6913585658797,0.633,0.962471014891615
48.6035349369049,1,4.23992,-52,8.77386526998273,8.69028049073535,0.633,0.962371918036237
48.7621071338654,1,4.2706,-52,8.77608073493016,8.68880747382659,0.633,0.962194324465384
48.8355951309204,1,4.31969,-52,8.77710746019886,8.68812482539057,0.633,0.962112021287008
49.0016641616821,1,4.36878,-52,8.77942766590679,8.68658216851238,0.633,0.961926031606935
49.2399110794067,1,4.44854,-52,8.78275629289923,8.68436903313939,0.633,0.961659206011563
49.3625380992889,1,4.5099,-52,8.78446955581268,8.68322991999586,0.633,0.961521869386597
49.4530670642853,1,4.57126,-52,8.78576642699952,8.68236508770396,0.633,0.961642639191794
49.623006105423,1,4.61421,-52,8.78821289822653,8.68073269355769,0.633,0.961952582080345
49.8142011165619,1,4.6633,-52,8.79096537399882,8.67889611960217,0.633,0.962301292615795
49.9916789531708,1,4.72466,-52,8.79352037500264,8.67719130957363,0.633,0.962624985117319
50.1340880393982,1,4.75534,-52,8.79557052033468,8.67582336164844,0.633,0.96288471756753
50.3300409317017,1,4.81056,-53,8.79847042298812,8.67388029412606,0.633,0.963046537562897
50.4131970405579,1,4.86579,-53,8.79971106692009,8.67304800284506,0.633,0.963090386117276
50.8382749557495,1,4.98237,-53,8.80605299829892,8.66879349109093,0.633,0.963314531430665
51.0009541511536,1,5.056,-53,8.80861148541021,8.66716043339347,0.633,0.963661403760064
51.162740945816,1,5.1235,-53,8.81201616756966,8.66550466669281,0.633,0.965715619026115
51.3021340370178,1,5.14804,-53,8.81494959097887,8.66407808277912,0.633,0.967485500285745
51.5029730796814,1,5.23394,-53,8.81917609850628,8.66202264556171,0.633,0.970035563956388
51.6616261005402,1,5.28303,-53,8.8225148327385,8.66039895068943,0.633,0.972049989535021
51.8369691371918,1,5.39348,-54,8.82615203623059,8.65861520882947,0.633,0.97418463634041
51.9840850830078,1,5.46097,-54,8.82803621601368,8.65735678416701,0.633,0.973946607389831
52.1602230072021,1,5.51006,-54,8.83029209326724,8.65585010651509,0.633,0.973661621795506
52.3090579509735,1,5.54074,-54,8.83219828902675,8.65457697760415,0.633,0.973420811560566
52.5128891468048,1,5.63278,-54,8.83480884640867,8.65283341267384,0.633,0.973091019128006
52.6822481155396,1,5.69414,-54,8.83697821004148,8.65138441311387,0.633,0.972815644232581
52.9035289287567,1,5.74936,-54,8.83992252823685,8.64938082147342,0.633,0.971970809417651
53.0617110729218,1,5.79845,-54,8.84202726817556,8.64794855801998,0.633,0.971366880949801
53.2810909748077,1,5.90889,-55,8.84494629322537,8.64596217821998,0.633,0.970529303682642
53.5405149459839,1,6.00707,-55,8.84839562696273,8.64361532742983,0.633,0.969568262128506
53.7046320438385,1,6.04388,-55,8.85052349149095,8.64217625141941,0.633,0.969596346660333
53.8984680175781,1,6.17274,-55,8.85303667688239,8.64047658268647,0.633,0.969629516833612
54.0912480354309,1,6.2341,-56,8.85553617125014,8.63878617320077,0.633,0.969662506306481
54.3775041103363,1,0.0552233,-56,8.85914083307012,8.63634731136879,0.633,0.969753253925999
54.7644691467285,1,0.214757,-56,8.86321406115542,8.63358350773322,0.633,0.970188601316848
54.9688160419464,1,0.306796,-56,8.86536503458833,8.63212400974552,0.633,0.970418497765609
55.2473521232605,1,0.447922,-57,8.86704524331265,8.63078937031421,0.633,0.970927938784294
55.4818251132965,1,0.595185,-57,8.86691058927953,8.63047615332412,0.633,0.971599452592966
55.7440421581268,1,0.668816,-58,8.86676000228597,8.63012587488258,0.633,0.972350423382589
55.8916599750519,1,0.693359,-58,8.86667522776926,8.62992868198503,0.633,0.972773190211535
56.182382106781,1,0.889709,-58,8.86998190542091,8.62759943259828,0.633,0.972888270626582
56.4440150260925,1,0.987884,-58,8.87351416132037,8.6251923339305,0.633,0.972876896086262
56.6423089504242,1,1.07992,-58,8.87619128958806,8.62336797236949,0.633,0.972868275220648
56.8164660930634,1,1.19651,-59,8.87855833264602,8.62175130142352,0.633,0.972825527279354
57.068724155426,1,1.41126,-59,8.88209753032658,8.61930884004263,0.633,0.972516959039366
57.2635941505432,1,1.5033,-60,8.8848315695413,8.61742203241036,0.633,0.972278589288736
57.5891230106354,1,1.72419,-60,8.88939876147087,8.61427013446231,0.633,0.971880394414474
57.7102229595184,1,1.79169,-60,8.89120931359785,8.61302107219184,0.633,0.971373489728254
58.0050339698792,1,1.9635,-60,8.89579870127014,8.6098556080664,0.633,0.969554864566669
58.2442049980164,1,2.0494,-61,8.89952192913317,8.60728756520908,0.633,0.968079470383934
58.7839770317078,1,2.50959,-61,8.90699668646141,8.60211230152188,0.633,0.963786200438351
58.8973481655121,1,2.60163,-61,8.90843299519094,8.60111466836492,0.633,0.962745690281878
59.1996040344238,1,2.91456,-61,8.91226230101597,8.59845490422043,0.633,0.959971612869905
59.4544429779053,1,3.16,-61,8.91275949706539,8.59819443681973,0.633,0.957811750729537
59.6911661624908,1,3.33181,-60,8.91234664792267,8.5985872169069,0.633,0.955862758734957
59.9222640991211,1,3.50361,-60,8.91194360930528,8.59897066336929,0.633,0.953960080595319
60.1711709499359,1,3.59565,-59,8.9127617410412,8.59848543423132,0.633,0.952805027590053
60.3459031581879,1,3.73678,-59,8.91517323887846,8.59682700063096,0.633,0.953306153763427
60.50044298172,1,3.8595,-59,8.91730605946114,8.59536021875655,0.633,0.953749368847671
60.87082695961,1,4.08652,-59,8.92241776823294,8.59184479798718,0.633,0.95481161780209
60.9650120735168,1,4.06812,-58,8.92372089001395,8.59094804603,0.633,0.954964014376674
61.2860059738159,1,4.22765,-58,8.92817261272681,8.58788272841043,0.633,0.955103456276231
61.5298321247101,1,4.38105,-58,8.9315541299859,8.5855543209368,0.633,0.955209375988757
61.6475901603699,1,4.47922,-57,8.93318726420272,8.58442979557599,0.633,0.955260530867916
61.9182021617889,1,4.62035,-57,8.93692613925869,8.58184998710011,0.633,0.95515882610601
62.1787710189819,1,4.71239,-57,8.94052149656306,8.57936740101574,0.633,0.954987029847485
62.527172088623,1,4.82284,-57,8.94531877457325,8.57605467048232,0.633,0.954761885164814
62.7123970985413,1,4.90874,-56,8.94765939827733,8.57443372130794,0.633,0.954737896013824
63.10014295578,1,5.06827,-56,8.9525592071369,8.57104046287358,0.633,0.954687677666317
63.3426139354706,1,5.11122,-55,8.9556232281504,8.56891854027515,0.633,0.954656274385815
63.5108001232147,1,5.2094,-55,8.95754399725833,8.5676091865819,0.633,0.95449877007898
63.7098300457001,1,5.27689,-55,8.95981392906287,8.56606216299537,0.633,0.954310332003486
64.0494091510773,1,5.30757,-55,8.96368682114778,8.56342267603304,0.633,0.953988824401533
64.1532740592957,1,5.3628,-55,8.9648713980978,8.56261535288876,0.633,0.953890486909503
64.4850831031799,1,5.49165,-55,8.96954154229292,8.55934040647518,0.633,0.954600102357012
64.678768157959,1,5.54074,-54,8.97229626083408,8.55740624239309,0.633,0.95504742175927
64.8250350952148,1,5.65119,-54,8.97437656715651,8.55594560178373,0.633,0.955385228096564
65.0388879776001,1,5.65119,-54,8.97740861117903,8.5538150189352,0.633,0.955867236601531
65.3061921596527,1,5.71868,-54,8.98114991231699,8.55117733690455,0.633,0.956409013254207
65.52272605896,1,5.76777,-54,8.98418061134184,8.54904064165779,0.633,0.95684788783618
65.7917110919952,1,5.85367,-53,8.9879454383732,8.54638637346526,0.633,0.957393071266154
66.0649890899658,1,5.92117,-53,8.99192174605769,8.54356357581555,0.633,0.957442691987486
66.189159154892,1,5.95185,-53,8.99373728892842,8.54227362562899,0.633,0.957435870135538
66.4823050498962,1,6.07456,-53,8.99802349865278,8.5392282571485,0.633,0.957419764821458
66.7052011489868,1,6.16047,-53,9.00144627156672,8.53680796252637,0.633,0.957263135958668
66.8733041286469,1,6.22796,-53,9.00424159913434,8.53484577688393,0.633,0.956956321476396
67.1397349834442,1,6.25251,-53,9.00867198766634,8.53173585700598,0.633,0.956470043095481
67.2523369789124,1,0.0368155,-53,9.01054440814775,8.53042150779418,0.633,0.956264526673272
67.4666321277618,1,0.110447,-53,9.01413406076016,8.52797657976954,0.633,0.955969460720782
67.8437421321869,1,0.239301,-52,9.02064042671188,8.52408189194018,0.633,0.956144333574081
67.978255033493,1,0.251573,-52,9.02296120884669,8.52269267989739,0.633,0.956206709683388
68.1504890918732,1,0.294524,-52,9.02593280281138,8.52091389417677,0.633,0.956286577787843
68.3697481155396,1,0.374291,-52,9.02926003786807,8.51875871362001,0.633,0.956038609830573
68.6608591079712,1,0.429515,-52,9.03316928711163,8.51601916100051,0.633,0.955319349011744
68.8268160820007,1,0.478602,-52,9.03539787755327,8.51445739289574,0.633,0.954909311767757
69.1060030460358,1,0.558369,-52,9.03913958369673,8.51183521433919,0.633,0.95425126703842
69.3196420669556,1,0.625864,-51,9.041635107982,8.51008446828621,0.633,0.955321627143781
69.5994131565094,1,0.724039,-51,9.04490312309128,8.50779177789347,0.633,0.956723317769411
69.8531250953674,1,0.779262,-51,9.04786674042185,8.50571263910301,0.633,0.957994448560211
70.02201795578,1,0.803806,-51,9.05010099459454,8.50414213247448,0.633,0.95851826279232
70.2943999767303,1,0.840621,-51,9.05403910510246,8.50137049165932,0.633,0.958950162649406
70.5834989547729,1,0.93266,-51,9.05821891006642,8.49842874636949,0.633,0.95940856958414
70.8428030014038,1,0.957204,-51,9.06212993465908,8.49567188055731,0.633,0.959428624477938
71.1188781261444,1,1.00016,-50,9.06651381394233,8.49257612164787,0.633,0.958919069678132
71.2997989654541,1,1.06151,-50,9.06938670993432,8.49054737204313,0.633,0.958585142156985
71.6105859279633,1,1.12287,-50,9.07391875985834,8.48706645287155,0.633,0.958240588935265
71.8837881088257,1,1.19651,-50,9.07721738525363,8.48401343350362,0.633,0.958327233283808
72.1639311313629,1,1.264,-50,9.0805998139207,8.48088285061114,0.633,0.958416078876511
72.3960771560669,1,1.31309,-50,9.08351813573863,8.47845518044364,0.633,0.958478180915848
72.6036961078644,1,1.35604,-50,9.08628966019216,8.47651712167722,0.633,0.958517594805269
72.865247964859,1,1.4174,-50,9.08978113994991,8.47407561590459,0.633,0.958567247189505
73.1653850078583,1,1.49103,-50,9.09377199308329,8.4712841419608,0.633,0.958584132547794
73.3561990261078,1,1.50944,-50,9.0962277979794,8.46956238478044,0.633,0.958387039613719
73.5979089736938,1,1.57693,-50,9.09933864108289,8.46738138234865,0.633,0.958137375971593
73.9713709354401,1,1.65056,-50,9.10414515227416,8.46401155229042,0.633,0.957751624890612
74.2835209369659,1,1.71192,-50,9.10795800324812,8.46131653593579,0.633,0.958308230890473
74.5240881443024,1,1.76101,-50,9.1108905876078,8.45924305027135,0.633,0.958762533929312
74.7920081615448,1,1.82851,-50,9.11415661069096,8.45693380654224,0.633,0.959268491825015
75.0955829620361,1,1.88373,-50,9.11871835875941,8.45374088526632,0.633,0.957102067522842
75.4207301139832,1,1.9819,-50,9.12365790566722,8.45028517037784,0.633,0.954611040241608
75.6493680477142,1,2.01258,-50,9.12713029486613,8.44787754087713,0.633,0.953082664275215
75.930920124054,1,2.0494,-50,9.13138792165134,8.44531751068042,0.633,0.955240793592846
76.1534039974213,1,2.10462,-50,9.13475231985022,8.44329456188349,0.633,0.956946158284367
76.5329661369324,1,2.18439,-50,9.14048407428659,8.43973415397173,0.633,0.959034391016834
76.8240311145782,1,2.22734,-50,9.14485339504641,8.43664744027367,0.633,0.957955803045399
77.0990769863129,1,2.33165,-50,9.14898224506124,8.43373060752125,0.633,0.956936576440931
77.3252539634705,1,2.36847,-50,9.15228996907479,8.43139029658191,0.633,0.956145744247518
77.6485950946808,1,2.42983,-50,9.15640811486029,8.42845107096246,0.633,0.955345128258043
77.9543120861053,1,2.51573,-50,9.16030179561498,8.42567205175715,0.633,0.954588150911323
78.2211730480194,1,2.57709,-50,9.16385169834019,8.42313283850977,0.633,0.9543495857992
78.5201110839844,1,2.63845,-50,9.16799733008169,8.42016155388929,0.633,0.954554630534616
78.6575050354004,1,2.65685,-50,9.16990269058304,8.41879593129975,0.633,0.95464887048747
79.0163691043854,1,2.76117,-50,9.17471596031261,8.41534607468923,0.633,0.955114891790362
79.2345690727234,1,2.79798,-50,9.17746087936277,8.41337861826021,0.633,0.955642720154922
79.5386950969696,1,2.89002,-51,9.18128673380245,8.41063638733235,0.633,0.956378404688794
79.8039610385895,1,2.93911,-51,9.18545852304166,8.40771656051332,0.633,0.957068200540629
80.0436370372772,1,3.02501,-51,9.19071342013027,8.40413881997757,0.633,0.957777074841427
80.3752610683441,1,3.09864,-51,9.19798427814235,8.39918853398701,0.633,0.958757897929418
80.605612039566,1,3.17841,-51,9.20233669118413,8.39619700255688,0.633,0.959348925516735
80.8658180236816,1,3.23363,-51,9.20524657808543,8.39410276577185,0.633,0.959757065497696
81.080451965332,1,3.30113,-51,9.20764683224371,8.39237531012764,0.633,0.960093724522494
81.3409781455994,1,3.37476,-51,9.21056029990273,8.39027849628213,0.633,0.960502366739603
81.7221760749817,1,3.44839,-51,9.21459948591423,8.38739433135352,0.633,0.95980463969689
82.1311450004578,1,3.62019,-51,9.21891543114869,8.38431443197319,0.633,0.95895473048149
82.3637080192566,1,3.71223,-52,9.22144158351806,8.38251097584742,0.633,0.958382542002632
82.7156150341034,1,3.84109,-52,9.22528428148956,8.37976740878129,0.633,0.957491734745601
82.944461107254,1,3.90245,-52,9.22778319826014,8.37798325977879,0.633,0.956912440403332
83.204085111618,1,3.97608,-52,9.23072679779906,8.37587635441465,0.633,0.957258324024053
83.4799840450287,1,4.05585,-52,9.23388187746491,8.37361682137884,0.633,0.957874873434737
83.7437591552734,1,4.16629,-52,9.23689831350691,8.37145657897322,0.633,0.958464329822857
83.9674921035767,1,4.22765,-52,9.23759437753069,8.37110042586527,0.633,0.959526038664805
84.1432631015778,1,4.2706,-52,9.23771067661324,8.37116186689002,0.633,0.960490004456584
84.4811210632324,1,4.37491,-52,9.23793422072132,8.37127996566409,0.633,0.96234288986555
84.6801490783691,1,4.44854,-53,9.23910363461276,8.37051997917008,0.633,0.963004248947535
85.0200350284576,1,4.58353,-53,9.24350271448522,8.36730194319229,0.633,0.963137990851983
85.2033751010895,1,4.64489,-53,9.24587565053368,8.36556608164889,0.633,0.963210133435308
85.5352959632874,1,4.75534,-53,9.24988095883322,8.3626287331685,0.633,0.963202541835926
85.6817519664764,1,4.84124,-53,9.25140209837231,8.36150649385819,0.633,0.963082162611329
86.0117449760437,1,4.95783,-53,9.25482951277354,8.3589778769398,0.633,0.962810925504285
86.3653790950775,1,5.11736,-53,9.25876125070324,8.35608845186747,0.633,0.962448008104293
86.645660161972,1,5.21553,-53,9.26228857589358,8.35351294458564,0.633,0.962045585091506
86.8330249786377,1,5.28303,-54,9.26464655406503,8.35179124623823,0.633,0.961776569724723
87.1505100727081,1,5.43029,-54,9.26874262554092,8.34880641991556,0.633,0.96113667078843
87.4613580703735,1,5.58983,-55,9.27296139467089,8.3457442222674,0.633,0.960128745909816
87.667062997818,1,5.63278,-54,9.27575318231084,8.34371780051219,0.633,0.959461747519664
87.9850170612335,1,5.82299,-54,9.27974526901137,8.34142474973871,0.633,0.959782113229571
88.3012599945068,1,5.93344,-54,9.28328287742397,8.34026851841771,0.633,0.961911569722088
88.560515165329,1,6.09297,-54,9.28618300000953,8.33932064285403,0.633,0.963657292862876
88.7865900993347,1,6.15433,-54,9.28886519244336,8.33789594532256,0.633,0.964608482435272
89.1617250442505,1,0.0306796,-54,9.29357935131188,8.33450338590561,0.633,0.965204791741088
89.327378988266,1,0.0674952,-54,9.29566105289652,8.3330052827421,0.633,0.965468112953096
89.8729569911957,1,0.245437,-53,9.3024227780103,8.32810270823243,0.633,0.965906868248152
90.1664869785309,1,0.368155,-52,9.30603689782019,8.32547296520459,0.633,0.96603480169275
90.6585559844971,1,0.490874,-52,9.31267219708549,8.3206995859491,0.633,0.965623807082574
90.9241189956665,1,0.558369,-51,9.31640460794713,8.31802762830222,0.633,0.96523775085182
91.1892280578613,1,0.607456,-51,9.32007339435491,8.31539731011762,0.633,0.96484906797829
91.4336221218109,1,0.687223,-51,9.32308142266439,8.31321478217342,0.633,0.964469278421741
91.8740849494934,1,0.736311,-51,9.3285026863135,8.30928128880511,0.633,0.96378479705874
92.081484079361,1,0.748583,-51,9.33164869047626,8.3070222350944,0.633,0.963481711612877
92.2648661136627,1,0.79767,-50,9.33497251497152,8.30465298003063,0.633,0.963231280208068
92.7316961288452,1,0.901981,-50,9.34343387295293,8.29862164014719,0.633,0.962593764668698
93.0236160755157,1,0.901981,-49,9.34743317308613,8.29571464969909,0.633,0.962172468674044
93.2959921360016,1,0.951068,-49,9.35092225636169,8.29316455484047,0.633,0.961775128312352
93.8182520866394,1,0.96334,-48,9.35735660207143,8.28845787037401,0.633,0.961486407684453
94.132560968399,1,0.99402,-48,9.36100186116797,8.28578772760842,0.633,0.961732853100906
94.4522130489349,1,1.05538,-48,9.36469656016426,8.2830791466304,0.633,0.961994646416782
94.6444070339203,1,1.05538,-48,9.36680366311677,8.28151406372998,0.633,0.962253912675033
95.0606620311737,1,1.04311,-47,9.37136724055535,8.27812439688654,0.633,0.962815433243038
95.2786550521851,1,1.04924,-47,9.37375718911818,8.27634922608907,0.633,0.963109501940801
95.6481771469116,1,1.1106,-47,9.37824684567791,8.27303423931044,0.633,0.96329656416739
95.978816986084,1,1.14742,-47,9.382269268174,8.27006445076109,0.633,0.963460262754544
96.2399051189423,1,1.11674,-47,9.3855402343324,8.26759421308549,0.633,0.963151733722145
96.5308661460876,1,1.09833,-46,9.38929131170443,8.26470140410032,0.633,0.962318426925825
96.915265083313,1,1.10447,-47,9.39424699312131,8.26087961150354,0.633,0.961217515748713
97.1990261077881,1,1.1106,-46,9.39744763922755,8.25846751507286,0.633,0.960611226347747
97.6211111545563,1,1.09219,-46,9.40207945025419,8.25499497415528,0.633,0.959767593872928
97.9879009723663,1,1.10447,-46,9.40621772495496,8.25191785313452,0.633,0.958799549826935
98.4343731403351,1,1.09833,-46,9.41134049037812,8.24812734117832,0.633,0.957443884374364
98.629105091095,1,1.09833,-46,9.41370578345178,8.24638874796403,0.633,0.957163375658094
98.9461531639099,1,1.10447,-46,9.41796646279109,8.24329115100703,0.633,0.957678850605088
99.2935609817505,1,1.09833,-46,9.42263513432298,8.23989693577076,0.633,0.958243686167395
99.6762411594391,1,1.10447,-46,9.42750997893659,8.23636454409687,0.633,0.959501094834924
99.837837934494,1,1.1106,-46,9.42954305289271,8.23489252035749,0.633,0.960092445673119
100.169173955917,1,1.11674,-46,9.43371164249264,8.23187430115677,0.633,0.961304944090407
100.531928062439,1,1.07379,-46,9.43898833922162,8.22634633962605,0.633,0.961685428182348
100.770965099335,1,1.07379,-46,9.4424947670304,8.2226121486637,0.633,0.961897163558451
101.064161062241,1,1.08606,-46,9.44674154041205,8.21819118631935,0.633,0.962096918751026
101.633763074875,1,1.04924,-46,9.4537890000788,8.2131434950512,0.633,0.961152200576521
101.951619148254,1,1.09219,-46,9.4577814337811,8.21029127478571,0.633,0.960510274691626
102.191828012466,1,1.06765,-46,9.46092222366959,8.20806242389064,0.633,0.959787623035335
102.554759025574,1,1.05538,-46,9.46566763579219,8.20469485826782,0.633,0.958695770332056
102.889183044434,1,1.03697,-46,9.46995380581858,8.2016504253927,0.633,0.958391618673949
103.106364965439,1,1.04924,-46,9.47270881425922,8.19969263396146,0.633,0.958425513954961
103.49583697319,1,1.0247,-46,9.47761443740541,8.19620492550514,0.633,0.958535050892048
103.86692905426,1,1.00629,-46,9.48185119535853,8.19317225146659,0.633,0.95924986339506
104.123119115829,1,1.04924,-46,9.48477611705919,8.19107859065223,0.633,0.959743347003305
104.477478981018,1,1.00629,-46,9.48874630753271,8.18838015818023,0.633,0.960742662534792
104.80406999588,1,1.00629,-46,9.49234035508723,8.18606320343111,0.633,0.961936329153833
105.242496013641,1,1.00016,-46,9.49704367259167,8.18294102391303,0.633,0.963196127069127
105.537753105164,1,1.00016,-46,9.49999954054294,8.18081779482127,0.633,0.963447653391271
105.896703004837,1,1.00629,-46,9.50359304781176,8.17823654312113,0.633,0.963753438927644
106.108777999878,1,1.00629,-47,9.50615564034437,8.17642189570625,0.633,0.963244682204922
106.569893121719,1,0.981748,-47,9.51224614217681,8.17213453969588,0.633,0.961324862241424
106.865581989288,1,0.981748,-47,9.51622844729928,8.16932004656884,0.633,0.960359075639228
107.255054950714,1,0.96334,-47,9.52181077576446,8.16532660720228,0.633,0.960251106617393
107.526203155518,1,0.957204,-47,9.52569715169263,8.16254640415232,0.633,0.960175939380269
107.881441116333,1,0.938796,-47,9.53066680909345,8.15900756542817,0.633,0.959849643635332
108.266574144363,1,0.93266,-47,9.53600488894426,8.15521320056124,0.633,0.959402880015386
108.446483135223,1,0.944932,-47,9.53848481205078,8.15334629330318,0.633,0.959219221985163
108.995838165283,1,0.914253,-48,9.54576143652498,8.1456033064687,0.633,0.959200018829152
109.389611005783,1,0.908117,-48,9.55091390013974,8.14082338944579,0.633,0.959347457251331
109.789477109909,1,0.883573,-48,9.5560563050086,8.13706100848241,0.633,0.959725632223326
110.139379024506,1,0.846757,-48,9.5604390859739,8.13386733737518,0.633,0.95998960425212
110.410290956497,1,0.901981,-48,9.56356410896416,8.13162063041884,0.633,0.960040521123652
110.76166009903,1,0.816078,-49,9.56761722187215,8.12870668162756,0.633,0.960106559623171
111.0400390625,1,0.834486,-49,9.57115260053262,8.12617933562805,0.633,0.95965193177536
111.426878929138,1,0.871301,-49,9.57652572085072,8.12235678446888,0.633,0.958300453822639
111.766988992691,1,0.834486,-49,9.58118553605547,8.11904033138895,0.633,0.957197292328779
112.158226013184,1,0.803806,-49,9.58597300921028,8.11562070770695,0.633,0.956686791364822
112.56147313118,1,0.809942,-49,9.59088738818365,8.11204679582496,0.633,0.955978431736043
112.878977060318,1,0.76699,-49,9.59457652319999,8.10878957887176,0.633,0.953783178461015
113.308931112289,1,0.76699,-50,9.59957223633289,8.10437875589083,0.633,0.950810434018878
113.765030145645,1,0.742447,-50,9.60500006566872,8.10040655810793,0.633,0.952821887124739
113.975476026535,1,0.748583,-50,9.6075073915245,8.09858976610064,0.633,0.95386686104085
114.253407001495,1,0.742447,-50,9.61064957542029,8.09631328544928,0.633,0.954867808401932
114.789936065674,1,0.705631,-50,9.61610865726644,8.09235946514158,0.633,0.955440476791676
114.927169084549,1,0.736311,-50,9.61750497730212,8.09134815982163,0.633,0.955586953501301
115.364189147949,1,0.705631,-50,9.62284191148566,8.08750126966475,0.633,0.954508286653469
115.73512005806,1,0.724039,-50,9.62742937802451,8.08419559524704,0.633,0.953492747492221
116.014464139938,1,0.724039,-50,9.63123219278459,8.0814911930769,0.633,0.9523190183812
116.382493019104,1,0.699495,-51,9.63633686266374,8.07786981732494,0.633,0.950661559688328
116.663188934326,1,0.699495,-50,9.6403671664204,8.0749608325688,0.633,0.94932570397125
117.396420001984,1,0.693359,-51,9.65239411869976,8.06575363750719,0.633,0.945051364676541
117.457850933075,1,0.619728,-50,9.65340175041274,8.06498224825444,0.633,0.944693255678905
118.038931131363,1,0.632,-51,9.66061238487729,8.05955696223589,0.633,0.946442680208151
118.30501294136,1,0.607456,-51,9.66385542069597,8.05711963695544,0.633,0.947333375975577
118.632358074188,1,0.546097,-51,9.66752900846154,8.05437336260642,0.633,0.948878502048712
118.903072118759,1,0.558369,-51,9.67056706127605,8.05210219691013,0.633,0.950156319516218
119.279125928879,1,0.546097,-51,9.67494353994977,8.04885859385988,0.633,0.951566308660258
119.743628978729,1,0.509282,-51,9.68053395996651,8.04474732923992,0.633,0.952876739106839
119.842045068741,1,0.49701,-51,9.68171842426604,8.04387625941803,0.633,0.953154385164978
120.445773124695,1,0.472466,-51,9.68842246283449,8.03896550681135,0.633,0.952676482251796
120.778896093369,1,0.441786,-51,9.69230476026196,8.03606857728847,0.633,0.95216512386054
120.870417118073,1,0.472466,-51,9.69382162741534,8.0348331449466,0.633,0.951848232694823
121.268229007721,1,0.398835,-51,9.70041495163328,8.02946312558721,0.633,0.950470810688738
121.503112077713,1,0.374291,-51,9.70430789770669,8.02629246461435,0.633,0.949657529040092
121.988193035126,1,0.312932,-51,9.7096755437509,8.02229864335397,0.633,0.949473076022664
122.247270107269,1,0.294524,-51,9.71233449333405,8.02036427370588,0.633,0.949490867047856
122.644408941269,1,0.282252,-51,9.71679613772513,8.01711119679518,0.633,0.950074666419862
122.980319976807,1,0.233165,-51,9.72070856824382,8.01425617993019,0.633,0.950768492455713
123.145713090897,1,0.214757,-51,9.72263493861778,8.01285045019783,0.633,0.95111011281517
123.659011125565,1,0.147262,-51,9.7280524204875,8.00895235144583,0.633,0.954172923276642
123.745007038116,1,0.122718,-52,9.7289508051254,8.00830693026913,0.633,0.954719032872286
124.145802974701,1,0.0736311,-52,9.7331440579263,8.00528799963115,0.633,0.956348839195683
124.737367153168,1,0.0429515,-52,9.73935269546945,8.00079801607919,0.633,0.955876925453937
125.14261507988,1,6.20342,-52,9.74277021004294,7.99866991090303,0.633,0.953002814488813
125.450766086578,1,6.17887,-53,9.74514248330135,7.99730846477202,0.633,0.950126246663517
125.782547950745,1,6.07456,-52,9.74820901993972,7.99532757173331,0.633,0.947592843339911
126.192984104156,1,6.02548,-52,9.75323661387375,7.99163648789499,0.633,0.945816780645942
126.540466070175,1,6.00707,-53,9.75746475291511,7.98853277850575,0.633,0.944378502975564
126.721364974976,1,5.97025,-53,9.75942261053695,7.98709942287154,0.633,0.94419163587066
127.155446052551,1,5.90889,-53,9.76412064310471,7.98365997386586,0.633,0.94374323362992
127.498443126678,1,5.81072,-53,9.76896871748198,7.98161858820771,0.633,0.9449186965148
127.757498025894,1,5.74322,-53,9.77410911594161,7.98095737512784,0.633,0.947798172830363
128.215229988098,1,5.688,-53,9.78319184196055,7.97978905767313,0.633,0.952886006907359
128.610972166061,1,5.61437,-53,9.7882003761107,7.97614040433441,0.633,0.953180887300159
129.014721155167,1,5.57142,-54,9.79325444549723,7.97236616383921,0.633,0.95340121862694
129.204123973846,1,5.55915,-54,9.79476387755371,7.97745466043187,0.633,0.953464596520688
129.690897941589,1,5.47324,-54,9.79848772479454,7.99177010597245,0.633,0.95362026554469
130.030471086502,1,5.36893,-54,9.80221208915229,7.99377177272672,0.633,0.953538050872691
130.408015966415,1,5.28303,-54,9.80716568412982,7.99023685718614,0.633,0.953308988345662
130.656983137131,1,5.24008,-54,9.81049232495493,7.9878637107119,0.633,0.953118101876095
130.950443983078,1,5.16031,-54,9.8149035774082,7.98472295574718,0.633,0.95256802614781
131.434885978699,1,5.056,-54,9.82218562532418,7.97953823136613,0.633,0.951659967075424
131.764935016632,1,5.01919,-54,9.82642444156228,7.97652539687712,0.633,0.951835899219581
132.072198152542,1,4.92101,-55,9.83033276262521,7.97374778505253,0.633,0.952041323102942
132.432438135147,1,4.87192,-55,9.83480211116599,7.97056072122972,0.633,0.952474057137006
132.904217004776,1,4.7492,-55,9.84029584916037,7.96660811256171,0.633,0.953652078654468
133.355695962906,1,4.60808,-55,9.84545864960435,7.96309120681798,0.633,0.95516958394503
133.656383991241,1,4.63262,-55,9.84879962024261,7.96102280814193,0.633,0.956582551752045
133.918795108795,1,4.54672,-55,9.85171529282112,7.95921771197254,0.633,0.957815651930189
134.310860157013,1,4.45468,-55,9.85725358749181,7.95537114946802,0.633,0.958481888502432
134.6554479599,1,4.35037,-56,9.86231161405454,7.9518052185375,0.633,0.958878004366694
134.703886985779,1,4.38105,-55,9.86302262552249,7.95130395233138,0.633,0.958933686739777
135.357943058014,1,4.22152,-56,9.87233338208995,7.94472169815275,0.633,0.957726166628014
135.626676082611,1,4.06812,-56,9.87608251834015,7.94206450597179,0.633,0.957392992786666
136.029824972153,1,4.04357,-56,9.88142686345492,7.93825050081453,0.633,0.957874362878564
136.075360059738,1,4.01903,-56,9.88203049955365,7.93781971441428,0.633,0.95792873293852
136.74688410759,1,3.8595,-57,9.89038843095184,7.93183814898364,0.633,0.958142780357751
137.276277065277,1,3.67542,-57,9.89655822457032,7.92740870851122,0.633,0.957858764392943
137.448648929596,1,3.63247,-57,9.89796332265484,7.92621286343729,0.633,0.958101646522052
137.808300018311,1,3.5527,-57,9.90084157757274,7.92373956722948,0.633,0.958638107953043
138.092946052551,1,3.52202,-57,9.90311957386866,7.92178207570742,0.633,0.959062690621208
138.497936010361,1,3.41157,-58,9.90893765172756,7.91764205551717,0.633,0.959774662329177
138.854962110519,1,3.30113,-58,9.91416193442387,7.91394226487047,0.633,0.960406301286572
139.224409103394,1,3.19682,-58,9.91959062261158,7.9100776545283,0.633,0.96020230290573
139.498336076736,1,3.14773,-59,9.92361868268284,7.90720752934167,0.633,0.959939296354188
139.792988061905,1,3.04342,-59,9.92775295789493,7.90426865563896,0.633,0.959773543480131
140.187824010849,1,2.98206,-59,9.93282543732551,7.90067996270848,0.633,0.959827275283623
140.782444953918,1,2.75503,-59,9.94097762232817,7.8948979552125,0.633,0.95951093443834
141.125399112701,1,2.62004,-60,9.94597929450004,7.89134254969274,0.633,0.959096337998069
141.48143696785,1,2.53414,-60,9.9490007967938,7.88916637989482,0.633,0.958382383474796
141.819993972778,1,2.35619,-61,9.94871393810146,7.88930205630336,0.633,0.957290769856375
142.137468099594,1,2.25188,-61,9.94844494289077,7.88942928376788,0.633,0.956267134027598
142.385404109955,1,2.12917,-61,9.95070874382677,7.88779898147352,0.633,0.955765974070544
142.778316020966,1,2.00645,-61,9.95605054255757,7.88398884720515,0.633,0.955183275633747
143.074599027634,1,1.86532,-62,9.96007819046361,7.88111262746005,0.633,0.954792848389414
143.416707038879,1,1.73647,-62,9.9647249104618,7.87776425569665,0.633,0.954771493977657
143.696699142456,1,1.61988,-63,9.9685279342562,7.87502384149185,0.633,0.954754016846249
144.059566020966,1,1.52784,-64,9.97389655993185,7.87116065525561,0.633,0.954663355175187
144.752953052521,1,1.22718,-64,9.98461073747287,7.86347340848567,0.633,0.95434818959072
144.998080015183,1,1.11674,-65,9.98825280393891,7.86088417467873,0.633,0.954155680363229
164.55770111084,1,5.52233,-64,10.2515432191004,7.66635124416251,0.633,0.934037822776528
164.806393146515,1,5.51006,-64,10.2544646264498,7.66414964748989,0.633,0.934140824973797
165.145406961441,1,5.52233,-64,10.2584576594846,7.66113751509372,0.633,0.93419142107675
165.485276937485,1,5.41188,-64,10.2625721737332,7.65800284908367,0.633,0.933298953243847
165.781758069992,1,5.48552,-64,10.2661614164735,7.6552683641506,0.633,0.932520420591727
165.989616155624,1,5.42416,-62,10.2685335906859,7.65372928072819,0.633,0.932203219169066
166.337684154511,1,5.32598,-63,10.2720551902225,7.65233368387479,0.633,0.93238669015727
166.665261030197,1,5.35052,-63,10.275369469551,7.65102024725201,0.633,0.932559360018583
167.014225959778,1,5.25235,-63,10.2795274907732,7.64813750169566,0.633,0.932069897488758
167.051820993423,1,5.25849,-62,10.2799873983758,7.64779867180885,0.633,0.932004337190715
167.562095165253,1,5.22167,-63,10.2862089295047,7.64321441002553,0.633,0.931158191905956
168.105528116226,1,5.27689,-62,10.2925963592326,7.63850048688633,0.633,0.930758977547961
168.331238031387,1,5.22781,-63,10.295249319859,7.63654260194409,0.633,0.930593167508815
168.524197101593,1,5.25235,-63,10.2977705561622,7.63465889915567,0.633,0.930782045141566
169.028479099274,1,5.16031,-63,10.3045237059949,7.62959996059681,0.633,0.931489941110868
169.328000068665,1,5.15418,-63,10.3085315097539,7.62660105019314,0.633,0.931815654958655
169.622076034546,1,5.13577,-63,10.3124606986461,7.62366701101096,0.633,0.931968415947364
169.885615110397,1,5.03146,-62,10.3159818800063,7.62103764287384,0.633,0.932105314213327
170.059435129166,1,5.09895,-62,10.3182387994752,7.61944003153699,0.633,0.932261931563897
170.508734941483,1,5.01919,-63,10.3234621078015,7.61658353479607,0.633,0.933284829444455
170.707927942276,1,4.93942,-62,10.3257778142208,7.61531713284801,0.633,0.933738321951569
171.01141500473,1,4.98237,-62,10.3292829142592,7.61301986095151,0.633,0.934017113727255
171.348341941834,1,4.95169,-63,10.3331524263618,7.610121932866,0.633,0.933937199890354
171.652445077896,1,4.89647,-63,10.3366473828305,7.60750482923924,0.633,0.933852420178486
171.948864936829,1,4.82284,-63,10.3402346370349,7.60484212508753,0.633,0.932824320519906
172.289798974991,1,4.79829,-64,10.3443605989938,7.60177955538607,0.633,0.931641828329622
172.592868089676,1,4.74307,-64,10.3482035920418,7.59893480296553,0.633,0.930867779130484
172.81241607666,1,4.6633,-63,10.3511299909227,7.5967745885189,0.633,0.930532307404227
173.167228937149,1,4.61421,-64,10.3558593622648,7.5932834525827,0.633,0.929990149471279
173.432476043701,1,4.47309,-63,10.3591654372154,7.59083108040993,0.633,0.9301044461888
173.582581043243,1,4.45468,-63,10.3609470685459,7.58950455886486,0.633,0.930371338090089
173.956977128983,1,4.44854,-63,10.3653908632123,7.58619591174691,0.633,0.931037027330707
174.260476112366,1,4.45468,-63,10.3685046742062,7.58324930284391,0.633,0.931329552491364
174.394557952881,1,4.2706,-64,10.3696081593374,7.58180016722305,0.633,0.931321114075655
174.791908979416,1,4.19697,-64,10.3728783333444,7.5775056592992,0.633,0.931296106862661
174.96283197403,1,4.08039,-64,10.3743264500125,7.57567529152124,0.633,0.931306541675501
175.234426021576,1,4.14788,-65,10.3776509042775,7.57318534312278,0.633,0.931846595878548
190.940709114075,1,6.22489,-66,10.5703205332239,7.43289386038301,0.633,0.939622168884687
191.163741111755,1,2.88388,-65,10.5727707935316,7.43110349972631,0.633,0.94016846555785
191.477715015411,1,3.06796,-66,10.5765725091088,7.42832081171934,0.633,0.940614024556263
191.606267929077,1,2.94524,-65,10.5782741035197,7.42707351091055,0.633,0.940663306583071
191.764117002487,1,2.92684,-65,10.5803634774081,7.42554196042822,0.633,0.940723819581536
192.078887939453,1,2.85934,-65,10.5845299521445,7.42248785583374,0.633,0.940844490123429
192.282701969147,1,2.8532,-65,10.5870851412341,7.42062396084618,0.633,0.940315864647395
192.469897985458,1,2.81025,-65,10.5893969029396,7.41894000109402,0.633,0.939681036751595
192.735918045044,1,2.73049,-65,10.5926820956417,7.41654696366494,0.633,0.938778897069381
193.037775993347,1,2.64458,-64,10.596409820533,7.41382721966849,0.633,0.937852071858966
193.248118162155,1,2.5955,-64,10.5990073187614,7.4119249342012,0.633,0.937365422926171
193.437279939651,1,2.55868,-65,10.6013432620709,7.41021419924807,0.633,0.936927777076715
193.655593156815,1,2.57709,-64,10.6040391941231,7.40823982548042,0.633,0.936422686277521
193.879812002182,1,2.50959,-64,10.6067690037288,7.40623042451192,0.633,0.936273080364593
194.086255073547,1,2.46664,-64,10.6092422442386,7.40439922724555,0.633,0.936514908325553
194.120927095413,1,2.39301,-64,10.6096576238804,7.40409167848046,0.633,0.936555523223862
194.467117071152,1,2.36233,-64,10.6138050678534,7.40102089420555,0.633,0.936961051078995
194.639459133148,1,2.20893,-64,10.6159176429806,7.3995037695135,0.633,0.937383609880113
194.699988126755,1,2.23348,-64,10.6167166947478,7.39898475240235,0.633,0.93779515819396
194.933692932129,1,2.10462,-64,10.6198018647895,7.39698080709083,0.633,0.93938416228702
195.303815126419,1,2.17212,-64,10.6246878999902,7.39380712551098,0.633,0.941900694545387
195.552325963974,1,1.93282,-64,10.6277993759827,7.39165835322537,0.633,0.942931442894523
195.652112007141,1,2.09235,-64,10.6289831224446,7.39078861108804,0.633,0.943089691105758
195.890777111053,1,1.95736,-65,10.6318143698154,7.38870838933562,0.633,0.943468184175325
195.972393989563,1,1.92668,-64,10.6327825782753,7.38799701090929,0.633,0.943597618358912
196.271487951279,1,1.88986,-64,10.636380941034,7.38535881775036,0.633,0.943932404270217
196.414947986603,1,2.01258,-65,10.6382439544553,7.38400813301991,0.633,0.943712425377778
196.627156972885,1,1.85305,-64,10.6409997615947,7.38201017284383,0.633,0.943387028150162
196.790042161942,1,1.81623,-65,10.6431150356685,7.38047659914034,0.633,0.943137263096065
196.96956205368,1,1.63216,-64,10.6454463327921,7.37878640872573,0.633,0.942861990704933
