17.0394718647003,4,0.208621,-64,7.66837923595845,9.31450097374402,1.928,-2.1222752154407
17.3008480072021,4,0.398835,-64,7.67165714384804,9.31246469937208,1.928,-2.1227509647137
17.5061848163605,4,0.460194,-64,7.67441807676218,9.31075235276583,1.928,-2.12236097325436
17.7804749011993,4,0.632,-63,7.67810614675001,9.30846499036927,1.928,-2.12184002043101
17.9163589477539,4,0.693359,-63,7.6799332265521,9.30733182487929,1.928,-2.12158193899966
18.0392370223999,4,0.705631,-63,7.68158542969145,9.3063071189098,1.928,-2.12134855951038
18.2894599437714,4,0.79767,-63,7.68441662189366,9.30462078639109,1.928,-2.12039840491809
18.7062659263611,4,0.987884,-62,7.68900780955852,9.30190551351,1.928,-2.11870451960121
18.8510439395905,4,1.01243,-62,7.69060256360776,9.30096236050951,1.928,-2.11811614668657
19.0445818901062,4,1.01243,-62,7.69307148632587,9.29945791245344,1.928,-2.11777648124377
19.4016418457031,4,1.15969,-61,7.69780588380187,9.29655262100317,1.928,-2.1173877450638
19.5922818183899,4,1.20264,-61,7.7003336536942,9.29500143982465,1.928,-2.11718019265259
19.9262669086456,4,1.44808,-61,7.70456149961364,9.292399745205,1.928,-2.11690752877985
20.106764793396,4,1.44194,-61,7.70672749218973,9.29106235381574,1.928,-2.11681407751818
20.4085178375244,4,1.55852,-61,7.71034855874294,9.28882652748758,1.928,-2.11665784741761
20.6416058540344,4,1.67511,-60,7.7131574736599,9.28709264110145,1.928,-2.11653656366831
20.880352973938,4,1.79783,-60,7.71653906282408,9.28502550837045,1.928,-2.11638657382635
21.1656157970428,4,1.87759,-60,7.72057949552937,9.28255563095866,1.928,-2.11620736108539
21.4588990211487,4,2.01258,-60,7.72473352835319,9.28001631089378,1.928,-2.1160231096295
21.6172728538513,4,2.03713,-60,7.72689415601093,9.27869475158306,1.928,-2.11625382574563
21.9153738021851,4,2.16598,-60,7.7308835157132,9.27625387013834,1.928,-2.11699808294915
22.2551817893982,4,2.42983,-59,7.73543102318769,9.27347148713892,1.928,-2.11784646851689
22.3953359127045,4,2.38687,-59,7.73763446751331,9.27209927748313,1.928,-2.11812727122259
22.6485688686371,4,2.49732,-59,7.74317369460435,9.26855244499165,1.928,-2.11830615494825
22.8926048278809,4,2.57709,-59,7.74851174624796,9.26513442751383,1.928,-2.11847854191669
23.3086869716644,4,2.7673,-58,7.75618573753049,9.26027732508898,1.928,-2.11869078343639
23.5609409809113,4,2.93297,-58,7.75895267349681,9.25861478845685,1.928,-2.11871156514429
23.7595160007477,4,2.95138,-58,7.76113081277015,9.25730603524541,1.928,-2.11872792455943
24.0504097938538,4,3.04955,-58,7.764341000971,9.25537517275611,1.928,-2.11865387340307
24.3409628868103,4,3.11091,-58,7.76777402361449,9.25328715196994,1.928,-2.11743614793634
24.7170219421387,4,3.28885,-57,7.77221733977091,9.25058465406719,1.928,-2.11586006184479
24.9330098628998,4,3.35021,-57,7.77475210164309,9.24903844642461,1.928,-2.1155114258363
25.2551069259644,4,3.43612,-57,7.7784666326983,9.24675527393309,1.928,-2.11710614597519
25.5523118972778,4,3.58338,-56,7.78189409982639,9.24464854806483,1.928,-2.11857762400924
25.777284860611,4,3.61406,-56,7.78478238721213,9.24287636810343,1.928,-2.11953209582737
26.061271905899,4,3.74905,-56,7.78914038614521,9.24020923249774,1.928,-2.12035068839063
26.3082838058472,4,3.80427,-56,7.79293097312548,9.23788935824884,1.928,-2.12106270010979
26.6121919155121,4,3.92085,-56,7.79766169908618,9.23496239545631,1.928,-2.12229451049846
26.9461448192596,4,3.98221,-55,7.80312834090442,9.2314549857725,1.928,-2.1250720101714
27.1761360168457,4,4.08039,-55,7.80689318164826,9.22903945548499,1.928,-2.12698485617125
27.3758158683777,4,4.1172,-55,7.81016184083462,9.22694227640056,1.928,-2.12864560149222
27.7606220245361,4,4.26447,-54,7.81503551960172,9.22387919669738,1.928,-2.12709196805483
27.9037928581238,4,4.33196,-54,7.81678694136347,9.22278202225397,1.928,-2.12630754749744
28.2388269901276,4,4.46695,-54,7.82088544421503,9.22021452384599,1.928,-2.12447192459867
28.6302888393402,4,4.62035,-54,7.82589261188107,9.21716428109164,1.928,-2.12310873801819
28.9068958759308,4,4.7308,-54,7.82944079116425,9.21500664861125,1.928,-2.12218170681633
29.2521958351135,4,4.82284,-54,7.83383301144847,9.2123302912648,1.928,-2.1209518830314
29.5139818191528,4,4.91487,-53,7.83712259223778,9.21031982468908,1.928,-2.11994063038253
29.7778890132904,4,4.9701,-54,7.84043882797585,9.20829306762318,1.928,-2.11892118371465
30.1649098396301,4,5.09282,-53,7.84567559183694,9.20509645291238,1.928,-2.11856343709827
30.5279099941254,4,5.21553,-53,7.85097069366678,9.20186794143232,1.928,-2.1193952182764
30.8980548381805,4,5.3812,-53,7.85643930730919,9.19862809578792,1.928,-2.1200389145441
31.0424218177795,4,5.40575,-53,7.85868550233381,9.19744981963744,1.928,-2.11995572213579
31.2398638725281,4,5.48552,-53,7.86175748847815,9.19583836205304,1.928,-2.11984194487118
31.6287269592285,4,5.62664,-53,7.86780778012401,9.19266458850638,1.928,-2.11961785999541
31.9397699832916,4,5.71868,-53,7.87168438236304,9.19033748859816,1.928,-2.11975804446973
32.2007608413696,4,5.79231,-53,7.87478847860961,9.18841752468469,1.928,-2.1199249978535
32.4752550125122,4,5.87821,-53,7.87805317658649,9.18639822444202,1.928,-2.12010058917895
32.7313838005066,4,5.97025,-52,7.88149997688035,9.1842884979092,1.928,-2.12039941064796
33.0871529579163,4,6.08684,-52,7.88640938339918,9.18128950023731,1.928,-2.12085549924655
33.3035728931427,4,6.17274,-52,7.88939585206482,9.17946516311202,1.928,-2.12113294506474
33.6312479972839,4,0.0613592,-52,7.8937629358957,9.17677457258578,1.928,-2.12137429595916
33.8172109127045,4,0.079767,-52,7.8962275597103,9.17525398771445,1.928,-2.12149532659292
34.148384809494,4,0.171806,-52,7.90061670940155,9.17254603911029,1.928,-2.12171086519383
34.3358559608459,4,0.251573,-52,7.9029909332224,9.17108297290784,1.928,-2.12175388641889
34.5648438930511,4,0.276117,-52,7.90584864861973,9.16932266478785,1.928,-2.12177616880015
34.7978229522705,4,0.355884,-51,7.90875617234106,9.16753167551701,1.928,-2.12179883955042
35.1858658790588,4,3.57418,-52,7.91345632257749,9.16454549123667,1.928,-2.12164736672887
35.3999099731445,4,0.509282,-51,7.915948695398,9.16289608849054,1.928,-2.12143075212771
35.7025799751282,4,0.595185,-51,7.91947304625547,9.16056374321104,1.928,-2.12112444728879
35.8874619007111,4,0.668816,-51,7.92168618057494,9.15912460283507,1.928,-2.12101555375979
36.1666879653931,4,0.773126,-51,7.92526132320411,9.15689532121349,1.928,-2.12115269125582
36.449756860733,4,0.889709,-51,7.92888566850253,9.15463535924776,1.928,-2.12129171609778
36.6793467998505,4,0.93266,-51,7.93182528225063,9.15280236191508,1.928,-2.12140447559035
36.9787509441376,4,1.00016,-50,7.935960353091,9.15022889141004,1.928,-2.12068314013017
37.1890568733215,4,1.08606,-50,7.93888989180448,9.14840606732166,1.928,-2.1201044658164
37.5317118167877,4,1.17196,-50,7.94366303788811,9.14543610975851,1.928,-2.11916162214556
37.6973888874054,4,1.18423,-50,7.94594116626091,9.14402053335402,1.928,-2.11888324562675
37.9758388996124,4,1.28241,-50,7.94974744722667,9.14165687578986,1.928,-2.11854982465751
38.2272918224335,4,1.35604,-50,7.95318469065263,9.13952238637703,1.928,-2.11824873048056
38.5422170162201,4,1.46649,-50,7.95711873699587,9.13708354711954,1.928,-2.11785771817375
38.7575168609619,4,1.52784,-50,7.95937085007838,9.13569275962539,1.928,-2.1175739873917
39.0772688388824,4,1.61988,-50,7.9627155696879,9.13362723536709,1.928,-2.11715260539365
39.3108539581299,4,1.71806,-50,7.96540856180179,9.1319976099402,1.928,-2.11676007343752
39.590667963028,4,1.79169,-49,7.97037085836698,9.12920571433863,1.928,-2.11570063439148
39.9240009784698,4,1.81623,-49,7.97628227541057,9.12587982298445,1.928,-2.11443856027899
40.1169939041138,4,1.85918,-49,7.97970486368444,9.12395420063958,1.928,-2.11370784545608
40.3950028419495,4,1.93282,-49,7.98338494462411,9.12175174135461,1.928,-2.11416188363471
40.6886749267578,4,2.03099,-49,7.9871216101035,9.11949409855783,1.928,-2.1148231774303
40.9105618000031,4,2.06781,-49,7.98994488498209,9.11778831402129,1.928,-2.1153228245544
41.2106339931488,4,2.15371,-49,7.9939367206974,9.11537192462585,1.928,-2.11663279212105
41.4591739177704,4,2.20893,-49,7.99727968124559,9.11334739724741,1.928,-2.1178516103402
41.7944338321686,4,2.31938,-49,8.00178906004631,9.11061647634356,1.928,-2.11949569586263
42.0954518318176,4,2.41755,-49,8.00576987376261,9.10820252938925,1.928,-2.11978351634154
42.3732550144196,4,2.45437,-49,8.0094379128178,9.10597797740161,1.928,-2.11994829797025
42.6612257957459,4,2.52186,-49,8.013240202132,9.10367200679326,1.928,-2.12011911060791
42.9535109996796,4,2.6139,-49,8.0171828596818,9.1012912880288,1.928,-2.11907367687027
43.3178949356079,4,2.71821,-49,8.02209859869869,9.09832305291435,1.928,-2.11776252840965
43.5885319709778,4,2.79798,-49,8.02565092520723,9.09607152335617,1.928,-2.11701548774898
43.8703207969666,4,2.89616,-49,8.02906934665675,9.09359392113027,1.928,-2.11688156330434
44.2021110057831,4,3.00047,-49,8.03309434219226,9.09067668636408,1.928,-2.1167238749386
44.5162768363953,4,3.13546,-49,8.03697857728483,9.08809397504934,1.928,-2.11686098224696
44.8283648490906,4,3.20909,-49,8.04090818068857,9.08570302633728,1.928,-2.11727581561971
45.0834498405457,4,3.28272,-49,8.04412004019578,9.08374878552387,1.928,-2.11761487948324
45.4158639907837,4,3.30113,-49,8.04860874207918,9.0810289091126,1.928,-2.1182083917256
45.7609448432922,4,3.3993,-49,8.05340712561316,9.07812618327105,1.928,-2.11889387508759
46.069748878479,4,3.41157,-49,8.05769605093459,9.07552872753552,1.928,-2.11944398013184
46.4738278388977,4,3.54043,-49,8.06328542855997,9.07213042396226,1.928,-2.11987649149571
46.9220678806305,4,3.55884,-48,8.06938772329559,9.06842331557415,1.928,-2.12023527629785
47.2255358695984,4,3.63247,-49,8.07316832406976,9.06613770522018,1.928,-2.12004480876835
47.6455647945404,4,3.69996,-49,8.07840103966594,9.06297420035405,1.928,-2.11978118336284
48.0413408279419,4,3.76132,-49,8.08169040792886,9.06113265620453,1.928,-2.11781326396888
48.3878049850464,4,3.85336,-49,8.08436368564998,9.05966373550695,1.928,-2.11587444659654
48.7551448345184,4,3.95767,-49,8.08809071741988,9.05748621332335,1.928,-2.11469351237402
49.0407719612122,4,4.01903,-49,8.0916918091027,9.05530465309977,1.928,-2.11446422938297
49.3518838882446,4,4.09266,-49,8.09561420466027,9.05292844530412,1.928,-2.11421448884186
49.7226808071136,4,4.20311,-49,8.10064397939794,9.0498920209973,1.928,-2.11465715778604
50.0683720111847,4,4.2706,-49,8.10540734165178,9.04701849312523,1.928,-2.11522451627215
50.3954129219055,4,4.32583,-49,8.10972898873437,9.04441315584604,1.928,-2.11589195414027
50.761570930481,4,4.36264,-49,8.11424890409108,9.04169139042886,1.928,-2.11686465063362
51.1000277996063,4,4.43014,-49,8.11843125903033,9.0391715824182,1.928,-2.11776251425295
51.4718968868256,4,4.5099,-49,8.12315004762928,9.03629167075066,1.928,-2.11871395173719
51.872946023941,4,4.47922,-49,8.12823911300439,9.03318577642137,1.928,-2.11974004719709
52.1296849250793,4,4.5099,-49,8.13237308716725,9.03060997720353,1.928,-2.1199417900369
52.4896819591522,4,4.5774,-49,8.13878814687027,9.02658350356015,1.928,-2.11990340204665
53.0088579654694,4,4.68171,-50,8.1469030169737,9.02152383072047,1.928,-2.11942641903714
53.2891519069672,4,4.72466,-50,8.15035063090456,9.01940577508065,1.928,-2.11882267420523
53.6489489078522,4,4.81056,-50,8.15477613202636,9.01668695046802,1.928,-2.11804768214275
54.0214610099792,4,4.90874,-50,8.15954762877358,9.01376508919481,1.928,-2.11787457652542
54.4116508960724,4,4.98851,-50,8.16454747953652,9.01070348628749,1.928,-2.11769962778786
54.6692759990692,4,5.06827,-50,8.16759844943573,9.00883718273363,1.928,-2.11792407805998
55.1050629615784,4,5.1419,-50,8.17253830484718,9.00581727112581,1.928,-2.1186040581571
55.5077109336853,4,5.24621,-50,8.17742176740284,9.00282851266891,1.928,-2.1186990056202
55.9142467975616,4,5.27689,-51,8.18298382173876,8.99941830441753,1.928,-2.1177400307347
56.2685859203339,4,5.33825,-51,8.18781636439528,8.99644186314307,1.928,-2.11689706634724
56.6894268989563,4,5.51006,-52,8.19334219659814,8.99285007221121,1.928,-2.11579701641796
57.0993669033051,4,5.52233,-52,8.19873880085506,8.98935839014504,1.928,-2.11482394547775
57.5911619663239,4,5.67573,-52,8.20538539306295,8.98525717450465,1.928,-2.11487759510096
57.9563269615173,4,5.63891,-52,8.2102520555904,8.98225795457671,1.928,-2.11503506497776
58.3263080120087,4,5.72482,-52,8.21488011148808,8.97942239381365,1.928,-2.11571437242486
58.6664869785309,4,5.74322,-52,8.21913537610281,8.97681523831579,1.928,-2.11633896145449
58.9659278392792,4,5.8414,-52,8.22296752395212,8.97445942692098,1.928,-2.11660256266683
59.5981938838959,4,6.00707,-53,8.23109678386658,8.96945685517072,1.928,-2.11694892431425
59.7788999080658,4,6.05002,-53,8.2332460178755,8.96812769558542,1.928,-2.11654847238792
60.1562368869781,4,6.17274,-53,8.23773388966408,8.96535224266563,1.928,-2.115712278239
60.673054933548,4,0.00613592,-54,8.24451530433486,8.96114647334352,1.928,-2.11457014946513
61.0266299247742,4,0.0429515,-54,8.24965346393319,8.95795135046371,1.928,-2.11379125974607
61.3346979618073,4,0.116583,-54,8.25402739137818,8.95523393394605,1.928,-2.11317546919109
61.9382948875427,4,0.276117,-54,8.26172452043529,8.95047336936697,1.928,-2.11250187579278
62.2554240226746,4,0.30066,-54,8.26594275117928,8.94785297015407,1.928,-2.11268103349057
62.5861148834229,4,0.337476,-54,8.27047790058332,8.94502706816986,1.928,-2.11328572007778
63.0689868927002,4,0.429515,-55,8.27689802434345,8.94103962817762,1.928,-2.1143479496095
63.258101940155,4,0.454058,-55,8.27927231472889,8.9395742994923,1.928,-2.11488828956222
63.6941199302673,4,0.484738,-55,8.2847464075403,8.93619588155661,1.928,-2.116134081176
64.254273891449,4,0.607456,-55,8.2920902682558,8.93163549889913,1.928,-2.1160185933582
64.4499888420105,4,0.681087,-56,8.29466159173482,8.9300382945538,1.928,-2.11594838657379
64.8051497936249,4,0.760854,-56,8.29890207650922,8.92739510276934,1.928,-2.11569210576796
65.133437871933,4,0.816078,-56,8.30248885923355,8.92515148763425,1.928,-2.11535443793826
65.5664877891541,4,0.926524,-56,8.30730682536818,8.92215036985075,1.928,-2.11471316171976
65.8942739963531,4,0.975612,-56,8.31124859091766,8.91973728901183,1.928,-2.11356064549819
66.5454618930817,4,1.03697,-56,8.31964875694194,8.91459621975649,1.928,-2.11227985194601
66.8539958000183,4,1.11674,-56,8.32409521242957,8.91187594456215,1.928,-2.11249947756368
67.3550889492035,4,1.23332,-57,8.33088791506016,8.90772104425167,1.928,-2.11341318592271
67.6786549091339,4,1.39285,-56,8.33499035954756,8.9052122416613,1.928,-2.11437173785582
68.0330619812012,4,1.34377,-57,8.33947220336331,8.90247772232424,1.928,-2.1154694701524
68.2355408668518,4,1.42353,-57,8.34201701790918,8.9009335968472,1.928,-2.11616133412583
68.7502088546753,4,1.56466,-57,8.34848551746407,8.89700868413516,1.928,-2.11791993842626
69.2510209083557,4,1.61375,-57,8.35292048863506,8.89555470702828,1.928,-2.1183146097199
69.5636010169983,4,1.69351,-57,8.35563160013524,8.89471966997191,1.928,-2.11852061005098
69.7805058956146,4,1.7426,-57,8.35816795967723,8.89331388665093,1.928,-2.11844282814777
70.5084090232849,4,1.92054,-57,8.36753016286889,8.88753180393831,1.928,-2.11789310221792
70.8178188800812,4,2.02485,-57,8.37161421326819,8.88500358226255,1.928,-2.11760886427804
71.2503499984741,4,2.17825,-57,8.37732340076813,8.88146932333401,1.928,-2.11721152155826
71.6088438034058,4,2.19052,-57,8.38231845028862,8.87841503295425,1.928,-2.11692139194021
71.9711828231812,4,2.23961,-57,8.3874054434591,8.8753097553841,1.928,-2.11663386623927
72.4667518138886,4,2.42369,-57,8.39391567882546,8.87132109913114,1.928,-2.1169022573493
72.9164810180664,4,2.48505,-57,8.39965831174875,8.86779696949984,1.928,-2.1173905403705
73.0941119194031,4,2.51573,-57,8.40211395271387,8.86637028532583,1.928,-2.11786944749693
73.5056159496307,4,2.60163,-57,8.40795253174523,8.86303742979543,1.928,-2.11920745519162
73.9384508132935,4,2.65685,-57,8.41387213881609,8.85961225646395,1.928,-2.12004988242239
74.3723118305206,4,5.87515,-57,8.41929198635239,8.85636546100588,1.928,-2.11958459362446
74.893385887146,4,2.85934,-57,8.42598434143282,8.85234358610291,1.928,-2.11908381925203
75.2382349967957,4,2.87775,-57,8.43055850108562,8.84958482083571,1.928,-2.11879842974163
75.639988899231,4,2.97592,-57,8.4359203496412,8.84634353002338,1.928,-2.11923300627846
75.7850589752197,4,3.03115,-57,8.43788657715315,8.84514814361053,1.928,-2.12009208620747
76.2338659763336,4,3.14773,-57,8.44396954545057,8.84144994611896,1.928,-2.12274984373623
76.7157719135284,4,3.16,-57,8.4500845266126,8.83770364795733,1.928,-2.12362545500287
77.154335975647,4,3.23363,-57,8.45545426406676,8.83439957981327,1.928,-2.12349509723087
77.2568259239197,4,3.27045,-57,8.45670914143007,8.8336274377195,1.928,-2.12346463335464
77.7511048316956,4,3.38703,-57,8.46374634700616,8.82910231048116,1.928,-2.12352789765626
78.1578168869019,4,3.49134,-57,8.46950706362352,8.82541201674957,1.928,-2.12353367931913
78.7192289829254,4,3.60792,-57,8.47673571335108,8.82102143746897,1.928,-2.12287333619533
79.0364029407501,4,3.71223,-57,8.48065356675244,8.81862407097576,1.928,-2.12237437011316
79.4016699790955,4,3.73064,-57,8.48484619551619,8.81602304953491,1.928,-2.12155762425009
79.8178899288177,4,3.81041,-57,8.48970571045946,8.81300927231367,1.928,-2.12066830241176
80.1673359870911,4,3.9454,-57,8.49473334033357,8.80990221412323,1.928,-2.12039942237605
80.4096899032593,4,4.00676,-57,8.49822018976336,8.80774735301551,1.928,-2.12021294401096
80.8393278121948,4,4.16016,-56,8.5038774115268,8.80426081408111,1.928,-2.1197395198445
81.2036879062653,4,4.22765,-56,8.50829236747075,8.80154754503982,1.928,-2.1192337287752
81.5002529621124,4,4.28287,-55,8.51198034206592,8.79926032162443,1.928,-2.11875439301092
81.8365278244019,4,4.38719,-56,8.5168161265497,8.79612144339278,1.928,-2.11774262261645
82.2356879711151,4,4.45468,-56,8.52255622984164,8.79239557733508,1.928,-2.11654164548618
82.4800369739532,4,4.52218,-55,8.52585292766533,8.79031192020917,1.928,-2.11627542789498
82.7330858707428,4,4.56513,-55,8.52918201074512,8.7882312432843,1.928,-2.11618328363116
83.2559490203857,4,4.75534,-55,8.53608611351709,8.7839099919435,1.928,-2.11599782703674
83.5911619663239,4,4.75534,-55,8.54057959721534,8.78108121370955,1.928,-2.11589200223949
83.8173418045044,4,4.82897,-55,8.54361150701492,8.77917253860927,1.928,-2.11582059856668
84.1611750125885,4,4.85965,-54,8.54819855283755,8.77630431889527,1.928,-2.11629115109618
84.5601689815521,4,4.97623,-54,8.55349921014021,8.77300969841686,1.928,-2.11742397189105
84.9878368377686,4,5.00078,-53,8.55904008424041,8.76955964296056,1.928,-2.11834588361103
85.4632577896118,4,5.1419,-53,8.56495039561739,8.76586842450833,1.928,-2.1188529490705
85.9405949115753,4,5.19713,-53,8.56990917215734,8.76279513917721,1.928,-2.11957875674676
86.409542798996,4,5.22781,-52,8.5738774577621,8.76036195353008,1.928,-2.12049250672154
86.894241809845,4,5.2094,-52,8.57936876825384,8.75702535207076,1.928,-2.11998739192993
87.2150418758392,4,5.27689,-52,8.58356344112857,8.75448577184162,1.928,-2.11906873958994
87.7010478973389,4,5.34439,-52,8.58991802046533,8.75063663433759,1.928,-2.11767326179975
88.1119937896729,4,5.27689,-51,8.59529098671787,8.74738073359216,1.928,-2.11649062520612
88.5838189125061,4,5.27689,-51,8.60160650171354,8.74356130012658,1.928,-2.11544855964366
88.8591887950897,4,5.33212,-51,8.60534080403055,8.74130536771702,1.928,-2.11494464574744
89.3584740161896,4,5.28917,-50,8.61207523897367,8.73726391398042,1.928,-2.11519034955713
89.8429369926453,4,5.24008,-50,8.61857477382079,8.73338941172588,1.928,-2.11654298643889
90.3610918521881,4,5.25849,-50,8.62494667243485,8.72907161345679,1.928,-2.11821976374486
90.7332088947296,4,5.27076,-50,8.62941056438305,8.72593712034758,1.928,-2.11946846425178
91.2255117893219,4,5.30757,-50,8.6358034751279,8.72195005653238,1.928,-2.11866901273444
91.6695649623871,4,5.31371,-49,8.64167604745452,8.71838859251231,1.928,-2.11741353261225
92.099485874176,4,5.34439,-49,8.64713658334214,8.71509199705442,1.928,-2.11617130965444
92.4085350036621,4,5.34439,-49,8.65105147477984,8.71272924920436,1.928,-2.11527710046811
92.8773999214172,4,5.36893,-49,8.65760931828725,8.70875249383071,1.928,-2.11482988577171
93.3777678012848,4,5.41188,-49,8.66485276230962,8.70434706168917,1.928,-2.11474579450246
93.8214387893677,4,5.39348,-49,8.67097067813266,8.70056769702312,1.928,-2.11457954678987
94.2308897972107,4,5.3812,-49,8.6759479818652,8.69750492025423,1.928,-2.11486277109645
94.7171049118042,4,5.36893,-49,8.67905622350283,8.69564916785321,1.928,-2.11702877312489
95.1741359233856,4,5.3812,-48,8.68330261822777,8.69305806224068,1.928,-2.11828768520134
95.6048498153687,4,5.40575,-48,8.68910099591468,8.68946786180832,1.928,-2.11842027783094
96.0704109668732,4,5.43643,-48,8.69550711734424,8.68550320837976,1.928,-2.1182670982816
96.4744918346405,4,5.45484,-48,8.70118124948155,8.68199305700089,1.928,-2.11789035428544
97.0223939418793,4,5.49165,-48,8.70918651615806,8.67702575814855,1.928,-2.11738821580062
97.4428339004517,4,5.4487,-48,8.71551084127253,8.67309306863907,1.928,-2.11700795574627
97.7698140144348,4,5.47324,-48,8.72005138254128,8.67025357087766,1.928,-2.11675734323754
98.1568968296051,4,5.48552,-48,8.72520492816753,8.66702054131812,1.928,-2.11648711987137
98.69517993927,4,5.50392,-48,8.73302752893985,8.66209608551629,1.928,-2.11714698559897
99.1861748695374,4,5.49165,-48,8.74051422462752,8.6573762097502,1.928,-2.11826721025298
99.6062669754028,4,5.48552,-48,8.7471460307371,8.65323443106546,1.928,-2.1184904198827
100.069763898849,4,5.51619,-49,8.75434199093514,8.64874051124771,1.928,-2.11873426794435
100.553500890732,4,5.47938,-49,8.76081281867423,8.64470111233234,1.928,-2.11896795217912
101.120126008987,4,5.49779,-49,8.76826687796001,8.64005921705237,1.928,-2.11923812621899
101.538775920868,4,5.49779,-48,8.7736397037061,8.63672567716724,1.928,-2.1194339358684
102.244467020035,4,5.46711,-49,8.78354382749135,8.63059187656498,1.928,-2.12056078382901
102.590660810471,4,5.41802,-49,8.78857213130559,8.62747025246978,1.928,-2.12130013104535
103.079716920853,4,5.41802,-49,8.79243551586607,8.6238934868566,1.928,-2.12251826157137
103.49579501152,4,5.39961,-49,8.79610901398655,8.62083813757283,1.928,-2.12348622167006
103.970624923706,4,5.37507,-49,8.80189567441656,8.61730056683282,1.928,-2.12430877876896
104.60406088829,4,5.27689,-49,8.80980778930526,8.6124363929719,1.928,-2.12497370066924
104.878569841385,4,5.22781,-49,8.81329489997457,8.61028455788518,1.928,-2.12513098877045
105.473505973816,4,5.14804,-49,8.82126479052114,8.60537344561882,1.928,-2.12476106171863
106.000411987305,4,5.11736,-49,8.82834767968423,8.60102206397045,1.928,-2.12421348802105
106.437712907791,4,5.10509,-49,8.8339598034616,8.59759762918408,1.928,-2.12383934643589
107.001746892929,4,5.04373,-49,8.84065746820386,8.59313901409898,1.928,-2.12320505547156
107.353640794754,4,5.00691,-49,8.84455485385167,8.59033563144003,1.928,-2.12273045123375
107.903644800186,4,4.93328,-49,8.85113127967467,8.58608367924187,1.928,-2.12222062172502
108.463315010071,4,4.87192,-50,8.85816424749409,8.58182881095957,1.928,-2.12186708843646
108.759133815765,4,4.82897,-50,8.86214871115116,8.57943049703358,1.928,-2.12183238056489
109.201592922211,4,4.71852,-50,8.86810831275671,8.57584331523094,1.928,-2.12178046765891
109.356279850006,4,4.69398,-51,8.87023117262414,8.57455914728348,1.928,-2.12175322235463
110.010056972504,4,4.50377,-50,8.87942991661832,8.56895852431391,1.928,-2.12158568235127
110.410151958466,4,4.43014,-51,8.88501187693004,8.5655758075563,1.928,-2.1218270904076
111.050561904907,4,4.30742,-50,8.89492415654732,8.55923150070374,1.928,-2.12304475915179
111.497375011444,4,4.22152,-51,8.90427102057119,8.55249330946393,1.928,-2.1254633262269
111.967233896255,4,4.13561,-51,8.91228834729647,8.546988079611,1.928,-2.1266105532766
112.578079938889,4,4.03744,-51,8.91988772613751,8.54229434562095,1.928,-2.12592605040305
113.012849807739,4,3.9454,-51,8.92523202706587,8.53900718671977,1.928,-2.12560570744034
113.31192779541,4,3.88404,-52,8.92890259563798,8.53675074577852,1.928,-2.12540026516952
113.941129922867,4,3.73064,-51,8.93691484438797,8.53181122241988,1.928,-2.12482229247494
114.460620880127,4,3.61406,-52,8.94359331244154,8.52769589925144,1.928,-2.12412823781022
114.788820981979,4,3.50361,-52,8.94772329282075,8.52516608059287,1.928,-2.12332198666049
115.526461839676,4,3.28272,-52,8.96150455376286,8.5165707681307,1.928,-2.1215706373051
115.858443975449,4,3.18454,-52,8.96958506628074,8.51148779822463,1.928,-2.12080777722132
116.543973922729,4,3.03728,-52,8.97828964293453,8.50617379328854,1.928,-2.12020208270592
117.33907699585,4,2.84707,-52,8.98740323973749,8.50065233215138,1.928,-2.11905097500221
117.865288972855,4,2.71208,-52,8.99363648075096,8.49687857279427,1.928,-2.11825327324809
118.246261835098,4,2.6139,-52,8.99827083633653,8.49408175838384,1.928,-2.11791646175659
118.671747922897,4,2.50346,-52,9.00347031726552,8.49093969294744,1.928,-2.11772893456729
119.319841861725,4,2.35006,-53,9.0115240388166,8.48604911084255,1.928,-2.1185120419059
119.715308904648,4,2.20893,-53,9.01641661574888,8.48286077737058,1.928,-2.11798675332942
120.234007835388,4,2.11689,-53,9.02283086505314,8.47858076482005,1.928,-2.11683082058633
120.912657022476,4,1.95122,-52,9.03207649567722,8.47295150632199,1.928,-2.1169246415613
121.04020690918,4,1.95122,-52,9.03379652656511,8.47190301144349,1.928,-2.11689935588314
121.824381828308,4,1.78555,-53,9.04363845293951,8.46585143147881,1.928,-2.11496247960042
122.227557897568,4,1.64443,-53,9.04859504115867,8.46280656647932,1.928,-2.11422180590143
122.797916889191,4,1.48489,-53,9.05561509888473,8.45849243222479,1.928,-2.11332716629625
123.07368183136,4,1.41126,-53,9.05912605576273,8.45632529172597,1.928,-2.11336186578022
123.776947021484,4,1.25786,-53,9.06737608447284,8.45080737282557,1.928,-2.11406512817082
124.4029109478,4,1.12287,-53,9.07262287370392,8.44592217666387,1.928,-2.11652248515247
125.198722839355,4,0.883573,-53,9.08223752359811,8.43973003091095,1.928,-2.11431651805905
125.608919858933,4,0.785398,-54,9.08781597382536,8.4362625954693,1.928,-2.11308767106889
126.125626802444,4,0.650408,-54,9.09485521565648,8.43189561810232,1.928,-2.1116586358654
126.641098976135,4,0.460194,-53,9.10089731961874,8.42816391451527,1.928,-2.11118278104557
127.073546886444,4,0.362019,-53,9.10619445291684,8.42491189234194,1.928,-2.11077252036763
127.609890937805,4,0.245437,-54,9.11320348170251,8.4206449579178,1.928,-2.11024242575359
128.277223825455,4,0.0306796,-54,9.12224646366715,8.4146126399694,1.928,-2.11265330710167
128.547358989716,4,6.19115,-54,9.1259332462844,8.41211189442164,1.928,-2.11388235516067
129.054566860199,4,6.08684,-54,9.13255758419809,8.40805837356831,1.928,-2.11506014809298
129.715420007706,4,5.87821,-54,9.14111066331569,8.40283719761222,1.928,-2.11614957786157
130.081573963165,4,5.74322,-54,9.14580381056178,8.39997974633692,1.928,-2.11649160612028
130.499796867371,4,5.62051,-54,9.15063157368729,8.39702670308607,1.928,-2.11543597666415
131.013630867004,4,5.3812,-54,9.15616209430802,8.39363240833574,1.928,-2.11305062824328
131.677556991577,4,5.16645,-54,9.16478988134783,8.38838829429243,1.928,-2.11142765921357
132.074215888977,4,5.08054,-54,9.17035264069741,8.38524919677363,1.928,-2.11040959257994
133.058031797409,4,4.76148,-54,9.18454061679709,8.37749406878728,1.928,-2.10968725528531
133.462844848633,4,4.68785,-54,9.18999761419109,8.37425043347991,1.928,-2.11097879396393
133.983026981354,4,4.50377,-54,9.19617561200554,8.37052443228385,1.928,-2.11265303100257
134.565322875977,4,4.39332,-54,9.20345403241799,8.36613608357332,1.928,-2.11442384075687
135.204585790634,4,4.19084,-54,9.21241025953973,8.36075741116941,1.928,-2.11613117188704
135.50566983223,4,4.0988,-54,9.2166922158462,8.35816184176446,1.928,-2.11498369558231
136.089016914368,4,3.8595,-55,9.22549697330074,8.3527990637066,1.928,-2.11296538922249
136.7527987957,4,3.69383,-55,9.23989393497875,8.34382213466031,1.928,-2.11243306458902
137.235902786255,4,3.60792,-55,9.2474042451461,8.33926257196811,1.928,-2.11285149601653
137.891874790192,4,3.47293,-55,9.2562676214441,8.33390667193748,1.928,-2.11424716911709
138.297071933746,4,3.25818,-55,9.26134469503896,8.33081066193195,1.928,-2.11568272244268
139.158788919449,4,3.04955,-56,9.27076262454067,8.32508569751368,1.928,-2.11754100570718
139.667558908463,4,2.89002,-56,9.2770101774583,8.32125392814288,1.928,-2.11849462486913
140.044253826141,4,2.82252,-57,9.28199410642212,8.31818450308584,1.928,-2.11922311359468
140.993158817291,4,5.62664,-58,9.29443561015087,8.30964151680169,1.928,-2.11566110544603
141.533871889114,4,2.30097,-58,9.30101524128976,8.30562346821313,1.928,-2.1143760396437
141.987380981445,4,2.1353,-58,9.30675428150108,8.30215607815596,1.928,-2.11397098046101
142.649496793747,4,2.00031,-58,9.31596194013952,8.29658690483819,1.928,-2.11536326230347
143.3990650177,4,1.75487,-58,9.32440064549992,8.29155019064402,1.928,-2.11661802268166
143.869088888168,4,1.59534,-59,9.33026817248518,8.28801166972645,1.928,-2.11772706378406
144.782734870911,4,1.29468,-59,9.34004939355817,8.28194438545427,1.928,-2.11777657030423
145.450377941132,4,1.1781,-60,9.34659663875916,8.2778002558898,1.928,-2.11561817771574
145.948320865631,4,0.944932,-61,9.35293557164723,8.27391334575213,1.928,-2.1137231576642
146.270205974579,4,0.785398,-61,9.35743462150082,8.27117809156195,1.928,-2.11281170820845
147.313048839569,4,0.380427,-61,9.37190225519605,8.26239010149812,1.928,-2.11137187626873
147.627548933029,4,0.294524,-62,9.37605437467393,8.25986169382368,1.928,-2.1113402711728
148.930567979813,4,5.9948,-63,9.39248031028537,8.25073403524424,1.928,-2.11204365681157
149.510804891586,4,5.76777,-63,9.39906884781337,8.24745366156907,1.928,-2.11236045283956
150.058216810226,4,5.55915,-64,9.40532438795873,8.24361503466169,1.928,-2.11192101406902
150.603763818741,4,5.36893,-65,9.41160644679989,8.23973392543329,1.928,-2.11152139254333
165.396734952927,4,2.92684,-65,9.60119482207323,8.12313886958484,1.928,-2.11198166935276
165.548799991608,4,3.06796,-65,9.60329882743496,8.1219850004472,1.928,-2.11134268885118
166.371878862381,4,2.87161,-64,9.6151436590775,8.11515214094671,1.928,-2.11083233935676
166.982820987701,4,2.77344,-63,9.62406633783684,8.10975911933825,1.928,-2.11272489804174
167.608027935028,4,2.66913,-64,9.63271696192809,8.10452000897313,1.928,-2.11471240938665
168.131393909454,4,2.60163,-63,9.63959392644622,8.10035924019322,1.928,-2.11632961286258
168.86490893364,4,2.49732,-63,9.64868874677754,8.09485385205164,1.928,-2.11616313016967
169.283298969269,4,2.44823,-63,9.65362802263879,8.09186259890243,1.928,-2.11495179624975
169.729434967041,4,2.42369,-63,9.66264963200582,8.08705483421418,1.928,-2.11392703982085
170.473145008087,4,2.2028,-63,9.67519492806329,8.08006634018855,1.928,-2.11294033891076
170.979853868485,4,2.14757,-62,9.6815157948863,8.07622665027751,1.928,-2.11288992930273
171.256718873978,4,2.09849,-62,9.68498309690466,8.0741294375033,1.928,-2.113428539325
172.200756788254,4,1.91441,-62,9.69786266358525,8.06631605603139,1.928,-2.11534447288986
172.739669799805,4,1.76715,-62,9.70574468796923,8.06152545582587,1.928,-2.11638184896076
173.315981864929,4,1.54625,-63,9.71361910116568,8.05675472700461,1.928,-2.11717471156315
173.780817985535,4,1.54625,-62,9.72131618349302,8.05207588835146,1.928,-2.11712999322222
173.942112922668,4,1.51557,-62,9.72416335549349,8.05034349222491,1.928,-2.11702482568694
174.850317001343,4,1.06765,-63,9.73756468122039,8.04224297252482,1.928,-2.11553979274855
175.136742830276,4,1.07992,-63,9.7413284995665,8.03997831432281,1.928,-2.11493579827924
176.151999950409,4,0.711767,-64,9.7557178141965,8.03126877560326,1.928,-2.11472300853064
176.35329580307,4,0.521553,-64,9.7582348371547,8.02975807450541,1.928,-2.11517134563065
