9.90101385116577,4,2.41755,-64,7.57403951867506,9.37225000513193,1.928,-2.11854376848859
10.0639989376068,4,2.39301,-64,7.57611960588715,9.37123481550912,1.928,-2.11814610475687
10.2854819297791,4,2.71208,-63,7.57894626904863,9.3698552583963,1.928,-2.11760571327012
10.3719699382782,4,2.58936,-63,7.58005006697522,9.369316548195,1.928,-2.11739469307827
10.6145780086517,4,2.73662,-63,7.58324831726028,9.36759645666026,1.928,-2.11704980182618
10.861998796463,4,2.77957,-62,7.58668939425134,9.36547469715456,1.928,-2.11713261612721
11.0575230121613,4,2.88388,-62,7.58940870448306,9.36379797723575,1.928,-2.11719806010789
11.2833778858185,4,2.89002,-62,7.59254984721378,9.36186115644827,1.928,-2.11727365607402
11.4735209941864,4,3.01274,-62,7.59523808266154,9.3601999341161,1.928,-2.11767935002011
11.7984938621521,4,3.06796,-62,7.59993211634469,9.35729100933362,1.928,-2.11915101367484
12.0365419387817,4,3.17841,-62,7.60337057475171,9.35516017313839,1.928,-2.12022903198649
12.1595718860626,4,3.17227,-62,7.60514766685232,9.35405889700764,1.928,-2.12078618219718
12.4832639694214,4,3.28272,-61,7.61004858402321,9.3510300965317,1.928,-2.12135131584247
12.7514779567719,4,3.29499,-60,7.6141734532462,9.34848315347179,1.928,-2.12156410671508
12.8575258255005,4,3.35635,-60,7.61580436591487,9.34747612961765,1.928,-2.12164824109878
13.2047278881073,4,3.52202,-60,7.62096658506327,9.344275396611,1.928,-2.12183325296189
13.4265079498291,4,3.57724,-60,7.62410279821409,9.3423183774604,1.928,-2.12186923775533
13.4891309738159,4,3.5527,-60,7.62498835641011,9.34176578289325,1.928,-2.12187939861724
13.7229468822479,4,3.60792,-60,7.62829476962508,9.33970255770086,1.928,-2.1219173362799
14.0045268535614,4,3.71223,-59,7.63184953155502,9.33741697896332,1.928,-2.12175112479818
14.2656710147858,4,3.74291,-59,7.63475640931582,9.33547906045612,1.928,-2.12140352989134
14.4807729721069,4,3.82882,-59,7.63715077682958,9.33388281544695,1.928,-2.12111721927858
14.7253539562225,4,3.83495,-60,7.639885891299,9.33206774257715,1.928,-2.12080240192524
14.9919879436493,4,3.92699,-59,7.64309797514688,9.33008777486175,1.928,-2.12065528358106
15.1320378780365,4,3.98835,-59,7.64478512739812,9.32904779360765,1.928,-2.12057800943215
15.3786389827728,4,4.05585,-59,7.64775587930053,9.32721658585101,1.928,-2.12044194445952
15.6543219089508,4,4.08652,-59,7.65110904840576,9.32515238353072,1.928,-2.12038342433239
15.9247438907623,4,4.12334,-59,7.65448591371184,9.32308099140541,1.928,-2.12058188106295
16.068727016449,4,4.15402,-59,7.656283887451,9.32197810209617,1.928,-2.12068754710456
16.3237907886505,4,4.17243,-59,7.65946896877248,9.32002435157023,1.928,-2.12087473278369
16.4845499992371,4,4.21538,-59,7.66147502054097,9.3187907749085,1.928,-2.12103894203424
16.7632079124451,4,4.30742,-58,7.6649420208167,9.31663662111682,1.928,-2.12165974541043
17.0248289108276,4,4.3381,-59,7.66819705155704,9.31461417051005,1.928,-2.12224259338057
17.2788069248199,4,4.43014,-59,7.67136078222607,9.31264850456886,1.928,-2.12279282683243
17.4012348651886,4,4.44241,-58,7.67300693291654,9.31162755236327,1.928,-2.12256030227278
17.7307529449463,4,4.61421,-59,7.67743759157893,9.30887963216386,1.928,-2.12193445619418
17.8154149055481,4,4.65717,-59,7.67857594565466,9.30817361836386,1.928,-2.1217736596877
18.1798579692841,4,4.71852,-59,7.68320933779907,9.30533478590518,1.928,-2.12084382360938
18.3848428726196,4,4.8167,-59,7.68546728082049,9.30399941651916,1.928,-2.12001077194398
18.6466538906097,4,4.84124,-59,7.68835117300662,9.30229385473067,1.928,-2.11894678088412
18.8202738761902,4,4.89647,-59,7.69026362620899,9.301162811372,1.928,-2.1182411951762
19.0654788017273,4,5.01305,-59,7.69334856664273,9.2992878804526,1.928,-2.11775373048309
19.6582748889923,4,5.06214,-60,7.70120868160476,9.29446447369111,1.928,-2.11710834507135
19.9196078777313,4,5.2094,-60,7.70448159058011,9.29244908501094,1.928,-2.1169109764371
20.100508928299,4,5.31985,-60,7.70665242118612,9.29110870638173,1.928,-2.11681731643972
20.4820659160614,4,5.41188,-61,7.71123114300323,9.28828157613223,1.928,-2.11661976851856
20.776829957962,4,5.51006,-62,7.7150727736843,9.28592183673169,1.928,-2.11645161084465
20.9476478099823,4,5.62664,-62,7.71749221982327,9.28444285272094,1.928,-2.11634429670139
21.2633538246155,4,5.69414,-62,7.72196384670019,9.28170939048488,1.928,-2.11614595841249
21.4948949813843,4,5.80458,-62,7.72524337135836,9.27970464879868,1.928,-2.11600049562523
21.7968878746033,4,5.97025,-62,7.729297868343,9.27722404518713,1.928,-2.11670226367849
21.9518640041351,4,5.90889,-63,7.73137184874938,9.27595508458482,1.928,-2.11708918663671
22.2764799594879,4,6.16047,-63,7.73571604764656,9.27329709551599,1.928,-2.11789964284122
22.4402878284454,4,6.19115,-63,7.73861774738914,9.27146967177199,1.928,-2.11815902524976
22.8258118629456,4,0.110447,-64,7.74705071445019,9.26606994341998,1.928,-2.11843135937534
23.0703458786011,4,0.263845,-64,7.75239966059826,9.26264495006236,1.928,-2.11860409817077
23.2785708904266,4,0.362019,-64,7.7558553988033,9.26047581187784,1.928,-2.11868830235153
23.6582658290863,4,0.454058,-64,7.76002021499451,9.2579733472136,1.928,-2.11871958315983
23.736998796463,4,0.533825,-65,7.76088382497169,9.25745443993117,1.928,-2.11872606950086
24.2031970024109,4,0.791534,-65,7.76614625432857,9.25427718799856,1.928,-2.11801353303375
24.4238448143005,4,0.852893,-65,7.76875331291035,9.25269153212767,1.928,-2.11708878479934
24.5802628993988,4,0.901981,-65,7.77060146679689,9.25156745456342,1.928,-2.11643322720832
25.0299289226532,4,1.00629,-66,7.77586980465432,9.24835143944284,1.928,-2.11599127739086
25.2769958972931,4,1.23946,-65,7.77871906363634,9.24660011481201,1.928,-2.11721451946691
25.6963379383087,4,1.47876,-67,7.78355505630044,9.24362762508026,1.928,-2.11929070479914
26.547994852066,4,5.08668,-67,7.79661082530216,9.2356366384393,1.928,-2.12176058095114
26.8386499881744,4,5.25542,-67,7.80136870434411,9.23258397254661,1.928,-2.12417797135685
26.8524990081787,4,2.01872,-66,7.80159540586713,9.23243852033964,1.928,-2.12429315421078
27.549323797226,4,2.45437,-67,7.81245068926822,9.22549845817078,1.928,-2.12824965268296
27.7968828678131,4,2.63231,-67,7.8154791017785,9.2236013155847,1.928,-2.12689329804515
28.1084339618683,4,2.72435,-66,7.81929033450204,9.2212137769384,1.928,-2.1251863366709
28.4848728179932,4,3.01887,-66,7.82402728654175,9.21829857736514,1.928,-2.12359609072874
28.5540618896484,4,3.03115,-67,7.82491480998907,9.21775887819432,1.928,-2.12336420787774
29.0296838283539,4,3.28885,-66,7.83101585474319,9.2140488592592,1.928,-2.12177019066507
29.341805934906,4,3.36862,-65,7.83495904447078,9.21164210273881,1.928,-2.12060572832371
29.538421869278,4,3.53429,-65,7.83742970386439,9.21013212975168,1.928,-2.11984622095294
29.8805480003357,4,3.60179,-65,7.84172883222445,9.20750466612449,1.928,-2.11852462248178
30.2099800109863,4,3.71223,-65,7.84633303273294,9.2046956002851,1.928,-2.11866671121473
30.5751569271088,4,3.81654,-65,7.85165988709603,9.20144772875845,1.928,-2.11950348024019
30.825621843338,4,3.82882,-64,7.8553134316464,9.19922010200021,1.928,-2.12007739735984
31.4674727916718,4,4.1172,-64,7.86529883860655,9.19398069237117,1.928,-2.11971078375531
31.7115299701691,4,4.27674,-63,7.86896980847617,9.19201652284492,1.928,-2.11961204149175
32.0691859722137,4,4.22152,-62,7.87322359215919,9.18938544747922,1.928,-2.11984083065398
32.3869409561157,4,4.38105,-63,7.87700281285728,9.18704790160919,1.928,-2.12004409551224
32.6197228431702,4,4.44241,-63,7.87995912090555,9.18522975699284,1.928,-2.12025626364241
32.8532409667969,4,4.47309,-62,7.88318153458172,9.1832612886911,1.928,-2.12055562897955
33.0957589149475,4,4.52831,-63,7.8865281405783,9.1812169553172,1.928,-2.12086653190298
33.4945659637451,4,4.64489,-63,7.89195144679247,9.17789219666643,1.928,-2.12128533890499
33.6875309944153,4,4.66944,-62,7.89450887179788,9.1763143567747,1.928,-2.12141092674007
33.972461938858,4,4.7492,-62,7.89828514939389,9.17398452836502,1.928,-2.12159636894345
34.1349999904633,4,4.77988,-63,7.90043931627098,9.17265548433639,1.928,-2.12170215392402
34.4716348648071,4,4.73693,-63,7.90468542192643,9.17003919429093,1.928,-2.12176709880644
34.7393050193787,4,4.80443,-63,7.90802588233742,9.16798152277071,1.928,-2.12179314528138
34.8423018455505,4,4.8167,-63,7.90931125844083,9.16718975113586,1.928,-2.12180316770714
35.2662508487701,4,1.71806,-63,7.91439234145969,9.16392605256281,1.928,-2.1215660163967
35.5930018424988,4,4.85352,-63,7.9181970962665,9.16140814152835,1.928,-2.1212353413716
35.8469409942627,4,4.90874,-63,7.92116736074277,9.15944811314969,1.928,-2.12099565255302
35.9945528507233,4,4.9026,-63,7.9230573470562,9.15826961142526,1.928,-2.12106814979787
36.3181300163269,4,4.9026,-63,7.92720035039615,9.15568624002952,1.928,-2.12122706964053
36.5103628635406,4,4.89033,-63,7.92966165302413,9.15415149378781,1.928,-2.12132148178415
36.7709698677063,4,5.00078,-63,7.93306598530168,9.15202983136784,1.928,-2.1212548671009
37.1245448589325,4,5.04986,-63,7.93799124646257,9.14896522442329,1.928,-2.12028197600739
37.3069138526917,4,5.06214,-63,7.94053162670496,9.14738454338358,1.928,-2.11978017250272
37.7126657962799,4,5.06827,-63,7.94614999443442,9.1438908534128,1.928,-2.11886495278588
46.0197279453278,4,2.13223,-65,8.05700414189714,9.07594940352342,1.928,-2.11939043955156
46.290965795517,4,5.35052,-65,8.06075600952577,9.07366829352813,1.928,-2.11968076264187
46.5677828788757,4,4.99464,-63,8.06458505128148,9.07134026218855,1.928,-2.11997705753964
47.1485679149628,4,1.98497,-66,8.07220945816146,9.06671739981874,1.928,-2.12009311665156
47.4607298374176,4,5.7739,-65,8.07609836786068,9.06436630992453,1.928,-2.11989719249371
47.8902969360352,4,5.66959,-64,8.08052497057303,9.06177304423461,1.928,-2.11865850730967
48.172376871109,4,5.688,-65,8.08270146701731,9.06057709640999,1.928,-2.1170799847777
48.5895299911499,4,6.04388,-64,8.08600270063411,9.05875114484057,1.928,-2.114826457263
48.7413280010223,4,6.16047,-65,8.08791651938497,9.0575917434063,1.928,-2.11470460363466
49.2407288551331,4,6.22796,-64,8.09421279902393,9.05377742418682,1.928,-2.11430371691608
49.4250798225403,4,0.0122718,-64,8.09654326384623,9.05236580312961,1.928,-2.11416872637072
49.7515180110931,4,0.122718,-64,8.10104133416811,9.04965231426363,1.928,-2.11470448624624
50.2870469093323,4,0.147262,-64,8.10839130065189,9.04521867384239,1.928,-2.11560408049567
50.5957858562469,4,0.337476,-64,8.11220242556161,9.04292372202114,1.928,-2.11642424360556
50.915699005127,4,0.441786,-64,8.11615148667887,9.04054570891006,1.928,-2.11727409091411
51.3710908889771,4,0.674952,-64,8.12187088189677,9.03707235508109,1.928,-2.1184560367658
51.6499428749084,4,0.773126,-64,8.12540934104068,9.03491280723105,1.928,-2.11916948738885
52.0473418235779,4,0.840621,-64,8.13090575309984,9.03153096347989,1.928,-2.1199505706264
52.3373908996582,4,0.895845,-64,8.13607435718196,9.02828683964111,1.928,-2.11991964147963
52.7652628421783,4,1.10447,-63,8.14369893126653,9.02350120271569,1.928,-2.11987401570386
53.0385699272156,4,1.14128,-63,8.14726847393892,9.02129931074758,1.928,-2.11936242035328
53.3225967884064,4,1.33763,-63,8.15076200276136,9.01915304710737,1.928,-2.11875063492313
53.8853068351746,4,1.58307,-63,8.1578029639859,9.01483341523883,1.928,-2.11793562372793
54.1959099769592,4,1.66284,-63,8.16178299886321,9.01239628522649,1.928,-2.1177963591558
54.9591917991638,4,1.9819,-64,8.17088478486375,9.00682812747196,1.928,-2.1183764481189
55.2996098995209,4,2.22734,-63,8.17474358822382,9.00446910193605,1.928,-2.11890761943162
55.7334489822388,4,2.26416,-63,8.18051022134579,9.0009349189562,1.928,-2.11816651356107
55.8733057975769,4,2.49118,-63,8.18242368403206,8.99976173619902,1.928,-2.11783660620137
56.3870418071747,4,2.62004,-63,8.18937174371282,8.99543086658666,1.928,-2.11658743064976
56.9542238712311,4,2.96365,-62,8.19681910049045,8.99059008468121,1.928,-2.11510485499496
57.3421528339386,4,3.03115,-62,8.20202004378749,8.98733373082889,1.928,-2.11485043084672
57.7197749614716,4,3.2459,-62,8.20712359296707,8.98418463501225,1.928,-2.11489162541408
58.0666267871857,4,3.33181,-61,8.21163178506038,8.98141260896395,1.928,-2.11523758208746
58.7744438648224,4,3.58338,-61,8.22050136321624,8.97597689136649,1.928,-2.11648566170214
59.3289289474487,4,3.93926,-61,8.22764268845394,8.97158273044083,1.928,-2.11682417484011
59.6274809837341,4,3.98835,-61,8.23144511110849,8.96924143772874,1.928,-2.11688402290546
60.0283768177032,4,4.1847,-60,8.23621318104061,8.96629270072414,1.928,-2.11599562137202
60.4793019294739,4,4.27674,-59,8.24169968139124,8.96289734563854,1.928,-2.11499696761306
60.8611660003662,4,4.39332,-59,8.24724893852141,8.95944658509223,1.928,-2.11415575993074
61.0334258079529,4,4.41173,-59,8.24975222185796,8.95788993864904,1.928,-2.11377628910711
61.6633598804474,4,4.57126,-59,8.25821852141226,8.95264177977551,1.928,-2.11280869379971
61.8803207874298,4,4.62649,-59,8.26098522884596,8.95093061067443,1.928,-2.11256657289352
62.3219327926636,4,4.68785,-59,8.26685486350042,8.94728462283218,1.928,-2.11280264846672
62.6138439178467,4,4.74307,-59,8.2708581811682,8.94479011111208,1.928,-2.11333642415576
63.1185719966888,4,4.93328,-58,8.27752055246718,8.94065542567117,1.928,-2.11448962428376
63.3515529632568,4,4.83511,-59,8.28044556809316,8.93885020869853,1.928,-2.11515529804242
63.7092709541321,4,4.91487,-59,8.28493662471644,8.93607848619236,1.928,-2.11617737071657
64.1805799007416,4,4.90874,-59,8.29112206890248,8.93223690600597,1.928,-2.11604502883543
64.3997459411621,4,4.92715,-58,8.29400149525147,8.93044832035574,1.928,-2.11596640968597
64.974212884903,4,4.97623,-58,8.30074921204409,8.92623967698497,1.928,-2.11551821225526
65.0818510055542,4,5.11736,-58,8.30192523571702,8.92550404711425,1.928,-2.11540749872957
65.6682817935944,4,5.14804,-58,8.30853094063305,8.92140098761246,1.928,-2.1143552478149
65.9897029399872,4,5.2094,-58,8.31239616367753,8.91903476477406,1.928,-2.11322511153388
66.6136128902435,4,5.27076,-58,8.32063091925378,8.91399534749292,1.928,-2.1123283642959
67.0319509506226,4,5.39348,-59,8.32665982409191,8.91030695337185,1.928,-2.11262615248981
67.3419380187988,4,5.47324,-59,8.33072117637741,8.9078230113692,1.928,-2.11337422678818
67.751366853714,4,5.57142,-59,8.33591226343471,8.90464846197647,1.928,-2.11458714424484
68.0688819885254,4,5.51619,-58,8.33992239981406,8.90220455514575,1.928,-2.11559186598896
68.3907020092011,4,5.68186,-58,8.3439671290565,8.89975032150382,1.928,-2.11669151486108
68.734680891037,4,5.71254,-58,8.34829035742253,8.8971271020343,1.928,-2.1178668798637
69.20623087883,4,5.82913,-58,8.35253200977545,8.89567436062547,1.928,-2.11828509165187
69.6818199157715,4,5.9948,-58,8.35690061814708,8.8940964846465,1.928,-2.11851641572049
69.8737509250641,4,6.0132,-58,8.35936542763051,8.89257443639406,1.928,-2.11837329775049
70.4281079769135,4,0.00613592,-59,8.36648457176277,8.8881782828746,1.928,-2.11795992809119
70.921895980835,4,0.239301,-58,8.37298797727588,8.88415315692446,1.928,-2.11751325432878
71.2651720046997,4,0.239301,-58,8.37751904359952,8.88134821110505,1.928,-2.11719790539051
71.7300360202789,4,0.423379,-58,8.38401990651028,8.87737640489546,1.928,-2.11682522267551
72.0400159358978,4,0.564505,-58,8.38837181350257,8.87471984949669,1.928,-2.11657924532377
72.4357409477234,4,0.754719,-58,8.39351969826791,8.87156410383559,1.928,-2.11686858802278
72.843327999115,4,0.920388,-58,8.39872421422703,8.86837020494755,1.928,-2.11731111618197
73.2380149364471,4,1.00629,-57,8.40415570461943,8.86520478527974,1.928,-2.11833734897529
73.6615359783173,4,1.20264,-57,8.41016478568003,8.86177460150765,1.928,-2.11971443005167
73.9679918289185,4,1.24559,-57,8.41424116897644,8.8593911865094,1.928,-2.12001820153127
74.3255929946899,4,4.57126,-57,8.41870836865635,8.85671508104077,1.928,-2.11963469665309
74.8798978328705,4,1.6567,-57,8.42580543271032,8.85245148945721,1.928,-2.11909498166799
75.2234449386597,4,1.76101,-57,8.43036232227786,8.84970314011665,1.928,-2.11881066966724
75.6272068023682,4,1.896,-57,8.43574710570829,8.84644885529335,1.928,-2.11915731290896
76.0582988262177,4,2.05553,-56,8.44158997159015,8.84289663031183,1.928,-2.12171016540264
76.2696549892426,4,2.16598,-57,8.44445461682953,8.84115504243556,1.928,-2.12296178008809
76.7286260128021,4,2.33779,-56,8.45024191100469,8.83760680732765,1.928,-2.12362163428
77.1210458278656,4,2.46051,-56,8.45504666260362,8.83465038220748,1.928,-2.12350499231775
77.4901537895203,4,2.62004,-56,8.46001416507889,8.83150509537483,1.928,-2.12349088428177
77.8173098564148,4,2.69367,-56,8.46469322652307,8.82849270788308,1.928,-2.12353728819692
78.1003727912903,4,2.8532,-56,8.46874165783423,8.82588632111334,1.928,-2.12357743792893
78.6447358131409,4,3.06183,-56,8.47577655156016,8.82160401873168,1.928,-2.12296095641724
79.0208928585052,4,3.16,-56,8.48047553804981,8.81873451635471,1.928,-2.12240905102926
79.4575769901276,4,3.26431,-56,8.48548791052998,8.81562494261826,1.928,-2.12143261483182
79.7591888904572,4,3.33181,-56,8.48894988929089,8.81347720154881,1.928,-2.12075820338489
80.0869588851929,4,3.41771,-55,8.49357692059687,8.81061687759378,1.928,-2.12046126825331
80.358363866806,4,3.52202,-55,8.49748174012833,8.80820371238249,1.928,-2.12025243664848
80.832172870636,4,3.61406,-55,8.50379071500794,8.80431409456308,1.928,-2.11974945206705
81.0228488445282,4,3.68769,-55,8.50610113823487,8.80289419368673,1.928,-2.11948476280416
81.4219048023224,4,3.86563,-55,8.51093650440561,8.79992255603034,1.928,-2.11893080823314
81.7689828872681,4,3.88404,-56,8.51584479982987,8.79675192564585,1.928,-2.1179458491295
82.1211109161377,4,3.90858,-56,8.52090856001319,8.79346506977727,1.928,-2.11688638035968
82.574168920517,4,4.03744,-56,8.5270913170618,8.78953792683637,1.928,-2.11624115104561
82.8489389419556,4,4.14788,-55,8.53070616083631,8.78727864947731,1.928,-2.11614109733399
83.2864239215851,4,4.25833,-55,8.53649462540007,8.78365282187224,1.928,-2.11598820628587
83.5832397937775,4,4.36264,-55,8.54047340157575,8.7811480669428,1.928,-2.11589450322376
83.8479788303375,4,4.37491,-55,8.54402219215645,8.77891400040876,1.928,-2.115810926634
84.3603639602661,4,4.48536,-56,8.55084478920262,8.77465955221422,1.928,-2.11685668691775
84.7016158103943,4,4.58353,-56,8.55537833921122,8.77184172683042,1.928,-2.11782556670587
85.0026369094849,4,4.64489,-56,8.5592240749373,8.76944473364156,1.928,-2.11836166879075
85.3012399673462,4,4.76148,-56,8.56293623159181,8.76712634798187,1.928,-2.11868014717531
86.1222410202026,4,5.02532,-56,8.57144628034646,8.76185264915599,1.928,-2.11993269613241
86.5292599201202,4,5.09282,-56,8.57489051644334,8.75974078860185,1.928,-2.12072577681261
86.9973139762878,4,5.24621,-56,8.58071650494889,8.75620939202642,1.928,-2.11969223149536
87.2609348297119,4,5.32598,-56,8.5841635218304,8.75412246506376,1.928,-2.11893731920094
87.7356579303741,4,5.39348,-57,8.59037053390558,8.75036242103004,1.928,-2.11757365965665
88.1580638885498,4,5.52847,-57,8.59589333629998,8.74701572283996,1.928,-2.11635804282528
88.6137719154358,4,5.62051,-57,8.60201269561969,8.74331591399561,1.928,-2.11539374706115
89.0566799640656,4,5.70641,-57,8.60801898990541,8.73968744667019,1.928,-2.11458324622367
89.5226469039917,4,5.78618,-57,8.6142777755081,8.7359509380569,1.928,-2.11564872576712
90.0273559093475,4,5.85981,-57,8.62094319767353,8.73188280696188,1.928,-2.11709985738917
90.2408850193024,4,5.89662,-58,8.6235046790508,8.73008416447242,1.928,-2.11781638976302
90.668251991272,4,5.98866,-58,8.62863134557505,8.72648427874939,1.928,-2.11925049057951
91.2316579818726,4,6.12365,-58,8.63588475809687,8.72190076188715,1.928,-2.1186516354854
91.9015808105469,4,6.19728,-58,8.6446296135268,8.71660502433387,1.928,-2.11674393228636
92.2433450222015,4,6.25864,-59,8.64895892449475,8.7139921625612,1.928,-2.11575506460008
92.7741069793701,4,0.0306796,-59,8.6561082085269,8.70966434646676,1.928,-2.11484549523196
92.9807419776917,4,0.0306796,-59,8.65911114180251,8.70784020762257,1.928,-2.1148142688894
93.5633699893951,4,0.0920388,-59,8.66741208801252,8.70276602896328,1.928,-2.11467624760836
94.0755589008331,4,0.104311,-59,8.67447481857152,8.69840300157086,1.928,-2.1144843255823
94.2471499443054,4,0.128854,-59,8.67605192858491,8.69744285964339,1.928,-2.11493520716546
94.9921429157257,4,0.13499,-59,8.6808525830317,8.69457505852742,1.928,-2.11823165977029
95.4128189086914,4,0.177942,-59,8.68651582802203,8.69106852864775,1.928,-2.11836116229426
95.8131968975067,4,0.202485,-59,8.69190581622508,8.68773119206468,1.928,-2.11848441620216
96.2511689662933,4,0.245437,-58,8.69804533396225,8.68393300797801,1.928,-2.11809856891911
96.5997889041901,4,0.288388,-58,8.70294067979799,8.68090463209258,1.928,-2.11777353381098
97.2432608604431,4,0.30066,-58,8.7125088316791,8.67495982460461,1.928,-2.11718845632309
97.6309518814087,4,0.257709,-58,8.71820259899868,8.67141338826862,1.928,-2.11685428319857
98.4300298690796,4,0.343612,-57,8.7289885766908,8.66464308505156,1.928,-2.11652884466983
98.8330979347229,4,0.386563,-57,8.73512839279224,8.66077126191708,1.928,-2.11746851203791
99.2361488342285,4,0.460194,-57,8.74130314124778,8.65688350565303,1.928,-2.1182937631684
99.9087579250336,4,0.539961,-57,8.75192132001259,8.65025210754636,1.928,-2.11865114390469
100.251851797104,4,0.521553,-57,8.75677773482645,8.64722000388306,1.928,-2.11882223118032
100.576241970062,4,0.607456,-57,8.761117020357,8.64451121515118,1.928,-2.11897893796646
101.371223926544,4,0.668816,-57,8.77148939232811,8.63805982591554,1.928,-2.11935556896485
101.915952920914,4,0.748583,-57,8.77874643899059,8.63356073583735,1.928,-2.11986058117044
102.360152006149,4,0.705631,-57,8.78523320954095,8.62954640410393,1.928,-2.12080735752266
102.865891933441,4,0.748583,-57,8.79074636785734,8.62545731940256,1.928,-2.12198567085456
103.218089818954,4,0.773126,-58,8.79352861685544,8.62288148145841,1.928,-2.12286291783386
103.542466878891,4,0.791534,-57,8.79667779501988,8.62049042352164,1.928,-2.12356707225432
104.022956848145,4,0.791534,-57,8.80253343347218,8.61691068430876,1.928,-2.12439943438024
104.567880868912,4,0.791534,-57,8.80934819142996,8.61272000279322,1.928,-2.12495297024684
105.004192829132,4,0.82835,-57,8.81489069951388,8.60929981786236,1.928,-2.12520296821224
105.496078968048,4,0.754719,-57,8.82157358777906,8.60518326482585,1.928,-2.12473598602889
105.948469877243,4,0.754719,-57,8.82768107795241,8.60142881447163,1.928,-2.12425792813651
106.61949300766,4,0.79767,-57,8.8362926876906,8.59617413778879,1.928,-2.12368382082063
106.880594015121,4,0.785398,-57,8.83931564476018,8.59410418534794,1.928,-2.12336845605604
107.473608016968,4,0.846757,-57,8.84588354561825,8.58937990578337,1.928,-2.12256864975959
108.012573003769,4,0.852893,-56,8.85249553736723,8.58525810915978,1.928,-2.12214921429758
108.377858877182,4,0.846757,-56,8.85707051470455,8.58248959670312,1.928,-2.12190975267387
109.127949953079,4,0.901981,-56,8.86711639564916,8.57644036638191,1.928,-2.12178910805184
109.32150888443,4,0.99402,-55,8.86974193982635,8.57485701495395,1.928,-2.12176213292597
110.034834861755,4,1.00016,-55,8.87977854530553,8.56874626296229,1.928,-2.12157933265272
110.652627944946,4,1.03697,-55,8.88838519404291,8.56353478340596,1.928,-2.12204305570518
110.991204023361,4,1.05538,-55,8.89368245159409,8.56012665071522,1.928,-2.12272345922604
111.48108792305,4,1.09219,-55,8.90393031167448,8.55273892785501,1.928,-2.12537516539374
112.079711914063,4,1.14128,-55,8.91368765744821,8.5461237998114,1.928,-2.1264845124725
112.647974014282,4,1.28241,-55,8.9207539254489,8.5417600495608,1.928,-2.12585634745622
113.227530956268,4,1.29468,-55,8.92786679762506,8.53738749101221,1.928,-2.1254582389389
113.890502929688,4,1.33763,-55,8.93626009148666,8.53221534646336,1.928,-2.12487385726387
114.488469839096,4,1.45421,-55,8.94394375612963,8.52748123504012,1.928,-2.12405982450059
115.142893791199,4,1.47876,-55,8.95217884827803,8.52243683098507,1.928,-2.12245217702939
115.585173845291,4,1.53398,-55,8.96293361588761,8.51567183012919,1.928,-2.12143572328203
115.974654912949,4,1.54012,-55,8.97201234570115,8.50996906295475,1.928,-2.12058948912514
116.499567985535,4,1.63216,-55,8.97780002417614,8.50646981801903,1.928,-2.12023229976319
116.813625812531,4,1.61375,-55,8.98126417850318,8.50437533706008,1.928,-2.12001619849706
117.219220876694,4,1.61988,-55,8.98600291164201,8.50150155456085,1.928,-2.11927114377503
117.729104995728,4,1.71192,-55,8.9919798667566,8.49787833248176,1.928,-2.11837367113728
118.198406934738,4,1.75487,-55,8.99768870399389,8.49443307284269,1.928,-2.11795876944295
118.805986881256,4,1.82237,-55,9.00513847542464,8.48992671225406,1.928,-2.11789113869715
119.35813999176,4,1.88373,-55,9.01199996129751,8.48576010929789,1.928,-2.11855831844838
119.968502998352,4,1.95122,-55,9.01954393707828,8.48077168885387,1.928,-2.1174155674963
120.37001991272,4,2.00031,-54,9.02468383629564,8.47745257199712,1.928,-2.11684962380005
120.855721950531,4,2.09235,-55,9.0313008362426,8.4734237712914,1.928,-2.11691677047848
121.161906003952,4,2.11076,-55,9.03532393263404,8.47096384368171,1.928,-2.11659876466995
121.750617980957,4,2.17825,-55,9.04271266669334,8.46642067669421,1.928,-2.11514467293888
122.415729999542,4,2.23348,-55,9.05090224812244,8.46138940564764,1.928,-2.11389127906111
122.821132898331,4,2.27029,-55,9.05591067817892,8.45830998570627,1.928,-2.11333008756511
123.137177944183,4,2.30711,-56,9.05993446930612,8.45582629792156,1.928,-2.11336985549179
123.642681837082,4,2.31938,-56,9.06625068236256,8.45185521557804,1.928,-2.11353804110652
124.395929813385,4,2.39301,-56,9.07256435828581,8.44597665937383,1.928,-2.11649507919715
124.755228996277,4,2.44823,-56,9.07674442159469,8.44317996692529,1.928,-2.11579027713313
124.938583850861,4,2.46051,-56,9.07901544955769,8.44175365058267,1.928,-2.11518097694794
125.824975967407,4,2.54641,-56,9.09079838118073,8.43441171766513,1.928,-2.11245233429073
126.257797002792,4,2.54641,-56,9.09640444785945,8.43093878660701,1.928,-2.11153662379553
126.666665792465,4,2.63231,-56,9.10119700090152,8.42797882638621,1.928,-2.11115917920361
127.19581079483,4,2.63231,-57,9.1077922169848,8.42393921057508,1.928,-2.11065168106838
127.676661014557,4,2.66913,-56,9.1140760436127,8.42011376243186,1.928,-2.11017643367635
127.998250961304,4,2.60777,-57,9.11843844715149,8.41719653007174,1.928,-2.11138170764186
129.171373844147,4,2.63231,-58,9.13408313018699,8.40712487160038,1.928,-2.11533138686538
129.452747821808,4,2.56482,-58,9.13774388486775,8.40488708116908,1.928,-2.11590421301158
130.067448854446,4,2.54027,-58,9.14562276317967,8.40008997813784,1.928,-2.11647841170774
130.619078874588,4,2.33779,-59,9.15191543501424,8.39623874765455,1.928,-2.11488223917742
131.335434913635,4,2.28256,-59,9.1602793084779,8.39112804966528,1.928,-2.11220030364036
131.807536840439,4,2.30711,-59,9.16650354912233,8.38734739979236,1.928,-2.11113411427071
132.083582878113,4,2.1353,-60,9.17049259737025,8.38517603243165,1.928,-2.11038239774676
133.07275891304,4,1.99418,-60,9.18473914258913,8.37737606519996,1.928,-2.10973424151613
133.598004817963,4,1.86532,-59,9.19169289231985,8.37323458851422,1.928,-2.11141223658385
134.064665794373,4,1.83464,-60,9.1971261129092,8.36994977981244,1.928,-2.11291612490515
134.54483795166,4,1.63829,-60,9.20316706745572,8.36630840797211,1.928,-2.114368095874
134.86659693718,4,1.63829,-60,9.20767445804761,8.36360168946634,1.928,-2.11524368695182
135.695454835892,4,1.48489,-61,9.21939129975977,8.35652575322781,1.928,-2.1142603965541
136.256968975067,4,1.30082,-60,9.22913973525257,8.35052769448957,1.928,-2.11283069886461
136.477342844009,4,1.21491,-60,9.23391948931821,8.34754737724865,1.928,-2.11265396846218
137.072553873062,4,1.13515,-61,9.24509806703462,8.34064914619677,1.928,-2.11264668446133
137.645905971527,4,1.05538,-61,9.25318566044249,8.33578605814676,1.928,-2.11337573810815
138.158311843872,4,0.791534,-62,9.2596060470758,8.33187089306499,1.928,-2.11519111604405
138.598380804062,4,0.632,-62,9.26489350523724,8.32864956453992,1.928,-2.1165539867724
139.165495872498,4,0.435651,-62,9.27083286604239,8.32504304522482,1.928,-2.11755281832993
139.844620943069,4,0.288388,-62,9.27935282813198,8.31981117269234,1.928,-2.11883704439719
140.410344839096,4,0.141126,-62,9.28680591160417,8.31497336204398,1.928,-2.11841302557108
141.003729820251,4,2.93911,-61,9.2945739966154,8.3095448084969,1.928,-2.11561119148227
141.63653087616,4,5.95185,-60,9.30225763615379,8.30487327212085,1.928,-2.11414935267758
142.213822841644,4,5.82913,-60,9.30990504676327,8.30025030474805,1.928,-2.11444742381299
142.542965888977,4,5.67573,-59,9.31448482048053,8.29748018059144,1.928,-2.11513995485214
143.254711866379,4,5.55301,-59,9.32277550495511,8.29252016981737,1.928,-2.11637637874725
143.66326880455,4,5.47938,-58,9.32763344393346,8.28960432178372,1.928,-2.11720484404421
144.750284910202,4,5.16645,-57,9.33978337489344,8.28211725925513,1.928,-2.11787124841689
145.427380800247,4,5.03759,-57,9.34630387963857,8.27797977007836,1.928,-2.11570569787309
145.94136095047,4,4.95169,-56,9.35284697025751,8.27396767439797,1.928,-2.11374964499465
146.516549825668,4,4.84124,-56,9.36099256717028,8.26902110628619,1.928,-2.11220380248695
147.258275985718,4,4.7492,-56,9.3711791284369,8.26283044510027,1.928,-2.11137738056375
147.553040981293,4,4.76148,-56,9.37507069955238,8.26046069675212,1.928,-2.1113477587094
148.77325296402,4,4.6633,-56,9.3906994114396,8.25152233158613,1.928,-2.11185743084089
149.074427843094,4,4.56513,-56,9.39410888886179,8.25001316188453,1.928,-2.1122139548759
149.910188913345,4,4.5099,-56,9.4036328017509,8.24465305347104,1.928,-2.1120398445051
150.21688079834,4,4.49763,-55,9.4071425300136,8.2424966100893,1.928,-2.11179766100893
150.835327863693,4,4.47922,-56,9.41427826896023,8.23808035471517,1.928,-2.11135603547152
151.490839958191,4,4.3381,-56,9.42223237477221,8.23320497003523,1.928,-2.1098830769816
152.518822908401,4,4.23992,-56,9.43521747632269,8.22524182445808,1.928,-2.11079788612214
153.105073928833,4,4.16629,-57,9.44094261201022,8.22143291623522,1.928,-2.11185768469799
153.767971992493,4,4.10493,-57,9.44875600657528,8.21643581999716,1.928,-2.11370400015831
154.220407009125,4,3.90858,-57,9.4551734957666,8.21247862730776,1.928,-2.11543397706702
154.914260864258,4,3.95767,-58,9.46453301507373,8.20671964677904,1.928,-2.11433047503241
155.483886957169,4,3.84722,-58,9.47149497330241,8.20243295401428,1.928,-2.11251966561203
155.980573892593,4,3.69996,-58,9.47721875696415,8.19890624230011,1.928,-2.11070663137091
156.361140966415,4,3.69383,-59,9.48213682746095,8.19589150558203,1.928,-2.11027916870193
156.738367795944,4,3.57111,-59,9.48701173196142,8.19290322926427,1.928,-2.10985545788076
157.770152807236,4,3.2275,-60,9.49857569749725,8.18577082199032,1.928,-2.11336599694579
158.199282884598,4,3.11705,-60,9.5040917835097,8.18238595102814,1.928,-2.11383611791276
158.755415916443,4,3.10478,-61,9.51124453647785,8.17799136058155,1.928,-2.11406359793106
159.434512853622,4,2.54027,-62,9.5201038509432,8.17254602259458,1.928,-2.11333210116978
159.950838804245,4,2.39301,-62,9.52718187212983,8.16820670264095,1.928,-2.11114114018337
160.556098937988,4,2.00645,-62,9.53537377595836,8.16320149934935,1.928,-2.10976778344087
161.05122089386,4,1.70579,-64,9.54221398415817,8.15901657980504,1.928,-2.10924988322778
161.512887954712,4,1.23332,-64,9.54964658628957,8.15439910976296,1.928,-2.10972905464724
161.934355020523,4,1.00016,-63,9.55614645690114,8.15038188104394,1.928,-2.1104758781873
162.613828897476,4,0.834486,-63,9.56519489248457,8.14489822398673,1.928,-2.11322974988661
163.166153907776,4,0.386563,-62,9.57253769398157,8.14042244540878,1.928,-2.11362477740094
163.55960893631,4,0.220893,-61,9.57774483063177,8.13724430993108,1.928,-2.11381522196493
164.408541917801,4,6.07456,-62,9.5887135458586,8.1305381843797,1.928,-2.11450756829141
164.936172962189,4,5.93957,-60,9.59516011692718,8.1266055271255,1.928,-2.11345595582945
165.320581912994,4,5.73709,-60,9.60014115184292,8.12371671866361,1.928,-2.11230166603362
165.980059862137,4,5.54687,-61,9.60928175034555,8.11869212479133,1.928,-2.10963331257068
166.404408931732,4,5.43643,-60,9.6156303335304,8.11485824014073,1.928,-2.11093188640395
166.801735877991,4,5.26462,-59,9.62156076872995,8.11127657668468,1.928,-2.11214923471701
167.550150871277,4,5.04373,-59,9.63191615073404,8.10500500730192,1.928,-2.11452842019506
168.190555810928,4,4.83511,-60,9.64037111768475,8.09988901856416,1.928,-2.11651239931185
168.830096960068,4,4.66944,-60,9.64827777632867,8.09510273805922,1.928,-2.11626391871819
169.313628911972,4,4.55285,-60,9.65406550684606,8.09161152778107,1.928,-2.11486963019365
169.824990987778,4,4.39332,-60,9.66462234219551,8.0860076645069,1.928,-2.11371042396326
170.276418924332,4,4.30128,-60,9.67274152185449,8.08155710854047,1.928,-2.11298595018079
170.951508998871,4,4.25833,-61,9.68116081963963,8.07644135860632,1.928,-2.11283478751684
171.480707883835,4,3.92699,-61,9.68778820961504,8.07243275282508,1.928,-2.11386428498874
172.149365901947,4,3.88404,-62,9.69709253068593,8.06678464217404,1.928,-2.11523499014625
172.759656906128,4,3.64474,-62,9.70601778087031,8.06136000195121,1.928,-2.11640934626663
173.131213903427,4,3.46066,-62,9.71109453268555,8.0582842418153,1.928,-2.11692051663013
173.797787904739,4,3.20909,-62,9.72161573585138,8.05189362210789,1.928,-2.11711892849441
174.302019834518,4,3.03115,-62,9.73044595552148,8.04652220651237,1.928,-2.1167662398727
174.824886798859,4,2.81639,-62,9.73723451238695,8.04244144480111,1.928,-2.11559667576854
175.197131872177,4,2.66299,-63,9.7422124991391,8.03944217814276,1.928,-2.11488211111718
176.113597869873,4,2.46051,-62,9.75523763083915,8.03155697858638,1.928,-2.11463747732275
176.624295949936,4,2.38074,-63,9.7616234494004,8.02772425108592,1.928,-2.11577493193579
177.093571901321,4,2.04326,-63,9.76786053275535,8.02396102226325,1.928,-2.11643946187879
177.322973012924,4,1.88373,-63,9.77098046706579,8.02207499085442,1.928,-2.11669111312846
178.222008943558,4,1.46035,-63,9.78020795743384,8.01653001461557,1.928,-2.11810595871439
178.370334863663,4,1.35604,-63,9.78150465243609,8.01575410892223,1.928,-2.11837163163887
179.151182889938,4,1.01243,-63,9.7898692071234,8.01065769988461,1.928,-2.11660054210633
179.475418806076,4,0.944932,-64,9.79397571929264,8.00817107442858,1.928,-2.11585526860714
187.280637979507,4,2.15984,-62,9.8931398841077,7.94763340769008,1.928,-2.12162958090021
187.79896402359,4,2.02485,-61,9.90001946235362,7.9433845484971,1.928,-2.12188952456914
188.151808977127,4,1.87146,-60,9.90482864366501,7.94040227214182,1.928,-2.12179776221975
188.68014383316,4,1.77328,-59,9.91184123997122,7.93605883147766,1.928,-2.12105101588156
189.071556806564,4,1.65056,-59,9.91690060968584,7.93292903889873,1.928,-2.12005853003426
189.419791936874,4,1.54012,-59,9.92130016937819,7.93021490067047,1.928,-2.1196590846435
189.707884788513,4,1.54012,-59,9.92484036094499,7.92803841402037,1.928,-2.11980191657991
190.333688020706,4,1.49717,-58,9.93300761899362,7.92329773422058,1.928,-2.1203604742329
190.904733896255,4,1.31309,-57,9.9412290706102,7.91895114709542,1.928,-2.12127022502654
191.478380918503,4,1.14128,-56,9.94866861699158,7.9144025997831,1.928,-2.11972143201034
191.983189821243,4,1.10447,-57,9.95522784090075,7.91033068505282,1.928,-2.11854750686318
192.326304912567,4,1.00016,-56,9.95978349978423,7.907498570294,1.928,-2.11822383660503
192.916700839996,4,0.889709,-57,9.96742717475325,7.90273670363485,1.928,-2.11801502845023
193.413837909698,4,0.760854,-57,9.97366612313469,7.89883956184249,1.928,-2.11819110413362
193.876768827438,4,0.607456,-56,9.97977767921755,7.89503483319475,1.928,-2.11915649316571
194.340684890747,4,0.527689,-56,9.98596696439097,7.89118433100279,1.928,-2.1202957598171
194.620405912399,4,0.417243,-56,9.98896334627336,7.88926678746511,1.928,-2.11986991460511
194.98316192627,4,0.362019,-56,9.9928432778982,7.8867832777007,1.928,-2.11930869442703
195.334741830826,4,0.294524,-56,9.99696385589354,7.88417493362798,1.928,-2.11880707257302
195.65142083168,4,0.220893,-56,10.0010162799942,7.88163495271021,1.928,-2.11839528778787
196.352121829987,4,6.25864,-57,10.0100190070693,7.87601620220881,1.928,-2.11829834390308
196.725473880768,4,6.14819,-57,10.0148335014631,7.87302304012811,1.928,-2.11864353406717
196.985819816589,4,6.06229,-57,10.0182795514922,7.87086304578856,1.928,-2.11873946905766
197.722808837891,4,5.83526,-57,10.0281241522634,7.86467793764506,1.928,-2.11865339673748
198.199016809464,4,5.65119,-57,10.0343627158525,7.86079429130265,1.928,-2.11785531022428
198.481194019318,4,5.58983,-57,10.0380732500132,7.85848797762402,1.928,-2.11739793082849
199.368084907532,4,5.25235,-57,10.0521914236852,7.85034431813268,1.928,-2.11898579086835
199.741259813309,4,5.11122,-57,10.0570517019222,7.84731459328773,1.928,-2.1198352039808
200.207402944565,4,4.99464,-56,10.0630459259296,7.84357777637788,1.928,-2.12093187980514
200.681724786758,4,4.89647,-57,10.0688005418923,7.83998928472567,1.928,-2.12220766730631
201.091327905655,4,4.7308,-57,10.0738705204232,7.8368212191043,1.928,-2.12269825406802
201.666887998581,4,4.60194,-57,10.0814535115107,7.83205376452241,1.928,-2.12059888894286
201.984517812729,4,4.46695,-57,10.0854848936173,7.82952539330084,1.928,-2.11964508552764
202.359025001526,4,4.39332,-57,10.0900808943126,7.8266494799945,1.928,-2.11873043588433
203.323740959167,4,4.11107,-56,10.104963562158,7.81743362065284,1.928,-2.11992037066789
203.561182975769,4,3.97608,-57,10.1084946923609,7.8152441916619,1.928,-2.12005053076391
204.214459896088,4,3.82268,-57,10.1171758881954,7.80983572983227,1.928,-2.11918241118046
204.532938957214,4,3.75518,-57,10.1211951269038,7.8073255456851,1.928,-2.11891231678885
205.040444850922,4,3.59565,-57,10.1275051162267,7.8033818023583,1.928,-2.11855007666106
205.453980922699,4,3.50975,-56,10.1330535880592,7.79990834347929,1.928,-2.11841713615197
205.883895874023,4,3.3993,-57,10.1389792800549,7.79619670549286,1.928,-2.11834171825385
206.314356803894,4,3.28272,-57,10.1444590973896,7.79278273647891,1.928,-2.11758195392346
206.767429828644,4,3.13546,-58,10.150139111725,7.78924789260608,1.928,-2.11664999040628
207.236295938492,4,2.96365,-58,10.1551309953729,7.78644864259115,1.928,-2.11565380092541
207.729259967804,4,2.87161,-58,10.1608477665348,7.7830923047262,1.928,-2.11523148260115
208.105645895004,4,2.73049,-58,10.1659928485524,7.7798398778794,1.928,-2.11592974373211
208.620262861252,4,2.57095,-59,10.1727058788294,7.77562353710244,1.928,-2.116701253133
208.774343967438,4,2.47891,-59,10.1745955181345,7.77444736908638,1.928,-2.11686372679287
209.44393992424,4,2.27643,-60,10.18276909539,7.76934687240689,1.928,-2.11644431179256
209.733749866486,4,2.11689,-60,10.1862616378974,7.76715204912526,1.928,-2.11493772482857
210.159148931503,4,2.08008,-61,10.191397670572,7.76393015434899,1.928,-2.11243972947301
210.660676956177,4,1.896,-62,10.1975391296204,7.76012974652205,1.928,-2.1068880937194
211.034440994263,4,1.85918,-62,10.2020714753799,7.75739163083652,1.928,-2.10307565477391
211.554991960526,4,1.70579,-63,10.2082121972142,7.75394054516562,1.928,-2.09901663764142
220.572464942932,4,1.60761,-63,10.3250900490702,7.68316594212664,1.928,-2.10264439476584
220.982628822327,4,1.3499,-64,10.3303754853331,7.68000790787281,1.928,-2.10206046073997
221.39134979248,4,1.27627,-63,10.3357253123026,7.676807651019,1.928,-2.10142908476429
221.711980819702,4,1.06765,-62,10.3399147010499,7.67430178133563,1.928,-2.10098949631246
222.232427835464,4,0.773126,-63,10.346499601616,7.67036930333401,1.928,-2.10189415087621
222.803072929382,4,0.503146,-63,10.3538417536707,7.66601956312292,1.928,-2.10337010864154
223.170789003372,4,0.49701,-63,10.3586654024061,7.66318790266163,1.928,-2.10468767936092
223.753549814224,4,0.153398,-63,10.366896093023,7.65804026023272,1.928,-2.10747806093014
224.058565855026,4,0.0245437,-63,10.3713561843691,7.65517465154284,1.928,-2.10912086124263
224.609189987183,4,6.12365,-63,10.3787158203882,7.65072293715469,1.928,-2.10919538122668
225.03652381897,4,5.98253,-62,10.3842317616834,7.64746061281167,1.928,-2.10834863174178
225.45965385437,4,5.84753,-62,10.3894305644806,7.64442090464554,1.928,-2.10578636464886
225.775815963745,4,5.7555,-62,10.3933151019066,7.64214963939542,1.928,-2.10387184263174
226.270934820175,4,5.54687,-62,10.4000501561544,7.63821399570805,1.928,-2.10363916943209
226.76118183136,4,5.36893,-62,10.4066721710537,7.63434905875222,1.928,-2.10328733947355
226.926056861877,4,5.27689,-62,10.4088493445618,7.63308251172884,1.928,-2.10302607865259
227.447518825531,4,5.09895,-62,10.4157352457753,7.62907671354463,1.928,-2.10219977050696
228.094223976135,4,4.85352,-61,10.4241084809772,7.62445033546254,1.928,-2.10202189206029
228.374418020248,4,4.77375,-62,10.427723780727,7.62244829616364,1.928,-2.10193672237808
228.716485977173,4,4.76761,-61,10.4320591596676,7.61988140843444,1.928,-2.10135724103453
229.288438796997,4,4.50377,-61,10.4394040674388,7.61554091130719,1.928,-2.10049887082733
229.633931875229,4,4.34423,-60,10.4440152519049,7.61283075288985,1.928,-2.10018130812353
230.100404024124,4,4.28287,-61,10.4502351190264,7.6091892138488,1.928,-2.09966030267534
230.706915855408,4,4.0988,-61,10.4583074054095,7.60449814930922,1.928,-2.09875407429837
231.057870864868,4,3.98835,-61,10.4627394516265,7.60191977359914,1.928,-2.09833543266736
231.49165892601,4,3.9454,-61,10.4681904568463,7.59874827965307,1.928,-2.09782997581971
231.848974943161,4,3.77973,-62,10.4723948305577,7.59610432456165,1.928,-2.09770403557582
232.211309909821,4,3.69996,-61,10.476511539117,7.59340702280769,1.928,-2.09772547676623
232.776491880417,4,3.54656,-62,10.4833060446325,7.58922172466916,1.928,-2.09831823097054
233.189739942551,4,3.44839,-62,10.4884834372831,7.58617390107108,1.928,-2.099065533872
233.564474821091,4,3.33181,-62,10.4935137296803,7.58322761074145,1.928,-2.09908931351599
234.042729854584,4,3.12932,-63,10.5001186054322,7.57936676064281,1.928,-2.09875906972839
234.639158964157,4,2.93297,-64,10.5087321590158,7.57431873437006,1.928,-2.09862547394291
234.720345020294,4,2.86548,-64,10.5099100112149,7.57362826928783,1.928,-2.09861125848534
235.335239887238,4,2.68753,-64,10.5178005891133,7.56898265242315,1.928,-2.09782731634591
