23.2955160140991,2,1.77328,-65,11.0129259232907,7.65981812041499,1.073,0.984632413063897
23.8925189971924,2,1.73647,-65,11.0209190277593,7.65448077004149,1.073,0.983683685117337
24.3089618682861,2,1.84078,-63,11.0258537263756,7.65121348011553,1.073,0.983582913377172
24.8332328796387,2,1.93895,-62,11.0334911578476,7.64667878792915,1.073,0.984460557760804
25.1803929805756,2,2.03099,-62,11.0391211404311,7.64350667087653,1.073,0.985445384564956
25.5918908119202,2,2.11689,-62,11.0447589779473,7.64004571738094,1.073,0.986548640770818
26.3597748279572,2,2.36233,-61,11.0541133324262,7.63390272060418,1.073,0.988361727871544
26.7586309909821,2,2.44823,-61,11.0589363070884,7.63069061947913,1.073,0.989044661083716
27.4971609115601,2,2.66299,-60,11.0675659346804,7.62500318178328,1.073,0.989392159856599
28.1296799182892,2,2.77957,-60,11.0747986773099,7.62025023270766,1.073,0.988627271151481
28.7166478633881,2,2.96979,-60,11.0812500366917,7.61593769279965,1.073,0.987177602948784
29.0236840248108,2,3.0741,-60,11.0838549146244,7.61396488083591,1.073,0.986134119494567
29.5497088432312,2,3.23977,-60,11.0887085429205,7.61042683001581,1.073,0.98479552222395
29.8803119659424,2,3.28885,-60,11.0927080029869,7.60781918205251,1.073,0.985044688586086
30.2865979671478,2,3.46066,-59,11.0976338067837,7.60460780910286,1.073,0.985396599081058
30.814199924469,2,3.60792,-59,11.1043247390349,7.60025250783189,1.073,0.987102167274367
31.5492558479309,2,3.8595,-59,11.1127204329693,7.59480470831986,1.073,0.988174173579428
32.1078388690948,2,4.00676,-59,11.1190099865876,7.59071874026161,1.073,0.987812810199166
32.5777900218964,2,4.23379,-59,11.1251502754294,7.5866991252513,1.073,0.986534720447656
32.9884970188141,2,4.25833,-58,11.1291602363883,7.58401044209317,1.073,0.985690049176517
33.7248518466949,2,4.54058,-59,11.1348148888137,7.58012320316058,1.073,0.984714863248669
34.1216959953308,2,4.74307,-59,11.1396151768624,7.57696461362452,1.073,0.984445087060331
34.7469608783722,2,4.95169,-59,11.1472958492303,7.57190196361492,1.073,0.984457965680932
35.6238918304443,2,5.22167,-59,11.1582189940083,7.56466814476151,1.073,0.985704582716558
36.1694350242615,2,5.45484,-59,11.1650526365815,7.56012192489615,1.073,0.98685962030671
36.9305458068848,2,5.76777,-59,11.1748924975734,7.5535649993443,1.073,0.987274683534003
37.5008490085602,2,5.9273,-59,11.1848006592238,7.54622147083212,1.073,0.986351830423731
37.9447779655457,2,6.0132,-58,11.1919538999437,7.5410828269072,1.073,0.985459899315211
38.4470539093018,2,6.25251,-59,11.198941976931,7.53640993020873,1.073,0.984110896627226
39.4987809658051,2,0.325204,-58,11.213286056032,7.52680389535607,1.073,0.982990163361922
39.9261109828949,2,0.552233,-58,11.2185640551837,7.52322658481993,1.073,0.983306843311023
40.5456919670105,2,0.773126,-59,11.2261323768877,7.51811217797769,1.073,0.984646049340111
41.1375617980957,2,0.96334,-58,11.2303104217203,7.51459466107488,1.073,0.988073274754182
41.9587249755859,2,1.29468,-59,11.2183262261562,7.51751901557506,1.073,1.00082645454127
42.6358540058136,2,1.58307,-59,11.2272365608968,7.51169868682705,1.073,0.999129403631034
43.5174148082733,2,1.896,-59,11.2389184753294,7.50409284757852,1.073,0.996453877437862
44.0230958461761,2,2.04326,-60,11.245710698521,7.49967484294399,1.073,0.995683480230815
44.6768448352814,2,2.49118,-60,11.2544899353764,7.49394280809134,1.073,0.996483287609208
45.3197989463806,2,2.70594,-59,11.2621397434026,7.48921130216697,1.073,0.998377921840785
45.8383288383484,2,2.92684,-60,11.2661555133824,7.48741675495726,1.073,0.999112054790213
46.3705208301544,2,3.16614,-59,11.2726111775198,7.48345139384497,1.073,0.998809929772551
47.3193318843842,2,3.66315,-59,11.2860934200732,7.47473916801831,1.073,0.996393949558469
47.9816818237305,2,3.8779,-60,11.2958133243545,7.46843928219339,1.073,0.993599919696939
48.7324910163879,2,4.14175,-60,11.3068202678141,7.46124805323383,1.073,0.991208368846985
49.1927750110626,2,4.35651,-60,11.3136174841058,7.45677414775662,1.073,0.990916979984647
50.0993390083313,2,4.71852,-61,11.3275942484414,7.44926551956829,1.073,0.992279193829898
51.1862058639526,2,5.10509,-60,11.3419569822611,7.43978743515788,1.073,0.993226780048795
51.7888607978821,2,5.27076,-60,11.3504507032301,7.4341034658907,1.073,0.992313554094864
52.5857648849487,2,5.59596,-60,11.3625980774744,7.42611126489976,1.073,0.988312633212787
53.1509528160095,2,5.82913,-59,11.3712715058907,7.42032899607289,1.073,0.985721828240462
53.973338842392,2,6.05616,-59,11.4014168223607,7.3936499284785,1.073,0.971022740093193
54.4488048553467,2,0.0184078,-60,11.4148832881506,7.38192020661011,1.073,0.966323167483821
54.9216759204865,2,0.171806,-59,11.4197713130915,7.37865960644368,1.073,0.968356010797458
55.9245939254761,2,0.546097,-59,11.431582554558,7.37081240985244,1.073,0.971075086335128
56.6213037967682,2,0.803806,-59,11.4398408904555,7.3652759540518,1.073,0.970628462046797
57.2063999176025,2,0.987884,-58,11.4467139524185,7.36067577013696,1.073,0.96830309590268
57.9738898277283,2,1.27627,-58,11.4568209687195,7.35499157625475,1.073,0.9669748072793
58.9682748317719,2,1.55239,-58,11.4699419717664,7.34695707558768,1.073,0.968113359017711
59.5672688484192,2,1.77942,-57,11.4777866606945,7.34157177170434,1.073,0.969430246662663
60.3551108837128,2,1.93895,-57,11.4873976137535,7.3350375567397,1.073,0.970950607403018
61.1203939914703,2,2.19666,-57,11.4963673148131,7.32902299559629,1.073,0.971900242277836
61.7933897972107,2,2.44823,-58,11.5057532695887,7.32313724318287,1.073,0.973117329564955
62.775768995285,2,2.64458,-57,11.5223146122733,7.31336357938538,1.073,0.975111859894581
63.1581590175629,2,2.75503,-57,11.5275150829969,7.30983775565625,1.073,0.974320815815706
64.2805588245392,2,2.99433,-58,11.5415955666258,7.30024616920374,1.073,0.975716998481597
64.8795928955078,2,3.17841,-58,11.5483521703501,7.29559781095285,1.073,0.976657055675453
65.7150309085846,2,3.37476,-58,11.5582387276145,7.28877232559557,1.073,0.976952803646566
66.4490978717804,2,3.57111,-58,11.5640941419623,7.28294274395812,1.073,0.977585705050337
67.5325357913971,2,3.92085,-59,11.5775884485835,7.27346084596931,1.073,0.975950958398833
68.3998467922211,2,4.09266,-58,11.5883368255433,7.26611643648691,1.073,0.973395485290594
68.9963989257813,2,4.24606,-59,11.5958740169934,7.26098952174415,1.073,0.972624339389157
69.4487769603729,2,4.38105,-58,11.6021389345757,7.25671696083442,1.073,0.972399141000387
70.6868498325348,2,4.56513,-59,11.614213223575,7.24668290509664,1.073,0.971981215118391
71.3045790195465,2,4.71852,-59,11.6216930217723,7.24146157023858,1.073,0.97200953668438
72.165846824646,2,4.87806,-59,11.6323664439057,7.2340527016314,1.073,0.97311650410579
73.0656509399414,2,5.10509,-58,11.6445497973796,7.22559268618364,1.073,0.973111758487343
73.8488738536835,2,5.27689,-58,11.6550124496714,7.21835550209638,1.073,0.971749915679915
74.5052919387817,2,5.39961,-59,11.6680957819769,7.20829081016883,1.073,0.968782581877438
75.1374809741974,2,5.42416,-59,11.6771242077507,7.20174554991424,1.073,0.969561730056786
76.1599698066711,2,5.71868,-58,11.6887961894974,7.19364594275078,1.073,0.971483841549424
76.9335398674011,2,5.83526,-58,11.6979443553956,7.18730852318765,1.073,0.972505967578437
77.4769577980042,2,5.97639,-58,11.7043925018629,7.18281994550049,1.073,0.972967567265236
78.6744840145111,2,6.27091,-58,11.7201647625316,7.17398824416287,1.073,0.968835542253247
79.4930038452148,2,0.227029,-58,11.7315370596556,7.16694742015934,1.073,0.96793566319106
80.0495309829712,2,0.355884,-57,11.7388998523514,7.16185924536746,1.073,0.967913462022292
80.7910888195038,2,0.527689,-58,11.7484400678917,7.15523516780982,1.073,0.967816640591135
81.6839168071747,2,0.779262,-58,11.7594832535651,7.14759247631838,1.073,0.968412512139839
82.5732789039612,2,0.96334,-57,11.7701021750265,7.14052552820485,1.073,0.968892584228461
82.9885458946228,2,1.13515,-57,11.7749773534484,7.13743456456619,1.073,0.968723209472977
83.9397099018097,2,1.31309,-57,11.7861856206148,7.12972257605902,1.073,0.96883630498224
84.6980268955231,2,1.5708,-57,11.7955120480831,7.12326936068688,1.073,0.968903392110222
85.416121006012,2,1.73033,-56,11.8045486850031,7.11700119563424,1.073,0.968362404409499
86.1048059463501,2,1.896,-55,11.8127987345092,7.11140116203014,1.073,0.969437410860286
86.86887383461,2,2.05553,-55,11.8238513476902,7.10554833129121,1.073,0.972684872853109
87.7325057983398,2,2.21507,-55,11.8357539709735,7.09791389202453,1.073,0.975333659174877
88.2974259853363,2,2.36233,-55,11.8429632391776,7.09293543848911,1.073,0.976786894185842
88.8116958141327,2,2.43596,-55,11.8494500490664,7.0884473946455,1.073,0.977944313425759
90.1441388130188,2,2.69981,-53,11.8666634010607,7.07649962926064,1.073,0.978156588600738
90.7744510173798,2,2.74889,-53,11.8718879716123,7.07158461683933,1.073,0.975791588503621
91.2996439933777,2,2.8348,-53,11.8763292883348,7.06752336347678,1.073,0.973903768116529
92.2681348323822,2,3.01887,-53,11.8876454672992,7.05960868799956,1.073,0.973209664159268
92.9385240077972,2,3.10478,-53,11.8950975633148,7.05436916143786,1.073,0.973798984825573
93.8169419765472,2,3.20295,-52,11.906119013784,7.04664846265,1.073,0.97616574118942
94.7038090229034,2,3.33794,-52,11.9164360288219,7.03889914005398,1.073,0.975279015242599
95.4408218860626,2,3.40544,-52,11.922424880034,7.03339148349633,1.073,0.972193701039909
95.9960830211639,2,3.49134,-51,11.9293538370224,7.02856892943242,1.073,0.970545302172374
96.6279888153076,2,3.51588,-51,11.9372795464252,7.02319165223607,1.073,0.97009492868486
97.1647038459778,2,3.62019,-51,11.9439872566673,7.01861598107723,1.073,0.970562348850947
97.824667930603,2,3.68155,-51,11.9521784134103,7.01297380159451,1.073,0.972473672467101
98.5033798217773,2,3.73064,-51,11.9605051963045,7.00737446493399,1.073,0.975906346231668
99.4036779403687,2,3.77973,-51,11.9750210846266,6.99858225428162,1.073,0.97328797554331
99.9296088218689,2,3.86563,-51,11.9815189508403,6.99429628798112,1.073,0.973395616963414
100.546754837036,2,3.90245,-51,11.9890936330097,6.98933276816496,1.073,0.972904679602424
101.017012834549,2,3.90245,-51,11.9948199573739,6.98559482813323,1.073,0.972284112640508
102.053030967712,2,3.90858,-51,12.0064245722867,6.97793182557202,1.073,0.973941878852306
102.422091960907,2,3.91472,-51,12.0106232954805,6.97515352150123,1.073,0.974870064681742
103.396741867065,2,3.92085,-51,12.0157510315996,6.97279979368007,1.073,0.9825391231299
103.921439886093,2,3.89631,-51,12.0211077076243,6.96936891962699,1.073,0.983018865326715
104.734891891479,2,3.89018,-52,12.0311311282174,6.96270211251649,1.073,0.981851550313666
104.922213792801,2,3.88404,-52,12.0335621320154,6.96107988498203,1.073,0.981471004719128
105.568993806839,2,3.86563,-52,12.0422962791519,6.95528149284534,1.073,0.979995262220843
106.379570960999,2,3.82882,-52,12.0524090593811,6.94857398786524,1.073,0.979286252949907
107.224303007126,2,3.77973,-52,12.0631647058856,6.94097425963246,1.073,0.980165951318878
107.71099281311,2,3.792,-52,12.0696793911489,6.93626280793023,1.073,0.981095531063758
108.310883998871,2,3.76132,-52,12.0771651522544,6.93124734798954,1.073,0.982631609242607
109.799325942993,2,3.75518,-52,12.0969084086094,6.91802018034217,1.073,0.982017280276299
110.330290794373,2,3.74905,-52,12.1035577184105,6.91353707349973,1.073,0.981217889316343
111.13792181015,2,3.73064,-52,12.1163859876098,6.90489024533794,1.073,0.980907557189449
111.72870182991,2,3.73064,-52,12.1279718183809,6.89708759441128,1.073,0.982090026413605
112.566596984863,2,3.73678,-51,12.1381866401165,6.89020183021269,1.073,0.984519998688951
112.885191917419,2,3.73064,-52,12.1422812454763,6.88743896543107,1.073,0.985121468388891
113.687803983688,2,3.74905,-51,12.1524409186082,6.88059810269528,1.073,0.985784253527866
114.161679983139,2,3.78586,-52,12.1584362889204,6.87656348301088,1.073,0.98556362093034
114.823504924774,2,3.71837,-52,12.1672733206053,6.87058403353434,1.073,0.984374338161526
115.533628940582,2,3.68769,-52,12.1751437044207,6.86582156627704,1.073,0.983286006989425
116.354555845261,2,3.66928,-52,12.1851520212357,6.85920194822813,1.073,0.983733031861419
116.945994853973,2,3.65087,-52,12.1927726643934,6.8539832756401,1.073,0.985101749911565
117.488641023636,2,3.62019,-51,12.199823512317,6.84912689003927,1.073,0.986396150053552
118.072469949722,2,3.66928,-52,12.2071817283113,6.84406356319172,1.073,0.985984527079614
118.872709989548,2,3.62633,-51,12.2173687058219,6.83711635583441,1.073,0.985199848275845
119.669955015183,2,3.58952,-51,12.226395762438,6.82985451079557,1.073,0.983835601930062
120.3448138237,2,3.58952,-51,12.2349173587508,6.82390415248241,1.073,0.983278453777915
120.852953910828,2,3.58338,-51,12.241219602733,6.8196574857716,1.073,0.983187900214837
121.250859975815,2,3.54043,-51,12.2458924691304,6.81653133815178,1.073,0.983350048678824
121.866045951843,2,3.4852,-51,12.2531138412742,6.81163714244893,1.073,0.983405584329582
122.480548858643,2,3.42998,-51,12.2605468500738,6.80659138504758,1.073,0.983512360198474
123.164215803146,2,3.42385,-51,12.2694486935275,6.80056741861801,1.073,0.984660906522326
123.944329977036,2,3.35635,-51,12.2804863497417,6.79268269903803,1.073,0.991193020911942
124.817853927612,2,3.27045,-51,12.2905178588718,6.78601108668193,1.073,0.992867630701746
125.086150884628,2,3.23977,-51,12.293950162969,6.78376906785879,1.073,0.992803707974064
125.732147932053,2,3.17227,-51,12.3021189109118,6.77842409209552,1.073,0.992564487127053
126.450722932816,2,3.08023,-51,12.310743563461,6.77273632839522,1.073,0.991855794816365
127.03084897995,2,2.98819,-51,12.3182953329769,6.76780898571112,1.073,0.990266932418231
127.69379401207,2,2.9207,-51,12.3293544820915,6.76163820297068,1.073,0.990016456436906
128.377595901489,2,2.81025,-51,12.3392590835531,6.75586322575165,1.073,0.990992523959281
128.975862979889,2,2.74276,-50,12.3459780990807,6.75146156943819,1.073,0.992229154402454
129.716719865799,2,2.60163,-50,12.354268420295,6.74608383289375,1.073,0.993271274508892
130.22955083847,2,2.50959,-50,12.3604728964553,6.74201176892836,1.073,0.992376143288098
130.949212789536,2,2.42983,-51,12.3695342358692,6.73605245041309,1.073,0.991413313801033
131.749051809311,2,2.30711,-51,12.3792136464848,6.72930990160127,1.073,0.991591764945364
132.31639790535,2,2.19666,-51,12.385691500952,6.72465674252053,1.073,0.992426702490182
132.911327838898,2,2.10462,-50,12.3927441938891,6.71993515019636,1.073,0.993328704797394
133.493240833282,2,2.01872,-51,12.3993296762293,6.71557547457748,1.073,0.994806403151852
134.044022798538,2,1.91441,-50,12.4054553240124,6.71151549436598,1.073,0.995795301643444
134.935473918915,2,1.8101,-50,12.4159029687136,6.70459894850366,1.073,0.995604615293422
135.486444950104,2,1.71192,-51,12.423305151401,6.6997462666694,1.073,0.994321525578898
136.13822889328,2,1.57693,-51,12.4321727454716,6.69521484474525,1.073,0.992004561550173
136.727774858475,2,1.50944,-51,12.439689192351,6.69042934920135,1.073,0.992173938759055
137.503065824509,2,1.36217,-50,12.4495116142827,6.68381034478639,1.073,0.99380008609777
137.944516897202,2,1.31309,-50,12.4551521290262,6.68003872986668,1.073,0.994896600625377
138.67525601387,2,1.21491,-50,12.4640766704299,6.67409198099076,1.073,0.995816446922529
139.368353843689,2,1.1106,-50,12.4724751561778,6.66853545499314,1.073,0.996844060655474
139.840312004089,2,1.0247,-50,12.4775521247566,6.66434150608814,1.073,0.994793986648136
140.602945804596,2,0.81301,-51,12.4856920450105,6.65717719655385,1.073,0.989538180145176
141.344040870667,2,0.711767,-51,12.4955509864389,6.65067658234822,1.073,0.989291279249857
141.986264944077,2,0.558369,-51,12.5039652799264,6.64508308058228,1.073,0.990170372578973
142.57229590416,2,0.435651,-51,12.5109885230041,6.64044466293271,1.073,0.991972816702408
143.228954792023,2,0.263845,-51,12.518753109481,6.63533440707099,1.073,0.992877405237593
143.970851898193,2,0.0981748,-52,12.5276256293207,6.62983028092611,1.073,0.993327573330228
144.554787874222,2,6.2341,-52,12.5348893183437,6.62555536433542,1.073,0.993368724475331
145.181847810745,2,6.00707,-52,12.5434573099879,6.61997479632648,1.073,0.99114787071199
145.752763986588,2,5.81686,-53,12.5510839230391,6.6150184033853,1.073,0.989880302626756
146.28125,2,5.66346,-53,12.5580137900383,6.61052525809173,1.073,0.990119221012833
147.074881792068,2,5.40575,-53,12.5681373469098,6.60394978523801,1.073,0.993353607974829
147.58456492424,2,5.15418,-53,12.5744909261993,6.59976752624939,1.073,0.995571192202571
148.046438932419,2,5.01305,-53,12.578808801263,6.59730366130478,1.073,0.997729210526257
148.59602689743,2,4.84738,-53,12.5835964208485,6.59470374649811,1.073,0.999981008391845
149.134923934937,2,4.63876,-53,12.5904410402104,6.59027104062567,1.073,0.9982711572884
149.526434898376,2,4.52831,-53,12.5957079640889,6.58686668430631,1.073,0.996757934497106
150.250921010971,2,4.30742,-53,12.6062974447392,6.58003141465381,1.073,0.993303061600277
150.757927894592,2,4.19697,-53,12.6134468534306,6.5753305202664,1.073,0.992288857871742
151.23695397377,2,4.03744,-54,12.6200269234397,6.57100265971816,1.073,0.992320348730512
151.822314023972,2,3.86563,-54,12.6279015845839,6.56580270924389,1.073,0.993617822716862
152.3805539608,2,3.73678,-54,12.6371061649729,6.55917083765926,1.073,0.994680637309606
152.949670791626,2,3.57724,-54,12.6457477519199,6.55308077024438,1.073,0.995998988522216
153.560429811478,2,3.40544,-55,12.6531389039771,6.54824695679897,1.073,0.998009381881773
154.042033910751,2,3.3134,-55,12.6598629208536,6.54393994461669,1.073,0.99795130185116
154.577340841293,2,3.20295,-55,12.6673447361804,6.53913232011946,1.073,0.997632530989474
154.935220003128,2,3.09864,-55,12.6721690027,6.53598761305482,1.073,0.997311359912843
155.441334009171,2,2.96979,-56,12.6790075071357,6.53154264047019,1.073,0.996264167440122
156.030633926392,2,2.82252,-56,12.6869969193384,6.52637092274969,1.073,0.994047818894247
156.509230852127,2,2.71208,-56,12.6918540162685,6.5233343874229,1.073,0.993377075275571
156.756809949875,2,2.62618,-56,12.6943107008555,6.52180345349124,1.073,0.993068791319468
157.351501941681,2,2.51573,-56,12.7019404074544,6.51681981986416,1.073,0.99441523143693
157.628530979156,2,2.4421,-56,12.7057197331956,6.51432814050377,1.073,0.995314242728306
158.25009393692,2,2.25188,-57,12.712861082962,6.50962994000868,1.073,0.997926949736986
158.693633794785,2,2.14144,-57,12.7180567599858,6.50622541322025,1.073,0.999171560091906
159.058055877686,2,2.03713,-57,12.7227227970596,6.50318606797038,1.073,0.999118050492436
159.572908878326,2,1.90214,-58,12.7291865448804,6.49896562655847,1.073,0.998871554997301
159.782413005829,2,1.85305,-58,12.7317202400587,6.4973035225215,1.073,0.998642762322701
