21.3330860137939,2,6.25864,-67,8.10009839861316,9.21471496489845,1.073,0.295356387997451
21.941064119339,2,0.128854,-66,8.10226262217026,9.20688489422147,1.073,0.301081082643121
22.0734720230103,2,0.208621,-66,8.10275206194712,9.20514634366273,1.073,0.302046356148997
23.2277410030365,2,0.355884,-65,8.10697207396813,9.18827773159582,1.073,0.303471666837988
23.9282991886139,2,0.539961,-64,8.11006611973195,9.17850035858951,1.073,0.303642534814792
24.3849611282349,2,0.564505,-64,8.112257684394,9.17160845625171,1.073,0.304961713559085
25.1715421676636,2,0.76699,-64,8.1151205289508,9.16283857187159,1.073,0.31390630228454
25.8472421169281,2,0.840621,-63,8.11840333761609,9.15458640491841,1.073,0.325004722710195
26.3828830718994,2,1.00016,-62,8.12476351953338,9.14665911087005,1.073,0.332075838423529
26.6459600925446,2,1.15355,-62,8.12662614599157,9.14318947872918,1.073,0.336162733602222
27.3940560817719,2,1.20264,-61,8.13002188094993,9.13384775170734,1.073,0.348129501474032
28.553699016571,2,1.40513,-62,8.13553758899353,9.11920852897897,1.073,0.365075174444822
28.9213240146637,2,1.57693,-62,8.13718600441812,9.11503827807141,1.073,0.371073428586854
29.8399879932404,2,1.67511,-61,8.14515764100168,9.10280444956751,1.073,0.385034851697833
30.2674670219421,2,1.70579,-61,8.149226069411,9.09690018860077,1.073,0.390327553382681
31.0879280567169,2,1.87146,-61,8.1536542370321,9.0868789682988,1.073,0.400290052306501
31.5714001655579,2,2.01872,-61,8.15660483229015,9.08020293536465,1.073,0.407609805240701
32.3886120319366,2,2.20893,-61,8.1623011795418,9.06750744432609,1.073,0.420631211849534
33.0223531723022,2,2.42369,-61,8.16605722749138,9.05950681737041,1.073,0.430399842110411
33.5514822006226,2,2.54027,-60,8.17056096997072,9.05158474139735,1.073,0.439759732583911
33.9202220439911,2,2.71208,-61,8.17306519891466,9.04647449021051,1.073,0.445650074465017
34.597382068634,2,2.88388,-61,8.17670124012114,9.03746047763353,1.073,0.45525330163362
35.7129590511322,2,3.16,-60,8.18316155024115,9.02185935646116,1.073,0.472059142481617
36.2868440151215,2,3.32567,-60,8.18621555268503,9.01467784018006,1.073,0.481116205813205
36.9927852153778,2,3.50361,-59,8.19223392868169,9.00445790115599,1.073,0.491864568008141
37.3139290809631,2,3.6386,-59,8.1964907187128,8.9992000167859,1.073,0.497001379857747
38.2884430885315,2,3.92085,-59,8.20404054783874,8.98577380284222,1.073,0.511814562943233
38.6222910881042,2,3.98221,-58,8.20602436268183,8.98187072244595,1.073,0.516947952805099
39.3096590042114,2,4.25833,-58,8.20823826002527,8.97611706381857,1.073,0.524369202115331
39.9728980064392,2,4.36878,-58,8.20887539456507,8.97254133467654,1.073,0.52927200333076
40.7363212108612,2,4.52831,-58,8.21520563596457,8.96308000181008,1.073,0.544542978197309
41.1577091217041,2,4.62649,-58,8.22080013735087,8.95750179508802,1.073,0.554719539165618
41.9720351696014,2,4.82284,-57,8.22778581135238,8.94769022657186,1.073,0.568420711623332
42.341315984726,2,4.91487,-57,8.23007414337833,8.94388468189259,1.073,0.57389984416616
43.1631531715393,2,5.11122,-57,8.23472141042431,8.9362228059929,1.073,0.585723446204571
43.7769010066986,2,5.21553,-57,8.23843817072027,8.9301613844079,1.073,0.593096791725973
44.5099542140961,2,5.34439,-57,8.24415917835809,8.92132814861511,1.073,0.603285677488616
44.9195601940155,2,5.47324,-57,8.25067950516448,8.91401149030501,1.073,0.608102261025472
45.9586791992188,2,5.70027,-57,8.26320622992989,8.89847482274714,1.073,0.622136940462546
46.1710641384125,2,5.7555,-57,8.2650145718929,8.89586134417754,1.073,0.625322503317454
47.2714850902557,2,5.98253,-57,8.27349192112295,8.88397341757728,1.073,0.64099526708946
47.8560190200806,2,6.14206,-57,8.27839819136288,8.8773005892597,1.073,0.649290099984929
48.6336259841919,2,0.0859029,-58,8.28505550379911,8.86857169445293,1.073,0.659745941186049
49.183876991272,2,0.190214,-57,8.28412940901833,8.86925274384686,1.073,0.668729837339043
49.7322452068329,2,0.306796,-57,8.28478855735256,8.8680727944829,1.073,0.677588861234063
50.4394800662994,2,0.509282,-57,8.29000124435318,8.86139162880077,1.073,0.688536399160503
51.142373085022,2,0.687223,-57,8.29636169781367,8.85345345246891,1.073,0.699173225032032
51.5162801742554,2,0.773126,-58,8.29932136723276,8.84974918056222,1.073,0.70468441518149
51.9919130802155,2,0.944932,-57,8.30286380329291,8.84530925697565,1.073,0.711617770289982
52.7444081306458,2,1.1106,-57,8.3088652495308,8.83797070943093,1.073,0.72247530792371
53.2650911808014,2,1.24559,-57,8.31319654288511,8.83377165912467,1.073,0.729154290308179
53.9649341106415,2,1.46649,-57,8.31923309712852,8.82944770731649,1.073,0.737017529817561
54.9728901386261,2,1.66897,-58,8.32929188010308,8.81805479181376,1.073,0.753309397278771
55.6995761394501,2,1.88373,-57,8.33699083182575,8.8096259700501,1.073,0.7638524877418
56.2385790348053,2,1.9635,-58,8.34225407073669,8.80401189002122,1.073,0.773357296926027
56.8078701496124,2,2.15371,-58,8.34778319560303,8.79815256874975,1.073,0.783092469116421
57.3690760135651,2,2.35619,-59,8.35335165617045,8.79233609615282,1.073,0.79032201977675
58.0371360778809,2,2.56482,-59,8.35828201062062,8.78490531802496,1.073,0.801720873428613
58.9972450733185,2,2.81639,-59,8.36531465904951,8.7741510286564,1.073,0.819024201250072
59.578850030899,2,3.03728,-60,8.37138017602335,8.76811509710391,1.073,0.827366526830911
60.0324921607971,2,3.17841,-60,8.37621113354438,8.76341139884889,1.073,0.83367809696603
60.6983540058136,2,3.33181,-61,8.38325634418344,8.7566111395324,1.073,0.84286425299213
61.0640480518341,2,3.46066,-60,8.38707163744935,8.7529990035224,1.073,0.847817226891112
61.854907989502,2,3.72451,-61,8.39548952126383,8.74514490730976,1.073,0.858974125327606
62.2998731136322,2,3.77359,-62,8.40032873124685,8.74071586220971,1.073,0.865500451038125
62.6844530105591,2,4.08039,-63,8.40569519799509,8.7370857304601,1.073,0.873497805767149
63.5966720581055,2,4.49763,-63,8.41785080205673,8.72773423815176,1.073,0.88934127414557
64.1190249919891,2,4.67557,-64,8.42422170268632,8.72200908696834,1.073,0.896278802325749
66.6469011306763,2,0.0674952,-65,8.45064468741069,8.69910702980144,1.073,0.932297291910058
67.4278650283813,2,0.619728,-65,8.45991663784887,8.69351711352765,1.073,0.948623056950811
67.9157981872559,2,0.920388,-65,8.46643937753279,8.68873482747291,1.073,0.955001034164152
68.43825507164,2,1.14742,-63,8.47349173436798,8.68339483989426,1.073,0.961146858239072
68.823399066925,2,1.3315,-62,8.4783232299075,8.67977588184535,1.073,0.966506273947585
69.5879600048065,2,1.52784,-62,8.48687560211199,8.67354266953287,1.073,0.976827709117013
69.8751330375671,2,1.60148,-62,8.48976452781964,8.67149747212769,1.073,0.980605586964136
70.4855542182922,2,1.79169,-62,8.49691733142773,8.66658913258949,1.073,0.988921988876024
71.4423561096191,2,2.12303,-62,8.51083614566641,8.65624740732536,1.073,1.00279025741847
71.8846621513367,2,2.24575,-62,8.51666316309458,8.65208603463316,1.073,1.00970355273209
72.6253800392151,2,2.3746,-62,8.52563475266479,8.64621880223055,1.073,1.02126228932262
73.4104511737823,2,2.6139,-62,8.53657453264531,8.63933452078946,1.073,1.03277517681127
74.5256321430206,2,2.87161,-62,8.54903972513599,8.63175448514047,1.073,1.05184257937659
75.4160120487213,2,3.04955,-63,8.56330276736168,8.62112204984878,1.073,1.0613820240225
76.0382990837097,2,3.25818,-64,8.57154922491562,8.61558639911065,1.073,1.07034734460338
76.6735541820526,2,3.43612,-64,8.57851681596189,8.61179302695406,1.073,1.08040153108448
76.8607699871063,2,3.38089,-65,8.58085586512461,8.61055617366545,1.073,1.08267574519578
77.4579679965973,2,3.39317,-65,8.58798179361881,8.60688283172081,1.073,1.09035174346613
128.046519041061,2,3.73064,-65,9.27866179504141,8.5181271549283,1.073,1.55806575454958
128.579511165619,2,4.00062,-64,9.28772998443932,8.51781725803604,1.073,1.5488359277216
129.335720062256,2,4.38719,-63,9.30010032197818,8.51742506865501,1.073,1.53616618685978
129.444453001022,2,4.62035,-65,9.30185101639634,8.51736453932672,1.073,1.53432857853433
130.342365026474,2,4.96396,-64,9.31747772449815,8.51662988697601,1.073,1.52120446764264
130.883666992188,2,5.26462,-64,9.32709744721793,8.51608836470755,1.073,1.51250533154969
131.367171049118,2,5.51619,-64,9.33688779376267,8.51517073532739,1.073,1.50427426500432
131.964686155319,2,5.90276,-63,9.3477987238492,8.51426386209091,1.073,1.49512684506919
132.563750982285,2,6.07456,-63,9.35775879946436,8.51346567931127,1.073,1.48699998134299
132.953907012939,2,0.227029,-63,9.36406638982728,8.51292956179067,1.073,1.48194176139846
133.73633313179,2,0.484738,-63,9.37735957131872,8.51162787401414,1.073,1.46964989500044
134.379224061966,2,0.846757,-63,9.38862145382297,8.51049891240304,1.073,1.46005042938108
134.422713041306,2,0.877437,-63,9.38915444708257,8.51048539445805,1.073,1.45949941219483
135.478116989136,2,1.49103,-64,9.40522730337317,8.50920530943435,1.073,1.44476978776332
136.028939008713,2,2.00031,-63,9.41468980133773,8.50798526961284,1.073,1.43595767940421
136.544489145279,2,2.45437,-63,9.42288770975833,8.50687226705469,1.073,1.42814715987404
137.093332052231,2,2.85934,-63,9.43115660421646,8.50570837416511,1.073,1.42076629634695
137.588791131973,2,3.22136,-63,9.43934284975415,8.50450659373212,1.073,1.41233262542599
138.193328142166,2,3.68769,-62,9.44664952602167,8.50247689287101,1.073,1.40125182646367
138.741189002991,2,4.06812,-62,9.45448156081898,8.50070130793756,1.073,1.39215620971971
139.424545049667,2,4.54672,-62,9.46657231042768,8.49866527633914,1.073,1.3821051302464
139.831015110016,2,4.78602,-62,9.47390226405967,8.4973942867545,1.073,1.37615063109642
141.109503030777,2,5.97639,-62,9.49600957559912,8.49327268632975,1.073,1.35693282023843
141.599330186844,2,0.0859029,-62,9.52028941781528,8.48986262947817,1.073,1.35261114011429
142.23074221611,2,0.607456,-62,9.54621262376086,8.48603947384751,1.073,1.34541462541565
142.473649024963,2,0.730175,-62,9.55003581107379,8.48525958522973,1.073,1.34133494140177
143.144582033157,2,1.1106,-62,9.5604980588547,8.4829980311064,1.073,1.33171198927774
143.89342212677,2,1.6567,-62,9.57196556078382,8.48033918243881,1.073,1.32068688065751
144.306544065475,2,2.01872,-62,9.57817340792747,8.47882201408442,1.073,1.31422701188506
144.899466991425,2,2.56482,-62,9.58805379673229,8.47670216185364,1.073,1.30551425445245
145.423942089081,2,3.04955,-63,9.59940836495462,8.4750255479566,1.073,1.29954880232773
145.943229198456,2,3.56497,-62,9.60708392720587,8.47304056234394,1.073,1.29251210430798
146.541630983353,2,4.13561,-61,9.61642181771558,8.47051075383784,1.073,1.28342487368191
146.96090221405,2,4.53445,-61,9.62300834500515,8.4686967614606,1.073,1.27675976895128
147.432975053787,2,5.01919,-60,9.62952705014007,8.46682962735509,1.073,1.26941484071044
148.686804056168,2,6.04388,-58,9.64905432694086,8.46067942109,1.073,1.25364591309139
149.249970197678,2,0.0613592,-57,9.65732391486392,8.45782019835121,1.073,1.24757766461258
149.645443201065,2,0.349748,-56,9.66311154221912,8.45585829077318,1.073,1.24182818546029
150.657751083374,2,0.93266,-54,9.67729601829795,8.45083370228591,1.073,1.22730395758551
151.098658084869,2,1.12901,-53,9.68405688904882,8.44839177053223,1.073,1.2202636618081
151.889837026596,2,1.56466,-53,9.6941806060849,8.44459756907375,1.073,1.20836416630393
152.511224031448,2,1.84691,-51,9.7032276357089,8.44060648948352,1.073,1.20001017967476
153.217995166779,2,2.1353,-51,9.71266806221133,8.43667085980586,1.073,1.18935026118351
153.749848127365,2,2.31938,-50,9.72030461481603,8.43347746613944,1.073,1.18052360655259
154.270537137985,2,2.50346,-49,9.72800492318066,8.43021493049491,1.073,1.1723268819409
155.011825084686,2,2.79185,-49,9.73881246647923,8.42551909026475,1.073,1.16218700885525
155.78569316864,2,3.05569,-49,9.74894910692863,8.42004679886675,1.073,1.14972272338772
156.30850315094,2,3.27658,-48,9.75451269543428,8.41511686061643,1.073,1.14086554619223
156.912988185883,2,3.52816,-47,9.76313873628267,8.41087428981468,1.073,1.13188831043287
157.628905057907,2,3.85336,-47,9.77298563624086,8.40610008855533,1.073,1.12021479124905
158.135392189026,2,4.04971,-46,9.78034292836203,8.40245660073486,1.073,1.11127758210016
158.68897819519,2,4.25833,-45,9.78870522635865,8.39826301339203,1.073,1.10144352887919
159.364132165909,2,4.48536,-45,9.79851025514934,8.39327125550838,1.073,1.09138167349316
160.214870214462,2,4.79216,-45,9.81180017544246,8.38392511196945,1.073,1.08173546355372
160.833631038666,2,4.9701,-44,9.82135408688707,8.37879673913257,1.073,1.07154050550451
161.345219135284,2,5.1419,-43,9.82819826999326,8.3750080093934,1.073,1.06471923218353
162.05983710289,2,5.41802,-44,9.83771565467636,8.36961475731834,1.073,1.0551200400712
162.470198154449,2,5.58983,-43,9.84350411084283,8.36629535944588,1.073,1.0490191097223
163.029949188232,2,5.74322,-43,9.85195543163728,8.36127726793208,1.073,1.04158827680463
163.611971139908,2,5.93344,-43,9.86352457730522,8.35690780383118,1.073,1.03065282226125
164.085780143738,2,6.06843,-42,9.87506174141158,8.3540738030071,1.073,1.01912749114371
164.622242212296,2,6.22183,-43,9.88201061108916,8.34988072037176,1.073,1.01030635140513
165.087306022644,2,0.0736311,-42,9.88769366591236,8.34619316389872,1.073,1.00319396337143
165.62020611763,2,0.202485,-42,9.89415758980974,8.34196598400702,1.073,0.99583667326702
166.213356018066,2,0.362019,-42,9.90244611397435,8.33644787357493,1.073,0.988357318800376
166.698574066162,2,0.447922,-41,9.90924784740289,8.33184574610553,1.073,0.981957169741004
167.24600315094,2,0.546097,-41,9.91626159442944,8.32692021298575,1.073,0.973390852247901
167.953128099442,2,0.730175,-42,9.92780419555441,8.31856900997199,1.073,0.963085590416544
168.509182214737,2,0.840621,-41,9.93425499369177,8.31305617191446,1.073,0.955411174061758
169.057059049606,2,0.883573,-41,9.93773817172282,8.30896778365251,1.073,0.948095856355874
169.742825031281,2,0.938796,-41,9.94596254886015,8.30287299264321,1.073,0.937954628882233
170.314674139023,2,1.03697,-41,9.95368560444452,8.29714882761978,1.073,0.929523663573951
170.894595146179,2,1.14128,-41,9.96166441618107,8.29116551985891,1.073,0.920786520901319
171.462615013123,2,1.21491,-40,9.96865450902925,8.28571869426292,1.073,0.911462074226288
171.807329177856,2,1.24559,-41,9.97188550593062,8.28312091378973,1.073,0.905898153734192
172.437630176544,2,1.30695,-40,9.97561320079289,8.27989696147642,1.073,0.895929088690364
172.995023012161,2,1.33763,-40,9.98220840699373,8.27466031963927,1.073,0.887217432493735
173.65367603302,2,1.38672,-41,9.99117388351316,8.26750836006232,1.073,0.877270511406188
174.169756174088,2,1.42353,-41,9.99886160857692,8.26125277454099,1.073,0.869957434046727
174.650249004364,2,1.42353,-41,10.0053648394385,8.25583860950787,1.073,0.863632787380359
175.237040996552,2,1.46649,-41,10.0129178231559,8.24946895166631,1.073,0.856159849867385
175.73325920105,2,1.4174,-41,10.0192419451926,8.24404521310597,1.073,0.847939563104686
176.300276994705,2,1.39285,-41,10.025819332165,8.23813882203557,1.073,0.839112588884096
176.811102151871,2,1.38058,-41,10.0300680322535,8.23357008999239,1.073,0.832623113333393
177.396190166473,2,1.36831,-41,10.0364957468429,8.22738383796795,1.073,0.824675600498257
177.942335128784,2,1.32536,-41,10.0437304239095,8.22085540318641,1.073,0.816850091471202
178.446427106857,2,1.25173,-41,10.049578528619,8.21547126791327,1.073,0.809573746593097
178.851981163025,2,1.20878,-41,10.0541417622956,8.21124921058629,1.073,0.803710631024273
179.291612148285,2,1.16583,-41,10.0593827130389,8.20628033493694,1.073,0.797191110977171
179.715533018112,2,1.07379,-41,10.0645550025629,8.20133098892688,1.073,0.790838558490208
180.068946123123,2,1.04311,-42,10.0689240132029,8.19710328367279,1.073,0.78557204254598
180.516830205917,2,0.975612,-42,10.0745755035958,8.19154127521113,1.073,0.778956973041109
180.916005134583,2,0.938796,-42,10.0795446106875,8.18668347786219,1.073,0.773183863694175
181.335969209671,2,0.82835,-43,10.0839730313666,8.18274451420554,1.073,0.768555931009771
181.806663036346,2,0.754719,-43,10.088995395446,8.17823830924119,1.073,0.763220823846351
182.173600196838,2,0.632,-43,10.0938305688533,8.17330009115476,1.073,0.756752392274223
182.524703025818,2,0.570641,-43,10.0984570914427,8.16857497054299,1.073,0.750563091029865
182.919703006744,2,0.484738,-43,10.1034604670747,8.16338552717181,1.073,0.744161179737304
183.273451089859,2,0.362019,-44,10.1077816416996,8.15883819761332,1.073,0.738872385074958
183.538614988327,2,0.306796,-44,10.1110207250026,8.15542959219352,1.073,0.73490798928653
183.965270996094,2,0.122718,-45,10.116104299756,8.14994946278722,1.073,0.728359406895785
184.386985063553,2,6.27705,-45,10.1211131465328,8.14453335463698,1.073,0.721865694513754
184.716903209686,2,6.17887,-46,10.1251620261733,8.14002825127093,1.073,0.716617393965417
185.007839202881,2,6.10524,-46,10.128782434781,8.13595280048047,1.073,0.711924812973765
185.424741029739,2,5.97639,-46,10.1338924856624,8.13006422304239,1.073,0.705265204282804
185.825046062469,2,5.86594,-47,10.1383703066074,8.12414253330293,1.073,0.699226999814674
186.130247116089,2,5.74322,-47,10.1417842923397,8.11962771135486,1.073,0.694623344564391
186.565628051758,2,5.57142,-48,10.1463205552881,8.11399429308328,1.073,0.688541917835917
187.088693141937,2,5.38734,-49,10.151636951674,8.10754890915027,1.073,0.681429893636984
187.564680099487,2,5.2094,-49,10.1566870815935,8.10133318585524,1.073,0.674860233793858
187.930222034454,2,5.06214,-50,10.1605747826728,8.09654424498027,1.073,0.669810640232891
188.337623119354,2,4.85965,-50,10.165125449721,8.09077666640652,1.073,0.664400348304523
188.750321149826,2,4.7308,-52,10.1697418487078,8.08492112874433,1.073,0.658926270979658
189.171120166779,2,4.52218,-52,10.1741290707897,8.07913398120364,1.073,0.652655932838693
189.565706014633,2,4.36878,-53,10.1782106611514,8.07372587397446,1.073,0.646706551069503
190.001913070679,2,4.17856,-54,10.1812466889541,8.07024908255163,1.073,0.640663160795693
190.210446119308,2,4.07425,-54,10.1825484710682,8.06884055430419,1.073,0.637828139707636
190.69370007515,2,3.86563,-56,10.1863684012216,8.06400889370263,1.073,0.633275716102929
191.169659137726,2,3.73064,-56,10.1908642692588,8.0578184292513,1.073,0.630634681827697
191.443361997604,2,3.59565,-56,10.1930477976826,8.05477885342175,1.073,0.63316854071387
191.880928039551,2,3.29499,-58,10.1961741782273,8.05039132275902,1.073,0.640894409924331
192.23130607605,2,3.19682,-58,10.1988417487127,8.0467271323508,1.073,0.646764531153957
192.629059076309,2,3.04955,-58,10.2021608329074,8.04230012850237,1.073,0.652867906259037
192.975638151169,2,2.84093,-58,10.2050787476509,8.03841652773414,1.073,0.658119315722228
193.242000102997,2,2.74889,-58,10.2075286757609,8.03522195042229,1.073,0.661620134047819
193.785312175751,2,2.47278,-59,10.2124450677268,8.02875861833226,1.073,0.66889315839078
194.121017217636,2,2.35006,-59,10.2135501959499,8.0260273728666,1.073,0.67654775009033
194.21896314621,2,2.27643,-59,10.2138726302196,8.02523049960014,1.073,0.678781068028164
194.797217130661,2,2.09235,-60,10.2167587672795,8.02000953457904,1.073,0.69070604021038
194.954419136047,2,2.02485,-60,10.2181586949279,8.01826680413466,1.073,0.693158785241586
195.317843198776,2,1.87146,-60,10.2213950874425,8.01423791037605,1.073,0.698829110896071
195.718080997467,2,1.83464,-61,10.2251725948306,8.00959926271182,1.073,0.704840663172587
196.209950208664,2,1.64443,-61,10.230029630431,8.00369565158327,1.073,0.711993804531186
196.531195163727,2,1.5033,-62,10.2328582703751,8.00029257501021,1.073,0.71694041523758
196.872605085373,2,1.40513,-62,10.2355867863016,7.99704174317785,1.073,0.722419665005867
197.260951042175,2,1.264,-62,10.2387360552401,7.99330332903242,1.073,0.728566029848885
197.560357093811,2,1.15969,-63,10.241504967147,7.99011737113455,1.073,0.732661284743352
197.933817148209,2,1.07379,-63,10.2449587316442,7.98614341000937,1.073,0.737769445073793
198.074563980103,2,0.96334,-63,10.2462603605744,7.98464573326496,1.073,0.7396945703311
198.529569149017,2,0.809942,-64,10.2511199735783,7.98004056084264,1.073,0.746064491370461
207.29159116745,2,0.521553,-63,10.3408447519795,7.89449014997671,1.073,0.877964509184327
207.315523147583,2,0.429515,-63,10.341152894631,7.89421813439472,1.073,0.87830386456128
207.812826156616,2,0.355884,-62,10.3494141619469,7.88674479511169,1.073,0.8840967491769
208.148960113525,2,0.282252,-62,10.3550484793299,7.88164405877885,1.073,0.887978084899958
208.705011129379,2,0.19635,-61,10.3609812893945,7.87652611481632,1.073,0.896546689355202
209.054014205933,2,0.177942,-61,10.3643127724765,7.87369822801412,1.073,0.902173409328072
209.379764080048,2,0.0859029,-60,10.367794297606,7.87086067378318,1.073,0.907061139415807
209.87398815155,2,6.25251,-60,10.3732677569097,7.86645369263246,1.073,0.914289491341635
210.199817180634,2,6.1666,-59,10.3769187829364,7.86355065586826,1.073,0.919144892506564
210.566960096359,2,6.12365,-59,10.3810681005421,7.86028149654258,1.073,0.924690727916493
211.121797084808,2,5.91503,-59,10.3874166684834,7.85532350028148,1.073,0.933070906398332
211.556267023087,2,5.78004,-58,10.3924720384528,7.85142218446671,1.073,0.939632163846492
211.722953081131,2,5.74322,-58,10.3944115505293,7.84992542969255,1.073,0.942149415429381
212.286661148071,2,5.60823,-58,10.3956941123238,7.8490076854185,1.073,0.948766238892855
212.560140132904,2,5.54074,-59,10.3962406146243,7.84862191908873,1.073,0.951949132585379
213.253340005875,2,5.33825,-58,10.4038506723506,7.8430687876039,1.073,0.962708700485176
213.674045085907,2,5.19099,-58,10.4087570244753,7.83951548832321,1.073,0.96907642387706
214.02605509758,2,5.09282,-57,10.4129430608623,7.83650237104272,1.073,0.974243899290154
214.525950193405,2,4.93328,-58,10.418578845105,7.83251133406053,1.073,0.981815199300089
214.841613054276,2,4.86579,-58,10.4219167343299,7.8301970641979,1.073,0.986762692884613
215.530930995941,2,4.62649,-58,10.4295680001121,7.82494235360778,1.073,0.997058475087244
216.105516195297,2,4.47922,-57,10.4358512415832,7.82031532139245,1.073,1.00494433167384
216.531980991364,2,4.31355,-57,10.4397378462179,7.81660441258377,1.073,1.00992770419167
216.799899101257,2,4.19084,-57,10.442264080738,7.81429851787785,1.073,1.01317293344846
217.519917011261,2,3.99449,-57,10.4508108355221,7.80862975194965,1.073,1.02427499348938
217.814583063126,2,3.92085,-57,10.4545893563953,7.8061392567243,1.073,1.02858563041599
218.405182123184,2,3.77359,-57,10.4623232655779,7.80105866448741,1.073,1.0370574237287
218.803371191025,2,3.55884,-57,10.4671991577466,7.79793296098136,1.073,1.04267239849982
219.471573114395,2,3.36249,-56,10.4753351716233,7.79278153195492,1.073,1.05293810271339
219.783551216125,2,3.25204,-57,10.4791110364035,7.79042258962835,1.073,1.05814646052354
220.398797988892,2,3.04342,-56,10.485405271522,7.78749861693262,1.073,1.06811587463558
220.700563192368,2,2.90229,-56,10.488286513618,7.78637337508702,1.073,1.0729516890724
221.430541038513,2,2.66299,-56,10.4979868020443,7.78065265032365,1.073,1.08332587369682
221.881009101868,2,2.55254,-56,10.5037689725788,7.77725544548809,1.073,1.09035234821092
222.231079101563,2,2.45437,-56,10.508226847871,7.77464190683642,1.073,1.09590283999624
222.667119026184,2,2.30711,-55,10.5143873990505,7.7711778688635,1.073,1.10260541362117
223.133143186569,2,2.21507,-55,10.521043392818,7.7674716682458,1.073,1.10970597759421
223.526015043259,2,2.10462,-55,10.5264620490668,7.76449393939133,1.073,1.11561079365596
224.123674154282,2,1.92668,-54,10.5330171464021,7.76044082174663,1.073,1.12535054631282
224.458566188812,2,1.81623,-55,10.535736791153,7.75843898487266,1.073,1.13123567921623
225.088876008987,2,1.71192,-54,10.5432472180471,7.75438819078845,1.073,1.14085612077299
225.385501146317,2,1.58307,-54,10.5470929323031,7.75243802214448,1.073,1.14537537831644
225.591130018234,2,1.55852,-54,10.5499025372606,7.75104912309002,1.073,1.14893774535688
226.173755168915,2,1.41126,-54,10.5578201796992,7.7471468114102,1.073,1.15883064829896
226.553031206131,2,1.32536,-54,10.5627708393444,7.74476241207085,1.073,1.1643218391504
227.032412052155,2,1.23946,-54,10.5689366653153,7.74182786143553,1.073,1.17127305704131
227.624448060989,2,1.09833,-53,10.5761455013761,7.73847452438074,1.073,1.1799495959696
227.95423913002,2,1.01856,-53,10.5786934994223,7.73732792525997,1.073,1.18525646086575
228.286239147186,2,0.951068,-54,10.5812585640177,7.73617364619202,1.073,1.19059887126454
228.663539171219,2,0.877437,-54,10.5859037408304,7.73412102981918,1.073,1.19663421546024
229.112100124359,2,0.717903,-54,10.5916788436509,7.73157739519705,1.073,1.20374162636176
229.520763158798,2,0.619728,-54,10.5966903011978,7.72942641004768,1.073,1.20945130945459
230.058382987976,2,0.472466,-54,10.6036495047559,7.72649331162525,1.073,1.21762624507821
230.684202194214,2,0.306796,-54,10.6121039450021,7.72300447465133,1.073,1.22791098390472
230.934283018112,2,0.214757,-54,10.6152743821273,7.72170873078275,1.073,1.23184646129281
231.327417135239,2,0.079767,-54,10.6200156187967,7.71974158364244,1.073,1.23814786272764
231.675641059875,2,0.0184078,-54,10.6225108783631,7.71848915528316,1.073,1.24453476750237
232.07457113266,2,6.19728,-54,10.6257571232283,7.71696519540824,1.073,1.25167945010889
232.45257806778,2,6.09911,-54,10.6307022959791,7.71509123520792,1.073,1.25761886285489
232.971366167068,2,5.9273,-54,10.6376705140129,7.71249305930457,1.073,1.26552607052086
233.224078178406,2,5.85981,-54,10.6411705908465,7.71121210334998,1.073,1.26923543029923
233.591667175293,2,5.73709,-54,10.6463277084699,7.70935584661858,1.073,1.27418231490465
233.983411073685,2,5.6021,-54,10.6519190066837,7.70738770964735,1.073,1.27880631852738
234.486937999725,2,5.47938,-54,10.6587865024638,7.70501595998146,1.073,1.28571683825179
234.820269107819,2,5.34439,-54,10.6632406494719,7.70349144780961,1.073,1.2905704809194
235.207833051682,2,5.20326,-54,10.6690315794418,7.70170584890594,1.073,1.29479768653854
235.592206001282,2,5.10509,-54,10.6747998558525,7.69993739474279,1.073,1.29897391439216
235.883010149002,2,4.98851,-53,10.6787247605313,7.69863576819115,1.073,1.3035276048205
236.145587205887,2,4.85965,-54,10.6822686918239,7.69746048485434,1.073,1.30763928837114
236.718616008759,2,4.67557,-54,10.6906467518862,7.69477545868753,1.073,1.31636973023207
236.900237083435,2,4.64489,-54,10.6933701124226,7.69391176434598,1.073,1.31911124650541
237.308198213577,2,4.48536,-53,10.6987544437716,7.69220988910132,1.073,1.32424933270285
237.861310005188,2,4.32583,-53,10.7060242298794,7.68996007718733,1.073,1.33117749912364
238.067535161972,2,4.21538,-53,10.7089385665414,7.68909460751195,1.073,1.33404767916956
238.223795175552,2,4.23992,-53,10.7111468048256,7.68843882765784,1.073,1.33622245929798
238.683552026749,2,4.14175,-54,10.7180252839293,7.68598241204533,1.073,1.34337235676733
238.967590093613,2,4.0313,-54,10.7224085731331,7.68427997382779,1.073,1.3480530834528
239.470956087112,2,3.90858,-54,10.729532529606,7.68199802136348,1.073,1.35471270515655
239.702033042908,2,3.792,-54,10.7326791789856,7.68109164953132,1.073,1.35745576255049
240.089124202728,2,3.67542,-54,10.7381025017498,7.67958961820788,1.073,1.36243384506396
240.632725000381,2,3.5527,-53,10.7458831962391,7.67748115791393,1.073,1.36988529151159
241.092215061188,2,3.4668,-53,10.7527033058464,7.67568432134431,1.073,1.37690869284762
241.415743112564,2,3.36862,-53,10.7573947154775,7.67447650028562,1.073,1.38159531266088
241.864961147308,2,3.27045,-54,10.7638391625117,7.67283549160784,1.073,1.38794010329763
242.305993080139,2,3.17841,-54,10.7702396780928,7.67084693692011,1.073,1.39180380685566
242.545446157455,2,3.12932,-54,10.7737134063409,7.66976719956435,1.073,1.39389650469521
243.005215167999,2,3.01274,-54,10.7796185994011,7.66853367034733,1.073,1.40116645348491
243.502550125122,2,2.85934,-54,10.7862266957961,7.66722874453822,1.073,1.40903406837283
243.746187210083,2,2.79798,-54,10.7895645378696,7.66660289914946,1.073,1.4128899713514
244.30940413475,2,2.6139,-54,10.7926228139865,7.66753728270592,1.073,1.42485744159698
244.661769151688,2,2.52186,-54,10.793410676218,7.66868647165895,1.073,1.43306838665879
245.125860214233,2,2.39915,-54,10.7993059612686,7.66760677338563,1.073,1.4405534114984
245.479671001434,2,2.30097,-55,10.804002227935,7.66735673976533,1.073,1.4463739093788
246.15408706665,2,2.10462,-54,10.8136377697251,7.66774977904319,1.073,1.45743968134242
246.575714111328,2,2.00645,-54,10.8201901596305,7.66672011777235,1.073,1.46358020673944
247.095549106598,2,1.85305,-55,10.8281500869669,7.66552717163207,1.073,1.47109115019976
247.286425113678,2,1.79783,-55,10.8310593667752,7.66509784101958,1.073,1.47384225557188
