1.88775014877319,2,3.25204,-55,8.03121670304574,9.48022693069024,1.073,0.295586193639167
2.34906005859375,2,3.36862,-55,8.03291292048165,9.47451756113241,1.073,0.29492921666852
2.84301400184631,2,3.50361,-55,8.03443238346778,9.46920159601311,1.073,0.295098443959231
3.24046421051025,2,3.65087,-55,8.03545083989384,9.46547273135642,1.073,0.295834908417858
4.16789317131042,2,3.77359,-56,8.03863295137756,9.45376994452473,1.073,0.296917399328703
4.42338705062866,2,3.90858,-56,8.03935130538892,9.45091476081458,1.073,0.296567338490677
4.92040109634399,2,4.00062,-56,8.0385735728058,9.44815693119861,1.073,0.297952104953454
5.40924620628357,2,4.12948,-56,8.03509640186769,9.44892985772463,1.073,0.301882506185501
5.8652970790863,2,4.29515,-56,8.03771294582702,9.44197844242972,1.073,0.299256849884035
6.29765200614929,2,4.39946,-56,8.03996184615268,9.43600656020883,1.073,0.29730790250251
7.1033980846405,2,4.61421,-57,8.04367049835485,9.42629247658747,1.073,0.295510288222513
7.46861720085144,2,4.68785,-57,8.04540156386658,9.42186920163162,1.073,0.295208861408116
7.95114207267761,2,4.86579,-57,8.04780960690778,9.41538763925614,1.073,0.295065655059197
8.57009100914001,2,5.00691,-57,8.05245311190256,9.40587742503176,1.073,0.297496456600828
8.98299407958984,2,5.1235,-57,8.05693036812717,9.39861366592,1.073,0.301424659825257
9.34538102149963,2,5.28917,-57,8.05925382565876,9.39264167072134,1.073,0.301273198725762
9.70099401473999,2,5.42416,-57,8.06140173788319,9.38682559382707,1.073,0.300766955713831
10.1296200752258,2,5.55915,-57,8.06371738846234,9.3801514447606,1.073,0.298064940421614
10.7227671146393,2,5.78618,-56,8.06685633093766,9.37084598260505,1.073,0.295827447257024
11.0515019893646,2,5.84753,-56,8.06857299649617,9.36566427970548,1.073,0.295114510162274
11.3885321617126,2,5.92117,-56,8.07029321864501,9.36044651085643,1.073,0.295994745011421
11.9441781044006,2,6.06229,-56,8.07425463473084,9.35201031004095,1.073,0.29669365132877
12.2829670906067,2,6.21569,-56,8.07807563400848,9.3470510340756,1.073,0.29581762957837
12.7810599803925,2,0.0245437,-55,8.08189426608519,9.33870517790249,1.073,0.294028281007667
13.3977830410004,2,0.16567,-55,8.08550872952575,9.32804639328655,1.073,0.291407718205565
13.8888320922852,2,0.269981,-54,8.08816653691848,9.32015387949873,1.073,0.289383327110745
14.5283989906311,2,0.374291,-54,8.09085441581168,9.3123638746054,1.073,0.287990481404053
15.1096570491791,2,0.49701,-54,8.09385787147993,9.30323735185656,1.073,0.284982877316368
15.9354472160339,2,0.509282,-54,8.08012416423617,9.29191950644411,1.073,0.291425615225445
16.500020980835,2,0.589049,-53,8.08220855645331,9.28319305843055,1.073,0.291808272304115
17.038595199585,2,0.644272,-53,8.08402886214298,9.27551961329953,1.073,0.291101427977153
17.7590661048889,2,0.717903,-53,8.08634770130591,9.26584653406841,1.073,0.288443863683495
18.2333900928497,2,0.717903,-53,8.08804757300775,9.25906581257783,1.073,0.286639153152283
18.9803681373596,2,0.754719,-53,8.09120709229303,9.24772758182529,1.073,0.286031277125948
19.7485110759735,2,0.803806,-53,8.09433679041771,9.23693813798275,1.073,0.287501479908505
20.3053131103516,2,0.852893,-53,8.09643830752148,9.22865134723332,1.073,0.288106963895606
20.7593011856079,2,0.846757,-53,8.09819381919771,9.22193376196302,1.073,0.288094655880164
21.5209491252899,2,0.895845,-53,8.10070972380178,9.21240104543448,1.073,0.298017797568634
22.0881111621857,2,0.926524,-53,8.1028061748574,9.20495412791966,1.073,0.302153077672433
22.8762621879578,2,1.00016,-52,8.10557912060544,9.19290659464263,1.073,0.30366221971595
23.5783472061157,2,0.99402,-53,8.108387103581,9.18379599957963,1.073,0.30320942756161
24.1620900630951,2,1.00629,-53,8.11123242621619,9.17482493578162,1.073,0.304048146446698
24.9213759899139,2,0.99402,-53,8.11417225850266,9.16570210600916,1.073,0.310526545176854
25.3471541404724,2,1.06151,-53,8.1158270880932,9.16074793112148,1.073,0.316858122482528
26.2101991176605,2,1.08606,-53,8.12271307631584,9.14921477146691,1.073,0.32979619902903
26.6077101230621,2,1.09833,-53,8.1264559047212,9.1436601457708,1.073,0.335519558920368
27.4528751373291,2,1.15355,-53,8.13030390463174,9.1330822588567,1.073,0.348931170576722
28.1999440193176,2,1.17196,-53,8.13386559745651,9.12356643111919,1.073,0.35963413376371
28.7877600193024,2,1.24559,-53,8.13659534789652,9.11652025663313,1.073,0.368862380619864
29.3133111000061,2,1.25786,-53,8.13891947853075,9.11068892886711,1.073,0.377562469632593
29.9220221042633,2,1.264,-53,8.14621605457402,9.10153108224538,1.073,0.386171069181783
30.8731451034546,2,1.31309,-53,8.15240038043752,9.08972390453296,1.073,0.397085207113406
31.6372151374817,2,1.4174,-53,8.15708256669479,9.07913263498286,1.073,0.408668973095992
31.9793391227722,2,1.47876,-54,8.15956595905446,9.07356892476055,1.073,0.414174813441303
32.5521671772003,2,1.51557,-54,8.16324234345852,9.06546825583988,1.073,0.423127474849005
33.6182160377502,2,1.69351,-54,8.17112898268784,9.05058560791685,1.073,0.440940203457669
34.2517910003662,2,1.79169,-54,8.17476112834753,9.04223908311124,1.073,0.450392493800986
34.5837261676788,2,1.81623,-54,8.1766105791593,9.03767885393371,1.073,0.455067898085735
35.4769501686096,2,1.92054,-54,8.18203879446009,9.02458257170249,1.073,0.468075641482797
36.2644090652466,2,2.01258,-54,8.18608467885626,9.01497843166804,1.073,0.480784449621242
36.8577361106873,2,2.14757,-54,8.19044384098529,9.00666897430058,1.073,0.489704408915615
37.0890300273895,2,2.20893,-54,8.19350966208413,9.00288214602874,1.073,0.493404038456701
38.0291659832001,2,2.41755,-54,8.2023519292448,8.9891732839355,1.073,0.507911865445613
38.3965361118317,2,2.46051,-54,8.2046828657329,8.98451006676845,1.073,0.513476647576532
39.2700810432434,2,2.65685,-53,8.2082765204654,8.97624612903662,1.073,0.524220802621531
39.7710421085358,2,2.71208,-53,8.20779223602074,8.97461247617663,1.073,0.52609918055422
40.3713049888611,2,2.84707,-53,8.21171017952545,8.96768317059589,1.073,0.536851458263776
40.9451060295105,2,2.88388,-53,8.21797754025351,8.96031617102878,1.073,0.549585152833956
41.6745731830597,2,3.06796,-53,8.22571539042988,8.95115243044781,1.073,0.564166380038887
42.3711760044098,2,3.19682,-53,8.23023969918728,8.943610992785,1.073,0.574356539559859
43.2448441982269,2,3.33181,-52,8.23520798102695,8.93542613588669,1.073,0.586696077377771
43.952329158783,2,3.46066,-52,8.23980727433763,8.9280474884227,1.073,0.59553511050434
44.467511177063,2,3.52816,-52,8.24382793781976,8.92183958400629,1.073,0.602695751339483
45.0511660575867,2,3.65701,-52,8.25287332047806,8.91158984958122,1.073,0.609623752401271
45.7612969875336,2,3.792,-52,8.26152562801198,8.90090368696989,1.073,0.619176403598912
46.1003952026367,2,3.82882,-52,8.26441286443412,8.89673095268127,1.073,0.624262539566457
47.1566970348358,2,4.00062,-52,8.27252871668686,8.88528409836118,1.073,0.639365186046673
47.7706871032715,2,4.10493,-51,8.27768080289889,8.87827339518953,1.073,0.648084329927585
48.2568311691284,2,4.16016,-51,8.2818296571645,8.87280134060609,1.073,0.654679491252423
48.955735206604,2,4.22765,-51,8.28469777762337,8.8687460378735,1.073,0.664953135197917
49.4787809848785,2,4.2706,-51,8.28339471602156,8.86990772958455,1.073,0.673611733681273
49.9875030517578,2,4.35651,-51,8.28664505991794,8.86568877705985,1.073,0.681545222666573
51.0251660346985,2,4.43627,-51,8.29530109546172,8.85477713930037,1.073,0.697399539774108
51.4130840301514,2,4.4915,-51,8.29855277923651,8.85071249279001,1.073,0.703180113221018
52.2907152175903,2,4.62035,-52,8.30518192029193,8.84244665382247,1.073,0.715947370970262
52.5914921760559,2,4.64489,-52,8.30762379349209,8.83947931423746,1.073,0.720275084640485
53.4534361362457,2,4.71239,-52,8.31480843203297,8.83265943470617,1.073,0.731217759295129
53.9562220573425,2,4.7492,-52,8.31914704015411,8.82954575425138,1.073,0.736874336813736
54.3218212127686,2,4.8167,-52,8.32275839973644,8.82543123895196,1.073,0.74288339569629
54.7524130344391,2,4.85352,-52,8.32701175174283,8.82058528509301,1.073,0.749960686692078
55.3374650478363,2,4.93328,-52,8.33315440755252,8.81382609203731,1.073,0.758598815602497
56.052855014801,2,5.02532,-52,8.3404585850032,8.80592056942051,1.073,0.770014180554877
56.426530122757,2,5.06214,-51,8.3440710866348,8.80208032312083,1.073,0.776740501527629
57.2609481811523,2,5.22781,-52,8.35227877791007,8.79345675902289,1.073,0.788929098404343
57.7083790302277,2,5.28917,-52,8.35649326012042,8.78875231062614,1.073,0.795063083431256
58.3797659873962,2,5.41188,-52,8.36014624266189,8.78089599035804,1.073,0.808659608280537
58.7356050014496,2,5.46711,-52,8.3625879586871,8.77686642663388,1.073,0.81526757106166
59.2958772182465,2,5.56528,-52,8.3684268748962,8.77105171318627,1.073,0.823311963911401
59.9512760639191,2,5.68186,-52,8.37534624140103,8.76425350761258,1.073,0.832548128963143
60.4992830753326,2,5.74322,-51,8.3811794332007,8.75857745887602,1.073,0.840168028830298
60.9562041759491,2,5.8414,-51,8.38594650014424,8.75406422936291,1.073,0.846356585384268
61.8025500774384,2,5.98253,-51,8.39492460644061,8.74566681421433,1.073,0.858215151801232
62.314423084259,2,6.09297,-51,8.40053176300743,8.74057852193074,1.073,0.865803018274035
62.5266880989075,2,6.13592,-51,8.40349373047382,8.73857490714182,1.073,0.870217077959083
63.1964921951294,2,6.25251,-52,8.41283311878431,8.73224327955821,1.073,0.884106845285221
63.8948810100555,2,0.0859029,-51,8.42158991591107,8.72437415775662,1.073,0.893241904059561
64.25168800354,2,0.153398,-51,8.42544830820789,8.72090665632674,1.073,0.89827090055244
65.0330832004547,2,0.245437,-50,8.43277352974039,8.7143476370222,1.073,0.910059725488413
65.5334551334381,2,0.33134,-50,8.43794457534921,8.70983368560677,1.073,0.917872861140893
65.9257760047913,2,0.404971,-50,8.4421559098433,8.70620311665386,1.073,0.923603781350558
66.668133020401,2,0.515418,-50,8.45089676184053,8.69895505800576,1.073,0.932741136809977
66.9939181804657,2,0.564505,-50,8.45476462803318,8.69662318098384,1.073,0.939551556590725
67.5924561023712,2,0.625864,-50,8.46200692242575,8.69209832476703,1.073,0.951350523655059
68.0872530937195,2,0.717903,-51,8.46878972476969,8.68695130426046,1.073,0.956936748589029
68.6696619987488,2,0.822214,-51,8.47639465262667,8.68122045324488,1.073,0.964366967952291
69.2868812084198,2,0.93266,-50,8.48384678611717,8.67568690141705,1.073,0.972866895303218
69.8391079902649,2,1.00016,-50,8.48940212023467,8.67175403637592,1.073,0.980131662839588
70.4764440059662,2,1.1106,-50,8.49680584521704,8.66666501146963,1.073,0.988796532760561
70.923082113266,2,1.17196,-50,8.50263278952878,8.6625571824415,1.073,0.995060296536213
71.5886561870575,2,1.27014,-50,8.51314735640798,8.65446969345062,1.073,1.00496809394333
72.3087570667267,2,1.4174,-51,8.52148662794562,8.64889433767854,1.073,1.0165487677441
73.0199379920959,2,1.49103,-51,8.53134486885106,8.64259527039041,1.073,1.02674339015383
73.5283370018005,2,1.56466,-51,8.53801364867124,8.63845791638478,1.073,1.03479679218103
74.4363250732422,2,1.70579,-51,8.54816508699055,8.63228483897134,1.073,1.05032171177337
74.8332490921021,2,1.79169,-51,8.55205240395881,8.62992768880969,1.073,1.05708118650163
75.6722950935364,2,1.92054,-51,8.5678883519621,8.61762478779638,1.073,1.06370201467278
76.2782850265503,2,2.03099,-51,8.57394963056954,8.61424984365292,1.073,1.07470463526606
77.0450291633606,2,2.12917,-51,8.58315797456359,8.60933885353567,1.073,1.08491404349893
77.3940691947937,2,2.15984,-51,8.58726001258898,8.60724287107884,1.073,1.08947930766947
78.3401122093201,2,5.42722,-52,8.59752950517193,8.60219474939095,1.073,1.10376557370502
78.9421291351318,2,2.38687,-51,8.60492419442472,8.59906570037818,1.073,1.11414149976054
79.5193130970001,2,2.48505,-51,8.6135528828625,8.59586800367649,1.073,1.1241942067013
80.2067830562592,2,2.55868,-51,8.62156568920722,8.5922870592481,1.073,1.1350256772248
80.6833600997925,2,2.63845,-51,8.62661794602575,8.59008495258537,1.073,1.1428008992184
81.1618599891663,2,2.69367,-51,8.63145349371825,8.58801409823771,1.073,1.15028506857423
81.6721830368042,2,2.77344,-51,8.6361430497901,8.58608390414437,1.073,1.15751649996618
82.133688211441,2,2.84093,-51,8.64174935222369,8.58371739372074,1.073,1.16453819340534
82.6712851524353,2,2.92684,-51,8.64932235314752,8.58094844114521,1.073,1.17356835990791
83.4047091007233,2,3.02501,-51,8.66124188346903,8.57757526853637,1.073,1.18716986154505
83.6621510982513,2,3.06796,-51,8.66459458874388,8.57627321262539,1.073,1.19048354062093
84.2971391677856,2,3.21522,-51,8.67201890411004,8.57340658814475,1.073,1.19871412696437
84.9346790313721,2,3.31953,-51,8.67884472311315,8.57087971770299,1.073,1.20779427543313
85.3501410484314,2,3.38089,-50,8.68359450420359,8.56922449095936,1.073,1.21462554567277
86.0146081447601,2,0.316,-51,8.69205584288803,8.56628819658072,1.073,1.22408019394276
86.6153120994568,2,3.61406,-50,8.69854639734982,8.56454866282219,1.073,1.23267625389821
87.3615550994873,2,3.74905,-51,8.70690708351003,8.56198288612848,1.073,1.24484799549456
87.61900806427,2,3.82268,-51,8.71001075668204,8.56089394022699,1.073,1.24935275541279
88.2494540214539,2,3.90858,-51,8.71840684051278,8.55797776371084,1.073,1.25790912795196
88.696741104126,2,3.96381,-51,8.72442345927163,8.55596043531362,1.073,1.26473570248357
89.1753342151642,2,4.02517,-51,8.73073932110566,8.55387943011909,1.073,1.27224924734136
89.9181790351868,2,4.1172,-51,8.73806123550551,8.55042421945377,1.073,1.28561011792576
90.5284531116486,2,4.20311,-51,8.73763201255945,8.54552092024306,1.073,1.30300572597799
91.0468289852142,2,4.24606,-52,8.74613000224351,8.54285187655168,1.073,1.31056801643692
91.542827129364,2,4.32583,-52,8.75267157612361,8.54080256801574,1.073,1.31883102175439
92.2252461910248,2,4.424,-52,8.76118122680544,8.53822828157968,1.073,1.33000431579649
92.4220130443573,2,4.43627,-52,8.76369977020958,8.53749265351738,1.073,1.33302825252588
93.0876410007477,2,4.52218,-52,8.77376342159089,8.53475990838755,1.073,1.34213028316575
93.4702661037445,2,4.57126,-53,8.77957008702903,8.53300245145498,1.073,1.34940901533118
93.8222579956055,2,4.68785,-53,8.78467248196819,8.53127093530167,1.073,1.35799869350349
94.3443942070007,2,4.76148,-53,8.79162769799765,8.52940622302623,1.073,1.36792994971989
95.1399531364441,2,4.93328,-53,8.80189726072604,8.52714650168772,1.073,1.37913608034179
95.4343311786652,2,4.97623,-53,8.80572120466374,8.52634262051248,1.073,1.38291086390061
96.0382761955261,2,5.08054,-53,8.81344425090809,8.52482559357162,1.073,1.39188373347693
96.6612410545349,2,5.22167,-53,8.82161129286881,8.5232945843767,1.073,1.40111291521502
97.3058199882507,2,5.34439,-54,8.82635210623173,8.52012635424809,1.073,1.40464653321241
97.7062439918518,2,5.42416,-54,8.83032780021599,8.51876204266363,1.073,1.40893130061951
98.3581771850586,2,5.50392,-54,8.83834878123939,8.51728251533269,1.073,1.41869154940578
99.0053460597992,2,5.63891,-54,8.8507082679476,8.51662645248822,1.073,1.4272506948156
99.4484431743622,2,5.73709,-54,8.86791621322658,8.51790298754013,1.073,1.42979744543897
100.059839010239,2,5.83526,-54,8.87909581835783,8.5169651267464,1.073,1.43815313612479
100.548391103745,2,5.90889,-54,8.87976457430491,8.51340040087677,1.073,1.4491500906784
100.978259086609,2,5.97639,-54,8.87854010774619,8.50959478950861,1.073,1.45981712546292
101.864124059677,2,6.08684,-54,8.892044211264,8.50812501085961,1.073,1.47213740986522
102.379722118378,2,6.0807,-54,8.90029089616226,8.5073131096891,1.073,1.47928469908726
102.88044500351,2,6.21569,-55,8.90822868273068,8.50663436106263,1.073,1.48694384148271
103.095547199249,2,6.22796,-55,8.91161829576964,8.50637122551207,1.073,1.49004821868453
103.682075023651,2,6.27091,-55,8.92105178230225,8.50586429332032,1.073,1.49789822431423
104.090461015701,2,0.00613592,-55,8.93105605028526,8.50759208356376,1.073,1.50074364111374
104.434739112854,2,0.0736311,-55,8.93857240565559,8.50847381266395,1.073,1.50401131941584
105.006815195084,2,0.141126,-54,8.94752435659398,8.50772237152678,1.073,1.51279174574683
105.456540107727,2,0.202485,-54,8.95406829594612,8.50721193003891,1.073,1.51969313881116
106.122330188751,2,0.276117,-54,8.96435932398589,8.50653068629236,1.073,1.52897066642391
106.538999080658,2,0.337476,-54,8.97106948000572,8.50616449862988,1.073,1.53482400899183
106.814862012863,2,0.349748,-54,8.97554059459679,8.50596033814627,1.073,1.53914404482502
107.333388090134,2,0.441786,-54,8.9834718932344,8.50278646228752,1.073,1.54850373899744
107.800897121429,2,0.533825,-54,8.99032575004724,8.49841310710891,1.073,1.55751857089882
108.235136985779,2,0.546097,-54,8.99714398435187,8.49836816582819,1.073,1.56357280343108
108.404947042465,2,0.589049,-54,8.99981026363395,8.49835059148264,1.073,1.56594031883881
109.067431211472,2,0.736311,-54,9.00965485659972,8.49836941264995,1.073,1.57537689727576
109.515298128128,2,0.760854,-55,9.01650149069079,8.49844618012431,1.073,1.58132907091751
109.938120126724,2,0.834486,-54,9.02276185228008,8.49854752439681,1.073,1.5868412957116
110.532682180405,2,0.951068,-54,9.03102758332951,8.49833761889774,1.073,1.59392069194316
110.898229122162,2,0.99402,-54,9.03571813412539,8.49691476438872,1.073,1.59667442937696
111.242729187012,2,1.04311,-54,9.03999169685563,8.4961412390198,1.073,1.60022923562699
111.694333076477,2,1.07992,-54,9.0452762599646,8.49635391046199,1.073,1.60696383129635
112.110273122787,2,1.14742,-54,9.05141039085507,8.49666841272758,1.073,1.61327281341817
112.453174114227,2,1.20878,-54,9.05688644664864,8.49696692872705,1.073,1.61850907767117
112.822235107422,2,1.21491,-54,9.06203592539874,8.49730881116703,1.073,1.62334605266889
113.410387039185,2,1.28854,-54,9.07001241285426,8.49787711458461,1.073,1.63137128050313
113.955145120621,2,1.33763,-54,9.07853900448671,8.49863896524761,1.073,1.63921114656951
114.12057518959,2,1.33763,-54,9.08241806204077,8.49911351824114,1.073,1.64121796271129
114.558580160141,2,1.4174,-54,9.0925515196609,8.50034362121592,1.073,1.64655372571543
114.990457057953,2,1.52784,-54,9.09928182096502,8.50092913277626,1.073,1.65234720852301
115.402410030365,2,1.54625,-55,9.10568421418642,8.5014895581555,1.073,1.65609744267182
115.986623048782,2,1.68124,-54,9.11469929891055,8.50229295803819,1.073,1.6573338213719
116.214677095413,2,1.71806,-54,9.11816590716073,8.50261543322426,1.073,1.65753712094573
116.633407115936,2,1.79169,-54,9.12449203997636,8.50320679739254,1.073,1.65771388028262
117.218447208405,2,1.87146,-54,9.13313274962908,8.50402930983443,1.073,1.65696063204636
117.628046035767,2,1.88373,-53,9.13886807755967,8.50414094135946,1.073,1.6556170256486
118.05087518692,2,1.98804,-53,9.14492649684933,8.5044185864133,1.073,1.6544932623511
118.755120992661,2,2.08621,-53,9.15526311787313,8.50545688859796,1.073,1.65406225072706
118.963973045349,2,2.11076,-53,9.15799608691466,8.50573107960322,1.073,1.65451526195314
119.327767133713,2,2.1353,-54,9.16278662704435,8.50621165291207,1.073,1.65529430863976
119.892459154129,2,2.23348,-53,9.17274086085634,8.50720624050538,1.073,1.65566205531291
120.421366214752,2,2.27643,-54,9.18045310959044,8.5079642596044,1.073,1.65708734088312
121.192808151245,2,2.42369,-53,9.17023700829498,8.51390221760413,1.073,1.66689530339713
121.51246213913,2,2.49118,-53,9.1710644710338,8.51525000003403,1.073,1.66515988189617
122.16806602478,2,2.5955,-53,9.18159406925023,8.51601872620544,1.073,1.65447215903466
122.526158094406,2,2.68753,-53,9.18752626644463,8.51639683352016,1.073,1.64861660521486
123.180500030518,2,2.71821,-54,9.19965310987038,8.51705689104717,1.073,1.63797891660159
123.61566901207,2,2.82252,-54,9.20688388438055,8.51738166876617,1.073,1.63108345393302
124.002071142197,2,2.88388,-54,9.21248251286519,8.51759326146682,1.073,1.625078796212
124.572948217392,2,2.99433,-54,9.21952239082728,8.51815639075243,1.073,1.61533545489682
125.325849056244,2,0.0306796,-55,9.23266125484084,8.51865443565384,1.073,1.60290341473295
125.592925071716,2,3.2275,-54,9.23766126141795,8.5187565684283,1.073,1.59922059691428
126.154227018356,2,3.33181,-54,9.24787688147041,8.51890530652244,1.073,1.59213232752909
126.960233211517,2,3.41157,-55,9.26041167453935,8.51896462707847,1.073,1.57903205467598
127.428297042847,2,3.42385,-55,9.26799805442048,8.51895077067686,1.073,1.57158423881094
127.978924036026,2,3.47907,-55,9.27749275208364,8.51822107803773,1.073,1.55956153002632
128.486211061478,2,3.50975,-55,9.28614752871627,8.51785733770064,1.073,1.55036724732085
128.919120073318,2,3.54043,-56,9.2933927016056,8.51765698106151,1.073,1.5432068096622
129.517697095871,2,3.52816,-56,9.30304526853207,8.51732104881092,1.073,1.53312252537736
130.299345016479,2,3.54656,-56,9.31671336630349,8.51667286293876,1.073,1.52189576670062
130.543546199799,2,3.50361,-56,9.32105221177657,8.51642891178766,1.073,1.5179716381844
131.223256111145,2,3.50361,-57,9.33397369801616,8.5154438676278,1.073,1.50672424120276
131.978686094284,2,3.47293,-57,9.3480385627568,8.51424563599085,1.073,1.49492615085377
132.444854021072,2,3.36862,-58,9.35584025462613,8.51362761153614,1.073,1.4885242564163
133.188726186752,2,3.2459,-59,9.36800428208405,8.51255071778715,1.073,1.47822978529059
133.670618057251,2,3.15386,-59,9.37616761042306,8.51175447882997,1.073,1.47064866632529
134.06968998909,2,3.12932,-60,9.38340610388356,8.51098563806115,1.073,1.46458336692684
134.409181118011,2,3.03115,-59,9.38898860221763,8.51048960066839,1.073,1.45967086534023
135.22904920578,2,2.87161,-60,9.40058340968026,8.50976552518143,1.073,1.44861389976468
135.861676216125,2,2.65685,-60,9.41194008023724,8.50835285385718,1.073,1.43868114448725
136.47967004776,2,2.45437,-60,9.42192150064214,8.50700755552081,1.073,1.42899343240678
137.196202993393,2,2.30711,-60,9.43285629409496,8.50545885147138,1.073,1.41901523414915
137.74680519104,2,2.17825,-60,9.44191296096665,8.50411477050686,1.073,1.40963093019918
138.068593025208,2,2.09849,-60,9.44532637791779,8.50293443006581,1.073,1.40359250902393
138.895473003387,2,1.94509,-60,9.45717427037039,8.50025769845628,1.073,1.38988049308071
139.332473039627,2,1.86532,-60,9.46491195796821,8.49895317593425,1.073,1.38345392013034
139.993668079376,2,1.69965,-60,9.47685363693682,8.49685343471445,1.073,1.37357190844463
140.782563209534,2,1.63829,-60,9.49070909933945,8.49428052336503,1.073,1.36148208463383
141.524568080902,2,1.58307,-60,9.51564569281309,8.49049217859382,1.073,1.3531275837956
142.132088184357,2,1.43581,-60,9.54465987666271,8.48635621736255,1.073,1.34707154593653
142.758581161499,2,1.44194,-61,9.55449819141967,8.48432031594057,1.073,1.33692399533241
143.286296129227,2,1.4174,-61,9.5627008149947,8.48251257520778,1.073,1.329798483944
143.851338148117,2,1.36217,-62,9.57132464727185,8.48049053519236,1.073,1.32132530276614
144.833754062653,2,1.11674,-63,9.58663115162261,8.47691222942422,1.073,1.30626168237098
153.544829130173,2,5.74016,-62,9.717271270099,8.43475250842823,1.073,1.18401017829304
154.138423204422,2,2.46664,-61,9.7260530662219,8.43105612257974,1.073,1.17404386059025
154.761453151703,2,2.39301,-59,9.73525773756364,8.42708918399776,1.073,1.16594684093049
155.475912094116,2,2.38074,-59,9.74529656277746,8.4226262808581,1.073,1.15484990465506
155.903831005096,2,2.28256,-59,9.75020629468564,8.4189327951972,1.073,1.14772129306616
156.67437505722,2,2.23961,-59,9.75969617547954,8.41252404886992,1.073,1.13541033939859
157.264742136002,2,2.08008,-59,9.76805394265064,8.40850047039129,1.073,1.12632970336042
157.942717075348,2,1.93282,-59,9.77741382636059,8.40392239393321,1.073,1.11479051698569
158.613913059235,2,1.75487,-59,9.78761540046993,8.39881692489877,1.073,1.10256334997585
158.998891115189,2,1.68124,-60,9.7932046669999,8.39597614172666,1.073,1.09682025042212
159.728470087051,2,1.45421,-62,9.80420615005058,8.38920405898944,1.073,1.08737361965291
168.438013076782,2,1.31922,-62,9.9338025292654,8.31358725308036,1.073,0.956361432991973
168.762520074844,2,1.28854,-61,9.93586561274445,8.31116570407999,1.073,0.952028576339669
169.400977134705,2,1.15969,-59,9.94182132560629,8.30592167203184,1.073,0.943020497716148
170.107931137085,2,0.981748,-59,9.95076161082242,8.29932177051102,1.073,0.932564568329236
170.549560070038,2,0.852893,-58,9.95700762723499,8.29468009247874,1.073,0.926068815100833
170.980987071991,2,0.865165,-59,9.96272756135944,8.2903370950446,1.073,0.919368336516819
172.238929033279,2,0.521553,-57,9.97443805235997,8.28091330606705,1.073,0.899071816729211
172.594249010086,2,0.398835,-58,9.97702538751408,8.27874445001036,1.073,0.89346730868688
173.483486175537,2,0.128854,-58,9.98863867099701,8.26957129006801,1.073,0.879682174817598
173.61843419075,2,0.177942,-58,9.99064890769535,8.26793553859663,1.073,0.877769903454633
174.603271007538,2,6.05002,-58,10.0047600593862,8.25634850165545,1.073,0.864228182914648
175.068312168121,2,5.89662,-58,10.0107468539802,8.25130101448907,1.073,0.858334286857383
176.204590082169,2,5.39961,-59,10.0250234727833,8.23899462926684,1.073,0.840328186570933
176.570028066635,2,5.2953,-59,10.0280629401532,8.23572621500414,1.073,0.835685696215421
177.27777504921,2,4.88419,-59,10.0349271246046,8.22879933279726,1.073,0.826372326886004
177.708430051804,2,4.84124,-60,10.0406319284313,8.22365142648703,1.073,0.820201630746857
