29.812194108963,782.629182400585,923.37102544974,63.3,-65,0.288385307179587,0.288385307179587
30.0749371051788,783.000778160014,923.135082863456,63.3,-64,0.153395307179586,0.153395307179586
30.3589339256287,783.401347671737,922.880554170826,63.3,-64,0.0859053071795861,0.0859053071795861
30.5472939014435,783.666027314812,922.712197815578,63.3,-64,0.0122753071795865,0.0122753071795865
30.8527190685272,784.095204606114,922.439208462566,63.3,-64,6.09910730717959,-0.184078
31.3099410533905,784.713952083134,922.044836090545,63.3,-62,5.90889430717959,-0.374291
31.6963019371033,785.203104172299,921.731881642613,63.3,-62,5.86594230717959,-0.417243
31.9995210170746,785.586994604005,921.486272514528,63.3,-62,5.65732130717959,-0.625864
32.0844430923462,785.66143462638,921.406802693248,63.3,-62,5.65118530717959,-0.632
32.5078749656677,785.87809553622,920.960655280595,63.3,-62,5.53460230717959,-0.748583
32.8682720661163,786.062502919336,920.580924221072,63.3,-61,5.32598130717959,-0.957204
33.1535820960999,786.385906391242,920.307604706076,63.3,-61,5.29530130717959,-0.987884
33.2594089508057,786.539620354946,920.211419108252,63.3,-61,5.24007530717959,-1.04311
33.6831979751587,787.155175743877,919.826238987648,63.3,-61,5.13576530717959,-1.14742
33.8495879173279,787.396857853796,919.67500784595,63.3,-60,5.06827530717959,-1.21491
34.2935130596161,788.022089263578,919.285985631984,63.3,-60,4.86578530717959,-1.4174
34.5496549606323,788.381703307986,919.062364873357,63.3,-60,4.90260530717959,-1.38058
34.9073879718781,788.887841627041,918.746373352005,63.3,-61,4.76761530717959,-1.51557
35.2327189445496,789.355443206984,918.452100778763,63.3,-61,4.73693530717959,-1.54625
35.570405960083,789.840804255434,918.146651758046,63.3,-61,4.59580530717959,-1.68738
35.8030939102173,790.175605002942,917.936473333993,63.3,-60,4.57739530717959,-1.70579
36.1128849983215,790.622136343589,917.657307563303,63.3,-60,4.51603530717959,-1.76715
36.3464078903198,790.958735083966,917.446870269844,63.3,-60,4.41786530717959,-1.86532
36.6270880699158,791.363306105215,917.193937562407,63.3,-60,4.35036530717959,-1.93282
37.0223779678345,791.888730736554,916.833020429445,63.3,-61,4.20924530717959,-2.07394
37.2715408802032,792.218867965366,916.605411919033,63.3,-61,4.11720530717959,-2.16598
37.5645930767059,792.607157856228,916.337710866397,63.3,-61,4.06198530717959,-2.2212
37.8837890625,793.003604091579,916.087353449941,63.3,-61,3.97607530717959,-2.30711
38.1009690761566,793.271676445485,915.919608260029,63.3,-62,3.96380530717959,-2.31938
38.3316140174866,793.55636899752,915.74146304844,63.3,-62,3.81040530717959,-2.47278
38.6974580287933,794.041182794563,915.437336495659,63.3,-62,3.72450530717959,-2.55868
38.9016919136047,794.336932826447,915.251278826347,63.3,-63,3.65087530717959,-2.63231
39.2766618728638,794.879924884347,914.909680091415,63.3,-62,3.49133530717959,-2.79185
39.5678269863129,795.299829373018,914.646378223006,63.3,-63,3.30726530717959,-2.97592
39.9561839103699,795.855522278256,914.300119426314,63.3,-63,3.03728530717959,-3.2459
40.2469539642334,796.271579894275,914.040869023583,63.3,-64,2.98819530717959,-3.29499
40.4756119251251,796.585747692708,913.845357142801,63.3,-64,3.00660530717959,-3.27658
40.9345099925995,797.17041905363,913.482422522943,63.3,-64,2.60163530717959,-3.68155
41.2373299598694,797.556234935035,913.242927398653,63.3,-64,2.62003530717959,-3.66315
45.3425180912018,802.894607535183,909.85182990497,63.3,-61,6.09910730717959,-6.46726330717959
45.508150100708,803.086488391095,909.729834810385,63.3,-62,5.98252530717959,-6.58384530717959
45.9895420074463,803.643371399882,909.378349580158,63.3,-61,5.70640830717959,-6.85996230717959
46.2808570861816,803.969224132076,909.208654292571,63.3,-60,5.63277730717959,-6.93359330717959
46.6367208957672,804.367278345904,909.001358426626,63.3,-60,5.41188430717959,-7.15448630717959
46.922828912735,804.692208692721,908.82788935569,63.3,-60,5.40574830717959,-7.16062230717959
47.4834589958191,805.417496950232,908.364965187989,63.3,-59,5.12963530717959,-7.43673530717959
47.6194539070129,805.593433838291,908.252671301208,63.3,-58,5.07440530717959,-7.49196530717959
48.18590092659,806.324044096069,907.790673240218,63.3,-58,4.89646530717959,-7.66990530717959
48.3459830284119,806.530178405402,907.660997244968,63.3,-58,4.79829530717959,-7.76807530717959
48.6442348957062,806.914230975754,907.419395546298,63.3,-58,4.71852530717959,-7.84784530717959
49.0298070907593,807.428865320461,907.094708651885,63.3,-57,4.56512530717959,-8.00124530717959
49.4539818763733,808.004757640616,906.730887971722,63.3,-57,4.44240530717959,-8.12396530717959
49.9199509620667,808.627888191889,906.334899435157,63.3,-56,4.30741530717959,-8.25895530717959
50.1925370693207,808.987576992011,906.105122806086,63.3,-56,4.24605530717959,-8.32031530717959
50.4361259937286,809.309002793296,905.899789370376,63.3,-56,4.16015530717959,-8.40621530717959
50.9921319484711,810.023202890803,905.441309359185,63.3,-56,3.89631530717959,-8.67005530717959
51.4295129776001,810.578843187642,905.083887796166,63.3,-56,3.78586530717959,-8.78050530717959
51.6288681030273,810.828329985127,904.923914834569,63.3,-56,3.78586530717959,-8.78050530717959
52.1101839542389,811.408249164172,904.555159051661,63.3,-55,3.58951530717959,-8.97685530717959
52.4423940181732,811.808516446171,904.300639318085,63.3,-55,3.52815530717959,-9.03821530717959
52.8514370918274,812.291891711368,903.998190797994,63.3,-55,3.37475530717959,-9.19161530717959
53.3928079605103,812.929722126527,903.600116279962,63.3,-55,3.20908530717959,-9.35728530717959
53.6086010932922,813.200399973604,903.43291758382,63.3,-55,3.12318530717959,-9.44318530717959
54.1669640541077,813.915166317643,902.992829184491,63.3,-55,2.91456530717959,-9.65180530717959
54.5249099731445,814.376870662874,902.70554024678,63.3,-54,2.76730530717959,-9.79906530717959
54.72421002388,814.636559267764,902.541712823406,63.3,-54,2.70594530717959,-9.86042530717959
55.105947971344,815.133965036826,902.227918902599,63.3,-54,2.56481530717959,-10.0015553071796
55.6301400661469,815.869333206037,901.746217584053,63.3,-54,2.39914530717959,-10.1672253071796
55.9587469100952,816.345605633574,901.429412956638,63.3,-54,2.17211530717959,-10.3942553071796
56.6445670127869,817.25476902423,900.844037081626,63.3,-53,1.98803530717959,-10.5783353071796
56.9862608909607,817.685128643377,900.572590538221,63.3,-53,1.87145530717959,-10.6949153071796
57.2710709571838,818.04950285004,900.341825586357,63.3,-53,1.79168530717959,-10.7746853071796
57.8414750099182,818.794176561287,899.86777419236,63.3,-53,1.54625530717959,-11.0201153071796
58.3031890392303,819.407173419027,899.480144368094,63.3,-52,1.41739530717959,-11.1489753071796
58.6767780780792,819.911519285213,899.163306668838,63.3,-52,1.23332530717959,-11.3330453071796
59.0500359535217,820.417401806663,898.845804641508,63.3,-52,1.16582530717959,-11.4005453071796
59.4652140140533,821.009285397106,898.478738093379,63.3,-52,1.04310530717959,-11.5232653071796
59.9902899265289,821.759073997959,898.015926309119,63.3,-52,0.865165307179586,-11.7012053071796
60.250706911087,822.138108319467,897.794630356165,63.3,-52,0.773125307179586,-11.7932453071796
60.8221230506897,822.96979880671,897.309054964985,63.3,-51,0.631995307179587,-11.9343753071796
61.0847909450531,823.306411164002,897.098624716273,63.3,-51,0.497005307179586,-12.0693653071796
61.4794609546661,823.803892388839,896.78476317099,63.3,-51,0.355885307179586,-12.2104853071796
61.8954010009766,824.331189460903,896.452500818087,63.3,-51,0.263845307179587,-12.3025253071796
62.2944760322571,824.844155946649,896.130224985579,63.3,-51,0.128855307179586,-12.4375153071796
62.5700440406799,825.19836791629,895.907688113147,63.3,-51,6.27091350717959,-12.5786424143592
62.9200530052185,825.662372018112,895.618213272696,63.3,-50,6.17887430717959,-12.6706816143592
63.3222150802612,826.20504981928,895.280993733699,63.3,-50,6.06842830717959,-12.7811276143592
63.7448470592499,826.764648831526,894.934081059872,63.3,-50,5.95798130717959,-12.8915746143592
64.2714099884033,827.436270943843,894.519724366849,63.3,-49,5.81685530717959,-13.0327006143592
64.6626598834991,827.960073418217,894.247961686834,63.3,-49,5.73095230717959,-13.1186036143592
65.1152629852295,828.618929963562,894.010734200202,63.3,-49,5.64504930717959,-13.2045066143592
65.5930058956146,829.27505721442,893.731107359864,63.3,-49,5.49165130717959,-13.3579046143592
65.9992470741272,829.754285033643,893.434849662521,63.3,-49,5.39347630717959,-13.4560796143592
66.5035009384155,830.372504911221,893.053876421267,63.3,-49,5.32598130717959,-13.5235746143592
67.0078148841858,831.082201391897,892.621081486047,63.3,-48,5.19099530717959,-13.6585606143592
67.3399460315704,831.548295998953,892.336896013793,63.3,-48,5.11735530717959,-13.7322006143592
67.8361010551453,832.200277765812,891.941203132262,63.3,-48,5.01304530717959,-13.8365106143592
68.3453109264374,832.86812448877,891.535588320641,63.3,-48,4.91487530717959,-13.9346806143592
68.8929278850555,833.580208969809,891.101708084065,63.3,-48,4.78601530717959,-14.0635406143592
69.4706900119781,834.216371653362,890.717721523978,63.3,-48,4.66943530717959,-14.1801206143592
69.836699962616,834.549062068665,890.51953139548,63.3,-48,4.60807530717959,-14.2414806143592
70.3237240314484,835.078922902804,890.190080330936,63.3,-47,4.50376530717959,-14.3457906143592
70.8355679512024,835.745197210237,889.761337931003,63.3,-47,4.39332530717959,-14.4562306143592
71.4044380187988,836.423062437194,889.322178586557,63.3,-47,4.27673530717959,-14.5728206143592
71.8783280849457,836.955691632612,888.975457466078,63.3,-47,4.14788530717959,-14.7016706143592
72.3911318778992,837.635771642386,888.543775804809,63.3,-47,4.00062530717959,-14.8489306143592
72.9567730426788,838.406978580972,888.056366777487,63.3,-47,3.90244530717959,-14.9471106143592
73.4529640674591,839.030178380825,887.659687490586,63.3,-47,3.81040530717959,-15.0391506143592
73.911810874939,839.639994420879,887.294857706142,63.3,-47,3.68768530717959,-15.1618706143592
74.2522490024567,840.203455848701,887.030781136183,63.3,-47,3.62633530717959,-15.2232206143592
74.7911870479584,841.087063542637,886.607399332712,63.3,-46,3.50974530717959,-15.3398106143592
75.1714429855347,841.631859121946,886.258730161955,63.3,-46,3.44838530717959,-15.4011706143592
75.5912609100342,842.233335461381,885.873785304716,63.3,-46,3.37475530717959,-15.4748006143592
76.0984508991241,842.872484317147,885.45888135388,63.3,-47,3.22749530717959,-15.6220606143592
76.592887878418,843.477896384848,885.064535276242,63.3,-47,3.11704530717959,-15.7325106143592
77.0076870918274,844.036959743027,884.703528389901,63.3,-46,3.01273530717959,-15.8368206143592
77.434711933136,844.613895605542,884.331058597062,63.3,-46,2.90842530717959,-15.9411306143592
77.9252460002899,845.250446080466,883.918652709807,63.3,-46,2.81025530717959,-16.0393006143592
78.1463370323181,845.534547779814,883.734428647404,63.3,-46,2.73662530717959,-16.1129306143592
78.5962600708008,846.065745662867,883.341485675396,63.3,-46,2.64458530717959,-16.2049706143592
79.0107429027557,846.461477196022,882.943513306832,63.3,-46,2.53413530717959,-16.3154206143592
79.4285750389099,846.882682213225,882.545529980937,63.3,-46,2.43596530717959,-16.4135906143592
79.8991260528564,847.543048320887,882.124095413383,63.3,-46,2.35005530717959,-16.4995006143592
80.3281989097595,848.142873684819,881.741281692393,63.3,-46,2.26415530717959,-16.5854006143592
80.79044008255,848.746042658932,881.356051635135,63.3,-46,2.18438530717959,-16.6651706143592
81.1765639781952,849.249887767776,881.034257430759,63.3,-45,2.09848530717959,-16.7510706143592
81.6181728839874,849.850524804323,880.64906795144,63.3,-45,2.00644530717959,-16.8431106143592
81.9992940425873,850.370508980568,880.315500995772,63.3,-45,1.94508530717959,-16.9044706143592
82.4722449779511,851.04386227052,879.886294961605,63.3,-45,1.81623530717959,-17.0333206143592
82.9101760387421,851.677299439966,879.48346395062,63.3,-45,1.73646530717959,-17.1130906143592
83.3990988731384,852.323443046166,879.079965705543,63.3,-45,1.67510530717959,-17.1744506143592
83.817813873291,852.859779468477,878.747301342337,63.3,-45,1.62601530717959,-17.2235406143592
84.2314660549164,853.350930702668,878.432888306196,63.3,-45,1.53398530717959,-17.3155706143592
84.6235179901123,853.798156864939,878.141613702355,63.3,-45,1.49102530717959,-17.3585306143592
85.1496388912201,854.440671971245,877.722350150378,63.3,-45,1.37444530717959,-17.4751106143592
85.5213840007782,854.929263345606,877.402917467306,63.3,-45,1.34376530717959,-17.5057906143592
85.9714350700378,855.517568781172,877.018942307137,63.3,-45,1.27627530717959,-17.5732806143592
86.3492538928986,856.005529896074,876.701665498536,63.3,-45,1.22104530717959,-17.6285106143592
86.7464900016785,856.518568852291,876.36808284667,63.3,-44,1.15968530717959,-17.6898706143592
87.1801989078522,857.10859734712,875.989225846506,63.3,-45,1.09832530717959,-17.7512306143592
87.6161260604858,857.702325333199,875.608097033256,63.3,-44,1.04310530717959,-17.8064506143592
88.1086239814758,858.453727975795,875.180387673991,63.3,-44,0.957205307179586,-17.8923506143592
88.5767328739166,859.174720999679,874.774101780532,63.3,-44,0.926525307179586,-17.9230306143592
88.9672300815582,859.674802233774,874.454178046703,63.3,-44,0.871305307179586,-17.9782506143592
89.4370679855347,860.274995104152,874.069532702818,63.3,-44,0.834485307179587,-18.0150706143592
89.8156979084015,860.73777888576,873.774514517612,63.3,-44,0.754715307179586,-18.0948406143592
90.3759140968323,861.418377481621,873.340965945871,63.3,-44,0.730175307179587,-18.1193806143592
90.8751120567322,862.087346751376,872.921079262569,63.3,-44,0.681085307179586,-18.1684706143592
91.3516581058502,862.730794867216,872.517617711439,63.3,-44,0.662675307179586,-18.1868806143592
91.9007589817047,863.495628105027,872.039308103502,63.3,-44,0.613595307179586,-18.2359606143592
92.4797608852386,864.272959732635,871.588079237209,63.3,-44,0.558365307179586,-18.2911906143592
92.9622299671173,864.873776135476,871.297586382312,63.3,-43,0.558365307179586,-18.2911906143592
93.4886879920959,865.595193420047,870.886290259304,63.3,-43,0.503145307179587,-18.3464106143592
93.760143995285,865.991579707904,870.639245659471,63.3,-43,0.478605307179587,-18.3709506143592
94.3369519710541,866.794236134248,870.140356075706,63.3,-43,0.454055307179586,-18.3955006143592
94.8436779975891,867.446636567594,869.736757188124,63.3,-43,0.398835307179586,-18.4507206143592
95.4688229560852,868.216029196948,869.262712395806,63.3,-43,0.368155307179586,-18.4814006143592
95.986279964447,868.845064636611,868.876258233259,63.3,-43,0.362015307179586,-18.4875406143592
96.5636460781097,869.572570751988,868.434298268167,63.3,-43,0.337475307179586,-18.5120806143592
97.1679129600525,870.330629332512,868.059743324373,63.3,-43,0.288385307179587,-18.5611706143592
97.6183989048004,870.892929210942,867.855226267895,63.3,-43,0.269985307179586,-18.5795706143592
98.177337884903,871.621690244667,867.465133036142,63.3,-43,0.214755307179586,-18.6348006143592
98.7760639190674,872.421716246002,866.970451197887,63.3,-43,0.190215307179586,-18.6593406143592
99.3776960372925,873.255290852834,866.451580264772,63.3,-43,0.202485307179586,-18.6470706143592
99.9971690177917,874.067236408997,865.947111154627,63.3,-43,0.141125307179586,-18.7084306143592
100.555824041367,874.764705640386,865.514511293982,63.3,-43,0.122715307179586,-18.7268406143592
101.155629873276,875.511279456405,865.052121837991,63.3,-43,0.116585307179586,-18.7329706143592
101.529619932175,876.004360788859,864.745628888681,63.3,-43,0.116585307179586,-18.7329706143592
102.094753026962,877.050590290896,864.083728591474,63.3,-43,0.0674953071795859,-18.7820606143592
102.743197917938,878.048301711343,863.463066818113,63.3,-43,0.0429553071795858,-18.8066006143592
103.249128103256,878.676670681106,863.081557086471,63.3,-44,0.0429553071795858,-18.8066006143592
105.020459890366,880.955017400011,861.691414462166,63.3,-44,6.27704938717959,-18.8556918415388
105.467285871506,881.554908441062,861.327500577911,63.3,-43,6.24636980717959,-18.8863714215388
106.029983997345,882.303633192908,860.874373087964,63.3,-43,6.24023380717959,-18.8925074215388
106.546720981598,882.875962847872,860.580559327188,63.3,-44,6.25864160717959,-18.8740996215388
107.130675077438,883.528432833375,860.244913157608,63.3,-44,6.24636980717959,-18.8863714215388
107.752773046494,884.384340785083,859.72988920552,63.3,-44,6.23409790717959,-18.8986433215388
108.417999982834,885.280930334664,859.187484355738,63.3,-44,6.20341830717959,-18.9293229215388
109.046799898148,886.137847268969,858.667896299179,63.3,-44,6.22182610717959,-18.9109151215388
109.338747024536,886.559144908021,858.412593085701,63.3,-44,6.22182610717959,-18.9109151215388
109.924836874008,887.39080297411,857.908851273634,63.3,-44,6.22796200717959,-18.9047792215388
110.613481998444,888.299558335921,857.359578991065,63.3,-44,6.24023380717959,-18.8925074215388
111.061007976532,888.925580032176,857.007673139462,63.3,-44,6.25250570717959,-18.8802355215388
111.746283054352,889.894545374319,856.469031609838,63.3,-44,6.26477750717959,-18.8679637215388
112.301554918289,890.637221016723,856.021205599551,63.3,-44,0.0368153071795865,-18.8127406143592
112.949892997742,891.438098923878,855.539472271611,63.3,-44,0.0490853071795865,-18.8004706143592
113.279474973679,891.826121014159,855.306445231167,63.3,-44,0.0920353071795859,-18.7575206143592
113.873465061188,892.538253166201,854.875393649508,63.3,-44,0.0797653071795859,-18.7697906143592
114.463505029678,893.250847666754,854.442523925973,63.3,-44,0.153395307179586,-18.6961606143592
115.126132965088,894.048032968053,853.957623253036,63.3,-45,0.190215307179586,-18.6593406143592
115.701248884201,894.741217428484,853.585627260413,63.3,-45,0.276115307179587,-18.5734406143592
116.528907060623,895.787691130586,853.011358049556,63.3,-45,0.331335307179586,-18.5182206143592
116.935168027878,896.344524314058,852.664435167109,63.3,-45,0.362015307179586,-18.4875406143592
117.193437099457,896.695700192611,852.445570958917,63.3,-45,0.435655307179586,-18.4139006143592
117.893256902695,897.592837725282,851.885049110933,63.3,-45,0.515415307179587,-18.3341406143592
118.496669054031,898.377892318976,851.395992732254,63.3,-45,0.589045307179586,-18.2605106143592
119.132050037384,899.198145373584,850.885631228273,63.3,-46,0.681085307179586,-18.1684706143592
119.663186073303,899.840338931965,850.485795934533,63.3,-46,0.748585307179586,-18.1009706143592
120.232809066772,900.5482248804,850.022749088956,63.3,-46,0.852895307179586,-17.9966606143592
121.144232034683,901.734931352057,849.231589714243,63.3,-46,1.03083530717959,-17.8187206143592
121.663875102997,902.440510771117,848.796005283702,63.3,-46,1.11673530717959,-17.7328206143592
122.438138008118,903.590762669005,848.091661478361,63.3,-47,1.27013530717959,-17.5794206143592
122.810928106308,904.141644655871,847.754272402117,63.3,-47,1.33149530717959,-17.5180606143592
123.440433979034,904.972997641439,847.24048592967,63.3,-47,1.42353530717959,-17.4260206143592
123.919992923737,905.59353257651,846.858412605626,63.3,-48,1.54625530717959,-17.3033006143592
124.547306060791,906.38321791623,846.374696413856,63.3,-48,1.63829530717959,-17.2112606143592
124.966600894928,906.969827964424,846.087072524668,63.3,-48,1.74260530717959,-17.1069506143592
125.742443084717,908.0929068572,845.531291330101,63.3,-48,1.89599530717959,-16.9535606143592
126.250077962875,908.84458268391,845.076993823155,63.3,-48,2.01871530717959,-16.8308406143592
127.103935003281,909.966816942843,844.401980235482,63.3,-49,2.20279530717959,-16.6467606143592
127.54529094696,910.508001506633,844.075928657923,63.3,-49,2.29483530717959,-16.5547206143592
127.943756103516,910.966879482485,843.795862287685,63.3,-49,2.36233530717959,-16.4872206143592
128.579092025757,911.73417513663,843.327181874557,63.3,-49,2.53413530717959,-16.3154206143592
128.900546073914,912.157441365957,843.068287506044,63.3,-49,2.59549530717959,-16.2540606143592
129.554183959961,913.053705990594,842.495317933331,63.3,-50,2.76730530717959,-16.0822506143592
130.370270013809,914.216861223535,841.72318768208,63.3,-50,2.96978530717959,-15.8797706143592
130.884717941284,914.895299945776,841.310563475602,63.3,-51,3.12318530717959,-15.7263706143592
131.534395933151,915.722959225381,840.810026299988,63.3,-51,3.29499530717959,-15.5545606143592
132.137523889542,916.483889114989,840.351630168519,63.3,-51,3.50974530717959,-15.3398106143592
132.796967029572,917.393438246947,839.803790716213,63.3,-51,3.68155530717959,-15.1680006143592
133.427926063538,918.29653014269,839.251857812295,63.3,-52,3.81654530717959,-15.0330106143592
134.372310876846,919.539874303373,838.57532757141,63.3,-52,4.16629530717959,-14.6832606143592
134.968775033951,920.277599998887,838.196919763177,63.3,-52,4.38104530717959,-14.4685106143592
135.468064069748,920.931622999907,837.805282580208,63.3,-52,4.52831530717959,-14.3212406143592
136.267817974091,921.925519642624,837.205909523422,63.3,-53,4.73693530717959,-14.1126206143592
137.588157892227,923.518853620955,836.245231551422,63.3,-53,5.19099530717959,-13.6585606143592
138.304054021835,924.444180585516,835.682349432101,63.3,-54,5.41188430717959,-13.4376716143592
138.944916009903,925.634227901965,834.942234942257,63.3,-54,5.62050530717959,-13.2290506143592
139.467199087143,926.723755519399,834.260835355543,63.3,-54,5.79231130717959,-13.0572446143592
140.168771982193,927.604263986287,833.724642861064,63.3,-54,6.01320430717959,-12.8363516143592
140.919651031494,928.645730492502,833.09252087785,63.3,-55,6.24636980717959,-12.6031861143592
141.47608089447,929.404353143781,832.632414655673,63.3,-55,0.0920353071795859,-12.4743353071796
142.126314878464,930.200391164495,832.149306775611,63.3,-55,0.312935307179586,-12.2534353071796
143.020714998245,931.427228025679,831.4153482303,63.3,-55,0.527685307179587,-12.0386853071796
143.333751916885,931.83947649776,831.168477561963,63.3,-55,0.619725307179587,-11.9466453071796
144.100960969925,932.80486265518,830.589119797219,63.3,-56,0.797665307179586,-11.7687053071796
144.838512897491,933.819423678715,829.982935537874,63.3,-55,0.987885307179586,-11.5784853071796
145.603094100952,934.858087783931,829.357295235901,63.3,-56,1.21491530717959,-11.3514553071796
146.281177043915,935.739662059376,828.826750307549,63.3,-56,1.41739530717959,-11.1489753071796
146.593879938126,936.129766594972,828.592822804402,63.3,-56,1.52170530717959,-11.0446653071796
147.219707965851,936.934276740771,828.107779867428,63.3,-56,1.65669530717959,-10.9096753071796
147.754534006119,937.637332459763,827.682246142775,63.3,-57,1.88986530717959,-10.6765053071796
148.929157018662,939.019979148184,826.849377966075,63.3,-57,2.12916530717959,-10.4372053071796
149.429738044739,939.674454633642,826.443297286137,63.3,-58,2.28869530717959,-10.2776753071796
150.029637098312,940.462657270603,825.949690477093,63.3,-59,2.55254530717959,-10.0138253071796
150.860743999481,941.548228997797,825.264887845817,63.3,-59,2.87161530717959,-9.69475530717959
151.461807012558,942.308546946249,824.784786911644,63.3,-61,3.00660530717959,-9.55976530717959
152.145721912384,943.182950805038,824.230107504252,63.3,-62,3.22749530717959,-9.33887530717959
152.876075029373,944.099039176758,823.5995746117,63.3,-62,3.61405530717959,-8.95231530717959
153.165394067764,944.453587704878,823.3353507766,63.3,-63,3.68155530717959,-8.88481530717959
154.069232940674,945.497880604353,822.632073211016,63.3,-64,4.19083530717959,-8.37553530717959
160.659054994583,954.019665015096,817.214778915479,63.3,-63,2.09848530717959,-4.1847
161.16458106041,954.653491268331,816.813187788864,63.3,-63,2.04939530717959,-4.23379
161.893817901611,955.529694734788,816.25064762896,63.3,-62,2.45436530717959,-3.82882
162.470361948013,956.202662705192,815.745034610774,63.3,-62,2.53413530717959,-3.74905
163.010231971741,956.853506998218,815.286336507733,63.3,-61,2.66299530717959,-3.62019
163.709333896637,957.743942707222,814.726318677524,63.3,-62,2.94524530717959,-3.33794
164.03219294548,958.156013297021,814.46486980859,63.3,-62,3.03728530717959,-3.2459
165.20817899704,959.670225754615,813.501217197974,63.3,-62,3.22749530717959,-3.05569
165.580053091049,960.153730025457,813.19309384401,63.3,-62,3.39316530717959,-2.89002
166.418611049652,961.236697538367,812.513411393718,63.3,-62,3.54042530717959,-2.74276
166.809767961502,961.597274187431,812.27098252538,63.3,-62,3.68155530717959,-2.60163
167.564018011093,962.139180241858,811.882092423395,63.3,-62,3.82881530717959,-2.45437
168.382951021194,963.248434195367,811.173869627858,63.3,-62,4.13561530717959,-2.14757
169.042215108871,964.156213430434,810.593396076271,63.3,-63,4.23992530717959,-2.04326
169.620621919632,964.962335037743,810.077146004159,63.3,-62,4.35036530717959,-1.93282
170.11859703064,965.664945562633,809.626456510652,63.3,-63,4.61421530717959,-1.66897
170.687701940537,966.408243538787,809.153036027603,63.3,-63,4.85351530717959,-1.42967
171.296325922012,967.197237344132,808.645377560627,63.3,-64,5.00691530717959,-1.27627
172.316081047058,968.678319546188,807.631873157041,63.3,-64,5.27075530717959,-1.01243
