1.13309001922607,3,3.28272,-57,11.0475788556034,7.76465161229057,1.528,0.34471157891445
1.66975116729736,3,3.36862,-57,11.053286267452,7.75439412488489,1.528,0.332847296534164
2.00266814231873,3,3.42385,-56,11.0553481210659,7.74889070464738,1.528,0.332071724298932
2.26304411888123,3,3.51588,-57,11.0568864063174,7.7446296545008,1.528,0.331795986667606
2.55547118186951,3,3.60179,-57,11.0582787583418,7.74081929635634,1.528,0.332001531397112
3.05455803871155,3,3.74905,-57,11.060339915627,7.73523284936958,1.528,0.33283665546956
3.13287806510925,3,3.74291,-57,11.061217527182,7.7345722167825,1.528,0.333428363864332
3.61027812957764,3,3.83495,-57,11.067337644672,7.73084574524416,1.528,0.337675725402365
3.97336220741272,3,3.93926,-57,11.0701785532028,7.72762971425733,1.528,0.338584813244719
4.47934198379517,3,4.02517,-57,11.0721266876859,7.7227245899338,1.528,0.337278171616408
4.68784713745117,3,4.10493,-56,11.0698322006096,7.71969612179594,1.528,0.337754449949838
5.20956110954285,3,4.22152,-56,11.0633121576272,7.71186513400121,1.528,0.33920134459464
5.42940020561218,3,4.22152,-56,11.0667346587258,7.71220907306443,1.528,0.33914039951904
5.76959800720215,3,4.28901,-56,11.074218605322,7.71403328504724,1.528,0.338808299388835
6.10861611366272,3,4.37491,-56,11.0797079635002,7.71257679280373,1.528,0.338863479821967
6.5290060043335,3,4.47309,-56,11.0826270055456,7.70430410343258,1.528,0.339694475195736
6.73614501953125,3,4.52831,-56,11.0840049887026,7.70037755630296,1.528,0.339940354821082
7.10457301139832,3,4.63262,-56,11.0862902602677,7.69380467999185,1.528,0.339928384350979
7.28216910362244,3,4.64489,-56,11.0873918467612,7.69063630741078,1.528,0.339922614136013
7.66031098365784,3,4.73693,-56,11.0897584568052,7.68386468486145,1.528,0.338936215551141
8.10009217262268,3,4.85352,-55,11.0922364346277,7.67642506693261,1.528,0.338865728025736
8.45460510253906,3,4.92715,-55,11.0929676405359,7.67243268267424,1.528,0.344491626282863
8.72987914085388,3,4.96396,-54,11.0935354110914,7.66933265544091,1.528,0.348860052937295
8.91100311279297,3,5.00691,-54,11.0943417010213,7.6668702726504,1.528,0.349139640395134
9.34762907028198,3,5.06827,-54,11.0965034246474,7.66072136989176,1.528,0.348506135276934
9.55962014198303,3,5.12963,-54,11.097503911585,7.65787042072283,1.528,0.348425819461902
9.96309208869934,3,5.22167,-54,11.0992237699071,7.65294940674977,1.528,0.349126523029881
10.2142930030823,3,5.25235,-54,11.1002945506308,7.64988559222738,1.528,0.349562779821513
10.6324260234833,3,5.34439,-54,11.1025507116494,7.64341401132135,1.528,0.348930654690382
10.86687707901,3,5.37507,-54,11.1038165767655,7.63978297717268,1.528,0.348573880601095
11.456246137619,3,5.51619,-54,11.1073960686825,7.62973334241302,1.528,0.346806872751126
11.816596031189,3,5.58369,-53,11.1082837215575,7.62823394640017,1.528,0.346061024507227
12.1564869880676,3,5.63278,-53,11.1080829246976,7.63050295091688,1.528,0.345660434771754
12.5584201812744,3,5.71254,-53,11.1112786883286,7.62036697532652,1.528,0.344153718411019
12.809807062149,3,5.74936,-53,11.1144297868048,7.60972485638185,1.528,0.342864632670749
13.1360750198364,3,5.82913,-53,11.1174603262767,7.59982014696947,1.528,0.341864058997318
13.6071472167969,3,5.87208,-53,11.1197278978687,7.59329601956073,1.528,0.341757807071297
13.7360861301422,3,5.90276,-53,11.1203499438871,7.59150474652823,1.528,0.341731263592738
14.2065761089325,3,5.91503,-53,11.1226790982796,7.58473078917007,1.528,0.341743556352031
14.451963186264,3,5.97025,-52,11.1238938837475,7.58119778810093,1.528,0.341749967719779
15.0784170627594,3,6.04388,-52,11.1268233578181,7.57270226232745,1.528,0.34144390724022
15.2443721294403,3,6.06229,-52,11.1275912945234,7.57042244874988,1.528,0.341211485775204
15.825896024704,3,6.11752,-52,11.1302374410048,7.56226900990405,1.528,0.339553509620447
15.9908621311188,3,6.17887,-52,11.1310553575044,7.55989865204489,1.528,0.339300301472875
16.3465950489044,3,6.17274,-52,11.1328971332501,7.55472063109128,1.528,0.339006143575206
16.9372100830078,3,6.22796,-53,11.1361195335304,7.54552355224029,1.528,0.338199159888725
17.3541560173035,3,0.0122718,-53,11.1384196121987,7.53888307685829,1.528,0.337853400661414
17.6257650852203,3,0.0429515,-53,11.1398510729297,7.53470862786163,1.528,0.338210105200331
17.9982061386108,3,0.0674952,-53,11.1417799832929,7.52907362506876,1.528,0.338719418369634
18.1677010059357,3,0.0981748,-52,11.1425766299586,7.5267223103645,1.528,0.338999451743037
18.5812780857086,3,0.116583,-53,11.1445204929606,7.5209849692617,1.528,0.339682749040701
19.1230862140656,3,0.159534,-52,11.1464028812042,7.51523594894057,1.528,0.340789532853708
19.377916097641,3,0.13499,-52,11.1472497152801,7.51263447465949,1.528,0.341322360854248
19.5833151340485,3,0.171806,-53,11.1482681151071,7.50971433062633,1.528,0.34118078589164
19.8891351222992,3,0.19635,-52,11.1498241833998,7.50526902201743,1.528,0.340902375834961
20.2183620929718,3,0.233165,-53,11.1514613013004,7.50060297964878,1.528,0.340586180277447
20.7472400665283,3,0.269981,-53,11.1539472792081,7.49355937557711,1.528,0.340015912011965
21.1484031677246,3,0.306796,-53,11.1557399447028,7.48843990015675,1.528,0.340329823547549
21.3141570091248,3,0.319068,-53,11.15647180306,7.48634584092181,1.528,0.340530494387425
21.7988421916962,3,0.374291,-53,11.1587377467574,7.47993620152315,1.528,0.34045380633309
22.1788740158081,3,0.392699,-53,11.1605900353654,7.47473856742927,1.528,0.339995224577723
22.2672700881958,3,0.411107,-53,11.1612250522374,7.47286942807232,1.528,0.339589378997733
22.6790552139282,3,0.447922,-53,11.1645091638432,7.46310831857706,1.528,0.337221169628602
23.0082809925079,3,0.478602,-53,11.1667777771442,7.45640731178567,1.528,0.335929169726036
23.6856560707092,3,0.539961,-54,11.1702725078678,7.44628793408406,1.528,0.335476630268507
23.7729051113129,3,0.552233,-54,11.1706805639331,7.44515737875005,1.528,0.335711742572043
24.2496781349182,3,0.668816,-54,11.1729103893012,7.43897945081852,1.528,0.336996515482645
24.629753112793,3,0.742447,-55,11.1746876064732,7.43380656090417,1.528,0.336747581320921
24.8716170787811,3,0.76699,-55,11.1758184895344,7.4304704558735,1.528,0.336361750629437
25.1330971717834,3,0.822214,-55,11.1770325088279,7.42693897528182,1.528,0.336071390900873
25.7278270721436,3,0.889709,-55,11.1797433141776,7.41934872030276,1.528,0.336156103568049
26.0647480487823,3,0.938796,-55,11.1818215939217,7.4135965693654,1.528,0.336425554325961
26.341646194458,3,0.938796,-55,11.1835802918017,7.4087335652275,1.528,0.336667682034089
26.6810450553894,3,1.01856,-55,11.1858787595172,7.40220874666034,1.528,0.336636558382425
26.9828541278839,3,1.05538,-55,11.1879738970882,7.39620417153655,1.528,0.336491236074307
27.4875180721283,3,1.12287,-55,11.1912022928625,7.38695009379428,1.528,0.336456052743264
27.767254114151,3,1.14742,-55,11.192937033462,7.38197717074227,1.528,0.336477943517497
28.2628710269928,3,1.20878,-55,11.1951650506236,7.37550199334198,1.528,0.33668263309244
28.5640292167664,3,1.24559,-56,11.1965199506034,7.37158413831038,1.528,0.336802322455265
28.8022191524506,3,1.25173,-56,11.1977323809899,7.36818933322837,1.528,0.336848198199617
29.3345820903778,3,1.25786,-56,11.2002656050604,7.3609173111162,1.528,0.336981577949953
29.4872651100159,3,1.264,-56,11.2007324106356,7.35929566913964,1.528,0.337065197035603
30.0140790939331,3,1.28241,-56,11.2023712661429,7.35363986118406,1.528,0.337364201758118
30.2845420837402,3,1.264,-56,11.2037396349512,7.3496050223465,1.528,0.337713690548356
30.6747400760651,3,1.24559,-56,11.2057137858772,7.34378394488635,1.528,0.338217899365939
31.0842521190643,3,1.27014,-56,11.2077834378334,7.33765263136448,1.528,0.338507635242705
31.4808371067047,3,1.27014,-56,11.2097712448944,7.33177574652887,1.528,0.33884441792184
31.8804349899292,3,1.28854,-56,11.2117061752885,7.32612461158401,1.528,0.339576276888516
32.1680769920349,3,1.28241,-56,11.2131428618564,7.32191899709024,1.528,0.340016110249061
32.4159801006317,3,1.30695,-56,11.2145193783122,7.31786003831025,1.528,0.340120937271466
32.7657270431519,3,1.29468,-56,11.2164613968067,7.31213357351861,1.528,0.340268829449128
33.2846231460571,3,1.24559,-56,11.2188700182291,7.30645252068696,1.528,0.337638221499082
33.6355900764465,3,1.24559,-56,11.2205151982345,7.30224440529661,1.528,0.336326629777657
33.9874391555786,3,1.22105,-56,11.2222458436038,7.29705246918855,1.528,0.336173678146365
34.0632781982422,3,1.20878,-56,11.2226188742462,7.29593337726147,1.528,0.336140710303108
34.4661381244659,3,1.17196,-56,11.2244949712564,7.29031627337148,1.528,0.336244181391987
34.9652152061462,3,1.15969,-56,11.2266910240981,7.28375556550703,1.528,0.336710842620839
35.2967309951782,3,1.11674,-56,11.2282853849518,7.27900442659946,1.528,0.336625217396176
35.6429240703583,3,1.06151,-56,11.2299617672985,7.27400979331353,1.528,0.336502447041961
36.0636160373688,3,1.06151,-56,11.2319006989695,7.26814852796001,1.528,0.335993991749117
36.5296401977539,3,1.04311,-56,11.2334658284334,7.26196033141913,1.528,0.33537276475229
36.8743691444397,3,1.00629,-56,11.2338222989781,7.2577692563004,1.528,0.334905788338696
37.1565701961517,3,0.99402,-56,11.2345973375274,7.25396029669745,1.528,0.334623955445119
37.5295281410217,3,0.981748,-56,11.236616143626,7.24814826019254,1.528,0.334458200839129
37.7635231018066,3,0.957204,-56,11.2378777595102,7.24450504018258,1.528,0.334362260965031
38.0809710025787,3,0.93266,-56,11.2394924866328,7.23962594579588,1.528,0.334388445729181
38.6878561973572,3,0.895845,-56,11.2426285310018,7.23027879611222,1.528,0.33443369597377
39.2101562023163,3,0.895845,-56,11.2454060221014,7.22220324074015,1.528,0.334464942748641
39.7486090660095,3,0.859029,-56,11.248689808687,7.21260537321021,1.528,0.334278320558646
40.0489921569824,3,0.834486,-56,11.2503078926633,7.20797394453809,1.528,0.333743936549948
40.4510571956635,3,0.79767,-57,11.2520220511127,7.20329595083431,1.528,0.332160828278797
40.6004660129547,3,0.822214,-56,11.2526590385698,7.20155759151595,1.528,0.331572539540208
41.0991539955139,3,0.773126,-56,11.2554470885597,7.19353303616573,1.528,0.331210236679031
41.556380033493,3,0.779262,-56,11.2578505811702,7.18646825648932,1.528,0.33116423436895
41.901652097702,3,0.736311,-56,11.2594818577735,7.18157442667962,1.528,0.331208074927662
42.2397830486298,3,0.711767,-56,11.261171689231,7.17662210123022,1.528,0.331482375384657
42.5097980499268,3,0.674952,-56,11.2625564856768,7.1726061915372,1.528,0.331790107928184
43.2525970935822,3,0.656544,-56,11.2665962739438,7.16072946773536,1.528,0.333550867986687
43.6541230678558,3,0.693359,-56,11.2693733766845,7.15309078896399,1.528,0.334179016294245
43.9650321006775,3,0.674952,-55,11.2718118805906,7.14662255402653,1.528,0.334396415117064
44.3300931453705,3,0.650408,-55,11.2742335525634,7.13999038214223,1.528,0.33449956396513
44.6486821174622,3,0.625864,-56,11.2758670084207,7.13524882277879,1.528,0.334424243500601
45.0620341300964,3,0.613592,-55,11.278249994261,7.12834638022735,1.528,0.334717168869793
45.2790200710297,3,0.66268,-55,11.2796599138232,7.12427043094761,1.528,0.335106498930711
45.5095541477203,3,0.66268,-55,11.2811578657323,7.11993998815579,1.528,0.335520137923799
46.1237561702728,3,0.632,-55,11.2842124653439,7.11117759934745,1.528,0.334623943685266
46.483302116394,3,0.576777,-55,11.2861949874796,7.10556720194847,1.528,0.334243485121501
47.1318511962891,3,0.607456,-55,11.2886658225097,7.09715101950944,1.528,0.332601321884389
47.5594751834869,3,0.650408,-55,11.2887876561567,7.09411736169802,1.528,0.330197544028193
47.6078691482544,3,0.632,-55,11.2888229061225,7.09374202271306,1.528,0.329960265498202
47.9739720821381,3,0.625864,-55,11.2904775033388,7.08883176215057,1.528,0.330412846501484
48.5045862197876,3,0.687223,-55,11.2928989470481,7.08170538792005,1.528,0.331139115672573
48.7407710552216,3,0.711767,-55,11.2940032581016,7.07852237370725,1.528,0.331542189207071
49.2381930351257,3,0.730175,-55,11.2963770277771,7.07164441865281,1.528,0.332121891888892
49.5443980693817,3,0.754719,-55,11.297903017516,7.06717544870304,1.528,0.332115787929936
50.0607681274414,3,0.632,-55,11.3003983864903,7.05995976224126,1.528,0.332646879515101
50.3216061592102,3,0.638136,-55,11.3016246308084,7.05645567620507,1.528,0.333152983988196
50.8814041614532,3,0.595185,-55,11.3057243914687,7.04350863104843,1.528,0.334253940381856
51.1704931259155,3,0.607456,-55,11.3081316775968,7.03574772622603,1.528,0.334825233060608
51.5242691040039,3,0.576777,-55,11.309751800024,7.03102846638185,1.528,0.335502026139037
51.9698350429535,3,0.607456,-55,11.3118224498795,7.02508136776322,1.528,0.336235758203645
52.4046230316162,3,0.570641,-55,11.3139150069553,7.01927003782704,1.528,0.336668618581607
52.5551681518555,3,0.60132,-55,11.3146395537799,7.0172578677883,1.528,0.336818496267621
53.1665639877319,3,0.632,-55,11.3175822016049,7.00883043368642,1.528,0.33656995488321
53.5316960811615,3,0.699495,-55,11.3191128598584,7.00448825343348,1.528,0.336742529743854
53.8978412151337,3,0.66268,-55,11.3205245109254,7.00051129163422,1.528,0.337095929286849
53.9917662143707,3,0.60132,-55,11.3208866332455,6.99949110564974,1.528,0.337186584736632
54.7990810871124,3,0.595185,-55,11.323355596724,6.98874142908172,1.528,0.336734014576854
55.3338930606842,3,0.546097,-55,11.3260975902862,6.98114001359556,1.528,0.337088188745297
55.4539251327515,3,0.552233,-56,11.3267149728772,6.97942699041013,1.528,0.337170098825144
55.8261570930481,3,0.515418,-56,11.3289134553825,6.97311184941366,1.528,0.337771933410969
56.2131941318512,3,0.478602,-56,11.331085014238,6.96688705635679,1.528,0.338018441030091
56.7225961685181,3,0.435651,-56,11.3334046285333,6.9603023448088,1.528,0.336557084024043
56.7997901439667,3,0.398835,-56,11.3337561391989,6.95930450808066,1.528,0.33633563230472
57.3226962089539,3,0.337476,-57,11.3360710133748,6.95281406563379,1.528,0.336159674438959
57.6785449981689,3,0.325204,-57,11.3377624207195,6.94714225978934,1.528,0.335279799000646
58.2326040267944,3,0.239301,-57,11.3406579789761,6.93549144775132,1.528,0.332168597852757
58.3861811161041,3,0.233165,-57,11.3413907968296,6.9332466548621,1.528,0.331985938867201
58.6302850246429,3,0.177942,-57,11.3425317297258,6.93001513021787,1.528,0.331927885516894
59.140111207962,3,0.110447,-58,11.3448520931941,6.92340524031633,1.528,0.331786204786318
59.3314499855042,3,0.0674952,-58,11.3456681329686,6.92104662212951,1.528,0.331715130354349
59.8639039993286,3,0.0184078,-59,11.3479402420574,6.91447970045416,1.528,0.331896749067018
60.2062540054321,3,6.22183,-58,11.3494031820718,6.91025180381248,1.528,0.332636509067643
60.4480571746826,3,6.17887,-59,11.3504556302551,6.90721197350816,1.528,0.333085472574398
60.8077521324158,3,6.04388,-58,11.3522085882287,6.90216557934172,1.528,0.333034477433348
61.4050970077515,3,5.85981,-59,11.3545673790983,6.89386667943042,1.528,0.333286517013056
61.5011742115021,3,5.90276,-59,11.3548654295616,6.89254390308845,1.528,0.333376641796012
62.1940221786499,3,5.71868,-59,11.357798291596,6.8827432971962,1.528,0.332237716100128
62.7129871845245,3,5.6021,-59,11.3603893241399,6.87523815984901,1.528,0.331115867731165
63.1032111644745,3,5.54074,-60,11.3623605454231,6.86955274267431,1.528,0.330887621056268
63.3449401855469,3,5.48552,-60,11.3635689659883,6.86608281319558,1.528,0.330820758639531
63.5818560123444,3,5.45484,-60,11.3647342505032,6.8627601776192,1.528,0.330867370020129
64.0638740062714,3,5.33825,-60,11.3670982663108,6.85601866273002,1.528,0.33108677640824
64.4269070625305,3,5.2094,-60,11.3688439601763,6.85103595366827,1.528,0.33188730173798
64.8577351570129,3,5.11122,-60,11.3711329040282,6.84477123843781,1.528,0.331869936436842
65.1344020366669,3,4.98237,-60,11.3729327532966,6.84021434733534,1.528,0.330389560413518
65.3056771755219,3,4.95169,-60,11.3740469793065,6.83739332966492,1.528,0.329473109520409
65.8419051170349,3,4.7492,-61,11.3768167835414,6.82939606387133,1.528,0.329982204229106
66.197624206543,3,4.74307,-61,11.3785287573357,6.8242653302877,1.528,0.330612184717782
66.4684669971466,3,4.60194,-61,11.3798063503575,6.82043642271646,1.528,0.330721360848732
67.0547330379486,3,4.39332,-60,11.3824903235916,6.8124773435562,1.528,0.331197649619732
67.3938879966736,3,4.33196,-60,11.3839876291397,6.80809651732349,1.528,0.331636215244793
67.6986351013184,3,4.23992,-60,11.3854114416226,6.80390624721319,1.528,0.331964626488649
67.870227098465,3,4.13561,-60,11.3862326517365,6.80148367737735,1.528,0.332133202675907
68.4772021770477,3,3.99449,-60,11.3893902969968,6.79210542854154,1.528,0.333185776896344
68.6608211994171,3,3.95153,-60,11.3904643338611,6.78888819993439,1.528,0.333718645640609
69.0722980499268,3,3.82268,-60,11.3928130438075,6.78189790967775,1.528,0.334652955293248
69.4596800804138,3,3.75518,-59,11.3947994013698,6.77616506104649,1.528,0.334527704413624
69.7891302108765,3,3.59565,-59,11.396492684691,6.77125432234969,1.528,0.334443413209672
70.1203241348267,3,3.56497,-59,11.3982047599864,6.76623060426833,1.528,0.334413574183093
70.593896150589,3,3.46066,-59,11.4004529429743,6.7596378770853,1.528,0.334329376354329
70.8530302047729,3,3.45452,-59,11.4015602317704,6.75639352091282,1.528,0.33425777167885
71.3132259845734,3,3.35635,-59,11.403812857503,6.74978303755199,1.528,0.334085229699069
71.6779930591583,3,3.2459,-58,11.4058060129938,6.74392746993433,1.528,0.333915542137011
71.944904088974,3,3.20295,-59,11.4072822583214,6.73971747652931,1.528,0.33450388228162
72.0933082103729,3,3.15386,-58,11.4081067212966,6.73739206813777,1.528,0.334977631391206
72.7099080085754,3,3.03728,-58,11.4110596727922,6.72878815953853,1.528,0.335827557876116
73.0416061878204,3,2.95751,-58,11.4122943980498,6.72495169177388,1.528,0.335447438886101
73.2279410362244,3,2.93297,-58,11.4130202727205,6.72271308257527,1.528,0.33520697479418
73.7509670257568,3,2.82252,-57,11.4156806798315,6.71481814471632,1.528,0.334011948681105
73.9109370708466,3,2.8348,-57,11.4164943782977,6.71240343953809,1.528,0.333646444126803
74.415060043335,3,2.74276,-57,11.4192833294022,6.7041088151113,1.528,0.333967785784512
74.8224411010742,3,2.66299,-57,11.4215014236328,6.69755527240957,1.528,0.333397006417306
75.0626051425934,3,2.63231,-57,11.4227792313187,6.69381058599673,1.528,0.332455333142116
75.3291471004486,3,2.60777,-57,11.4242725269099,6.68949547363365,1.528,0.331367188732911
75.6203060150146,3,2.54641,-57,11.427016976762,6.68242422706169,1.528,0.329540843120421
76.1220002174377,3,2.47891,-57,11.4311421427399,6.67159911798512,1.528,0.32713310001642
76.4170520305634,3,2.42369,-57,11.4325755321693,6.6674675837473,1.528,0.326932425496297
76.7898530960083,3,2.35006,-57,11.4343926497214,6.66222930472247,1.528,0.326894262322113
77.0020260810852,3,2.32551,-57,11.4354361464706,6.6592200857185,1.528,0.3272061832423
77.4491691589355,3,2.23348,-57,11.4376374199473,6.65286862642012,1.528,0.327877569149584
77.6605842113495,3,2.16598,-57,11.438740902708,6.64958431325591,1.528,0.328602092699072
78.1199359893799,3,2.11076,-57,11.4411384934301,6.64244832613312,1.528,0.330176300291589
78.6370251178741,3,2.00645,-57,11.4438237937557,6.6346782872433,1.528,0.330297038182573
78.871701002121,3,1.95122,-57,11.4450418265712,6.63116473104475,1.528,0.330271428261837
79.2660911083221,3,1.87759,-57,11.453737882404,6.63210283609743,1.528,0.333734538514057
79.668154001236,3,1.82851,-57,11.4631900276975,6.63370427308637,1.528,0.337577511214571
79.9808020591736,3,1.82237,-57,11.4646214381792,6.62947930343884,1.528,0.33749024134972
80.3334171772003,3,1.73647,-57,11.4662334610092,6.624724809198,1.528,0.337374431078765
80.6220610141754,3,1.69351,-57,11.4674675408661,6.6212140647776,1.528,0.336652707134886
81.0936810970306,3,1.61375,-58,11.4678827477109,6.61365628241534,1.528,0.335547060716151
81.3834211826324,3,1.58307,-58,11.4639551789186,6.6042549230115,1.528,0.335060042185908
81.7413620948792,3,1.44808,-58,11.4597364217302,6.59342804311637,1.528,0.334514786741024
82.0011022090912,3,1.54625,-58,11.4607030989497,6.59057979773751,1.528,0.334477845861565
82.4784290790558,3,1.47262,-58,11.4628662334467,6.58568234392733,1.528,0.334486460196731
82.8715341091156,3,1.35604,-58,11.4714385963066,6.58756408211608,1.528,0.335837130052207
83.1923911571503,3,1.3499,-58,11.4784354618554,6.58909997943167,1.528,0.336939563014288
83.6124031543732,3,1.30082,-58,11.4810177611736,6.58293700229637,1.528,0.337369583877162
83.7671852111816,3,1.18423,-58,11.4818689232234,6.58054098112624,1.528,0.337512579101525
84.0365371704102,3,1.17196,-58,11.4833502470511,6.5763449178163,1.528,0.337609160633196
84.5685460567474,3,1.04924,-58,11.4862765107228,6.56796848805595,1.528,0.337290929458894
86.4742827415466,3,1.01856,-58,11.4735745164771,6.55491581692714,1.528,0.407280705388992
86.7677795886993,3,1.03697,-58,11.472077630588,6.55808648272466,1.528,0.442008832763205
87.1742966175079,3,1.04924,-58,11.4698831861773,6.56001650384423,1.528,0.49582338555895
87.3394746780396,3,1.03084,-57,11.4690049312603,6.56153149357605,1.528,0.523116254923337
87.7415325641632,3,0.987884,-57,11.4635300222412,6.5703359685201,1.528,0.597529085383519
88.31849360466,3,0.834486,-58,11.4579,6.57625047859607,1.528,0.740477743457103
88.4417865276337,3,0.754719,-58,11.4553961735006,6.57844581829745,1.528,0.774839991051571
89.1516716480255,3,0.490874,-58,11.4412293726776,6.58882280301644,1.528,0.975326194779723
89.7954807281494,3,0.233165,-59,11.4315672882801,6.59070366432875,1.528,1.12664512834247
89.979231595993,3,0.141126,-59,11.4273043586994,6.59266420790683,1.528,1.16284699129115
90.6063396930695,3,6.14206,-60,11.4116126920234,6.60068119108318,1.528,1.26889209827093
91.0035326480865,3,5.97025,-59,11.405792694638,6.60294069418881,1.528,1.32092605137708
91.0366096496582,3,5.94571,-60,11.4053146397164,6.60309894685249,1.528,1.3252145337161
93.9411129951477,3,6.27091,-60,11.4218628553394,6.59942264863878,1.528,1.32045971111074
94.3253479003906,3,0.122718,-60,11.4269483652241,6.5982497374419,1.528,1.32051941048671
94.6969330310822,3,0.294524,-60,11.4320609674488,6.59703805071463,1.528,1.32033024420439
94.9540100097656,3,0.349748,-59,11.434727336521,6.59641794274361,1.528,1.32118117319709
95.3527998924255,3,0.478602,-59,11.4358633134897,6.5962077870044,1.528,1.32588411784741
95.5325028896332,3,0.539961,-59,11.4363752082867,6.59611308646696,1.528,1.32800336230699
96.2302889823914,3,0.748583,-59,11.4366862188872,6.5949726866768,1.528,1.33687191709092
96.7142009735107,3,0.883573,-59,11.4415885653971,6.59371931723386,1.528,1.33815252925776
97.1285779476166,3,0.944932,-59,11.4466751475487,6.59247493615177,1.528,1.33880093143049
97.4361128807068,3,1.0247,-59,11.450901755998,6.59141601166931,1.528,1.33930085285998
97.8211019039154,3,1.14742,-59,11.4562462957924,6.59005248197552,1.528,1.34047874892869
98.207603931427,3,1.25173,-59,11.4616676708137,6.58864398748466,1.528,1.34223803827387
98.6483221054077,3,1.37445,-59,11.4681674264619,6.58789545100306,1.528,1.34450227352628
98.8308439254761,3,1.44808,-59,11.4709286029668,6.58777245314057,1.528,1.34549629706805
99.2993350028992,3,1.56466,-60,11.4777230126181,6.58686340082023,1.528,1.3467613874448
99.5521419048309,3,1.66284,-59,11.4811991450218,6.58598741545452,1.528,1.34660843761904
100.159410953522,3,1.81623,-59,11.4888850754314,6.58402548052817,1.528,1.34570898631709
100.666627883911,3,1.93895,-59,11.4954198777536,6.58234519929819,1.528,1.34435196176651
100.709634065628,3,1.96963,-59,11.4961121470652,6.58216876251791,1.528,1.34416756082601
101.33816409111,3,2.11076,-59,11.5061346572143,6.579605094294,1.528,1.34197203461375
101.820120096207,3,2.32551,-59,11.5134112534069,6.57770356868517,1.528,1.34243883512422
102.180237054825,3,2.38687,-60,11.5186131946805,6.57527897643372,1.528,1.34118117554713
102.529906988144,3,2.45437,-59,11.5235427035445,6.5724059192473,1.528,1.33912970317138
102.873389959335,3,2.55868,-59,11.5278713705541,6.57073192587722,1.528,1.33907082967302
103.306622982025,3,2.70594,-59,11.5329939987012,6.5693741208262,1.528,1.34028051053666
103.710834980011,3,2.81639,-59,11.5386183810656,6.56792313496857,1.528,1.34063355719425
103.90615105629,3,2.81025,-59,11.5413844342859,6.56721148049926,1.528,1.34075977515674
104.355240106583,3,2.90843,-60,11.5475927693774,6.56562073671465,1.528,1.34073208111355
104.90888094902,3,3.03728,-59,11.5552576530721,6.56365411155524,1.528,1.34015503482875
105.311877012253,3,3.14773,-60,11.5612270820083,6.56209861613054,1.528,1.33879469381158
105.614212989807,3,3.11705,-60,11.5652846484542,6.56102182036066,1.528,1.33831449551555
105.985188961029,3,3.25818,-60,11.5693394050641,6.55989854319169,1.528,1.33891175020539
106.272552967072,3,3.20909,-60,11.5727901728596,6.55898192768114,1.528,1.33943693861709
106.51394200325,3,3.30113,-60,11.5762625905004,6.55812585640138,1.528,1.33999390065453
107.079272031784,3,3.38089,-60,11.5846445332469,6.55605440220326,1.528,1.34115722108219
107.567859888077,3,3.43612,-60,11.5923005707858,6.5541543128868,1.528,1.3419297848702
107.897547960281,3,3.49134,-60,11.597112210112,6.55292098132417,1.528,1.34279608599134
108.308677911758,3,3.57111,-60,11.6030530228013,6.55139432174095,1.528,1.34381177740662
108.862626075745,3,3.66928,-60,11.6101915606574,6.54954133957404,1.528,1.34273340253899
109.077905893326,3,3.67542,-60,11.6131850460329,6.54888243322643,1.528,1.34236121661322
109.511205911636,3,3.74291,-60,11.6203674811877,6.54787936900654,1.528,1.34185968450327
109.767347097397,3,3.76746,-61,11.6245266211802,6.54721904337916,1.528,1.34152078826193
110.325010061264,3,3.85336,-61,11.6327852329644,6.54516233140598,1.528,1.34039317011448
110.579101085663,3,3.88404,-61,11.6367061928047,6.54418232288315,1.528,1.3397529493916
111.11823797226,3,3.91472,-62,11.6452278301911,6.54204807496115,1.528,1.33823287353348
111.254208087921,3,3.95767,-61,11.6476887133653,6.54144738698407,1.528,1.33814037622116
111.558887004852,3,3.99449,-61,11.653227279214,6.54009651726489,1.528,1.33795575735954
112.383254051209,3,4.08039,-62,11.6654164771354,6.53705924991375,1.528,1.33949802644519
112.668148040771,3,4.16629,-62,11.6701620419749,6.53638733116304,1.528,1.3407404945624
113.08823800087,3,4.15402,-62,11.6781343830052,6.53569986117564,1.528,1.34301087863844
113.467649936676,3,4.26447,-62,11.6840995401391,6.53466732340846,1.528,1.3433702480216
113.868149995804,3,4.24606,-62,11.6896298102025,6.53332197886419,1.528,1.34270023453315
114.272160053253,3,4.35651,-62,11.6959615523043,6.53180136792722,1.528,1.34234438078941
114.532942056656,3,4.41173,-62,11.700238981886,6.5307785043316,1.528,1.34219560063005
114.911431074142,3,4.424,-63,11.706279277325,6.5293179578881,1.528,1.34130628954612
115.408962011337,3,4.61421,-63,11.7141199571238,6.52740942203338,1.528,1.33961494373463
115.452740907669,3,4.4915,-64,11.7148891600941,6.52722520115393,1.528,1.33956905011203
116.288244009018,3,4.71852,-64,11.7326092915509,6.52292770365955,1.528,1.34003146010086
116.455528974533,3,4.69398,-65,11.7377998655726,6.52164489036562,1.528,1.34084712173284
116.790590047836,3,4.89033,-65,11.7473693716693,6.51927802345013,1.528,1.34231426451617
117.238169908524,3,4.96396,-65,11.7540630292756,6.51760779650455,1.528,1.34304737939686
117.730027914047,3,5.17258,-65,11.761428660958,6.51576187788763,1.528,1.34368181489248
129.814707040787,3,1.77328,-66,11.9177175589323,6.46544205040335,1.528,1.38568331343055
130.10715007782,3,1.80396,-67,11.9225753116701,6.46459097696332,1.528,1.38548313143523
130.354221105576,3,1.63216,-66,11.927568864889,6.46416546996368,1.528,1.3851631220388
130.946816921234,3,1.83464,-66,11.9387748784445,6.46294236815299,1.528,1.38437529869046
131.020651102066,3,1.90214,-66,11.9399232949086,6.46272488043324,1.528,1.38427062002161
131.384006977081,3,1.79783,-65,11.9455749302959,6.46165457072272,1.528,1.38375547095533
131.898015975952,3,1.88373,-65,11.9533230308073,6.46021763987114,1.528,1.38398934176962
132.080728054047,3,1.88373,-65,11.956049384679,6.4597155588611,1.528,1.38418099634872
132.662905931473,3,1.90214,-65,11.9654497839321,6.45794807817356,1.528,1.38513366836654
133.0340321064,3,1.87759,-64,11.9713333035774,6.45684125557923,1.528,1.38590082881273
133.362289905548,3,1.94509,-64,11.9763755570252,6.45589583305778,1.528,1.38666686347113
133.758333921433,3,1.86532,-64,11.9816643179879,6.45473699561271,1.528,1.38552699594026
133.879446029663,3,1.87759,-64,11.9831313641088,6.45437917948566,1.528,1.38478810563789
134.559000015259,3,2.07394,-64,11.9922203027863,6.45246687681323,1.528,1.38342709723366
134.882086038589,3,1.87146,-64,11.9968857671368,6.45159599013446,1.528,1.3838980869681
135.273457050323,3,2.0494,-64,12.0026830736609,6.45049230261652,1.528,1.38475713625375
135.658448934555,3,1.94509,-64,12.0084003138432,6.44940160651338,1.528,1.38560816093435
136.120116949081,3,1.90827,-63,12.0152585792838,6.44808710563727,1.528,1.3858875717486
136.472474098206,3,1.95736,-62,12.020677560704,6.44704933352915,1.528,1.38606969133989
136.822462081909,3,2.03099,-63,12.02651953583,6.44593263739886,1.528,1.38617308912974
137.011127948761,3,1.95736,-63,12.0296687333814,6.44533066689347,1.528,1.38622882713949
137.565454006195,3,1.98804,-62,12.0325973254607,6.44318993795695,1.528,1.38918691403927
138.0114569664,3,2.07394,-62,12.0380652651427,6.44178867524263,1.528,1.38913290492574
138.31325006485,3,2.01258,-62,12.0427940440325,6.44094179393237,1.528,1.38832901251448
138.585959911346,3,2.06781,-62,12.0469368298968,6.44019997712323,1.528,1.38800137884144
138.941176891327,3,2.03713,-62,12.0522497770059,6.43924870659324,1.528,1.3878293405541
139.706068992615,3,2.08008,-62,12.0629655402388,6.4372974061363,1.528,1.38954362223182
139.969096899033,3,2.08621,-62,12.0665262637626,6.43665051942427,1.528,1.38986351761559
140.393263101578,3,2.14757,-62,12.0721848064853,6.43562964831451,1.528,1.38968851113963
140.605722904205,3,2.1353,-62,12.0748594942573,6.43526190932342,1.528,1.38987463640092
141.117760896683,3,2.17825,-62,12.0799292585791,6.43561397629022,1.528,1.39268413079593
141.356927871704,3,2.17825,-62,12.0825986711511,6.43555107141876,1.528,1.39346956186938
141.765783071518,3,2.21507,-62,12.0883965139728,6.43451229124654,1.528,1.39265424022258
142.159435987473,3,2.20893,-62,12.0941524840117,6.43348607881753,1.528,1.39227157836867
142.620502948761,3,2.23348,-62,12.1010994407659,6.43225333453076,1.528,1.39229882133634
142.961370944977,3,2.19666,-62,12.1065693661889,6.43123505164473,1.528,1.39248708182398
143.570290088654,3,2.2887,-62,12.1162862855291,6.42942596863153,1.528,1.39271161286868
143.866076946259,3,2.35619,-62,12.1209534223817,6.42855981530574,1.528,1.39274524989104
144.338663101196,3,2.30711,-62,12.1276776077997,6.42967305461083,1.528,1.39416328233992
144.690849065781,3,2.38074,-62,12.1324821517699,6.4312066262215,1.528,1.39560464553097
145.047484874725,3,2.41755,-62,12.137277568729,6.4305381681041,1.528,1.39566065237657
145.450193881989,3,2.41142,-62,12.1426850892238,6.42954768167683,1.528,1.39557498868556
145.791061878204,3,2.43596,-62,12.1489223707561,6.42841854819146,1.528,1.39472911377051
146.123312950134,3,2.44823,-62,12.1551215362846,6.42729701977141,1.528,1.39384892690921
146.49525308609,3,2.54641,-62,12.1612912041001,6.42615726760326,1.528,1.39377606987036
146.871362924576,3,2.46051,-62,12.1674110087549,6.42502264884428,1.528,1.39386569310231
147.366214990616,3,2.62004,-62,12.1756848565528,6.4234969209476,1.528,1.39428318083523
147.669091939926,3,2.66913,-62,12.1810147022178,6.42267557645984,1.528,1.39465624968851
148.127278089523,3,2.6814,-62,12.1894162218404,6.42157637764254,1.528,1.39537037885644
148.480834960938,3,2.69367,-62,12.1950136388551,6.42058926560247,1.528,1.39551659304216
148.638715028763,3,2.79185,-62,12.1974740203227,6.42014233392304,1.528,1.39556399488695
149.247343063354,3,2.85934,-62,12.2056070713434,6.4186671894272,1.528,1.39540849076031
149.565191030502,3,2.86548,-63,12.2094661631564,6.41796785997131,1.528,1.39522830039598
149.979506969452,3,2.96365,-63,12.215469512662,6.41686632795192,1.528,1.39507408591327
150.224365949631,3,2.99433,-62,12.2190174670114,6.41621532715387,1.528,1.39498294580154
150.703903913498,3,3.03728,-63,12.2263714252431,6.41487711724942,1.528,1.39477732643804
150.892956018448,3,3.03115,-63,12.2293068271417,6.41434389745499,1.528,1.39469384253083
151.350871086121,3,3.15386,-63,12.2352570110805,6.41369325038172,1.528,1.39289845378006
151.77540397644,3,3.23977,-63,12.2407533171772,6.41312312035062,1.528,1.39120520885931
151.901845932007,3,3.25204,-63,12.2428548175653,6.41272422444363,1.528,1.3913375255504
152.461016893387,3,3.27658,-63,12.2520648064524,6.41098214187331,1.528,1.39194165356705
152.822568893433,3,3.35021,-63,12.2578161060874,6.40990930328755,1.528,1.39237853113548
153.194917917252,3,3.39317,-62,12.2632494309342,6.40889957342282,1.528,1.39265764504513
153.499245882034,3,3.39317,-62,12.2673352270525,6.40814326648176,1.528,1.39276196324389
153.804208040237,3,3.43612,-62,12.271516738558,6.40736940336676,1.528,1.39306357773794
154.291133880615,3,3.49134,-63,12.278452797752,6.40608623241588,1.528,1.39413173085381
154.625655889511,3,3.52202,-63,12.2831534365139,6.40484431566875,1.528,1.39633607113263
155.308269023895,3,3.62019,-62,12.2924762588047,6.40238591749505,1.528,1.40372092000303
155.676718950272,3,3.65701,-63,12.2972521410555,6.40159343593474,1.528,1.4095044609266
155.817420005798,3,3.69383,-62,12.2990817101013,6.40129255017619,1.528,1.41172191829387
156.261957883835,3,3.66315,-63,12.3050334604739,6.40039345597097,1.528,1.41899065172765
156.759481906891,3,3.65701,-63,12.3115504960132,6.39944131889591,1.528,1.42674696371309
157.085083007813,3,3.68155,-63,12.3157247605178,6.3988522837936,1.528,1.43158447246677
157.489541053772,3,3.69996,-63,12.3213907914003,6.39804846592838,1.528,1.43771335212995
157.832947969437,3,3.68769,-63,12.3263796942873,6.39733925914544,1.528,1.44296148232375
158.200902938843,3,3.63247,-63,12.3318490780398,6.39616935710313,1.528,1.45009616592499
158.481010913849,3,3.68155,-63,12.3360376793889,6.39519600593249,1.528,1.45583255520115
159.197298049927,3,3.4852,-63,12.3468165360973,6.39352988720233,1.528,1.46619557260238
159.599224090576,3,3.53429,-64,12.3525971924665,6.39278119012405,1.528,1.47234684152479
159.899090051651,3,3.50361,-63,12.3568489881639,6.39224085775417,1.528,1.47713011168439
160.325232982636,3,3.46066,-63,12.3632213515682,6.39146023174311,1.528,1.48364692398129
160.633003950119,3,3.55884,-64,12.367868161089,6.390894723792,1.528,1.48831565241488
160.905838012695,3,3.46066,-63,12.3722801148359,6.39045247531327,1.528,1.4920484730404
161.309732913971,3,3.42385,-63,12.3788756528617,6.38981074728913,1.528,1.49748533546707
161.599591016769,3,3.46066,-63,12.3809186438334,6.38994039693553,1.528,1.50170340705975
162.14586687088,3,3.49134,-63,12.385152865041,6.39006765496241,1.528,1.5099687393453
162.516761064529,3,3.43612,-63,12.3906996260222,6.38949184834627,1.528,1.51610187220166
162.883013010025,3,3.38703,-63,12.3964036298887,6.38894586142697,1.528,1.52052617143567
163.481023073196,3,3.46066,-62,12.406077930878,6.38811051491187,1.528,1.52391111818257
163.636118888855,3,3.32567,-62,12.4082745573944,6.38791431137837,1.528,1.52385780200499
164.19348192215,3,3.3993,-62,12.4161907629949,6.38721030965463,1.528,1.52373024246032
164.419847011566,3,3.38089,-62,12.4195222929364,6.38693008751002,1.528,1.52401357818431
164.975924968719,3,3.35021,-62,12.4282196179124,6.38605229654052,1.528,1.52492311016715
165.078547954559,3,3.38089,-62,12.4302811624203,6.38572184308262,1.528,1.52528084877294
165.701489925385,3,3.34408,-62,12.442132519653,6.38396337928119,1.528,1.5270605207749
166.058933019638,3,3.33794,-61,12.4476695824835,6.38342611971943,1.528,1.52733463279621
166.442802906036,3,3.42385,-61,12.4543701703723,6.38284178931374,1.528,1.52712761038237
166.996779918671,3,3.44225,-61,12.4643655481626,6.38203133711426,1.528,1.52655208225785
167.318736076355,3,3.41771,-61,12.4695015338502,6.38163132284436,1.528,1.52655702070563
167.537991046906,3,3.41771,-61,12.4729215863831,6.38136375559402,1.528,1.52659844251016
168.104784965515,3,3.43612,-60,12.4802056791276,6.38076930664591,1.528,1.52746918463134
168.52202796936,3,3.42385,-60,12.4862194610556,6.38076987476928,1.528,1.52827169564413
168.63799905777,3,3.39317,-60,12.4879374091274,6.38080126035906,1.528,1.52850626163086
169.018048048019,3,3.42385,-60,12.4934776038762,6.3807155818855,1.528,1.52905591118942
169.428181886673,3,3.36249,-60,12.4992613214609,6.3802131579337,1.528,1.52917275396891
169.740519046783,3,3.35021,-59,12.503634567868,6.37984884610946,1.528,1.52894200953882
170.314270019531,3,3.39317,-59,12.5116028764648,6.37921769295328,1.528,1.52785327034442
170.749447107315,3,3.40544,-59,12.5178992701828,6.37873556605744,1.528,1.52715681512271
171.158550977707,3,3.42385,-59,12.5240741642636,6.37829468669867,1.528,1.52691350520838
171.311681985855,3,3.42385,-59,12.5265316522014,6.37813686637239,1.528,1.52706005265421
171.662803888321,3,3.4668,-58,12.5321665516933,6.37777499209309,1.528,1.5273960787707
172.050514936447,3,3.4668,-58,12.5404752592493,6.37634959513111,1.528,1.5280737199383
172.430356025696,3,3.47293,-58,12.5481337781698,6.37515099725851,1.528,1.52866668890849
173.00418305397,3,3.50975,-58,12.5564398423774,6.37471874289668,1.528,1.52908199211887
173.252181053162,3,3.49134,-57,12.5599125531273,6.37454754841825,1.528,1.52933185344724
173.663506031036,3,3.53429,-58,12.565650682904,6.37426649716389,1.528,1.52975928556326
173.813814878464,3,3.52816,-57,12.5678113210197,6.37415999998688,1.528,1.52980509433417
174.174473047256,3,3.4852,-57,12.5731222520373,6.37389693517946,1.528,1.52969589762166
174.696821928024,3,3.50361,-57,12.5810052699358,6.37350643616832,1.528,1.5295692080374
175.164807081223,3,3.4852,-57,12.588297113812,6.3731382512661,1.528,1.52949006791176
175.471343040466,3,3.49748,-57,12.5947722324982,6.37235489774672,1.528,1.52949459596678
175.75720000267,3,3.54043,-57,12.600810537962,6.37162438946334,1.528,1.52949881855802
176.128020048141,3,3.54656,-56,12.6077839864826,6.37118802010564,1.528,1.52693962931412
176.335490942001,3,3.49748,-56,12.6115533226675,6.37102253705362,1.528,1.52511318673997
176.80036687851,3,3.51588,-56,12.6189856416237,6.37068551564173,1.528,1.51948119600124
177.047362089157,3,3.52816,-56,12.6225982572596,6.37051765673339,1.528,1.51597805356648
177.399616956711,3,3.47907,-56,12.6280577380783,6.37023517038101,1.528,1.51348716743348
177.666934013367,3,3.47907,-56,12.632361477463,6.36999826729561,1.528,1.51290675487425
178.164052963257,3,3.47293,-56,12.6405749401913,6.36951644432731,1.528,1.51259648153029
178.633698940277,3,3.4852,-56,12.647717166995,6.36945341465154,1.528,1.51287149343839
178.834742069244,3,3.45452,-56,12.6487195192569,6.37057032145768,1.528,1.51319224616221
179.114639997482,3,3.3993,-56,12.6501150224154,6.37212531069148,1.528,1.51363880717294
179.700443983078,3,3.38089,-56,12.6573527474447,6.37261410039792,1.528,1.5178881729265
180.091475963593,3,3.36862,-56,12.6633278212627,6.37226389690966,1.528,1.52085943091527
180.407166004181,3,3.34408,-56,12.6682711100216,6.37198408811198,1.528,1.52230044622329
180.826416969299,3,3.30726,-56,12.6745530951978,6.37163022666892,1.528,1.52360242809097
180.935213088989,3,3.30726,-56,12.6761030003335,6.37154343198132,1.528,1.52376671803535
181.463556051254,3,3.25818,-56,12.683972610666,6.37109215312354,1.528,1.52423891828419
181.688920021057,3,3.2459,-56,12.6877535485178,6.37086281754892,1.528,1.52403747487405
182.037328004837,3,3.19068,-56,12.6935987993576,6.37050826954716,1.528,1.52372604757521
182.525057077408,3,3.12932,-56,12.7009270816973,6.36986760133538,1.528,1.52150818106817
182.818614006042,3,3.0741,-56,12.7054055540745,6.36949442038645,1.528,1.52014194243854
183.248670101166,3,2.97592,-56,12.7124503846996,6.36903497491089,1.528,1.51819389362219
183.573812007904,3,2.89616,-56,12.7175477799433,6.36869416596438,1.528,1.51604087301156
183.899928092957,3,2.81025,-56,12.7222385709047,6.36836441729284,1.528,1.51262727760895
184.169858932495,3,2.77344,-56,12.7261307281398,6.36808941724583,1.528,1.50986422788102
184.57312297821,3,2.65072,-56,12.7323869923032,6.36758295776593,1.528,1.50863085008879
184.70313000679,3,2.60163,-56,12.7344039296487,6.36741968188558,1.528,1.50823322529782
185.245269060135,3,2.4421,-56,12.7421789811654,6.36675164042834,1.528,1.50900795014175
185.563183069229,3,2.38074,-57,12.7465629981133,6.36641491561073,1.528,1.50990841156655
185.972382068634,3,2.27643,-56,12.7513360736121,6.36686710171062,1.528,1.51060553180387
186.084328889847,3,2.25802,-56,12.7526418701323,6.36699080874938,1.528,1.51079624682195
186.346170902252,3,2.14144,-56,12.7563107251366,6.36690986432828,1.528,1.51036367310187
186.747395992279,3,2.06167,-56,12.7625922735295,6.36638837729189,1.528,1.50875773006934
187.183485031128,3,2.00031,-56,12.7697455549756,6.36582149660367,1.528,1.50731837276992
187.341002941132,3,1.93282,-56,12.7723750107951,6.36561672482303,1.528,1.50684134759911
187.594865083694,3,1.90827,-56,12.7765336025502,6.36529462019965,1.528,1.50600135767132
188.131448030472,3,1.80396,-56,12.7846185736368,6.36468428414702,1.528,1.50359171922981
188.49552989006,3,1.70579,-56,12.7902251766724,6.36426612973291,1.528,1.50249189979907
188.572834968567,3,1.69351,-56,12.7914242526754,6.36417705551554,1.528,1.50229662170715
189.093421936035,3,1.60148,-56,12.7990887106666,6.36387711053049,1.528,1.50294336192195
189.328808069229,3,1.52171,-56,12.8022402188021,6.36397098524091,1.528,1.50473703942458
189.702423095703,3,1.47262,-56,12.8074280497632,6.3639871745471,1.528,1.50726984642561
190.36935210228,3,1.23946,-55,12.817580929804,6.3633742216386,1.528,1.51020273040447
190.52249789238,3,1.23332,-55,12.8198887674518,6.3632429916547,1.528,1.51075027619935
190.968611001968,3,1.12901,-55,12.8266114898252,6.36286071920602,1.528,1.51234527503695
191.293349981308,3,1.03084,-55,12.8315512211325,6.36255477849274,1.528,1.51169346175631
191.543565988541,3,0.975612,-55,12.8353587763878,6.36231819253513,1.528,1.51113526676257
191.746723890305,3,0.914253,-55,12.838397692671,6.3621274195573,1.528,1.51062177226648
192.189577102661,3,0.871301,-55,12.8448743391669,6.36171526932574,1.528,1.50933298503447
192.480603933334,3,0.809942,-55,12.8494745569234,6.36141431227557,1.528,1.50863887463274
192.892987966537,3,0.717903,-55,12.8564793832513,6.36094529346926,1.528,1.50787138931334
193.224493026733,3,0.625864,-55,12.8614368522313,6.36063742208538,1.528,1.5074834774508
193.540278911591,3,0.558369,-54,12.8658001693342,6.36038102097727,1.528,1.5072360728728
193.657404899597,3,0.558369,-54,12.8674185375108,6.36028592099163,1.528,1.50714430972877
194.130670070648,3,0.484738,-54,12.8740165379759,6.35991356164421,1.528,1.50829891905218
194.391932010651,3,0.454058,-54,12.8776633080978,6.3597088959741,1.528,1.50905060024056
194.671462059021,3,0.417243,-54,12.8819617928685,6.35943719988363,1.528,1.51015383928188
194.990849018097,3,0.337476,-53,12.8869159884784,6.3591210750209,1.528,1.51144664842198
195.31157708168,3,0.288388,-53,12.8916644974119,6.35881010986554,1.528,1.51241217250759
195.647561073303,3,0.263845,-53,12.8965280454521,6.35848752759757,1.528,1.51326081201256
195.968699932098,3,0.184078,-53,12.9037605903668,6.35743347939408,1.528,1.51381367150562
196.361520051956,3,0.0981748,-53,12.9145543572379,6.35558229034469,1.528,1.51429532884448
