7.26816391944885,3,3.14773,-61,7.52519843831443,9.41876718108321,1.528,-2.10071274838032
7.4980800151825,3,3.23363,-61,7.52844820591885,9.41681171747297,1.528,-2.10177452589935
7.59458303451538,3,3.23363,-61,7.52981223563132,9.41599094787012,1.528,-2.10222018733127
7.8248450756073,3,3.20909,-61,7.53306689302831,9.41403254195366,1.528,-2.10328356246356
8.18458199501038,3,3.25818,-60,7.53818172388816,9.41095014043497,1.528,-2.10534459637225
8.35523104667664,3,3.2275,-60,7.54062439014916,9.40947556500182,1.528,-2.10653921617969
8.52419590950012,3,3.33181,-60,7.54304294897315,9.40801554261463,1.528,-2.10772204591076
8.70846700668335,3,3.30726,-60,7.54568060085327,9.40642325932742,1.528,-2.10901202613909
8.98224401473999,3,3.41157,-60,7.54922276047063,9.40390917226594,1.528,-2.11175459111833
9.21284103393555,3,3.45452,-59,7.55200317950611,9.40171160937732,1.528,-2.11450991108529
9.5087149143219,3,3.46066,-59,7.5555706730149,9.39889196556094,1.528,-2.11804520054034
9.68057894706726,3,3.52202,-59,7.55768630997348,9.3973088445446,1.528,-2.11952081472322
9.90780305862427,3,3.55884,-59,7.5606828584722,9.39546729991466,1.528,-2.11881542774509
10.248468875885,3,3.69996,-59,7.56517543470578,9.39270636357704,1.528,-2.117757876107
10.4498250484467,3,3.72451,-59,7.56783084628364,9.39107446643485,1.528,-2.11713279269873
10.6381769180298,3,3.74291,-59,7.57046111949792,9.38945706150878,1.528,-2.11866202121675
10.9065499305725,3,3.79814,-59,7.57425870430967,9.38712154684955,1.528,-2.12156084428972
11.0906190872192,3,3.8595,-59,7.57686335604783,9.38551968603059,1.528,-2.12354906178317
11.4195330142975,3,3.93926,-59,7.58146025887827,9.38266399519328,1.528,-2.12706682546384
11.8557269573212,3,4.12948,-59,7.58733940122971,9.37890216634602,1.528,-2.13159952087815
12.0904018878937,3,4.1847,-59,7.59050241471309,9.37687828009617,1.528,-2.13403813791691
12.3612699508667,3,4.31355,-59,7.5939911564832,9.37466276727536,1.528,-2.13474632372828
12.703507900238,3,4.47922,-59,7.598292814497,9.37194254200189,1.528,-2.13425941950034
13.0297360420227,3,4.55285,-59,7.60239324200077,9.36934956820157,1.528,-2.13379529253312
13.2972099781036,3,4.70625,-60,7.6054347946952,9.36761877686125,1.528,-2.1331704979891
13.6226379871368,3,4.79216,-60,7.60912986843025,9.36551975319611,1.528,-2.13240613654122
13.7411708831787,3,4.85965,-60,7.61047575071066,9.36475521127905,1.528,-2.13212772788086
14.0390520095825,3,4.94555,-61,7.61414340230121,9.36249078160768,1.528,-2.13177004597692
14.4894518852234,3,5.13577,-61,7.61995637537682,9.3587453966231,1.528,-2.13154972921312
14.7655129432678,3,5.34439,-61,7.62356182615016,9.35644406179765,1.528,-2.13155092879431
15.0488948822021,3,5.52847,-62,7.62732583646515,9.3540732673148,1.528,-2.13175375973885
15.3665699958801,3,5.70641,-62,7.63154534462858,9.35141557356875,1.528,-2.13198113606214
15.4263648986816,3,5.79231,-62,7.63233956825403,9.35091532494247,1.528,-2.13202393433171
15.6511850357056,3,5.90276,-62,7.63529884219088,9.3490548629136,1.528,-2.13231442868395
15.9772760868073,3,6.07456,-62,7.63957027330797,9.34637217223916,1.528,-2.13283627773446
16.2008259296417,3,6.26478,-63,7.64249852832041,9.34453306909107,1.528,-2.13319402834684
16.4868850708008,3,0.147262,-63,7.6462987554009,9.34212635353222,1.528,-2.13290304464821
16.8209578990936,3,0.404971,-63,7.65080289000002,9.33924938827927,1.528,-2.13163295984684
16.9931900501251,3,0.484738,-63,7.65312500878624,9.33776616105456,1.528,-2.13097816418911
17.2388520240784,3,0.705631,-63,7.65674838182867,9.33554786917017,1.528,-2.12962112905466
17.5041139125824,3,0.889709,-62,7.66155181698021,9.33285858808533,1.528,-2.12694469997023
17.8143179416656,3,1.08606,-62,7.66716907676016,9.32971367408144,1.528,-2.12381481542394
18.0227298736572,3,1.28854,-62,7.67076743366944,9.32766626850163,1.528,-2.12197632715625
18.1649558544159,3,1.36831,-62,7.67236610406925,9.32658875794913,1.528,-2.1220115180141
18.4372210502625,3,1.55239,-61,7.67542646130621,9.32452606433973,1.528,-2.12207888436838
18.5949828624725,3,1.63829,-61,7.67719975995429,9.32333085361571,1.528,-2.12211791924428
18.784548997879,3,1.79783,-61,7.67933055046011,9.32189469188066,1.528,-2.1221648234378
18.9864060878754,3,1.91441,-61,7.68181046195392,9.32024467096272,1.528,-2.12248422891139
19.3382439613342,3,2.07394,-61,7.68629346719725,9.31727681326681,1.528,-2.12324596517836
19.6606428623199,3,2.34392,-61,7.69040137050327,9.31455728210879,1.528,-2.12394396546156
19.9092500209808,3,2.46664,-60,7.69387756491479,9.31227322502274,1.528,-2.1247325670589
20.0044949054718,3,2.52186,-60,7.69522587297777,9.31138815309094,1.528,-2.12504810471347
20.263659954071,3,2.66913,-59,7.69889467184855,9.3089798378156,1.528,-2.12590669498862
20.4190039634705,3,2.79798,-59,7.70109375667634,9.3075362891859,1.528,-2.12642133558733
20.6447339057922,3,2.92684,-59,7.70425489496699,9.30546399640033,1.528,-2.12702627904648
20.9714829921722,3,3.09864,-59,7.70877080780363,9.30250847557362,1.528,-2.1276527418485
21.1398119926453,3,3.14773,-59,7.71109723846771,9.30098590095177,1.528,-2.12797547222999
21.3984079360962,3,3.32567,-58,7.71469359232114,9.29864084521248,1.528,-2.128442067812
21.5674560070038,3,3.37476,-58,7.7176733487426,9.2969393015456,1.528,-2.12792626170042
21.8521308898926,3,3.51588,-57,7.72269122209521,9.29407392283115,1.528,-2.12705765052007
22.1451568603516,3,3.64474,-57,7.72785629740452,9.29112448672349,1.528,-2.12616355817342
22.3203458786011,3,3.69996,-57,7.73036814287769,9.28960697643292,1.528,-2.12573302745296
22.5677330493927,3,3.83495,-57,7.73337385589691,9.2876950497124,1.528,-2.12522278934043
22.949835062027,3,3.99449,-57,7.73801633186028,9.28474198207522,1.528,-2.12443470073787
23.1119718551636,3,4.04971,-56,7.73999772811064,9.2834792290699,1.528,-2.12419311914545
23.4839310646057,3,4.20924,-56,7.74459711674043,9.28053684451871,1.528,-2.12407507400001
23.7003889083862,3,4.31355,-56,7.7472736837409,9.27882455403267,1.528,-2.12400637883935
24.037034034729,3,4.39332,-55,7.75144446044441,9.27617426798612,1.528,-2.12391897398462
24.2629759311676,3,4.47922,-56,7.75425258074193,9.2744095440456,1.528,-2.12388170982902
24.542916059494,3,4.52218,-56,7.75773181840805,9.27222306577769,1.528,-2.12383553985051
24.8910808563232,3,4.64489,-56,7.76203605925249,9.26952742989763,1.528,-2.12411300466843
25.1369080543518,3,4.72466,-55,7.76504884367793,9.26765132641037,1.528,-2.12469294392261
25.3778560161591,3,4.74307,-55,7.76800182964734,9.26581246026773,1.528,-2.12526137240565
25.6492710113525,3,4.82284,-55,7.77151322808863,9.2637161082003,1.528,-2.12575990876115
25.9592568874359,3,4.96396,-55,7.7766430405593,9.26117078140187,1.528,-2.12547155705392
26.3741838932037,3,4.99464,-55,7.78350947510625,9.25776377189385,1.528,-2.12508558814462
26.5677928924561,3,5.08054,-55,7.78625992693257,9.2562541926769,1.528,-2.12484808914428
26.9044089317322,3,5.10509,-55,7.79015013616628,9.25378723072382,1.528,-2.12432227834338
27.3417279720306,3,2.09235,-56,7.79522694848666,9.25056751480746,1.528,-2.12362321034224
27.8060078620911,3,5.34439,-56,7.80138605322133,9.24665220535792,1.528,-2.1223426605078
28.2381498813629,3,5.43643,-56,7.8070024225724,9.2430707067154,1.528,-2.1214098801249
28.5109820365906,3,5.5346,-56,7.81027038023539,9.24095946023332,1.528,-2.12143970935306
28.8571178913116,3,5.58369,-56,7.81441636265425,9.23828097057732,1.528,-2.12147755300597
29.2410469055176,3,5.68186,-56,7.81913535479948,9.23523822458047,1.528,-2.12238201012172
29.5958869457245,3,5.74936,-56,7.82354368279406,9.23239804353571,1.528,-2.12355394973049
29.9050068855286,3,5.84753,-56,7.82754547406219,9.2298211307098,1.528,-2.12450104362818
30.4080879688263,3,5.92117,-56,7.83477141522942,9.22517376575893,1.528,-2.12571623471865
30.7566769123077,3,5.98866,-57,7.83951732001428,9.22209581013243,1.528,-2.12628656340678
31.0697178840637,3,6.05002,-57,7.84306593309698,9.21972047074644,1.528,-2.12605622746632
31.4141659736633,3,6.13592,-58,7.84697057532387,9.21710681570613,1.528,-2.12580278212908
31.8319618701935,3,6.25251,-58,7.852476355472,9.21344773662385,1.528,-2.12484456924555
32.1558458805084,3,0.0245437,-59,7.85700247857654,9.21044731706148,1.528,-2.12388365056217
32.5670220851898,3,0.0674952,-59,7.86244385009427,9.20683470347504,1.528,-2.12251356921718
32.8660399913788,3,0.190214,-59,7.86616924986605,9.20435696117399,1.528,-2.12140297834182
33.0724060535431,3,0.122718,-59,7.86874032024337,9.20264695681927,1.528,-2.12063650830481
33.4853839874268,3,0.288388,-60,7.87476133735436,9.1987135221664,1.528,-2.12096397799548
33.9504730701447,3,0.392699,-60,7.88207269132834,9.19397394406498,1.528,-2.12246038740806
34.1950969696045,3,0.429515,-61,7.88587974305802,9.19196899159465,1.528,-2.12313010341603
34.5633289813995,3,0.558369,-61,7.89158028354302,9.18933363129428,1.528,-2.12404618417942
34.8670959472656,3,0.638136,-63,7.89628285103162,9.18715963398614,1.528,-2.12480188999823
35.3399839401245,3,0.674952,-65,7.90162576856335,9.18377734792191,1.528,-2.12562716178485
41.2914159297943,3,1.56466,-65,7.97718228064507,9.13786346915204,1.528,-2.12728838696629
41.7398600578308,3,1.5708,-64,7.98325844915998,9.13409432433198,1.528,-2.12583928063391
42.3001210689545,3,1.88986,-63,7.9909897212325,9.12926721834461,1.528,-2.1241600009248
42.6325008869171,3,1.9819,-63,7.99594651249682,9.12602623237139,1.528,-2.12386981588022
43.1988730430603,3,2.33165,-63,8.00527169505739,9.11960786795608,1.528,-2.12505178448775
43.7003178596497,3,2.57095,-62,8.01242038132334,9.11510469624588,1.528,-2.12577609612858
44.0872280597687,3,2.77344,-62,8.0176705297819,9.1119130592333,1.528,-2.12625767449438
44.166925907135,3,2.84093,-62,8.01870535879554,9.11128163066381,1.528,-2.12636238535252
44.8221938610077,3,3.17841,-62,8.02656565694653,9.10645144744889,1.528,-2.12729992091442
45.175194978714,3,3.37476,-61,8.03069747866285,9.10390055236479,1.528,-2.12776667528546
45.4509098529816,3,3.50975,-61,8.03383255365693,9.10195410159114,1.528,-2.12809684868002
46.1012239456177,3,3.82882,-60,8.0415063617539,9.09717592163289,1.528,-2.12810735262931
46.3594088554382,3,4.01903,-60,8.04477990961443,9.09512680657789,1.528,-2.12748726712111
46.9766809940338,3,4.16629,-59,8.0537008085422,9.09069616319595,1.528,-2.12564909817256
47.4041900634766,3,4.33196,-58,8.06086280178121,9.08804855269893,1.528,-2.12405639498295
47.7771918773651,3,4.50377,-58,8.06631230856559,9.08522977465148,1.528,-2.12377963778635
48.3560729026794,3,4.7308,-57,8.07410165703286,9.08043000006778,1.528,-2.12428018570722
48.5539770126343,3,4.8167,-57,8.07663398794231,9.07886030377653,1.528,-2.12477362706179
48.967738866806,3,4.96396,-57,8.08189261250284,9.07559800891028,1.528,-2.12589351932931
49.2178390026093,3,5.08054,-56,8.08507121077976,9.07362610071996,1.528,-2.12657044303643
49.6234588623047,3,5.30144,-56,8.09042038904049,9.07029517886815,1.528,-2.12693615413164
50.0729248523712,3,5.51619,-56,8.09635374399157,9.06660012358948,1.528,-2.12731895122526
50.4643740653992,3,5.65119,-56,8.10124688420217,9.06354884862487,1.528,-2.12782149092268
50.7666790485382,3,5.78004,-55,8.1050250472384,9.06119284318435,1.528,-2.12821000014055
51.1776208877563,3,5.90276,-55,8.10995661618108,9.05757870055792,1.528,-2.12750951270922
51.7295598983765,3,6.07456,-55,8.11641297373507,9.05238765930849,1.528,-2.12556287224068
52.1004040241241,3,6.20955,-55,8.12075374456187,9.04958681400077,1.528,-2.12432958107802
52.2940819263458,3,6.25864,-55,8.12302095814248,9.04817152309894,1.528,-2.12369063906894
52.6340188980103,3,0.0122718,-55,8.12700794781563,9.04568284948293,1.528,-2.12257708705944
53.0327069759369,3,0.116583,-55,8.13187311667486,9.04265032130189,1.528,-2.12146625370718
53.3829379081726,3,0.220893,-54,8.13614696562945,9.03998637113463,1.528,-2.1204904327031
53.7741680145264,3,0.312932,-54,8.14153111954448,9.0366387829839,1.528,-2.12063128659238
54.2636458873749,3,0.46633,-54,8.14848334125891,9.0323188982092,1.528,-2.12124331978604
54.7188749313354,3,0.589049,-55,8.15428122842627,9.02869421293188,1.528,-2.12257995967601
55.0977149009705,3,0.724039,-55,8.15906792523251,9.02570028646506,1.528,-2.12373629654493
55.4971749782562,3,0.865165,-55,8.16487854969149,9.02232757463425,1.528,-2.12489255898491
55.9526698589325,3,0.981748,-55,8.17160255461009,9.01845396310506,1.528,-2.12620290466392
56.2554008960724,3,1.03084,-55,8.17577953588163,9.01589890647764,1.528,-2.12613493787367
56.7816209793091,3,1.19651,-55,8.18291966581936,9.01146561336432,1.528,-2.12562933281763
57.0529670715332,3,1.28854,-55,8.18629702677675,9.00934359386749,1.528,-2.12536300163507
57.4339148998261,3,1.40513,-55,8.19085161756249,9.00646516269654,1.528,-2.12498564632912
57.7696330547333,3,1.48489,-56,8.19487805178181,9.00392492188341,1.528,-2.12463088241822
58.6302108764648,3,1.85918,-56,8.20547390903819,8.99732790572864,1.528,-2.12339545369171
59.1791889667511,3,2.12917,-57,8.21240576596851,8.99298497762384,1.528,-2.12404268589809
59.565929889679,3,2.39301,-57,8.21721502130674,8.98960463454725,1.528,-2.12464768719319
59.9623589515686,3,2.60777,-57,8.22200248109104,8.98552322259032,1.528,-2.12555416150059
60.2754380702972,3,2.73662,-57,8.22578336860486,8.98229993504286,1.528,-2.12627004790901
60.7023658752441,3,2.98206,-57,8.23169279073448,8.97851258283075,1.528,-2.12686102281364
61.1909830570221,3,3.18454,-58,8.23836308341138,8.97431372491624,1.528,-2.12718153015456
61.5804998874664,3,3.46066,-58,8.24292836038852,8.97142050411592,1.528,-2.12579128119856
61.8236229419708,3,3.59565,-57,8.24577784979844,8.96961465486025,1.528,-2.12492353545233
62.2248830795288,3,3.84109,-58,8.25052443825849,8.96662026146483,1.528,-2.12382199281791
62.5282390117645,3,4.09266,-57,8.25412869909139,8.9643514299609,1.528,-2.12310883160558
63.0044589042664,3,4.30128,-57,8.2597771046485,8.96078778761322,1.528,-2.1222562823526
63.367369890213,3,4.48536,-57,8.26406973728827,8.9580696892121,1.528,-2.12193198803786
63.7448759078979,3,4.71239,-57,8.26917654232088,8.954980707529,1.528,-2.1217660095569
64.2144448757172,3,4.99464,-56,8.27885009030336,8.94978421922491,1.528,-2.12244669971814
64.5337469577789,3,5.15418,-56,8.28531890431093,8.94629096252896,1.528,-2.12292336578543
64.9526510238647,3,5.43029,-56,8.29056204016099,8.94290621603974,1.528,-2.12395910812254
65.2546870708466,3,5.52233,-56,8.29434241890196,8.9404657636011,1.528,-2.12470589371504
65.6323909759521,3,5.73709,-55,8.29891218009735,8.93753792763327,1.528,-2.12540644443944
65.9543030261993,3,5.85367,-55,8.30275108713762,8.93508648344207,1.528,-2.12592089695651
66.706139087677,3,6.05002,-55,8.31244180761036,8.92894820928532,1.528,-2.12516368968209
66.9001500606537,3,6.13592,-55,8.31502871290383,8.9273151217716,1.528,-2.12473530005893
67.4308259487152,3,0.0674952,-55,8.32127200044406,8.92332718228794,1.528,-2.12382312234445
67.6671378612518,3,0.16567,-55,8.32395398844773,8.92160781653455,1.528,-2.12344753273813
68.298024892807,3,0.33134,-54,8.33084719517016,8.91904376734273,1.528,-2.1225980159419
68.6697618961334,3,0.454058,-55,8.33483928887457,8.91806109812318,1.528,-2.12213738974524
68.9312949180603,3,0.521553,-54,8.33786937417466,8.91627921365034,1.528,-2.12194207039715
69.3613619804382,3,0.681087,-55,8.34291445073444,8.91304191525414,1.528,-2.12165714883876
69.776547908783,3,0.816078,-55,8.34825704714604,8.90963787042176,1.528,-2.12182536054821
70.2797980308533,3,0.920388,-55,8.35539112054891,8.90512309997937,1.528,-2.12264734321028
70.9163870811462,3,1.14128,-55,8.36333615267296,8.90007052852919,1.528,-2.12278154157002
71.3461899757385,3,1.29468,-56,8.36872662890757,8.89664808671171,1.528,-2.12251341204719
71.756541967392,3,1.35604,-56,8.37437970064213,8.89308376017714,1.528,-2.12173075573121
72.2546498775482,3,1.52784,-56,8.38111430234553,8.88842107726038,1.528,-2.12238094536305
72.6096210479736,3,1.63216,-57,8.38578284934328,8.88475323226483,1.528,-2.12448702530912
73.0196740627289,3,1.79169,-57,8.39104222117833,8.88083456763021,1.528,-2.12583166481725
73.5309278964996,3,1.93895,-58,8.39720323741563,8.87689315705255,1.528,-2.12427969779929
73.9671778678894,3,2.15371,-58,8.40259348917341,8.87346138814921,1.528,-2.12369799486101
74.3766350746155,3,2.33165,-59,8.40780599638186,8.87016138358559,1.528,-2.12400737028885
74.8849620819092,3,2.5955,-60,8.41437369483149,8.86601142020348,1.528,-2.12426256158052
75.3708620071411,3,2.95138,-60,8.42075469411658,8.86198784565427,1.528,-2.12436891156861
75.8040409088135,3,3.23363,-61,8.4258929699878,8.85870430182506,1.528,-2.12413370051551
76.2463250160217,3,3.52816,-61,8.43097850528155,8.85544037108505,1.528,-2.12379715773872
76.4277708530426,3,3.56497,-61,8.43375591137374,8.85387775021212,1.528,-2.12353212258923
76.9309649467468,3,3.88404,-61,8.44216407636949,8.84931587345911,1.528,-2.12266745313931
77.4841439723969,3,4.22152,-61,8.44961452490376,8.84499728158398,1.528,-2.12213914017814
77.9689970016479,3,4.36264,-61,8.45519762952489,8.84157998725089,1.528,-2.12189912953936
78.4764790534973,3,4.60808,-62,8.46189295694235,8.83747169452976,1.528,-2.1211279583888
78.5252718925476,3,4.68785,-61,8.46253978011291,8.83707476760573,1.528,-2.12105192731603
79.3134899139404,3,4.94555,-62,8.47280492475353,8.83082807310094,1.528,-2.12012023236373
79.6623330116272,3,5.09282,-62,8.47728785199417,8.82811755876755,1.528,-2.11980487060771
79.9750409126282,3,5.33825,-62,8.48143859734596,8.82560176643296,1.528,-2.11934191365453
80.5992710590363,3,5.64505,-62,8.48969217932306,8.82071451556535,1.528,-2.11838560763535
81.0140910148621,3,5.87821,-62,8.49415695551496,8.81917927685224,1.528,-2.11844097690041
81.5101370811462,3,6.07456,-63,8.49985120911959,8.8167446392511,1.528,-2.11821178166671
82.4026470184326,3,0.269981,-63,8.51200779502614,8.80922015989509,1.528,-2.1169194527868
82.7499680519104,3,0.533825,-64,8.5168594874965,8.8061945052659,1.528,-2.11728793575923
83.1776828765869,3,0.834486,-65,8.52257548843123,8.80263388435894,1.528,-2.11737026880421
86.3702130317688,3,3.57111,-64,8.56560109071138,8.77310012016614,1.528,-2.11452799760885
86.7222859859467,3,3.792,-63,8.57037785192654,8.77011093409112,1.528,-2.11408499801387
87.3469820022583,3,4.3381,-61,8.57869142526119,8.76491805604387,1.528,-2.11329242435699
87.852921962738,3,4.64489,-61,8.58480367505393,8.76109120442096,1.528,-2.11362571159009
88.424341917038,3,5.06827,-60,8.59180085582866,8.75671274991944,1.528,-2.11333346895966
88.8749039173126,3,5.2953,-59,8.59738191951072,8.75322206658761,1.528,-2.11264842865211
89.2065460681915,3,5.51619,-59,8.6017597268159,8.75088468150705,1.528,-2.11267147141931
90.2367839813232,3,6.09297,-58,8.61556460240346,8.74361663870744,1.528,-2.11291224335361
90.5991759300232,3,6.25864,-58,8.62015794317313,8.74070912843951,1.528,-2.11232548676339
91.2412440776825,3,0.33134,-57,8.62931739769961,8.7349239168701,1.528,-2.11221302443988
91.4260919094086,3,0.454058,-57,8.63201820166453,8.73321875812222,1.528,-2.11223861345246
92.2321178913116,3,0.877437,-57,8.64285304152786,8.72638587967604,1.528,-2.11320817109336
92.7222828865051,3,1.09219,-57,8.6491567495288,8.72240604230121,1.528,-2.11385742402996
93.1224000453949,3,1.3315,-57,8.65424270596634,8.71919361878316,1.528,-2.1143874967584
93.8953549861908,3,1.68738,-57,8.66436616019185,8.71339897899231,1.528,-2.11287117726469
94.5487139225006,3,2.00645,-56,8.67274914530708,8.70830061207612,1.528,-2.11176530226098
95.1676530838013,3,2.27029,-56,8.68056576931526,8.70336571263812,1.528,-2.11109269974298
95.5708990097046,3,2.42983,-56,8.6856208145402,8.70016842097748,1.528,-2.11084825848452
96.1672840118408,3,2.69981,-55,8.69418624508635,8.69480852862178,1.528,-2.11112809042098
96.7445709705353,3,2.9207,-55,8.70286332562719,8.68939460972121,1.528,-2.11159550217577
97.42911195755,3,3.22136,-55,8.71222436909981,8.6834785010782,1.528,-2.11146525292103
97.9157569408417,3,3.34408,-55,8.72093340108075,8.67584341523749,1.528,-2.11023468963535
98.6595740318298,3,3.55884,-54,8.73213058274147,8.6671231457143,1.528,-2.10985027313771
98.8598489761353,3,3.63247,-54,8.73455867170549,8.66559383944517,1.528,-2.11016209570533
99.3568570613861,3,3.77359,-54,8.74061846613094,8.66178285889295,1.528,-2.11066463901096
100.307595968246,3,4.0313,-54,8.75301479600693,8.65399124899148,1.528,-2.11069653780904
100.693357944489,3,4.19084,-54,8.75868340808355,8.65041602477718,1.528,-2.11062597417323
101.1175968647,3,4.28901,-54,8.76452943775938,8.64671663255582,1.528,-2.10988294102682
101.762799024582,3,4.54058,-54,8.77295700650922,8.64173762225081,1.528,-2.10827774293329
102.448832035065,3,4.80443,-54,8.78096259219035,8.63913682284171,1.528,-2.10676602827675
102.946529865265,3,4.99464,-54,8.78708572098158,8.6355553044314,1.528,-2.10646449426989
103.554451942444,3,5.19099,-54,8.79453956409027,8.63096243279854,1.528,-2.10657417928176
104.052547931671,3,5.43029,-54,8.80048767959361,8.62730614332826,1.528,-2.10740703358759
104.583628892899,3,5.69414,-54,8.80706226846816,8.62327030068972,1.528,-2.10734659037078
105.801388978958,3,6.22796,-55,8.82218762961049,8.61398340721751,1.528,-2.10723092599241
106.181254863739,3,0.202485,-55,8.8255130971294,8.61180836946436,1.528,-2.10873648461652
106.900260925293,3,0.619728,-55,8.83091841361831,8.60811285628921,1.528,-2.11271327267443
107.516349077225,3,0.981748,-55,8.83935601837957,8.60278231800226,1.528,-2.11370550602404
107.99925994873,3,1.27014,-55,8.84503388498089,8.59917113031295,1.528,-2.11352260691926
108.57128405571,3,1.54625,-56,8.85144595663561,8.59508712060746,1.528,-2.11288320569963
109.158408880234,3,1.88373,-55,8.8587448962402,8.59048400357151,1.528,-2.11229686429095
109.323757886887,3,1.99418,-55,8.86080045983218,8.58918765090916,1.528,-2.11213173591376
110.180337905884,3,2.45437,-55,8.87210426384188,8.58211744072408,1.528,-2.10961900526536
110.660906076431,3,2.76117,-55,8.87944913395151,8.57815137364516,1.528,-2.11094997400613
111.413851976395,3,3.13546,-55,8.89056476154021,8.57180414919023,1.528,-2.11394608126953
111.892370939255,3,3.39317,-54,8.89719359368172,8.56765687985041,1.528,-2.11631999636978
112.530638933182,3,3.62019,-54,8.90574490959425,8.56226598010208,1.528,-2.11815902223376
113.098185062408,3,3.88404,-54,8.9132458853457,8.55756007165894,1.528,-2.11959216622287
113.371583938599,3,3.90858,-55,8.91683136408702,8.55531914744561,1.528,-2.12024348520286
113.906020879745,3,4.07425,-54,8.92329013099173,8.5512597494228,1.528,-2.12103421412383
114.735164880753,3,4.39946,-54,8.93258385874378,8.54518264609965,1.528,-2.1223263565627
115.019129991531,3,4.49763,-54,8.93572798606853,8.54293824303537,1.528,-2.12337658015401
115.686728000641,3,4.7492,-55,8.94383328681274,8.53748494745871,1.528,-2.12509321175376
116.455479860306,3,5.00691,-54,8.9545855736537,8.53066960067725,1.528,-2.1258518592099
117.555692911148,3,5.50392,-55,8.97050525120051,8.52055178317483,1.528,-2.12474700132164
117.869714975357,3,5.62664,-55,8.97468911119736,8.51788628940576,1.528,-2.12394141337194
118.793138027191,3,6.04388,-55,8.98636323094314,8.51043269184044,1.528,-2.12205361062197
119.434481859207,3,0.0306796,-56,8.99611113535789,8.50381119549819,1.528,-2.12254026848232
120.066549062729,3,0.423379,-55,9.00498689119617,8.49806834791338,1.528,-2.12388480973281
120.549221038818,3,0.681087,-56,9.01151767869026,8.49393273558651,1.528,-2.12509280071491
121.0856590271,3,1.00629,-55,9.01868189619945,8.48935830787629,1.528,-2.12595172597487
122.107527971268,3,1.60148,-55,9.03217533881717,8.4807586655693,1.528,-2.12471453289454
122.892874002457,3,2.04326,-54,9.04199592298306,8.474525986549,1.528,-2.12232304832714
123.481608867645,3,2.30097,-55,9.05220431721194,8.4688548257252,1.528,-2.1217921905987
124.251256942749,3,2.62004,-54,9.06447655300638,8.46166813417536,1.528,-2.12115882820456
125.053678035736,3,2.96979,-54,9.07511297932323,8.45481705035218,1.528,-2.12183758119278
125.894389867783,3,3.36249,-53,9.08586409259889,8.44791147751954,1.528,-2.12384703474942
126.765337944031,3,3.65087,-52,9.09669451770128,8.4409468561719,1.528,-2.12296800058158
127.466960906982,3,3.87177,-53,9.10648147515983,8.43437477012348,1.528,-2.12003933563999
128.078691005707,3,4.06812,-52,9.11665157125045,8.42708869139318,1.528,-2.11534274277131
128.609180927277,3,4.19084,-52,9.12364952655649,8.42268695260193,1.528,-2.11472014888287
129.07235789299,3,4.33196,-52,9.12963225715592,8.41892768954405,1.528,-2.11471547135123
129.841234922409,3,4.51604,-52,9.13916116408819,8.4129500213457,1.528,-2.11664929565369
130.65412402153,3,4.73693,-53,9.1500236067831,8.40606708834842,1.528,-2.11918355357913
130.945056915283,3,4.79216,-53,9.15408304104001,8.40351363013643,1.528,-2.11927172547871
131.784828901291,3,5.01919,-53,9.16519395408247,8.39684964924672,1.528,-2.11850581540277
132.22648191452,3,5.16645,-53,9.17051273561039,8.39395606555834,1.528,-2.11722035646207
133.026068925858,3,5.46711,-54,9.18044070435757,8.38778802168358,1.528,-2.11516639135178
133.435581922531,3,5.63278,-54,9.18587315309218,8.3844022870058,1.528,-2.11504146341669
134.192523956299,3,5.88435,-53,9.19620738806447,8.37798468000607,1.528,-2.11600936228048
135.235996961594,3,6.27705,-54,9.21030983830858,8.36917320730581,1.528,-2.11787244981948
135.541992902756,3,0.110447,-54,9.21440403760051,8.3666147975757,1.528,-2.11793566633897
137.150970935822,3,0.668816,-54,9.23944105288419,8.3509407517173,1.528,-2.11557263259261
137.376052856445,3,0.76699,-54,9.2422600464189,8.34912122573689,1.528,-2.11536333530402
138.264790058136,3,1.13515,-54,9.25357820966888,8.34175114124072,1.528,-2.11465003809329
139.156468868256,3,1.55239,-55,9.26477176505277,8.33446787739836,1.528,-2.11610172130651
139.711310863495,3,1.77328,-55,9.27174445879981,8.32999987438927,1.528,-2.11754322300726
140.910908937454,3,2.49118,-55,9.28472237569947,8.31917016014528,1.528,-2.11895117630621
141.373017072678,3,2.72435,-55,9.29005968368314,8.31569077582681,1.528,-2.11905814766875
142.092781066895,3,3.09251,-55,9.29983146830173,8.30935410525774,1.528,-2.11770764562217
142.836292982101,3,3.50975,-54,9.31028209757168,8.30265878211678,1.528,-2.11658964226149
143.653307914734,3,3.9454,-53,9.32123744084279,8.29563340308118,1.528,-2.1167160489703
144.121285915375,3,4.12948,-52,9.32744938537772,8.29157651195765,1.528,-2.11729015487238
144.705004930496,3,4.3381,-52,9.33546453055062,8.28619422884325,1.528,-2.1183940371417
145.434293031693,3,4.58967,-51,9.34460081277508,8.28041173956141,1.528,-2.12018541360175
146.14476108551,3,4.81056,-51,9.35322371323772,8.27503718041175,1.528,-2.12035906073714
146.778352022171,3,4.98851,-50,9.36035676723788,8.2705927695856,1.528,-2.11918678906828
147.44862985611,3,5.16645,-50,9.36733602992773,8.26624323453257,1.528,-2.11704168690656
148.437326908112,3,5.46097,-49,9.37871560879633,8.25906159754271,1.528,-2.11415711894586
149.08537197113,3,5.55301,-49,9.3857212761931,8.25434272919101,1.528,-2.11278867707559
149.784002065659,3,5.73709,-48,9.39428131479283,8.24931835870855,1.528,-2.11438734041091
150.437016010284,3,5.80458,-48,9.40373096452684,8.2437535648597,1.528,-2.11320687201029
151.089693069458,3,5.90889,-48,9.41267160509876,8.23848266566611,1.528,-2.11184293436988
151.79048705101,3,6.05616,-48,9.42194441112034,8.23299960241522,1.528,-2.11082372684045
152.360228061676,3,6.12365,-48,9.42974242759826,8.22837156425512,1.528,-2.11032902796539
152.995748996735,3,6.22183,-48,9.44026487868663,8.22252984795973,1.528,-2.10761143651522
153.630342960358,3,0.0429515,-48,9.4495612755775,8.21715382332711,1.528,-2.1071828512405
154.29790687561,3,0.177942,-48,9.45850326591189,8.21176766135221,1.528,-2.10848798809914
155.046233892441,3,0.337476,-47,9.4690199987431,8.2054204609378,1.528,-2.10956964586754
155.574086904526,3,0.386563,-47,9.4760704445474,8.2011527574598,1.528,-2.11041195576451
156.213442087173,3,0.515418,-47,9.48455731002718,8.19597180100211,1.528,-2.11149824118322
156.852848052979,3,0.66268,-47,9.49337800028545,8.19096013689036,1.528,-2.11171239473483
157.577705860138,3,0.79767,-48,9.50391050035196,8.1855808979572,1.528,-2.11020166710111
158.213278055191,3,0.908117,-47,9.51210976696252,8.18054153135546,1.528,-2.10968500098592
158.803317070007,3,1.03697,-47,9.51959645216926,8.17591941069041,1.528,-2.1112159286091
159.716315031052,3,1.264,-48,9.53147549610676,8.16856908782001,1.528,-2.11413018144913
160.097424983978,3,1.37445,-48,9.53629705364027,8.165581767922,1.528,-2.11499431359539
160.884027004242,3,1.54625,-49,9.54533775566623,8.15994409530241,1.528,-2.11525111622279
161.436486005783,3,1.68738,-48,9.55243805282573,8.15509320357912,1.528,-2.11590311779851
162.24091386795,3,1.92668,-49,9.56243090803275,8.14868849135422,1.528,-2.11462431053659
162.931731939316,3,2.07394,-49,9.57146613374033,8.14310406223787,1.528,-2.11438872591012
163.630053043365,3,2.27643,-49,9.58046522307113,8.13753913800687,1.528,-2.11607592225674
164.078748941422,3,2.43596,-49,9.58559807280611,8.13435021859705,1.528,-2.11771406578918
164.654466867447,3,2.58322,-49,9.59255670681674,8.13001808759686,1.528,-2.11843107705236
165.323023080826,3,2.75503,-49,9.60214075110815,8.12383185702174,1.528,-2.11813091942591
166.118751049042,3,2.9207,-49,9.61454173051418,8.11562473133625,1.528,-2.11637243063365
166.708278894424,3,3.11091,-49,9.62097861752326,8.11153222633258,1.528,-2.11468528867022
167.425030946732,3,3.28272,-49,9.6300969149323,8.10582637397288,1.528,-2.11472684633468
168.052975893021,3,3.38089,-48,9.63794437053038,8.1009229451671,1.528,-2.11504362949049
168.713540077209,3,3.4668,-48,9.64652193477919,8.09557257120887,1.528,-2.11642690564819
169.21680188179,3,3.54043,-48,9.65350364168831,8.09122681486748,1.528,-2.11851666826045
169.967926025391,3,3.68769,-48,9.66294435297057,8.08371911518145,1.528,-2.12168072897777
170.590229988098,3,3.75518,-48,9.67085503733621,8.07844901384523,1.528,-2.12107558634899
171.558892011642,3,3.8779,-48,9.68227077916912,8.07143187999246,1.528,-2.11753749045063
171.883327960968,3,3.89631,-48,9.6858585902541,8.06923142965594,1.528,-2.1163217194259
172.536864042282,3,3.96381,-48,9.6928182051187,8.06495865725567,1.528,-2.11635251418194
173.184470891953,3,3.97608,-48,9.70124976337035,8.05978248475594,1.528,-2.11703575463872
173.864552021027,3,4.00676,-48,9.71026058303947,8.05478747212716,1.528,-2.11830142850626
174.499573945999,3,4.04357,-48,9.71832518142268,8.0505654046342,1.528,-2.11914837334653
175.039417028427,3,4.0988,-47,9.72514397153212,8.04633305215248,1.528,-2.11825868964166
175.796746969223,3,4.14175,-47,9.73450234000091,8.04059977317252,1.528,-2.11632605778826
176.381353855133,3,4.14175,-47,9.74112646887925,8.03652540700918,1.528,-2.11459773348172
177.073145866394,3,4.17243,-47,9.74865227732179,8.03188960329826,1.528,-2.11308369079632
177.71077299118,3,4.17856,-47,9.75603029864793,8.02740418707453,1.528,-2.11352697313669
178.216269016266,3,4.21538,-47,9.75889070390068,8.02413842939704,1.528,-2.11476394151834
178.811517000198,3,4.20311,-47,9.76348609645418,8.02001109408879,1.528,-2.11675088506203
179.65967297554,3,4.21538,-47,9.77426861676348,8.01330387874581,1.528,-2.11950243743881
180.329961061478,3,4.26447,-47,9.78252890230306,8.00812144679488,1.528,-2.11860509334142
180.80795788765,3,4.27674,-47,9.78760039252638,8.00498706252546,1.528,-2.11693906927029
181.411741018295,3,4.31969,-47,9.79447044269076,8.00075329948996,1.528,-2.11529184236359
182.032397985458,3,4.30742,-47,9.80233646189258,7.99589520237782,1.528,-2.11444336703859
182.648123979568,3,4.30128,-47,9.81320985502575,7.98875522545737,1.528,-2.11750128187431
183.306452989578,3,4.31969,-47,9.82244915025965,7.98303913594833,1.528,-2.1189053599803
183.581199884415,3,4.31969,-47,9.82587956006923,7.98099555848159,1.528,-2.1191587235814
184.207491874695,3,4.30742,-47,9.83441585475872,7.97584538231194,1.528,-2.11997212611066
184.770505905151,3,4.29515,-48,9.84199866430367,7.9712617623894,1.528,-2.11969820469383
185.367652893066,3,4.31969,-48,9.8497945637347,7.96654914935679,1.528,-2.11808359306381
185.916292905808,3,4.33196,-48,9.85778821071212,7.96172696557041,1.528,-2.116601843868
186.585722923279,3,4.30742,-48,9.86847107835946,7.95522256995942,1.528,-2.11547483638603
187.083247900009,3,4.30128,-48,9.8769488842163,7.95002906154578,1.528,-2.11503162669647
187.43040895462,3,4.31355,-48,9.88051931723976,7.94780841048474,1.528,-2.11593579682913
188.140542030334,3,4.30742,-48,9.88821897569912,7.9430352405604,1.528,-2.11757813920828
188.692190885544,3,4.30128,-48,9.89487528452443,7.93893355025887,1.528,-2.11850118203366
188.989898920059,3,4.27674,-48,9.8987263313094,7.93654315956207,1.528,-2.11882156586991
189.607390880585,3,4.23379,-48,9.90686197484765,7.93148378537136,1.528,-2.1193718644256
190.145889043808,3,4.23992,-48,9.91362413178658,7.92726060308834,1.528,-2.11806122164811
190.720393896103,3,4.17243,-48,9.91958590909424,7.92314736185113,1.528,-2.11726909982168
191.377642869949,3,4.1172,-49,9.92519011599278,7.91878948354236,1.528,-2.11714776363184
191.931340932846,3,4.08652,-49,9.93270642651072,7.91403546611659,1.528,-2.11691920510176
192.421660900116,3,4.0313,-49,9.9388606925549,7.91014808864892,1.528,-2.11712719530095
192.938852071762,3,3.99449,-49,9.94493517902573,7.90631573961165,1.528,-2.11768772965935
193.622894048691,3,4.00062,-49,9.95348579056038,7.90089819458202,1.528,-2.11997957162724
193.949198007584,3,3.92085,-50,9.95774112672471,7.89820934258436,1.528,-2.12095519554545
194.554503917694,3,3.86563,-50,9.96606904026744,7.89296954805491,1.528,-2.12224191180098
194.88175201416,3,3.84722,-50,9.96981156151449,7.89072354929413,1.528,-2.12173940582808
195.347421884537,3,3.77359,-50,9.97457450989769,7.88796202353808,1.528,-2.12013717405279
195.976297855377,3,3.73064,-50,9.98233768340091,7.88324514361276,1.528,-2.11785464905087
196.285884857178,3,3.71223,-50,9.98640340212418,7.88074203685604,1.528,-2.11670922154377
196.835113048553,3,3.66315,-50,9.99397267463182,7.87606741839138,1.528,-2.11799689353528
197.407315015793,3,3.55884,-50,10.0015464527914,7.87138179615845,1.528,-2.11974378830286
197.89070892334,3,3.50975,-50,10.0074458369158,7.86772373527076,1.528,-2.1209945020103
198.335682868958,3,3.47293,-50,10.0135371329068,7.86390997054614,1.528,-2.12101955815448
198.764767885208,3,3.44225,-50,10.0197985940778,7.85997046789272,1.528,-2.12038297626876
199.217184066772,3,3.36249,-50,10.0277076931671,7.85534144977682,1.528,-2.12030094072793
199.775641918182,3,3.2459,-51,10.0377661530749,7.84954602204941,1.528,-2.12051513433331
200.251394987106,3,3.17841,-51,10.0437589804079,7.84579910477299,1.528,-2.1213104441289
200.66131901741,3,3.13546,-51,10.0488853554794,7.8425918288738,1.528,-2.12181259138731
201.298163890839,3,3.05569,-51,10.0566152662959,7.83774240369172,1.528,-2.12144068058388
201.708765029907,3,2.98819,-51,10.061641950862,7.83459261020792,1.528,-2.12089779398809
202.132879972458,3,2.95138,-51,10.0668610113044,7.83132460039819,1.528,-2.12014663949451
202.682251930237,3,2.89616,-51,10.0736425649623,7.82705048900995,1.528,-2.11876928802272
203.137275934219,3,2.81639,-50,10.0792687184633,7.82349246786072,1.528,-2.1174513094711
203.691679000854,3,2.73662,-50,10.0846300421574,7.81850545247403,1.528,-2.11728586081286
204.070270061493,3,2.69367,-50,10.0882660244272,7.81508411063921,1.528,-2.11726420399275
204.642232894897,3,2.57095,-50,10.095531411999,7.81060032859489,1.528,-2.11675216715436
204.981675863266,3,2.51573,-51,10.1000098833193,7.80784797117525,1.528,-2.11687734294158
205.646753072739,3,2.39301,-51,10.1094337632591,7.80209940441194,1.528,-2.11879353186269
205.979893922806,3,2.30711,-51,10.1135890184183,7.79955594459665,1.528,-2.11871486899921
206.498869895935,3,2.24575,-51,10.1198355694876,7.79572840104929,1.528,-2.11817595086774
207.099488973618,3,2.1261,-51,10.1269624438818,7.79136300312242,1.528,-2.11543655002276
207.449164867401,3,2.0494,-51,10.1311127709051,7.78881624173235,1.528,-2.11370830223208
207.981414079666,3,1.96963,-51,10.137909516588,7.78437080266408,1.528,-2.1117978656077
208.294442892075,3,1.93282,-51,10.1419068493793,7.7817563309465,1.528,-2.11067429098527
208.95111989975,3,1.83464,-51,10.1493799639951,7.77714827216551,1.528,-2.10993750337546
209.206558942795,3,1.80396,-51,10.1523572143559,7.77531287606271,1.528,-2.10988517599741
209.884126901627,3,1.71806,-51,10.16109140641,7.76990231461328,1.528,-2.11208031807119
210.124422073364,3,1.6567,-52,10.1643756268461,7.76787715561496,1.528,-2.11224993807597
210.642638921738,3,1.55852,-52,10.1721046566916,7.76314159129688,1.528,-2.11050783928538
211.012619018555,3,1.49717,-52,10.1773996508346,7.75988553732717,1.528,-2.10970679155351
211.395130872726,3,1.39285,-52,10.1824753610582,7.75674232228049,1.528,-2.10966953863444
211.884545087814,3,1.29468,-52,10.1886210020092,7.75272919643169,1.528,-2.10931508054327
212.118172883987,3,1.27627,-52,10.1912835060379,7.75082012439411,1.528,-2.10890720758569
212.666368961334,3,1.11674,-52,10.1977014258622,7.74639475362529,1.528,-2.1086929356223
212.943196058273,3,1.06151,-53,10.2011860242202,7.74423747046005,1.528,-2.1096464484457
213.457648992538,3,0.975612,-53,10.2076493657433,7.74023687846857,1.528,-2.11125118136067
213.916487932205,3,0.865165,-53,10.2133310157842,7.7367255163712,1.528,-2.11156341618274
214.166230916977,3,0.859029,-53,10.2164235001333,7.73481430532305,1.528,-2.11173336352084
214.569956064224,3,0.717903,-54,10.2215946438406,7.73163591575034,1.528,-2.11126188424579
214.849458932877,3,0.595185,-54,10.2252295083225,7.72940716989702,1.528,-2.11069752370783
215.38446688652,3,0.411107,-54,10.232547605469,7.72493351441203,1.528,-2.11026576327812
215.69090795517,3,0.319068,-54,10.2370481859939,7.72219324159244,1.528,-2.1105742708141
215.967251062393,3,0.202485,-54,10.2411067294914,7.71972211228545,1.528,-2.11085247742482
216.524420022964,3,6.26478,-55,10.2482867772244,7.71455471792233,1.528,-2.11371093679724
216.91778087616,3,6.10524,-55,10.2533098676149,7.71092923554108,1.528,-2.11566528716929
217.363259077072,3,5.92117,-55,10.2592597386631,7.70728899625433,1.528,-2.11501621032767
217.829488039017,3,5.76163,-56,10.26560672583,7.70343175001328,1.528,-2.11472984942895
218.077311992645,3,5.64505,-56,10.2691669466157,7.70130768608691,1.528,-2.11518845414033
218.932131052017,3,5.30144,-57,10.2814998755664,7.69395007423105,1.528,-2.11590000278903
219.235023021698,3,5.19099,-57,10.2858910699855,7.69133049962932,1.528,-2.11580157946584
219.692595005035,3,5.02532,-57,10.29230562499,7.68747814089585,1.528,-2.11770437711478
219.962095022202,3,4.92715,-57,10.2960488569205,7.68522585727664,1.528,-2.11915091419979
220.667836904526,3,4.58967,-58,10.3033549312315,7.68016430213393,1.528,-2.12147998141393
221.075037002563,3,4.47309,-58,10.3071437397149,7.67738697996352,1.528,-2.12225828513702
221.44967007637,3,4.25219,-58,10.3121766997485,7.67431422541673,1.528,-2.12169759572978
221.963512897491,3,4.02517,-59,10.3188836272954,7.67021739885694,1.528,-2.12069036321637
222.155889987946,3,3.93926,-59,10.3210382565052,7.66889740496208,1.528,-2.11988067623963
222.690156936646,3,3.67542,-59,10.3270220624293,7.66523153649071,1.528,-2.1176320249608
223.193564891815,3,3.54656,-59,10.3333896738636,7.66137921516893,1.528,-2.1169018248188
223.869626045227,3,3.23977,-60,10.3422681251088,7.65600911719077,1.528,-2.11635331526414
224.284235954285,3,3.03728,-60,10.3479420197421,7.65257465353662,1.528,-2.11628301922443
224.758807897568,3,2.60777,-61,10.3539680383987,7.64941662051951,1.528,-2.1165170939573
225.288771867752,3,2.64458,-61,10.3604877807809,7.64623596115174,1.528,-2.11691924629116
225.603985071182,3,2.35006,-61,10.3645346899688,7.64380198121519,1.528,-2.11755402270939
226.255409002304,3,2.17212,-61,10.3728200513896,7.63880039973268,1.528,-2.11865584202885
226.733346939087,3,1.92668,-61,10.3785519293945,7.63527136111788,1.528,-2.11853221328757
227.329454898834,3,1.70579,-61,10.3857080292955,7.63088784880217,1.528,-2.11682478742018
227.698536872864,3,1.50944,-60,10.3901425760092,7.62818364482574,1.528,-2.11492054089015
228.333541870117,3,1.12901,-60,10.3979010090442,7.62343130406711,1.528,-2.1137007032548
228.825708866119,3,1.05538,-61,10.40342759519,7.62019329569926,1.528,-2.11325872011721
229.310395002365,3,0.711767,-60,10.4072410212397,7.61848018738157,1.528,-2.11267790599581
229.791574954987,3,0.546097,-60,10.4122526009627,7.61570196165456,1.528,-2.11360768670964
230.613507032394,3,0.227029,-60,10.4228840211328,7.60920115947906,1.528,-2.11625118555105
230.879159927368,3,0.153398,-59,10.4265286458072,7.60697039782491,1.528,-2.11613807650943
231.716137886047,3,6.06843,-59,10.437932240124,7.59998991561106,1.528,-2.11593232834675
232.267426013947,3,5.85981,-58,10.445228133839,7.59550319544943,1.528,-2.11508667347756
232.728903055191,3,5.66346,-58,10.4510569746596,7.59188604563183,1.528,-2.11315825324347
232.98240685463,3,5.65732,-58,10.4544903115473,7.58981471816814,1.528,-2.11224813938371
233.61579990387,3,5.3812,-58,10.464929579224,7.58396127164942,1.528,-2.11117438613696
234.105736970901,3,5.28303,-57,10.4719623281621,7.5797614698634,1.528,-2.11117368302776
234.621340990067,3,5.12963,-57,10.4788488389846,7.57550528359049,1.528,-2.11166044156972
234.842324972153,3,5.04986,-57,10.4817802060295,7.57370097663356,1.528,-2.11250447311539
235.409188985825,3,4.93328,-57,10.4892996944237,7.56907260188057,1.528,-2.11466956718752
235.862143039703,3,4.8167,-57,10.4946607109659,7.56574423120142,1.528,-2.11462003556447
236.230931997299,3,4.70012,-57,10.4989445739365,7.56308060155233,1.528,-2.11435706575835
237.11607003212,3,4.52831,-57,10.5088982532523,7.55695286326386,1.528,-2.11313549299312
237.488641023636,3,4.38719,-57,10.5141756151385,7.55355440223549,1.528,-2.11362674868513
238.051832914352,3,4.25219,-57,10.5225326427477,7.54813822711187,1.528,-2.11474877379128
238.360451936722,3,4.13561,-57,10.5267818672943,7.54554874240953,1.528,-2.11545697788239
238.743226051331,3,4.04357,-58,10.5320520970783,7.54233705537021,1.528,-2.11633534951306
239.193259000778,3,3.95153,-58,10.5382887703105,7.53850584904823,1.528,-2.1176099094572
239.65850186348,3,3.77973,-58,10.5447553710831,7.53451900262152,1.528,-2.11904218136385
240.429841995239,3,3.56497,-59,10.5547551609937,7.52844280864758,1.528,-2.12039098383495
240.848160028458,3,3.41157,-60,10.5601273385409,7.52514393743836,1.528,-2.12039132726021
241.343132019043,3,3.19068,-60,10.5664894064623,7.52119245121562,1.528,-2.11969675287246
241.704892873764,3,3.02501,-61,10.5709750641878,7.51863979053117,1.528,-2.11887728536519
242.136631011963,3,2.79185,-61,10.5762143628992,7.51582628712316,1.528,-2.11768272525899
242.680948019028,3,2.57095,-62,10.5835485674508,7.51144748385611,1.528,-2.11651086488057
243.1343998909,3,2.19666,-62,10.5899193654026,7.50750187201538,1.528,-2.11565428700469
243.714938879013,3,1.87146,-62,10.5972393411761,7.50299963879076,1.528,-2.11737146546446
244.025069952011,3,1.71806,-62,10.6011629261663,7.50058364868051,1.528,-2.1183068548201
244.441910028458,3,1.48489,-63,10.6067645948148,7.49708997639182,1.528,-2.1193387411501
244.887109041214,3,1.264,-62,10.6127858523578,7.49333911494762,1.528,-2.12041170832859
245.023802042007,3,1.16583,-63,10.614751960237,7.49212799249402,1.528,-2.12065235993301
245.732457876205,3,0.748583,-63,10.6248804730612,7.48587005939596,1.528,-2.12179059185309
246.309117078781,3,0.392699,-62,10.6309945345434,7.48146793512872,1.528,-2.11910040480089
246.518583059311,3,0.288388,-62,10.6332154093299,7.47986890528244,1.528,-2.11812321989482
246.821681976318,3,0.116583,-62,10.6372389766412,7.47735903196245,1.528,-2.1170737993246
247.276825904846,3,6.17274,-62,10.6434968721308,7.47353783914139,1.528,-2.11559516384167
247.743278026581,3,5.97025,-61,10.6500526310463,7.46952947400998,1.528,-2.11478526320583
248.179903030396,3,5.73709,-61,10.6562299838089,7.46575099323686,1.528,-2.1142293014572
248.324182987213,3,5.69414,-61,10.658225275871,7.46453955311589,1.528,-2.11449483831992
248.795685052872,3,5.49165,-61,10.6646548181432,7.4606541142083,1.528,-2.11625187702706
249.06000995636,3,5.43029,-61,10.6682592310702,7.45847593018947,1.528,-2.11723687607694
249.489769935608,3,5.31985,-60,10.6742800140742,7.45482857970796,1.528,-2.11846122969378
249.880832910538,3,5.14804,-60,10.6797676798001,7.45150369988583,1.528,-2.11955415135514
250.472465991974,3,4.98851,-60,10.6867061103774,7.44778937983112,1.528,-2.11791884632169
250.777518033981,3,4.92715,-60,10.6902156097554,7.44593987365889,1.528,-2.11691162000019
251.004606962204,3,4.9026,-60,10.6930990076918,7.4442091356884,1.528,-2.11606937297828
251.281207084656,3,4.76761,-60,10.696651355575,7.44204839564569,1.528,-2.11502974089136
251.612254858017,3,4.70625,-60,10.7009029692276,7.43946232238725,1.528,-2.11378546129945
252.000084877014,3,4.58967,-60,10.7056020681169,7.43659756238363,1.528,-2.11276250930501
252.264605998993,3,4.51604,-60,10.7087858057503,7.43465610668953,1.528,-2.11209766997568
252.611178874969,3,4.39332,-60,10.7132092048115,7.43196516766379,1.528,-2.11136503857483
252.816608905792,3,4.36878,-60,10.7161410315024,7.43018911066836,1.528,-2.11110093187292
253.204189062119,3,4.17243,-61,10.7216724420885,7.42683826442074,1.528,-2.1106026477788
253.609644889832,3,4.14175,-61,10.7272312175709,7.4234850743389,1.528,-2.1112842190371
253.794523000717,3,4.07425,-61,10.7297098703552,7.42199353415468,1.528,-2.11189083669219
254.297441959381,3,3.93313,-62,10.7366322878192,7.41779974398809,1.528,-2.11349388898356
254.565099954605,3,3.85336,-62,10.7406978346999,7.41527847460473,1.528,-2.11424711821184
254.728538990021,3,3.74291,-62,10.7431803649156,7.41373892098259,1.528,-2.11470705985645
