13.2935791015625,1,1.69658,-64,8.37506217484429,8.98490768321149,0.633,0.980967972932581
13.3782930374146,1,1.75487,-64,8.37533000408455,8.98444454167329,0.633,0.980767246036273
13.5642681121826,1,1.87452,-63,8.37591797774533,8.98342779299634,0.633,0.980326584187977
13.8160009384155,1,1.97577,-64,8.37671384929727,8.98205153857981,0.633,0.979730111501394
13.9192430973053,1,2.01872,-64,8.37704025685584,8.98148710096048,0.633,0.979485482587465
14.1677839756012,1,2.1261,-64,8.37813195359128,8.98009830845792,0.633,0.979401510463183
14.3542251586914,1,2.19666,-64,8.37969068101605,8.97898399348712,0.633,0.980559609912203
14.6306409835815,1,5.51619,-63,8.3820016346356,8.97733192130685,0.633,0.98227659651999
14.7128829956055,1,2.35006,-62,8.38268921276338,8.97684038020146,0.633,0.982787451617735
14.7551801204681,1,2.42369,-64,8.38304283468006,8.97658758026384,0.633,0.983050184755268
14.9020471572876,1,2.52186,-63,8.38427070544493,8.97570979062996,0.633,0.983962465140967
14.9722990989685,1,2.49732,-62,8.38488121503549,8.97527615615292,0.633,0.984360213254046
15.0410721302032,1,2.60163,-62,8.38559208973691,8.9747844475995,0.633,0.984560859458164
15.1784670352936,1,2.36233,-62,8.3870122766965,8.973802111227,0.633,0.9849617108628
15.209792137146,1,2.64458,-62,8.38733606964304,8.97357814522984,0.633,0.985053102250782
15.3011519908905,1,2.6139,-62,8.38828041377889,8.97292494701073,0.633,0.98531964580039
15.3757729530334,1,2.77957,-62,8.38905173581065,8.97239142733461,0.633,0.985537353418228
15.6429340839386,1,2.87161,-62,8.39181325563537,8.970481297581,0.633,0.986316799457491
15.7663290500641,1,2.87775,-63,8.39308873176496,8.96959905698169,0.633,0.98667680585994
15.8537211418152,1,2.93911,-62,8.39401441113914,8.96895848459598,0.633,0.986763717088927
15.9166560173035,1,2.90843,-62,8.3946978264943,8.96848535088856,0.633,0.986700023082582
15.9981379508972,1,2.91456,-63,8.39558264598674,8.96787278354765,0.633,0.986617558300456
16.1081149578094,1,3.09864,-62,8.39677689598969,8.96704599508406,0.633,0.986506254732733
16.1976211071014,1,3.14773,-63,8.39774885114703,8.96637310305206,0.633,0.986415668945494
16.2198400497437,1,3.13546,-63,8.39799012860185,8.96620606481411,0.633,0.986393181994298
16.3240139484406,1,3.20909,-62,8.39912136214166,8.9654229031327,0.633,0.98628775153284
16.4237010478973,1,3.10478,-62,8.4002038731334,8.96467347244611,0.633,0.986186861991135
16.5049929618835,1,3.16614,-61,8.40108662918618,8.96406233364034,0.633,0.986104589520664
16.5936410427094,1,3.21522,-62,8.40204926650248,8.96339589242136,0.633,0.986014872152055
16.6413519382477,1,3.23977,-63,8.40255756445022,8.96298498032345,0.633,0.986077897253351
16.7507741451263,1,3.37476,-62,8.40349996110633,8.96085205255745,0.633,0.988759677860411
16.7970521450043,1,3.29499,-61,8.40389852949185,8.95994997213236,0.633,0.989893884948226
16.9335739612579,1,3.36249,-61,8.40507432101345,8.95728880141703,0.633,0.99323983792901
17.0141310691834,1,3.44225,-62,8.40576811755897,8.9557185306544,0.633,0.995214176556952
17.0934090614319,1,3.43612,-62,8.40645089774527,8.95417319323411,0.633,0.997157165902931
17.1766850948334,1,3.46066,-61,8.40716811098424,8.95254992343403,0.633,0.999198141476167
17.2116470336914,1,3.43612,-61,8.40746922001147,8.95186842292082,0.633,1.00005500821546
17.2894721031189,1,3.58952,-61,8.40813948692787,8.95035140680309,0.633,1.00196238851684
17.4282741546631,1,3.56497,-60,8.40933491693214,8.94764578828046,0.633,1.00536422677865
17.4987239837646,1,3.57724,-60,8.40996555380871,8.94646061597365,0.633,1.00660043059886
17.5446889400482,1,3.65701,-61,8.41046459581798,8.94637690221668,0.633,1.005608989672
17.6294059753418,1,3.71223,-60,8.41138436955281,8.94622261116809,0.633,1.00378168594362
17.7435600757599,1,3.58952,-61,8.4126237418104,8.94601470781319,0.633,1.00131943956565
17.8491020202637,1,3.61406,-61,8.41376961180149,8.9458224893623,0.633,0.999042953047624
17.9119760990143,1,3.71837,-60,8.41445223632956,8.94570797983649,0.633,0.997686790876444
17.9781050682068,1,3.63247,-60,8.41517019923706,8.94558754233577,0.633,0.996260422359878
18.0420529842377,1,3.71837,-60,8.41586448242767,8.94547107708194,0.633,0.9948810980601
18.1362690925598,1,3.75518,-60,8.41688738769734,8.94529948582999,0.633,0.992848904116884
18.2156119346619,1,3.8779,-61,8.41774881376069,8.94515498254014,0.633,0.991137519025431
18.3420741558075,1,3.92699,-61,8.41911374079347,8.94491334800684,0.633,0.988468141496773
18.4044649600983,1,3.86563,-61,8.41961920278025,8.9445588126978,0.633,0.988364699769056
18.5171649456024,1,3.96381,-60,8.42053224692562,8.94391839581836,0.633,0.988177847213672
18.6201219558716,1,3.92699,-60,8.42136635790648,8.94333334332756,0.633,0.988007148163645
18.7037410736084,1,4.02517,-61,8.42204380205654,8.94285817827584,0.633,0.987868510649556
18.8004550933838,1,4.04971,-60,8.42282733516115,8.94230860153485,0.633,0.987708162255049
18.8293271064758,1,4.04357,-60,8.42306124311066,8.94214453652238,0.633,0.987660293487354
18.9559850692749,1,4.00676,-60,8.4240873684547,8.94142480353459,0.633,0.987450299103566
19.0234820842743,1,4.10493,-60,8.42463419864372,8.94104125221891,0.633,0.987338391460659
19.0712530612946,1,4.17243,-60,8.42502121742364,8.94076979397609,0.633,0.987259188884993
19.1819519996643,1,4.20311,-59,8.4259180499931,8.94014074803301,0.633,0.987075653994369
19.2522871494293,1,4.25833,-59,8.42664460682438,8.93963626943489,0.633,0.987149122166468
19.3736679553986,1,4.23992,-60,8.42814540423023,8.93860054803123,0.633,0.987575394281362
19.5691430568695,1,4.35651,-59,8.43056233104871,8.9369325928314,0.633,0.988261875016498
19.656131029129,1,4.39332,-60,8.43163788267374,8.93619033952363,0.633,0.988567364394405
19.6994321346283,1,4.38105,-59,8.43217327363844,8.93582085868678,0.633,0.988719431714036
19.7860760688782,1,4.39946,-59,8.43324457144963,8.93508154099579,0.633,0.989023712879419
19.8711321353912,1,4.44241,-60,8.43429623627386,8.9343557723053,0.633,0.989322417679305
19.9826769828796,1,4.54058,-59,8.43567541823274,8.93340397943254,0.633,0.989714147307929
20.0678341388702,1,4.58967,-60,8.43672794148152,8.9326778938547,0.633,0.990006249399133
20.1110191345215,1,4.55285,-59,8.43725049470388,8.93232529726291,0.633,0.989955262409961
20.19593501091,1,4.62649,-60,8.43827800586064,8.93163197662801,0.633,0.989855005253403
20.3397190570831,1,4.65717,-60,8.44001784201249,8.93045800951584,0.633,0.989685244541499
20.4027299880981,1,4.71239,-60,8.44078029583584,8.92994353824668,0.633,0.98961084977524
20.4533259868622,1,4.72466,-59,8.44139252473141,8.92953043234142,0.633,0.989551112878149
20.5278639793396,1,4.70012,-59,8.44229445994224,8.92892184499043,0.633,0.989463108520199
20.6435461044312,1,4.76148,-59,8.44369425323443,8.92797732427385,0.633,0.989326526747514
20.7313680648804,1,4.84738,-59,8.44475692900259,8.92726027606136,0.633,0.989222838480815
20.8025920391083,1,4.86579,-59,8.44561876345877,8.92667874698656,0.633,0.989138746866402
20.9198999404907,1,4.86579,-59,8.44703919254963,8.92572081240869,0.633,0.989003175429406
21.0002789497375,1,4.92715,-59,8.44804499745781,8.92505971998078,0.633,0.989009219703033
21.075896024704,1,4.87192,-59,8.44899121495733,8.92443779298579,0.633,0.989014905892701
21.1517291069031,1,4.92715,-59,8.44994013541546,8.92381408939829,0.633,0.989020608325501
21.2252869606018,1,4.98237,-59,8.45086058530628,8.92320909885973,0.633,0.989026139667568
21.2832601070404,1,4.98237,-59,8.4515860194187,8.92273228770602,0.633,0.989030499083831
21.4046521186829,1,5.03146,-59,8.45310503143773,8.92173387605032,0.633,0.989039627418969
21.4791450500488,1,5.07441,-59,8.45403718221559,8.92112119478788,0.633,0.989045229076225
21.518660068512,1,5.11122,-59,8.45453164463668,8.92079619601345,0.633,0.989048200493591
21.6477839946747,1,5.14804,-58,8.45614740825351,8.91973419175826,0.633,0.989057910246782
21.7254180908203,1,5.19099,-59,8.45711886530028,8.91909567538949,0.633,0.989063748110725
21.7726449966431,1,5.23394,-59,8.45769018543685,8.91870068873341,0.633,0.989048083792909
21.8912351131439,1,5.19713,-59,8.45858913926537,8.91752995816603,0.633,0.988484739393702
21.9747071266174,1,5.25235,-58,8.45922188580699,8.91670591615834,0.633,0.988088218227618
22.051696062088,1,5.25849,-58,8.45980548838988,8.91594587558527,0.633,0.98772249394234
22.1114211082459,1,5.32598,-59,8.46025822476022,8.91535626542855,0.633,0.987438779150263
22.2140071392059,1,5.27689,-59,8.46103586212162,8.91434352839974,0.633,0.986951459737116
22.2737109661102,1,5.32598,-59,8.46148843764273,8.9137541277211,0.633,0.986667845743891
22.3975141048431,1,5.44256,-59,8.46242690797087,8.91253193380538,0.633,0.986079737671588
22.4240641593933,1,5.42416,-59,8.46262816650649,8.91226982966597,0.633,0.985953615655936
22.5614981651306,1,5.47324,-59,8.46366996348984,8.91091307080392,0.633,0.985300756213031
22.6091570854187,1,5.51006,-59,8.46403123448038,8.91044257835113,0.633,0.985074359725628
22.7128689289093,1,5.56528,-58,8.46525257363929,8.90957901525368,0.633,0.984222786108925
22.779942035675,1,5.52847,-59,8.46607378101932,8.90903206907158,0.633,0.98364620710774
22.8798961639404,1,5.62051,-59,8.46729756610629,8.90821699531884,0.633,0.982786973739575
22.9414620399475,1,5.63891,-58,8.46805134588739,8.90771495772951,0.633,0.982257736419181
23.0639491081238,1,5.70027,-58,8.46955101228419,8.90671613961111,0.633,0.981204803659203
23.1378350257874,1,5.74322,-58,8.47045563209072,8.90611363851155,0.633,0.98056965984878
23.2250549793243,1,5.83526,-59,8.47152350672759,8.90540240530811,0.633,0.979819892973221
23.4189391136169,1,5.84753,-58,8.47389732075873,8.90382138137566,0.633,0.978153211259991
23.5314979553223,1,5.87208,-58,8.47548867185219,8.90275611592017,0.633,0.976862220892346
23.6645419597626,1,5.94571,-58,8.47758356615161,8.90134909736086,0.633,0.975011835151461
23.74067902565,1,5.97025,-58,8.47878241089454,8.90054390313053,0.633,0.973952915272557
23.8244631290436,1,6.01934,-58,8.48010166493623,8.89965783698313,0.633,0.972787639836926
23.9096331596375,1,6.12365,-58,8.48144274161475,8.89875711384084,0.633,0.971603088824465
23.9666471481323,1,6.12365,-58,8.48234047676627,8.89815415739579,0.633,0.970810134104065
24.1064829826355,1,6.12979,-58,8.48454231437471,8.89667531124087,0.633,0.968865287094101
24.2196669578552,1,0.0736311,-58,8.48632449513114,8.89547832416565,0.633,0.967291116091625
24.3001589775085,1,6.26478,-58,8.48759191243288,8.89462707373911,0.633,0.966171627197345
24.4148571491241,1,0.0122718,-58,8.48910301338515,8.893581847807,0.633,0.964409964257814
24.5136940479279,1,0.0613592,-58,8.49034661678456,8.89271446056203,0.633,0.962858885433417
24.6037809848785,1,0.184078,-58,8.49148012484066,8.8919238625061,0.633,0.961445122537674
24.6627759933472,1,0.116583,-58,8.49222242244376,8.89140612552242,0.633,0.960519295144379
24.7719221115112,1,0.202485,-58,8.49359574035664,8.8904482651294,0.633,0.958806430468347
24.8988120555878,1,0.257709,-58,8.49519231782633,8.88933468588584,0.633,0.956815106300266
25.0536661148071,1,0.325204,-58,8.49714075041364,8.88797569508965,0.633,0.954384932397257
25.1083431243896,1,0.245437,-57,8.49782871731476,8.8874958526292,0.633,0.953526868731043
25.2226459980011,1,0.306796,-57,8.49928938391298,8.88648126481828,0.633,0.95256942516704
25.2943770885468,1,0.325204,-58,8.5002242727686,8.88583524092989,0.633,0.952647778635789
25.4077589511871,1,0.325204,-57,8.50170200632885,8.88481410224068,0.633,0.952771628171095
25.564532995224,1,0.515418,-57,8.50374528080727,8.88340216528619,0.633,0.952942875953146
25.6329779624939,1,0.460194,-57,8.50463734081412,8.88278573685105,0.633,0.953017639916208
25.7570190429688,1,0.558369,-58,8.50625399856871,8.88166859921214,0.633,0.953153132752698
25.8663461208344,1,0.515418,-57,8.50767888512678,8.8806839786883,0.633,0.953272553156233
25.9505951404572,1,0.570641,-58,8.50877540802178,8.87992357548273,0.633,0.953364998557338
26.020779132843,1,0.589049,-58,8.50948993925789,8.87907474046391,0.633,0.953496932273294
26.1826550960541,1,0.730175,-58,8.51113797078415,8.87711694379819,0.633,0.953801230969113
26.2389900684357,1,0.607456,-58,8.51171150751359,8.87643560471051,0.633,0.953907130932792
26.4001569747925,1,0.779262,-58,8.51335232025315,8.87448638367961,0.633,0.954210096724876
26.4810831546783,1,0.748583,-58,8.51417621586499,8.87350762808176,0.633,0.954362223887602
26.6420650482178,1,0.816078,-58,8.51581514502067,8.87156064467446,0.633,0.954664841887723
26.7292561531067,1,0.865165,-58,8.51670282276365,8.87050611841222,0.633,0.954828746021347
26.8056299686432,1,0.803806,-58,8.51762548802084,8.86976560116853,0.633,0.955062046781796
26.9108040332794,1,0.877437,-57,8.51896867456965,8.86883746562912,0.633,0.955428208347139
27.0869851112366,1,0.957204,-58,8.52121869747106,8.86728271046786,0.633,0.956041579519125
27.1911110877991,1,0.96334,-57,8.52254849880168,8.86636382405078,0.633,0.956404092185178
27.3654720783234,1,1.03697,-57,8.52477527721819,8.86482513071843,0.633,0.957011126756352
27.4847800731659,1,1.11674,-57,8.52629896934126,8.86377226668268,0.633,0.957426495338906
27.6206769943237,1,1.15355,-57,8.52799274854407,8.86259845017214,0.633,0.957786074411053
27.7258639335632,1,1.23946,-58,8.5292384289064,8.86172968698294,0.633,0.957886791622888
27.8698239326477,1,1.20878,-58,8.53094328071705,8.86054068815071,0.633,0.958024634304008
27.910392999649,1,1.24559,-58,8.53142372144902,8.86020561887038,0.633,0.958063479462396
28.0782511234283,1,1.32536,-58,8.53341158771797,8.85881923991495,0.633,0.958224204760927
28.192104101181,1,1.40513,-58,8.53475989597377,8.85787890191512,0.633,0.958333219763752
28.3240311145782,1,1.45421,-58,8.5363222466899,8.85678928628671,0.633,0.958459540778995
28.4270629882813,1,1.36831,-59,8.53754270412064,8.85593810062195,0.633,0.95855772494965
28.4977791309357,1,1.48489,-58,8.53848408405423,8.85527687406482,0.633,0.958461972239424
28.5948219299316,1,1.50944,-58,8.53977592690998,8.85436948187026,0.633,0.958330572099894
28.7755949497223,1,1.55852,-58,8.54218239432997,8.85267917585228,0.633,0.958085797626472
28.8165640830994,1,1.60148,-59,8.54272777928183,8.8522960967137,0.633,0.958030323651093
28.981467962265,1,1.5708,-58,8.54492299521119,8.85075417403262,0.633,0.957807036679205
29.1154379844666,1,1.63829,-59,8.54670641673093,8.84950149630992,0.633,0.957625635485173
29.2256469726563,1,1.70579,-58,8.54817352913396,8.84847099454484,0.633,0.957476407757043
29.3798770904541,1,1.71192,-58,8.55020027931104,8.84704720510389,0.633,0.95719341307777
29.4433751106262,1,1.73647,-59,8.55102385466017,8.84646856217332,0.633,0.957046374360481
29.602991104126,1,1.80396,-58,8.55309408924727,8.84501401814196,0.633,0.956676760774429
29.7224290370941,1,1.87146,-58,8.55464321057541,8.84392560758417,0.633,0.956400185214881
29.8773889541626,1,1.93282,-58,8.55665305540922,8.8425134933121,0.633,0.956041353437526
29.9630899429321,1,1.92054,-58,8.55776460536866,8.84173251980835,0.633,0.955842900581438
30.1312789916992,1,1.9819,-59,8.55998855760917,8.84021525196709,0.633,0.955689548371638
30.2527670860291,1,2.02485,-59,8.56175247143391,8.83917631734116,0.633,0.956453203239013
30.3392951488495,1,2.08008,-58,8.56300879245103,8.83843635182377,0.633,0.95699710490034
30.4354779720306,1,2.17212,-59,8.56440529317358,8.83761382130361,0.633,0.957601694852017
30.5509369373322,1,2.17825,-59,8.5660816686753,8.83662644622306,0.633,0.958327451571809
30.7120490074158,1,2.2212,-59,8.5684208921961,8.8352486576489,0.633,0.959340176458069
30.892786026001,1,2.3746,-59,8.57104505489684,8.83370304161278,0.633,0.960476260653964
31.0325441360474,1,2.3746,-59,8.57256978723687,8.83265839584507,0.633,0.961010432893163
31.092334985733,1,2.43596,-59,8.57320173159055,8.83221755493855,0.633,0.961225062332872
31.2692949771881,1,2.46664,-60,8.57507206573056,8.83091282012611,0.633,0.961860290365533
31.450973033905,1,2.52186,-59,8.57699226627518,8.82957329878398,0.633,0.962512454697126
31.5405600070953,1,2.54641,-59,8.57793913326517,8.8289127695779,0.633,0.962834042397622
31.7382731437683,1,2.54641,-60,8.58002307542146,8.82745935540335,0.633,0.96354023693258
31.7599339485168,1,2.63845,-59,8.58023534835248,8.82731224059025,0.633,0.963607736670357
31.9705741405487,1,2.69981,-59,8.58229959349352,8.82588162465317,0.633,0.964264136923839
32.1233620643616,1,2.70594,-59,8.58379689429969,8.82484392697216,0.633,0.964740257036303
32.300094127655,1,2.87775,-60,8.5855288444057,8.8236436066349,0.633,0.965290992249869
32.3923630714417,1,2.80412,-59,8.58643306746514,8.8230169388551,0.633,0.965578522172368
32.5560500621796,1,2.9207,-60,8.58803717764004,8.82190521741494,0.633,0.966088606127265
32.6309101581573,1,2.90229,-60,8.58879667397353,8.82138512578155,0.633,0.966149628818249
32.7898731231689,1,2.92684,-59,8.59043833467962,8.82026770810757,0.633,0.966086864773575
32.9324221611023,1,3.09864,-59,8.59191048358078,8.81926567084447,0.633,0.966030581511718
33.0772020816803,1,3.02501,-59,8.59340567151104,8.81824795176707,0.633,0.965973417420683
33.2108271121979,1,3.10478,-60,8.59478565937132,8.817308645113,0.633,0.965920657663815
33.3919439315796,1,3.14773,-59,8.59665610992293,8.8160354986602,0.633,0.965849146515654
33.4984631538391,1,3.23363,-60,8.59776572376319,8.81527829161499,0.633,0.965764468901968
33.6122691631317,1,3.22136,-59,8.59896802231753,8.81445446969122,0.633,0.965599169567913
33.7972869873047,1,3.30113,-59,8.60092263494221,8.8131151578149,0.633,0.965330437509613
33.9099040031433,1,3.29499,-59,8.60211237242776,8.81229994280812,0.633,0.965166865147863
34.103767156601,1,3.42385,-59,8.60416043114266,8.81089660113028,0.633,0.964885285551465
34.1659340858459,1,3.3993,-59,8.60481719091856,8.810446585533,0.633,0.964794990214089
34.343239068985,1,3.4852,-58,8.60659058001384,8.80911555697327,0.633,0.964837049442757
34.5284631252289,1,3.49748,-58,8.60800570681564,8.80751653096743,0.633,0.966194988077447
34.5986850261688,1,3.53429,-59,8.60854220783019,8.80691031032817,0.633,0.966709807989187
34.7597069740295,1,3.55884,-58,8.6097724285624,8.80552021938987,0.633,0.967890312986579
34.9331550598145,1,3.63247,-59,8.61109758599547,8.80402285449324,0.633,0.969161918098661
35.1530871391296,1,3.76132,-59,8.61290722586967,8.80209952114536,0.633,0.970628593643132
35.3732390403748,1,3.82268,-59,8.61616695997326,8.79989796379546,0.633,0.970465057235743
35.4287929534912,1,3.84722,-58,8.61698953286111,8.79934241499009,0.633,0.970423789877541
35.6117451190948,1,3.92699,-59,8.61969845978916,8.79751286147461,0.633,0.970287886713782
35.8417670726776,1,3.97608,-58,8.6231043372875,8.79521260188256,0.633,0.9701170184919
35.9104020595551,1,3.98835,-58,8.62412059836069,8.79452624006163,0.633,0.970066034062006
36.1270580291748,1,4.10493,-58,8.62683235202883,8.79269190233275,0.633,0.970183484122573
36.2459869384766,1,4.12334,-58,8.62828437832834,8.79170944372972,0.633,0.970268453515268
36.3372430801392,1,4.14788,-58,8.62939854239883,8.79095558680811,0.633,0.970333651951731
36.462023973465,1,4.21538,-57,8.63092201671512,8.78992478561046,0.633,0.970422802325581
36.6040141582489,1,4.20924,-58,8.63265560263455,8.7887518203541,0.633,0.970524247969375
36.7513990402222,1,4.35651,-57,8.63445505346641,8.78753429009925,0.633,0.970629547883309
36.9331071376801,1,4.38719,-57,8.63701773486851,8.7858158041749,0.633,0.970367764351621
37.093318939209,1,4.41173,-57,8.63935124973215,8.78425386984944,0.633,0.970052749231653
37.2697660923004,1,4.41786,-57,8.64192123552881,8.78253365409496,0.633,0.96970581148694
37.4043841362,1,4.50377,-57,8.64388197252419,8.78122123802082,0.633,0.96944111987968
37.55952501297,1,4.59581,-56,8.64614162841998,8.77970874107367,0.633,0.969136075423272
37.6897809505463,1,4.59581,-57,8.64800346416213,8.77846190955745,0.633,0.968987393174036
37.8970170021057,1,4.68171,-57,8.65087338961059,8.77653834795522,0.633,0.969031035015566
38.0150880813599,1,4.70625,-57,8.65250850663067,8.77544241415085,0.633,0.969055899604962
38.1652209758759,1,4.77375,-57,8.65458763432771,8.77404888310763,0.633,0.969087516092256
38.3247489929199,1,4.77988,-56,8.65679687114926,8.77256814669252,0.633,0.969121111098468
38.5088679790497,1,4.88419,-56,8.65934665802206,8.77085915730918,0.633,0.96915988471703
38.6260211467743,1,4.93328,-56,8.66088789434172,8.76961835145691,0.633,0.9672326959939
38.7370400428772,1,4.9701,-56,8.66234478799391,8.76843563336288,0.633,0.965318843078114
38.8999440670013,1,5.01919,-56,8.66448256675944,8.76670016720636,0.633,0.96251054329756
39.1383430957794,1,5.12963,-56,8.66761106149237,8.76416042978479,0.633,0.958400786379022
39.2425889968872,1,5.1419,-56,8.6689790735779,8.76304986646813,0.633,0.956603693012061
39.3915390968323,1,5.16031,-56,8.67091636686552,8.76156869273247,0.633,0.954927961466756
39.5745360851288,1,5.21553,-56,8.67325591420662,8.75999570162244,0.633,0.954952774847646
39.6921999454498,1,5.30144,-56,8.67476020219584,8.75898429587212,0.633,0.954968729417229
39.8101179599762,1,5.33212,-56,8.67626773945053,8.75797070548307,0.633,0.954984718448718
39.9445509910584,1,5.39348,-56,8.67798641495089,8.75681515661446,0.633,0.955002946825237
40.0680141448975,1,5.42416,-56,8.67956484471619,8.75575390175332,0.633,0.95501968774699
40.1997261047363,1,5.46097,-56,8.68125518897614,8.75460999565917,0.633,0.955146262802559
40.2995390892029,1,5.51619,-56,8.68255047765281,8.75371706811061,0.633,0.955483376180163
40.4189910888672,1,5.57142,-56,8.68410062489465,8.75264844981609,0.633,0.955886819352247
40.6288681030273,1,5.63278,-56,8.68682423166173,8.75077088880782,0.633,0.956595668501514
40.6854150295258,1,5.58983,-56,8.68755804995186,8.75026501966938,0.633,0.956786652925903
40.8453569412231,1,5.72482,-56,8.68963364110119,8.74883417838267,0.633,0.957326848756745
41.0000431537628,1,5.72482,-55,8.69162790947431,8.74746081432895,0.633,0.957846491314258
41.1142530441284,1,5.78618,-55,8.69291757239613,8.74659253970833,0.633,0.958191117160588
41.2256619930267,1,5.82299,-55,8.69417560696821,8.74574555909633,0.633,0.9585272912273
41.2961859703064,1,5.84753,-55,8.6949719667082,8.7452094043078,0.633,0.958740095786334
41.4755010604858,1,5.9273,-55,8.69699680030525,8.74384617086629,0.633,0.959281175149207
41.5969979763031,1,5.97025,-55,8.69836874862727,8.74292249702201,0.633,0.959647789435466
41.7617421150208,1,6.01934,-55,8.70022904642294,8.74167003846447,0.633,0.96014490127098
41.8522970676422,1,6.04388,-55,8.70122773902984,8.74099752358752,0.633,0.960390681649944
42.005273103714,1,6.07456,-55,8.70254950647927,8.74010528690765,0.633,0.960385268863823
42.0841059684753,1,6.12365,-55,8.70323065051505,8.73964549218865,0.633,0.960382479502514
42.2542550563812,1,6.17887,-55,8.70470079925023,8.7386530932406,0.633,0.960376459078368
42.3334691524506,1,6.22796,-55,8.70538523726032,8.73819107498015,0.633,0.960373656227864
42.4817070960999,1,6.22183,-55,8.70666606590327,8.73732647334667,0.633,0.960368411090753
42.581071138382,1,6.27705,-55,8.70752460662706,8.73674693000472,0.633,0.960364895270087
42.6855089664459,1,0.0122718,-55,8.70842698666755,8.7361377936762,0.633,0.960361199922497
42.8175389766693,1,0.104311,-55,8.7092826839885,8.73550530355806,0.633,0.96054241107988
42.99622797966,1,0.171806,-55,8.71030742579717,8.73471364851325,0.633,0.960874612215393
43.0774440765381,1,0.16567,-55,8.71077318210346,8.73435383267827,0.633,0.961025601247473
43.213189125061,1,0.239301,-54,8.71155164985587,8.73375243443511,0.633,0.961277965178687
43.3763251304626,1,0.276117,-54,8.71248719867217,8.73302968463236,0.633,0.961581251700692
43.5172960758209,1,0.294524,-54,8.71329563578412,8.73240513383071,0.633,0.961843331108705
43.6350929737091,1,0.362019,-54,8.71431884828262,8.73170251369856,0.633,0.961792200788165
43.7702250480652,1,0.417243,-54,8.71581968603214,8.73072647869151,0.633,0.961479444512038
43.9073910713196,1,0.46633,-54,8.71734311373525,8.7297357528323,0.633,0.961161980765192
44.023754119873,1,0.490874,-54,8.71863549422116,8.7288952831699,0.633,0.960892664439533
44.1092410087585,1,0.521553,-54,8.71958495015559,8.7282778265328,0.633,0.960694809406575
44.2295100688934,1,0.564505,-54,8.72092071256737,8.72740914444148,0.633,0.960416452816844
44.4332251548767,1,0.60132,-54,8.72328095868363,8.72586265556598,0.633,0.960104561634633
44.5530569553375,1,0.638136,-54,8.7249342891164,8.72474930662662,0.633,0.960353940184546
44.6382689476013,1,0.705631,-54,8.72610996685391,8.72395760792191,0.633,0.960531272436788
44.8360879421234,1,0.748583,-54,8.72883929381525,8.72211968537638,0.633,0.960942947916998
44.9523890018463,1,0.785398,-54,8.73044391029155,8.72103914030411,0.633,0.961184978742834
45.0330700874329,1,0.82835,-54,8.73155707469062,8.7202895379388,0.633,0.961352881854125
45.2278089523315,1,0.871301,-53,8.73423896195117,8.71848482473687,0.633,0.96176028036071
45.3760421276093,1,0.908117,-54,8.73614736354961,8.71723467820106,0.633,0.962127791157251
45.5079190731049,1,0.944932,-54,8.73784518978256,8.71612247436236,0.633,0.962454750363202
45.6183300018311,1,0.99402,-53,8.73926665560808,8.71519130736952,0.633,0.962728489411745
45.8000910282135,1,1.09219,-53,8.74160670555056,8.71365839871359,0.633,0.963179124969276
45.937835931778,1,1.08606,-53,8.74338007776394,8.71249670657757,0.633,0.963520632456609
46.1174750328064,1,1.17196,-53,8.74565803881443,8.71100433108046,0.633,0.963885289101422
46.2169351577759,1,1.19037,-53,8.74688808710938,8.71019835428386,0.633,0.964014799573221
46.3883769512177,1,1.27627,-53,8.74900835074036,8.70880907282536,0.633,0.964238039867374
46.4947550296783,1,1.30695,-53,8.75032395510011,8.70794703627623,0.633,0.964376558445898
46.6003470420837,1,1.3499,-53,8.75162983798392,8.7070913696266,0.633,0.964514053460599
46.9071230888367,1,4.62955,-53,8.75523903199676,8.70464828284741,0.633,0.964803640948105
47.1156740188599,1,1.54012,-53,8.75663801107266,8.70323215341507,0.633,0.964373412006377
47.2158961296082,1,1.59534,-53,8.75731031033243,8.70255161230798,0.633,0.96416665937938
47.3256120681763,1,1.63829,-53,8.75804629507405,8.70180660498634,0.633,0.96394032151488
47.5262930393219,1,1.71806,-52,8.7593924817323,8.70044391516415,0.633,0.963526327859559
47.6263861656189,1,1.7426,-53,8.76006391575235,8.69976424990393,0.633,0.963319841320294
47.8623020648956,1,1.8101,-52,8.7627785180163,8.69771575907371,0.633,0.963000533436864
48.0155849456787,1,1.85918,-53,8.76507687910652,8.69617391182196,0.633,0.962872106206665
48.1472799777985,1,1.90827,-52,8.76705154670184,8.69484921318434,0.633,0.962761766238369
48.3017981052399,1,2.00031,-52,8.76936842938327,8.69329494078991,0.633,0.962632304063459
48.3819019794464,1,1.97577,-52,8.77056952650978,8.69248918911256,0.633,0.962565189466969
48.5564961433411,1,2.09849,-52,8.77318743420323,8.69073297517401,0.633,0.962418906693816
48.7820460796356,1,2.18439,-52,8.77635930857857,8.68862225595849,0.633,0.962171993762737
48.8284039497375,1,2.17825,-52,8.77700698981284,8.68819162607618,0.633,0.962120075079346
48.9877691268921,1,2.30097,-52,8.77923353375052,8.68671124297553,0.633,0.96194159340713
49.1687631607056,1,2.34392,-52,8.78176226164415,8.68502994400067,0.633,0.961738888409758
49.3352780342102,1,2.43596,-52,8.78408869636945,8.68348314557742,0.633,0.96155239940631
49.5338180065155,1,2.51573,-52,8.78692893124456,8.68158941329436,0.633,0.961789916592682
49.6639850139618,1,2.53414,-52,8.78880283753643,8.68033905987604,0.633,0.962027321358602
49.8075530529022,1,2.5955,-52,8.79086966734807,8.67895997932581,0.633,0.962289167561775
50.0271699428558,1,2.6814,-51,8.79403130930297,8.67685039153961,0.633,0.962689715268713
50.1196939945221,1,2.72435,-51,8.79536330122603,8.67596162743151,0.633,0.962858465025342
50.2970409393311,1,2.76117,-51,8.79797808104412,8.67421058382216,0.633,0.963029136532715
50.5053441524506,1,2.86548,-52,8.80108585172894,8.67212572258386,0.633,0.963138975664122
50.6199541091919,1,2.90843,-51,8.80279576996982,8.67097861662829,0.633,0.963199409960408
50.8316099643707,1,2.95751,-51,8.80595356025132,8.66886019952989,0.633,0.963311016953606
50.9388329982758,1,2.99433,-51,8.80755326961978,8.66778702766713,0.633,0.963367556095439
51.1050040721893,1,3.08023,-51,8.810801138222,8.66609556036217,0.633,0.964982530967442
51.2652640342712,1,3.11705,-51,8.81417368933108,8.66445541964971,0.633,0.967017359961565
51.5299401283264,1,3.22136,-51,8.81974359988738,8.66174665801122,0.633,0.970377965962203
51.598592042923,1,3.22136,-51,8.82118832811336,8.6610440570705,0.633,0.971249642858343
51.8302960395813,1,3.31953,-50,8.8260643655263,8.65867274016002,0.633,0.974191600439823
51.9686779975891,1,3.37476,-50,8.82783889057285,8.65748857583759,0.633,0.973971535567082
52.118714094162,1,3.43612,-50,8.82976047003405,8.65620517230753,0.633,0.973728781904873
52.3310289382935,1,3.50361,-50,8.83247968129795,8.65438903854596,0.633,0.973385263197498
52.4551329612732,1,3.50361,-50,8.83406913708264,8.65332745706774,0.633,0.973184466810752
52.6455111503601,1,3.58338,-50,8.83650739578416,8.65169896868727,0.633,0.972876440917909
52.8818249702454,1,3.6386,-50,8.83963373971051,8.64957734040882,0.633,0.972053673627637
53.0465190410614,1,3.69996,-50,8.84182512604141,8.64808611458259,0.633,0.971424883074967
53.2537131309509,1,3.75518,-50,8.84458200911666,8.64621007146607,0.633,0.9706338303938
53.4679710865021,1,3.81654,-50,8.84743288257406,8.64427006843372,0.633,0.969815808362908
53.6601021289825,1,3.86563,-50,8.84994613771425,8.64256671611233,0.633,0.969588726480429
53.8431961536407,1,3.95767,-50,8.85232004808369,8.64096123915727,0.633,0.969620058438099
54.1045479774475,1,3.98221,-50,8.8557086119965,8.63866955142433,0.633,0.969664782258528
54.3564510345459,1,4.08039,-49,8.85891922653845,8.63649767784105,0.633,0.969729568577834
54.7403860092163,1,4.16016,-49,8.86296055992696,8.6337555156842,0.633,0.970161507057436
54.9061040878296,1,4.20924,-49,8.86470492303103,8.63257191462189,0.633,0.970347944917077
55.1232240200043,1,4.27674,-48,8.86699034657694,8.63102118832502,0.633,0.970592211419433
55.4084751605988,1,4.30128,-48,8.86695271296703,8.63057413668418,0.633,0.971389383594851
55.5905151367188,1,4.37491,-49,8.86684817036291,8.63033096149633,0.633,0.971910733016274
55.8624639511108,1,4.43627,-49,8.86669199457202,8.62996768302622,0.633,0.972689574895197
56.060909986496,1,4.48536,-49,8.8683419336061,8.62871701130237,0.633,0.972893551649832
56.3031899929047,1,4.54672,-49,8.87161290953761,8.62648796504095,0.633,0.972883018481036
56.5663149356842,1,4.59581,-48,8.87516530895996,8.62406713932494,0.633,0.972871579074716
56.7568860054016,1,4.65103,-49,8.87773817244765,8.62231383026413,0.633,0.972863293961657
56.9741599559784,1,4.72466,-48,8.88077078821093,8.62022444766683,0.633,0.972632632284122
57.2073481082916,1,4.76761,-49,8.88404243376339,8.6179666286256,0.633,0.972347390825152
57.4004361629486,1,4.79216,-49,8.8867514722329,8.61609707443894,0.633,0.972111200787735
57.6539239883423,1,4.85352,-48,8.890332895163,8.61362556919939,0.633,0.971720785866981
57.9252641201019,1,4.90874,-48,8.89455690651919,8.61071211813179,0.633,0.970046947463313
58.1015710830688,1,4.97623,-48,8.89730151568894,8.60881906344005,0.633,0.96895934805981
58.3464479446411,1,5.00078,-48,8.90111356751276,8.60618975553358,0.633,0.967448755828535
58.5836639404297,1,5.03759,-48,8.90445890253012,8.60387499873524,0.633,0.96562465612769
58.8671000003815,1,5.12963,-47,8.90804977856276,8.60138084346134,0.633,0.963023305244143
59.1234400272369,1,5.14804,-48,8.91129737260142,8.59912512543448,0.633,0.960670639336135
59.3067591190338,1,5.22781,-47,8.91301706015384,8.5979493941592,0.633,0.959027663142904
59.5079040527344,1,5.25235,-47,8.91266626006814,8.59828314146296,0.633,0.957371594404985
59.81507396698,1,5.31371,-47,8.91213055066567,8.59879280943614,0.633,0.954842599600826
60.0398991107941,1,5.35666,-48,8.91173845190252,8.59916584784275,0.633,0.952991566689786
60.233335018158,1,5.40575,-48,8.9136196739751,8.59789541719607,0.633,0.952983312074299
60.5277471542358,1,5.43643,-48,8.9176828872574,8.59510106700895,0.633,0.953827676308138
60.7110090255737,1,5.47938,-47,8.92021210388439,8.59336167592512,0.633,0.954353265272117
60.9433209896088,1,5.5346,-48,8.92342006594592,8.59115518411465,0.633,0.954954591624589
61.1752359867096,1,5.57755,-47,8.92663639267077,8.58894052169834,0.633,0.955055337052154
61.4261870384216,1,5.63891,-48,8.93011672203429,8.58654407528692,0.633,0.955164351869301
61.5955231189728,1,5.65119,-47,8.93246516938857,8.58492700757673,0.633,0.95523791259651
61.8551471233368,1,5.68186,-47,8.93605609901091,8.58245074792278,0.633,0.955200399069886
62.1337311267853,1,5.76777,-47,8.93990003125388,8.57979652140569,0.633,0.955016725203435
62.3221530914307,1,5.81072,-47,8.94249989792324,8.57800131935254,0.633,0.954892496280229
62.4856300354004,1,5.82299,-47,8.94475557049643,8.57644378254409,0.633,0.954784713916551
62.8251650333405,1,5.93957,-47,8.94908440725083,8.57344686164526,0.633,0.954723291036797
62.9846129417419,1,5.92117,-47,8.95109929473355,8.57205149416441,0.633,0.954702640370068
63.2108120918274,1,5.9948,-47,8.95395769432423,8.57007197030995,0.633,0.954673344512194
63.4265820980072,1,5.98866,-47,8.95658349256864,8.56826379805831,0.633,0.95457850624324
63.6653361320496,1,6.02548,-47,8.95930647697505,8.56640800613802,0.633,0.954352458068526
63.9359450340271,1,6.07456,-47,8.9623927654362,8.56430461209125,0.633,0.954096250257844
64.125195980072,1,6.10524,-47,8.96455116823365,8.56283359871975,0.633,0.953917070747483
64.3736109733582,1,6.17887,-47,8.96795611102053,8.56045358162389,0.633,0.954342655304439
64.6436650753021,1,6.18501,-47,8.97179700128741,8.55775678633012,0.633,0.954966350506925
64.8614051342011,1,6.27091,-47,8.97489384620446,8.55558240585644,0.633,0.955469225409201
65.0838611125946,1,0.0122718,-47,8.97803807398743,8.55337123676492,0.633,0.955958388914789
65.2544100284576,1,0.0674952,-47,8.98042514794975,8.55168830832263,0.633,0.956304060351892
65.4725589752197,1,0.104311,-47,8.9834784518543,8.54953567624459,0.633,0.956746208339455
65.7106311321259,1,0.104311,-47,8.98681060934137,8.54718644756642,0.633,0.957228737027461
65.9102931022644,1,0.171806,-47,8.9896598708,8.54517064687823,0.633,0.957451190920991
66.1827890872955,1,0.19635,-47,8.99364414948441,8.54233980156189,0.633,0.957436220104414
66.3749060630798,1,0.233165,-47,8.99645317278596,8.54034397971143,0.633,0.95742566527732
66.622162103653,1,0.288388,-47,9.00006840760101,8.53777534148246,0.633,0.95741208113284
66.8216700553894,1,0.319068,-47,9.00338299360161,8.53544847671359,0.633,0.957050561813397
67.0895040035248,1,0.386563,-47,9.00783671369796,8.53232217919851,0.633,0.956561722565584
67.2884681224823,1,0.404971,-47,9.01114522070845,8.52999976624444,0.633,0.956198581630949
67.5162870883942,1,0.472466,-47,9.01499076925741,8.52746375706907,0.633,0.955992486640392
67.8022811412811,1,0.533825,-47,9.01992509066567,8.5245100895875,0.633,0.956125107349119
67.9983379840851,1,0.564505,-47,9.02330770462885,8.52248526873796,0.633,0.956216022517393
68.1863341331482,1,0.595185,-47,9.02655124558233,8.52054369650405,0.633,0.956303199793546
68.3989720344543,1,0.619728,-47,9.02965247781669,8.51848369664815,0.633,0.955966405000132
68.6331851482391,1,0.644272,-47,9.03279766113748,8.51627959180129,0.633,0.955387724289403
68.903557062149,1,0.717903,-47,9.03642841101437,8.5137352080293,0.633,0.954719704430164
69.0628371238709,1,0.736311,-48,9.03856733904179,8.51223627421481,0.633,0.954326164129057
69.341283082962,1,0.791534,-48,9.04188789738709,8.50990712276574,0.633,0.95543005153214
69.5642430782318,1,0.834486,-48,9.044492300274,8.50807999245026,0.633,0.956547110967261
69.7455070018768,1,0.877437,-47,9.04660965000511,8.50659455642129,0.633,0.9574552674996
69.98796916008,1,0.871301,-48,9.04960871570013,8.50448859819032,0.633,0.958464273656232
70.3300280570984,1,0.926524,-48,9.05455421735982,8.50100795583053,0.633,0.959006655962605
70.5689899921417,1,0.951068,-47,9.05800913888549,8.49857638325417,0.633,0.959385563591068
70.8712170124054,1,1.03084,-48,9.06258112921817,8.49535326102288,0.633,0.95937618043503
71.1258709430695,1,1.06765,-47,9.06662485496885,8.49249770793596,0.633,0.958906162961413
71.3491320610046,1,1.07379,-47,9.07017008487897,8.48999417707411,0.633,0.958494087536795
71.575690984726,1,1.09833,-47,9.07349744057909,8.48745640194593,0.633,0.958229522224104
71.8537390232086,1,1.14742,-48,9.07685457454469,8.48434923038521,0.633,0.958317703405828
72.0999040603638,1,1.20264,-48,9.07982675522213,8.48159834961344,0.633,0.958395773094769
72.3611099720001,1,1.23332,-48,9.08305135558743,8.47878158830299,0.633,0.958471542828553
72.5523910522461,1,1.25786,-48,9.08560478429328,8.47699603851955,0.633,0.958507855175185
72.8242011070251,1,1.29468,-48,9.08923320167528,8.47445877564011,0.633,0.958559454951361
73.0799560546875,1,1.3315,-48,9.09264729795802,8.47207138222501,0.633,0.958608006864077
73.3351819515228,1,1.38058,-48,9.09595730509245,8.46975202650283,0.633,0.95840874827503
73.6970689296722,1,1.41126,-48,9.10061484451712,8.46648664008717,0.633,0.958034953063434
73.9153680801392,1,1.45421,-49,9.10342438716735,8.46451687846677,0.633,0.957809470572858
74.2408881187439,1,1.51557,-49,9.10743829677062,8.46168399473617,0.633,0.958227720254435
74.5318751335144,1,1.52784,-49,9.11098551327546,8.45917593301676,0.633,0.958777239395205
74.8060350418091,1,1.60148,-49,9.11432760244887,8.45681290670944,0.633,0.959294981114225
75.1025040149689,1,1.63216,-49,9.11882350150911,8.45366732723107,0.633,0.957049043740941
75.3767211437225,1,1.67511,-49,9.12298933338644,8.45075290461092,0.633,0.95494820310735
75.6570341587067,1,1.69965,-49,9.12724622169545,8.44780783627439,0.633,0.953141425905035
75.9104390144348,1,1.73033,-49,9.13107820658179,8.44550373647484,0.633,0.955083803512356
76.1452760696411,1,1.78555,-49,9.13462940943352,8.44336846558481,0.633,0.956883856775311
76.5121591091156,1,1.8101,-49,9.14017172967088,8.43995481032928,0.633,0.959111494796567
76.7530879974365,1,1.85305,-49,9.14378843272425,8.43739978462384,0.633,0.958218694147668
77.0054581165314,1,1.85918,-50,9.14757688576809,8.43472342586061,0.633,0.957283496182572
77.3942379951477,1,1.92054,-49,9.15316856530613,8.43076322005602,0.633,0.95597493480372
77.5624761581421,1,1.93895,-50,9.1553112846048,8.42923390667422,0.633,0.955558364963597
77.8136470317841,1,1.95122,-50,9.1585102536653,8.42695072091339,0.633,0.954936447743305
78.2635180950165,1,2.01258,-50,9.16443893365255,8.42271195132996,0.633,0.954378630711232
78.4564211368561,1,2.04326,-50,9.16711408661761,8.42079459799079,0.633,0.954510944931627
78.7593669891357,1,2.08621,-50,9.17131529820687,8.41778347781396,0.633,0.954718738670304
78.9677040576935,1,2.09235,-51,9.17410376217729,8.41578487566483,0.633,0.95499717045336
79.24112200737,1,2.10462,-51,9.17754331418292,8.41331953203074,0.633,0.95565857178315
79.603767156601,1,2.15984,-51,9.18210532941213,8.41004964828263,0.633,0.956535814788692
79.7767469882965,1,2.18439,-52,9.18486185489618,8.40812279564495,0.633,0.956987711292732
79.9539110660553,1,2.22734,-51,9.18874617790523,8.40547819582709,0.633,0.957511698101738
80.2600071430206,1,2.22734,-52,9.19545733543658,8.4009089759286,0.633,0.958417018800197
80.5683760643005,1,2.27029,-52,9.20192028078892,8.39649669185646,0.633,0.959290519902861
80.9393789768219,1,2.33165,-52,9.2060692111802,8.39351071922638,0.633,0.959872447801897
81.1323089599609,1,2.32551,-52,9.20822674968844,8.39195794529999,0.633,0.960175063592664
81.4335350990295,1,2.3746,-52,9.2115533898247,8.38956805436178,0.633,0.960404486311443
81.7504479885101,1,2.41755,-53,9.21489784606548,8.38718141872487,0.633,0.959745885697875
82.1531751155853,1,2.4421,-53,9.21914792013373,8.38414852563238,0.633,0.958908948035204
82.3787729740143,1,2.47278,-53,9.22160608740302,8.38239352518011,0.633,0.958344407011118
82.6158580780029,1,2.50346,-53,9.2241949714256,8.38054514235245,0.633,0.957744256624065
82.8859829902649,1,2.57095,-53,9.22714463826545,8.37843917179274,0.633,0.957060470220283
83.0401859283447,1,2.53414,-53,9.22885250646346,8.37721864165936,0.633,0.956892059669169
83.3921840190887,1,2.60777,-53,9.23287782836229,8.3743358783781,0.633,0.957678667332806
83.7014400959015,1,2.60777,-53,9.23641436816485,8.37180315991687,0.633,0.958369759717805
83.9455540180206,1,2.58936,-53,9.23757986217121,8.37109275737347,0.633,0.959405725505901
84.2243740558624,1,2.62618,-53,9.23776434376924,8.37119021934978,0.633,0.960934834298584
84.474338054657,1,2.62618,-53,9.23792973273591,8.37127759465293,0.633,0.962305690394041
84.6874580383301,1,2.66913,-54,9.23919823310571,8.37045077802744,0.633,0.963007124954103
84.8895239830017,1,2.64458,-54,9.24181353459106,8.36853762015883,0.633,0.963086635990841
85.290696144104,1,2.70594,-54,9.24700583035625,8.36473932709206,0.633,0.963244493439269
85.4442310333252,1,2.71208,-54,9.24893512894183,8.36332653074571,0.633,0.963277392476515
86.0323300361633,1,2.72435,-54,9.25504331588288,8.35882014107942,0.633,0.96279400565449
86.32972407341,1,2.70594,-54,9.25831253378674,8.35641608644143,0.633,0.962499201006473
86.619215965271,1,2.74276,-54,9.26195577681373,8.35375594073918,0.633,0.962083553240497
86.8024971485138,1,2.73049,-54,9.26426236263393,8.3520717669657,0.633,0.961820401088391
87.1845541000366,1,2.71821,-55,9.2692046645202,8.34847104847614,0.633,0.961026283002855
87.4824259281158,1,2.66913,-55,9.2732473235768,8.34553668049485,0.633,0.960060433364401
87.7277159690857,1,2.71208,-55,9.27657635275024,8.3431203014536,0.633,0.959265080212293
87.9358990192413,1,2.72435,-55,9.2791958167382,8.34160433262453,0.633,0.959451371504096
88.240581035614,1,2.71821,-56,9.2826041005317,8.34049036973964,0.633,0.961502981294084
88.6407999992371,1,2.69981,-56,9.28708109534686,8.33902710952949,0.633,0.964197899601647
88.8088631629944,1,2.72435,-56,9.2891450884168,8.33769451729543,0.633,0.964643887388368
89.0128231048584,1,2.72435,-56,9.29170816493578,8.33584999113003,0.633,0.964968099283302
89.4861159324646,1,2.69367,-56,9.29765583153125,8.33156973395584,0.633,0.965720438998124
89.8805661201477,1,2.71208,-56,9.30251646623593,8.3280345378421,0.633,0.965910184645519
90.2901120185852,1,2.68753,-56,9.30755904453614,8.32436540515561,0.633,0.96608868299243
90.6652481555939,1,2.71208,-57,9.3127662536033,8.32063225278528,0.633,0.965614078489959
90.9847941398621,1,2.65072,-56,9.31725737944656,8.31741714638761,0.633,0.965149545731064
91.2732329368591,1,2.6814,-56,9.32110733540108,8.31464711597256,0.633,0.964718523990327
91.4045970439911,1,2.64458,-56,9.3227241788985,8.31347398668273,0.633,0.964514383532953
91.8529391288757,1,2.5955,-56,9.32824242128898,8.30947012867976,0.633,0.963817657766179
92.1434760093689,1,2.60777,-56,9.33277230270062,8.30622131315762,0.633,0.96339705377724
92.503112077713,1,2.60163,-57,9.33929075570989,8.30157489520679,0.633,0.962905925155191
92.7103869915009,1,2.62004,-57,9.34304764191919,8.29889694945843,0.633,0.962622864995896
92.8731310367584,1,2.60163,-57,9.34550548960685,8.29712355150548,0.633,0.962391995234574
93.369745016098,1,2.53414,-57,9.35186701611778,8.29247405054281,0.633,0.961667538107834
93.9473819732666,1,2.49118,-56,9.35885421133792,8.28736087549856,0.633,0.961587656712187
94.2268900871277,1,2.51573,-57,9.36209586168169,8.28498637509,0.633,0.961806815309097
94.3732171058655,1,2.49732,-57,9.36379291807137,8.28374328571783,0.633,0.961921548379538
94.8970539569855,1,2.40528,-56,9.36957353688558,8.27945669768306,0.633,0.962594728868665
95.0475130081177,1,2.50959,-56,9.37122308232217,8.27823147261601,0.633,0.962797695445429
95.4642910957336,1,2.39301,-56,9.37600976683458,8.27468589354104,0.633,0.963205522849288
95.8155720233917,1,2.3746,-56,9.38028329996173,8.27153070788895,0.633,0.963379440764612
95.8977429866791,1,2.45437,-56,9.38128295666396,8.27079265289089,0.633,0.963420123311001
96.4005620479584,1,2.27643,-56,9.38761142777368,8.26599692078711,0.633,0.962691615361489
96.7400331497192,1,2.14757,-56,9.39198789832978,8.26262181222699,0.633,0.961719376642692
96.9889130592346,1,2.25188,-56,9.39514193344009,8.2601961386382,0.633,0.961031184819388
97.3155069351196,1,2.19052,-56,9.39872585835556,8.25750921427041,0.633,0.960378413057196
97.7480449676514,1,2.09849,-55,9.40347237672636,8.25395067546909,0.633,0.95951388792504
98.0250680446625,1,2.00645,-55,9.40664417526138,8.25160230775001,0.633,0.958686695948239
98.2936301231384,1,2.02485,-55,9.40972562272506,8.24932223780953,0.633,0.957871235640115
98.7936160564423,1,2.00645,-55,9.41591657901008,8.24478145648571,0.633,0.957430847024153
99.0869710445404,1,2.00031,-55,9.41985885667724,8.24191534375276,0.633,0.957907800394656
99.2848980426788,1,1.96963,-55,9.42251871662899,8.23998157370427,0.633,0.958229601464027
99.5468270778656,1,1.95122,-55,9.42588180041192,8.23754340797098,0.633,0.959027514062122
99.8234119415283,1,1.95736,-56,9.42936155724974,8.2350239301836,0.633,0.960039654873122
100.331074953079,1,1.87146,-56,9.43604203040989,8.22948402856109,0.633,0.96150751554921
100.567408084869,1,1.77328,-55,9.43950879470803,8.22579207748816,0.633,0.961716855847245
101.002961158752,1,1.73647,-56,9.44589791093158,8.21898795050751,0.633,0.962102662143663
101.324810028076,1,1.69351,-55,9.44996644663282,8.21588137090487,0.633,0.961664617232196
101.38200712204,1,1.66897,-55,9.45067412357887,8.21537450248559,0.633,0.961569752514379
101.7965259552,1,1.60148,-56,9.45580280060775,8.21170112520071,0.633,0.960882248842209
102.068249940872,1,1.5892,-56,9.459306410036,8.20920908055707,0.633,0.960159399066215
102.31417798996,1,1.51557,-56,9.46252197967122,8.20692716246828,0.633,0.959419541640118
102.753654003143,1,1.48489,-56,9.46823458512572,8.2028721550583,0.633,0.958370466844559
102.977601051331,1,1.46035,-56,9.47107541094196,8.20085337923219,0.633,0.958405417949581
103.367645025253,1,1.39899,-56,9.47602321891513,8.19733731884181,0.633,0.958466291571298
103.655037164688,1,1.37445,-56,9.4794320258474,8.19490389454189,0.633,0.958841708708718
103.985196113586,1,1.31309,-56,9.48320145026763,8.19220573814353,0.633,0.959477674164984
104.161186933517,1,1.264,-56,9.48521073729921,8.19076748920788,0.633,0.959816674765965
104.585458040237,1,1.27014,-57,9.48993458845921,8.18761411569076,0.633,0.96113731821324
104.99619102478,1,1.15355,-57,9.49445459608795,8.18470022738444,0.633,0.962638517666615
105.145997047424,1,1.08606,-57,9.49607760535819,8.18363495953144,0.633,0.963113920643743
105.642794132233,1,1.17196,-57,9.50105112377124,8.18006243222066,0.633,0.963537136705886
106.025048971176,1,1.04924,-58,9.50504973039134,8.17720039143854,0.633,0.963593282051711
106.346063137054,1,1.03084,-58,9.50928975044905,8.17421566604503,0.633,0.962256762438653
106.691525936127,1,0.975612,-58,9.51385269300099,8.17100362215879,0.633,0.960818452682824
106.973221063614,1,0.951068,-58,9.51777124160873,8.16821637530186,0.633,0.960329236120912
107.377427101135,1,0.846757,-59,9.52356473972679,8.16407187115829,0.633,0.960217182821163
107.707339048386,1,0.883573,-59,9.52825369291474,8.16072283449574,0.633,0.96005160624164
107.984498023987,1,0.773126,-59,9.5320952142475,8.15799223960245,0.633,0.959730095131898
108.378561019897,1,0.791534,-60,9.53755706660844,8.15410989589725,0.633,0.959272972533402
108.746433973312,1,0.736311,-60,9.54245788864072,8.14911858032482,0.633,0.959208736957405
109.094329118729,1,0.816078,-60,9.54706602398321,8.14421510737319,0.633,0.959196575997028
109.597404956818,1,0.705631,-61,9.55358619622709,8.1388682349638,0.633,0.959543979214064
109.897611141205,1,0.742447,-61,9.55744694293287,8.13604356435138,0.633,0.959827900417191
110.292309045792,1,0.674952,-62,9.56220316417048,8.13259906934383,0.633,0.960018346870395
110.549809932709,1,0.576777,-62,9.56517348808982,8.13046358188247,0.633,0.9600667431868
110.819545984268,1,0.515418,-62,9.56828494706554,8.12822662665145,0.633,0.960117439056058
111.13325715065,1,0.478602,-62,9.57244737919079,8.12525820277272,0.633,0.959326261642071
111.497698068619,1,0.503146,-62,9.57750938305845,8.1216569864205,0.633,0.958053037478325
149.950711965561,1,0.0184078,-64,10.0547260763024,7.79803911504107,0.633,0.946488090916967
150.273957967758,1,6.16047,-64,10.0570994328575,7.81131784383479,0.633,0.944128411331873
150.907875061035,1,2.93911,-63,10.0664960176383,7.80569118705552,0.633,0.941818475951934
151.259675979614,1,2.79491,-64,10.0716698105839,7.8018838321842,0.633,0.94109011371143
151.589324951172,1,2.64458,-64,10.0763391807565,7.79843568190287,0.633,0.94096280353322
151.935796976089,1,5.66039,-64,10.0812397929862,7.79481619076395,0.633,0.940847639432166
152.474715948105,1,2.39915,-64,10.0885068613842,7.78941971960171,0.633,0.941608662983848
152.88973903656,1,2.30711,-64,10.0941268177726,7.78524908337549,0.633,0.942175163754298
153.246927976608,1,2.14451,-65,10.0989948590259,7.7816400183084,0.633,0.942636788355902
153.583933115005,1,2.00645,-64,10.1035916290397,7.77823025591274,0.633,0.943063068564307
