1.46173977851868,1117.94978817505,777.896601376896,192.8,-58,4.46081530717959,4.46081530717959
1.63302493095398,1118.0907962,777.677825289691,192.8,-58,4.37491530717959,4.37491530717959
1.94949293136597,1118.35132390521,777.273612607672,192.8,-58,4.25833530717959,4.25833530717959
2.27393698692322,1118.61835792677,776.857625723489,192.8,-58,4.20310530717959,4.20310530717959
2.4410297870636,1118.75586268463,776.642826624466,192.8,-58,4.15401530717959,4.15401530717959
2.80354285240173,1119.05418356518,776.176813248943,192.8,-59,3.96994530717959,3.96994530717959
3.11555099487305,1119.31381254356,775.778358961326,192.8,-59,3.74291530717959,3.74291530717959
3.51639699935913,1119.64863636752,775.267619763202,192.8,-59,3.50974530717959,3.50974530717959
3.72088193893433,1119.82762234515,774.990578472786,192.8,-58,3.46066530717959,3.46066530717959
4.03429484367371,1120.1202566875,774.529052309997,192.8,-59,3.30112530717959,3.30112530717959
4.40358591079712,1120.46702578673,773.987697003438,192.8,-59,3.12318530717959,3.12318530717959
4.52067685127258,1120.59058677573,773.833095083049,192.8,-59,3.07409530717959,3.07409530717959
5.00581192970276,1121.10252877439,773.192543265214,192.8,-58,2.87161530717959,2.87161530717959
5.10896682739258,1121.21138366212,773.056341905693,192.8,-58,2.84706530717959,2.84706530717959
5.52826380729675,1121.58363010763,772.481191827794,192.8,-57,2.65685530717959,2.65685530717959
5.85624194145203,1121.86641724965,772.028732400567,192.8,-57,2.50345530717959,2.50345530717959
5.98118185997009,1121.96824423219,771.865713485335,192.8,-57,2.40528530717959,2.40528530717959
6.32200980186462,1122.21134662256,771.475925584851,192.8,-56,2.25801530717959,2.25801530717959
6.55752086639404,1122.37932963013,771.20658333881,192.8,-56,2.13530530717959,2.13530530717959
6.89929986000061,1122.6341588826,770.798020291328,192.8,-55,2.07394530717959,2.07394530717959
7.22232484817505,1122.89190277462,770.384824614438,192.8,-55,1.93895530717959,1.93895530717959
7.55551481246948,1123.15775737201,769.958626462995,192.8,-55,1.82850530717959,1.82850530717959
7.80542182922363,1123.36621065218,769.625968544141,192.8,-55,1.74873530717959,1.74873530717959
8.17384386062622,1123.67439286979,769.13429937543,192.8,-54,1.62601530717959,1.62601530717959
8.38248085975647,1123.80758643718,768.879563634599,192.8,-54,1.54625530717959,1.54625530717959
8.67595291137695,1123.70219992066,768.689087264011,192.8,-54,1.47262530717959,1.47262530717959
8.97187089920044,1123.5959350626,768.497023372403,192.8,-53,1.37444530717959,1.37444530717959
9.19080686569214,1123.62964362785,768.290903745773,192.8,-53,1.31922530717959,1.31922530717959
9.44756293296814,1123.85430928046,767.943663156225,192.8,-53,1.28854530717959,1.28854530717959
9.64654088020325,1124.02841815682,767.674562525272,192.8,-52,1.23945530717959,1.23945530717959
10.0350339412689,1124.37911057854,767.126777451896,192.8,-52,1.17809530717959,1.17809530717959
10.2529189586639,1124.58458344711,766.801265170635,192.8,-52,1.12900530717959,1.12900530717959
10.4725708961487,1124.7917225805,766.473113175106,192.8,-52,1.08605530717959,1.08605530717959
10.7540509700775,1125.04793159379,766.067606425923,192.8,-52,1.03697530717959,1.03697530717959
10.9442338943481,1125.20261849005,765.823570531372,192.8,-52,0.969475307179586,0.969475307179586
11.2124788761139,1125.42079782358,765.47936820966,192.8,-52,0.926525307179586,0.926525307179586
11.4813637733459,1125.6394976378,765.134344771416,192.8,-52,0.871305307179586,0.871305307179586
11.8045179843903,1125.87185109654,764.762294908357,192.8,-52,0.797665307179586,0.797665307179586
12.0320379734039,1126.03362594885,764.502887513595,192.8,-52,0.717905307179587,0.717905307179587
12.2927498817444,1126.21900144333,764.205636282092,192.8,-51,0.705635307179587,0.705635307179587
12.5491459369659,1126.39432454158,763.852219851819,192.8,-51,0.644275307179586,0.644275307179586
12.8131799697876,1126.57440874147,763.484236477332,192.8,-51,0.607455307179587,0.607455307179587
13.1038727760315,1126.77631053796,763.080015221398,192.8,-51,0.527685307179587,0.527685307179587
13.3428988456726,1126.98608997336,762.758671268077,192.8,-51,0.527685307179587,0.527685307179587
13.6063578128815,1127.21731275787,762.404480002714,192.8,-51,0.429515307179586,0.429515307179586
13.8170168399811,1127.40219607137,762.121272381584,192.8,-51,0.392695307179586,0.392695307179586
14.1376519203186,1127.68363448132,761.687363784873,192.8,-50,0.294525307179586,0.294525307179586
14.34001994133,1127.86126513355,761.413381960673,192.8,-50,0.269985307179586,0.269985307179586
14.6111588478088,1128.09803744252,761.048041964097,192.8,-50,0.214755307179586,0.214755307179586
14.8677308559418,1128.30894908757,760.721128914265,192.8,-51,0.141125307179586,0.141125307179586
15.1467838287354,1128.53834091397,760.365571583345,192.8,-51,0.104315307179586,0.104315307179586
15.4120907783508,1128.75643300279,760.027528845669,192.8,-51,0.0552253071795858,0.0552253071795858
15.6246287822723,1128.93618873307,759.743118405363,192.8,-51,0.0245453071795865,0.0245453071795865
15.9178028106689,1129.18428797361,759.35041275034,192.8,-51,6.26477750717959,-0.0184078000000003
16.2279839515686,1129.44677952482,758.934926123578,192.8,-51,6.17887430717959,-0.104311
16.4723348617554,1129.68811336749,758.666782137987,192.8,-50,6.11751530717959,-0.16567
16.6808288097382,1129.89604657107,758.4414345286,192.8,-50,6.06842830717959,-0.214757
16.9603838920593,1130.1748497901,758.139281539977,192.8,-50,5.99479730717959,-0.288388
17.2673029899597,1130.46020882162,757.745803493352,192.8,-50,5.92730130717959,-0.355884
17.5159437656403,1130.68490974796,757.407760776237,192.8,-50,5.86594230717959,-0.417243
17.7072639465332,1130.85780907131,757.147649000078,192.8,-50,5.82299130717959,-0.460194
17.9782729148865,1131.10294518455,756.778863347358,192.8,-50,5.79844730717959,-0.484738
18.257798910141,1131.35590017644,756.398314881615,192.8,-50,5.74322430717959,-0.539961
18.6292209625244,1131.7014856988,755.877924847144,192.8,-51,5.65732130717959,-0.625864
18.7836527824402,1131.859614607,755.639088587095,192.8,-51,5.57755430717959,-0.705631
19.0643119812012,1132.14699276974,755.205035595835,192.8,-51,5.49778730717959,-0.785398
19.6593248844147,1132.6976443348,754.378316943218,192.8,-51,5.39347630717959,-0.889709
19.797917842865,1132.81684718677,754.20020369629,192.8,-50,5.37506830717959,-0.908117
20.0744879245758,1133.05472321509,753.844768645279,192.8,-50,5.27689530717959,-1.00629
20.3828008174896,1133.23839321892,753.603110856493,192.8,-50,5.24007530717959,-1.04311
20.6479909420013,1133.38898709896,753.409261287512,192.8,-50,5.17871530717959,-1.10447
20.9900569915771,1133.60402563769,753.12242169583,192.8,-50,5.13576530717959,-1.14742
21.1811668872833,1133.78043281563,752.862578690493,192.8,-50,5.09281530717959,-1.19037
21.4525589942932,1134.03094582823,752.493579793551,192.8,-51,5.01304530717959,-1.27014
21.7015058994293,1134.26074042274,752.155098566501,192.8,-51,4.95782530717959,-1.32536
21.9799509048462,1134.51642480207,751.779253986519,192.8,-51,4.90260530717959,-1.38058
22.288890838623,1134.79992055341,751.362638491073,192.8,-51,4.83510530717959,-1.44808
22.5709497928619,1135.0633105493,750.972920052011,192.8,-51,4.77374530717959,-1.50944
22.968523979187,1135.44927237257,750.393448602282,192.8,-51,4.73693530717959,-1.54625
23.1346678733826,1135.61056352912,750.151290920661,192.8,-51,4.69398530717959,-1.5892
23.5212669372559,1135.97455485761,749.601766293984,192.8,-51,4.66943530717959,-1.61375
23.7478468418121,1136.18549419573,749.28264520961,192.8,-51,4.65102530717959,-1.63216
24.063539981842,1136.43577411061,748.896507469709,192.8,-50,4.58967530717959,-1.69351
24.3747599124908,1136.54338512577,748.702393753898,192.8,-50,4.53444530717959,-1.74874
24.6022078990936,1136.62203018132,748.560530172921,192.8,-50,4.52217530717959,-1.76101
24.874077796936,1136.78265994326,748.301147458489,192.8,-50,4.49149530717959,-1.79169
25.155690908432,1137.02095931369,747.935528138715,192.8,-50,4.44854530717959,-1.83464
25.48907995224,1137.30307117569,747.502687939019,192.8,-50,4.41172530717959,-1.87146
25.7962667942047,1137.56028649482,747.113191370132,192.8,-50,4.35650530717959,-1.92668
25.9553239345551,1137.69297990411,746.913189709743,192.8,-50,4.35650530717959,-1.92668
26.3461408615112,1138.01901890075,746.421768613357,192.8,-50,4.32582530717959,-1.95736
26.6707198619843,1138.29750087826,745.994886709537,192.8,-50,4.29514530717959,-1.98804
26.8101978302002,1138.41776028242,745.810010312103,192.8,-50,4.27673530717959,-2.00645
27.1647789478302,1138.72348393524,745.340017233883,192.8,-50,4.23992530717959,-2.04326
27.3820698261261,1138.92800662836,745.029364583981,192.8,-50,4.20924530717959,-2.07394
27.7046098709106,1139.23251244641,744.567030398272,192.8,-50,4.16629530717959,-2.11689
28.0726358890533,1139.58585562863,744.027106388833,192.8,-50,4.12947530717959,-2.15371
28.2298209667206,1139.74050191791,743.788658529279,192.8,-50,4.11106530717959,-2.17212
28.546924829483,1140.05248405019,743.307615809105,192.8,-50,4.08652530717959,-2.19666
28.8736369609833,1140.35506646292,742.833938293459,192.8,-50,4.03743530717959,-2.24575
29.162134885788,1140.6113099819,742.428405072125,192.8,-50,3.99448530717959,-2.2887
29.4703938961029,1140.88314625759,741.998665708013,192.8,-50,3.95153530717959,-2.33165
29.7046339511871,1141.06421558626,741.718592343194,192.8,-50,3.93312530717959,-2.35006
30.0165297985077,1141.30531342781,741.345668423753,192.8,-49,3.87176530717959,-2.41142
30.2851929664612,1141.51299021658,741.023883111375,192.8,-50,3.87176530717959,-2.41142
30.5556468963623,1141.72203617919,740.695478647531,192.8,-50,3.85949530717959,-2.42369
30.830680847168,1141.93462224521,740.361512795431,192.8,-49,3.85335530717959,-2.42983
31.2540919780731,1142.26931808085,739.833872814908,192.8,-49,3.77359530717959,-2.50959
31.5423419475555,1142.50300660866,739.464051446296,192.8,-49,3.77972530717959,-2.50346
31.8982739448547,1142.78583927864,739.033501730509,192.8,-49,3.74291530717959,-2.54027
32.1340379714966,1142.95574981989,738.827788610917,192.8,-49,3.74291530717959,-2.54027
32.4715449810028,1143.19898454692,738.533300852122,192.8,-49,3.72450530717959,-2.55868
32.8406498432159,1143.50701696183,738.081903918025,192.8,-49,3.69996530717959,-2.58322
33.112979888916,1143.75327102792,737.690432380617,192.8,-49,3.67541530717959,-2.60777
33.4387888908386,1144.04484646813,737.226245651,192.8,-49,3.67541530717959,-2.60777
33.6290428638458,1144.20918694563,736.963300886989,192.8,-49,3.66928530717959,-2.6139
33.9176847934723,1144.45851447238,736.564376844196,192.8,-49,3.68768530717959,-2.5955
34.2938029766083,1144.79918848555,736.021813387097,192.8,-49,3.63860530717959,-2.64458
34.5357267856598,1145.02966397971,735.656478583518,192.8,-49,3.65087530717959,-2.63231
34.8706409931183,1145.34872938202,735.1507168039,192.8,-49,3.66314530717959,-2.62004
35.2294578552246,1145.60917361426,734.737259437006,192.8,-49,3.63860530717959,-2.64458
35.5145118236542,1145.81178722312,734.415565900127,192.8,-49,3.62633530717959,-2.65685
35.9005827903748,1146.12419146343,733.857943075861,192.8,-49,3.60792530717959,-2.67526
36.1140518188477,1146.31534854137,733.490496692695,192.8,-49,3.60178530717959,-2.6814
36.5233738422394,1146.68081211389,732.795961958018,192.8,-49,3.59565530717959,-2.68753
36.7744989395142,1146.89463668954,732.46680170217,192.8,-49,3.57110530717959,-2.71208
37.027379989624,1147.10995639998,732.135339844885,192.8,-49,3.60792530717959,-2.67526
37.3794617652893,1147.40968252363,731.675234151461,192.8,-49,3.62019530717959,-2.66299
37.6828489303589,1147.66783473541,731.281552028498,192.8,-49,3.58951530717959,-2.69367
38.0172917842865,1147.95241224031,730.847571333521,192.8,-49,3.62019530717959,-2.66299
38.2953608036041,1148.19269167103,730.475148916307,192.8,-49,3.60792530717959,-2.67526
38.5174169540405,1148.3846674939,730.177438717149,192.8,-49,3.59565530717959,-2.68753
38.7908389568329,1148.62182737135,729.810028966307,192.8,-49,3.60178530717959,-2.6814
39.1411538124084,1148.94596427714,729.317520945575,192.8,-50,3.60792530717959,-2.67526
39.4003999233246,1149.18583772495,728.953046567919,192.8,-50,3.63246530717959,-2.65072
39.7705597877502,1149.55465960061,728.464141027365,192.8,-49,3.60178530717959,-2.6814
40.1167027950287,1149.91744301689,728.02836904281,192.8,-50,3.60178530717959,-2.6814
40.3943779468536,1150.19930017106,727.68068349127,192.8,-50,3.59565530717959,-2.68753
40.6318078041077,1150.38884339677,727.393999362386,192.8,-50,3.62633530717959,-2.65685
41.0263659954071,1150.7038241375,726.917590992037,192.8,-50,3.59565530717959,-2.68753
41.2267367839813,1150.85619670934,726.688460882137,192.8,-50,3.57110530717959,-2.71208
41.4426798820496,1151.0042715071,726.468771727654,192.8,-50,3.58951530717959,-2.69367
41.7108328342438,1151.18814723417,726.195967012584,192.8,-50,3.59565530717959,-2.68753
42.0915088653564,1151.47586622994,725.767200655095,192.8,-50,3.54656530717959,-2.73662
42.3030087947845,1151.66428954527,725.484565682091,192.8,-50,3.56497530717959,-2.71821
42.526978969574,1151.86382248594,725.185266271086,192.8,-50,3.55883530717959,-2.72435
42.8273317813873,1152.12986363472,724.786809782068,192.8,-50,3.52201530717959,-2.76117
43.0930438041687,1152.36298811296,724.43853594033,192.8,-50,3.56497530717959,-2.71821
43.3388669490814,1152.57866293188,724.116330832067,192.8,-50,3.55883530717959,-2.72435
43.6065359115601,1152.77801187826,723.82472351796,192.8,-50,3.57110530717959,-2.71208
43.8937249183655,1152.95756937075,723.569140619083,192.8,-50,3.57110530717959,-2.71208
44.1757678985596,1153.1339094433,723.318137409427,192.8,-50,3.59565530717959,-2.68753
44.5106949806213,1153.40150014851,722.927051344836,192.8,-50,3.60178530717959,-2.6814
44.7923738956451,1153.63351297214,722.587007550206,192.8,-50,3.61405530717959,-2.66913
45.1214888095856,1153.90290077967,722.19371471503,192.8,-50,3.61405530717959,-2.66913
45.2896628379822,1154.03917468075,721.996012732383,192.8,-50,3.62633530717959,-2.65685
45.5988078117371,1154.28967942263,721.632588160709,192.8,-50,3.62019530717959,-2.66299
46.0546708106995,1154.66551511696,721.084125604689,192.8,-51,3.64473530717959,-2.63845
46.3237619400024,1154.890283444,720.75468904178,192.8,-51,3.65087530717959,-2.63231
46.6421349048615,1155.1601678298,720.359700858138,192.8,-51,3.68155530717959,-2.60163
46.9997749328613,1155.49149477672,719.878816608794,192.8,-51,3.68768530717959,-2.5955
47.2089149951935,1155.68524752503,719.597606022706,192.8,-51,3.71836530717959,-2.56482
47.6317708492279,1156.03733186245,719.023246285181,192.8,-51,3.75518530717959,-2.528
47.841335773468,1156.19898814486,718.736724460491,192.8,-51,3.79200530717959,-2.49118
48.1010909080505,1156.39936065255,718.381581464099,192.8,-52,3.83495530717959,-2.44823
48.5206778049469,1156.82950890467,717.744892506369,192.8,-52,3.86563530717959,-2.41755
48.7799408435822,1157.09977923432,717.348829689959,192.8,-52,3.89631530717959,-2.38687
49.1334149837494,1157.41805698358,716.881613221108,192.8,-52,3.90858530717959,-2.3746
49.4118888378143,1157.64718574561,716.544863373883,192.8,-52,3.93926530717959,-2.34392
49.7104668617249,1157.89337532277,716.182993271229,192.8,-52,3.99448530717959,-2.2887
49.9814779758453,1158.15688765211,715.792116649369,192.8,-52,4.04970530717959,-2.23348
50.3885197639465,1158.55266673324,715.205044345692,192.8,-52,4.16629530717959,-2.11689
50.7963578701019,1158.93775105837,714.62687440257,192.8,-52,4.24605530717959,-2.03713
51.268768787384,1159.37822303574,713.962055364724,192.8,-52,4.31968530717959,-1.9635
51.3973670005798,1159.50645170931,713.773753086131,192.8,-52,4.35650530717959,-1.92668
51.6928508281708,1159.81131483166,713.332082637627,192.8,-52,4.38718530717959,-1.896
52.1375367641449,1160.26784203904,712.669853226541,192.8,-52,4.45467530717959,-1.82851
52.4612767696381,1160.58670223734,712.202335233087,192.8,-52,4.50990530717959,-1.77328
52.7719509601593,1160.89269356469,711.753685786909,192.8,-52,4.54058530717959,-1.7426
52.9197387695313,1161.03462716388,711.542343651239,192.8,-53,4.59580530717959,-1.68738
53.3227508068085,1161.4131689475,710.970901123085,192.8,-53,4.62648530717959,-1.6567
53.5200297832489,1161.59846945643,710.691173505493,192.8,-53,4.65102530717959,-1.63216
53.907087802887,1161.93192776997,710.186136396578,192.8,-53,4.66330530717959,-1.61988
54.0748958587646,1162.07210711884,709.973565921277,192.8,-53,4.68784530717959,-1.59534
54.4779958724976,1162.40810756841,709.463599513052,192.8,-53,4.70011530717959,-1.58307
54.8610239028931,1162.72328110927,708.982721095397,192.8,-53,4.74920530717959,-1.53398
54.9932608604431,1162.83209191902,708.816702178096,192.8,-53,4.79215530717959,-1.49103
55.3367698192596,1163.11618201015,708.389028755278,192.8,-53,4.82897530717959,-1.45421
55.5296168327332,1163.27726849534,708.152928862047,192.8,-53,4.83510530717959,-1.44808
55.9093728065491,1163.59448136763,707.687998950733,192.8,-52,4.90873530717959,-1.37445
56.242842912674,1163.88169974114,707.256221717529,192.8,-52,4.97009530717959,-1.31309
56.4871008396149,1164.09539306708,706.930967905261,192.8,-52,4.97009530717959,-1.31309
56.8176147937775,1164.38366901513,706.491746886152,192.8,-52,4.98236530717959,-1.30082
57.0060658454895,1164.53856681744,706.250905787083,192.8,-52,5.03759530717959,-1.24559
57.343446969986,1164.81587805688,705.819731537375,192.8,-52,5.08054530717959,-1.20264
57.6822049617767,1165.09485333987,705.386477323207,192.8,-52,5.14190530717959,-1.14128
58.0390379428864,1165.38964971577,704.929542940564,192.8,-52,5.19099530717959,-1.09219
58.374559879303,1165.66336076212,704.50579123014,192.8,-52,5.26462530717959,-1.01856
58.5693438053131,1165.80908308962,704.28210745744,192.8,-53,5.28916530717959,-0.99402
58.9963579177856,1166.12854215185,703.791737796913,192.8,-52,5.35666130717959,-0.926524
59.3020689487457,1166.39037167631,703.38105015561,192.8,-52,5.37506830717959,-0.908117
59.6130468845367,1166.68357372444,702.914934079099,192.8,-52,5.40574830717959,-0.877437
59.9994008541107,1167.04252108522,702.345767431438,192.8,-52,5.43642830717959,-0.846757
60.2161588668823,1167.21814738601,702.074492345304,192.8,-52,5.46097130717959,-0.822214
60.5450978279114,1167.48466732763,701.662821543172,192.8,-52,5.52233130717959,-0.760854
60.9544358253479,1167.81397842138,701.152306924052,192.8,-53,5.57755430717959,-0.705631
61.2082278728485,1168.01651815707,700.837020068821,192.8,-52,5.61436930717959,-0.668816
61.4988069534302,1168.24841592834,700.476032538223,192.8,-53,5.66345730717959,-0.619728
61.8339078426361,1168.51151374898,700.070072014292,192.8,-52,5.66959330717959,-0.613592
62.2665197849274,1168.85097959681,699.546441974603,192.8,-52,5.70640830717959,-0.576777
62.5848388671875,1169.11767742414,699.122265430175,192.8,-52,5.71254430717959,-0.570641
63.0245399475098,1169.48831379664,698.535580643992,192.8,-52,5.76163230717959,-0.521553
63.2524178028107,1169.74968592276,698.208013185929,192.8,-52,5.78003930717959,-0.503146
63.5429368019104,1170.08290640341,697.790400996591,192.8,-52,5.81071930717959,-0.472466
63.898631811142,1170.46321176682,697.294132845962,192.8,-52,5.82912730717959,-0.454058
64.2873029708862,1170.7732792527,696.809167918827,192.8,-52,5.84139930717959,-0.441786
64.5791049003601,1171.00606804697,696.445071695278,192.8,-52,5.82299130717959,-0.460194
64.990592956543,1171.28533219919,696.00571330091,192.8,-53,5.86594230717959,-0.417243
65.1895508766174,1171.41762717375,695.797408850055,192.8,-53,5.87207830717959,-0.411107
65.5687568187714,1171.67800978436,695.388890020156,192.8,-53,5.88435030717959,-0.398835
65.8721759319305,1171.90058807718,695.042136469229,192.8,-53,5.92116630717959,-0.362019
66.1086568832397,1172.07406273367,694.771881214908,192.8,-53,5.96411730717959,-0.319068
66.4520227909088,1172.32545586643,694.379888848376,192.8,-53,6.01320430717959,-0.269981
66.6907598972321,1172.5000696921,694.107491280323,192.8,-53,5.99479730717959,-0.288388
67.041366815567,1172.73274016755,693.720175866904,192.8,-53,6.05002030717959,-0.233165
67.4982919692993,1172.89615454797,693.290270343023,192.8,-53,6.11137930717959,-0.171806
67.8844847679138,1173.11571761421,692.868402964465,192.8,-53,6.14205930717959,-0.141126
68.1804599761963,1173.35570533388,692.493565002326,192.8,-54,6.18501050717959,-0.0981747999999998
68.5157489776611,1173.62882396458,692.067068525804,192.8,-54,6.24636980717959,-0.0368155000000003
68.8091688156128,1173.87755952967,691.679333674345,192.8,-54,0.0245453071795865,0.0245453071795865
68.9537668228149,1174.00013701891,691.488256999928,192.8,-54,0.0797653071795859,0.0797653071795859
69.4336059093475,1174.39192960001,690.875524330649,192.8,-54,0.147265307179587,0.147265307179587
69.7296998500824,1174.61331699247,690.526470208533,192.8,-54,0.153395307179586,0.153395307179586
70.0659329891205,1174.86471618601,690.130097480061,192.8,-54,0.153395307179586,0.153395307179586
70.2828869819641,1175.02215816137,689.884184248214,192.8,-54,0.153395307179586,0.153395307179586
70.8258578777313,1175.41494572451,689.271300205719,192.8,-54,0.325205307179586,0.325205307179586
71.0203628540039,1175.55669107321,689.051568341397,192.8,-55,0.355885307179586,0.355885307179586
71.2999408245087,1175.76113714244,688.735606234416,192.8,-55,0.411105307179586,0.411105307179586
71.7238008975983,1176.07777840105,688.244776800975,192.8,-55,0.558365307179586,0.558365307179586
71.904679775238,1176.22452608735,688.014791902456,192.8,-55,0.582915307179587,0.582915307179587
72.1821789741516,1176.44966218903,687.661955651291,192.8,-55,0.619725307179587,0.619725307179587
72.670756816864,1176.84970877905,687.037469400352,192.8,-56,0.724035307179586,0.724035307179586
72.9667489528656,1177.0937381646,686.657649469613,192.8,-56,0.816075307179586,0.816075307179586
73.2261328697205,1177.30132108953,686.334339100334,192.8,-56,0.846755307179587,0.846755307179587
73.4504818916321,1177.4691391945,686.072542856582,192.8,-56,0.926525307179586,0.926525307179586
73.9248898029327,1177.82400696249,685.518949138517,192.8,-56,1.07378530717959,1.07378530717959
74.2281358242035,1178.05788261229,685.1590933395,192.8,-56,1.15968530717959,1.15968530717959
74.5790979862213,1178.32917699355,684.742087621209,192.8,-56,1.20264530717959,1.20264530717959
74.9052028656006,1178.58673001888,684.339596754612,192.8,-56,1.26399530717959,1.26399530717959
75.3187389373779,1178.92082336936,683.808645322238,192.8,-56,1.38058530717959,1.38058530717959
75.5478999614716,1179.10596120754,683.514418573253,192.8,-56,1.42966530717959,1.42966530717959
75.7541768550873,1179.29186675054,683.236758732053,192.8,-56,1.51557530717959,1.51557530717959
76.1406629085541,1179.64108055416,682.715931287794,192.8,-56,1.65056530717959,1.65056530717959
76.4919447898865,1179.95203667603,682.249196842246,192.8,-56,1.74873530717959,1.74873530717959
76.7241859436035,1180.15276746388,681.945630127697,192.8,-56,1.81623530717959,1.81623530717959
78.6871793270111,1180.13574913094,681.911261192647,192.8,-55,1.86532530717959,1.86532530717959
78.9355914592743,1179.98719645608,682.083472256473,192.8,-55,1.83464530717959,1.83464530717959
79.4094054698944,1179.39620934861,682.685920487299,192.8,-55,1.77941530717959,1.77941530717959
79.7432124614716,1179.05636809793,682.970750043989,192.8,-54,1.75487530717959,1.75487530717959
80.0551524162292,1178.74911649668,683.155698415234,192.8,-54,1.74873530717959,1.74873530717959
80.2453033924103,1178.55157662806,683.246296581328,192.8,-54,1.77328530717959,1.77328530717959
80.6326673030853,1177.03783459915,684.140162449981,192.8,-53,1.77941530717959,1.77941530717959
80.8482913970947,1176.55564083851,684.315119200669,192.8,-53,1.80396530717959,1.80396530717959
81.2355854511261,1175.86,684.497474081862,192.8,-53,1.92054530717959,1.92054530717959
84.6255295276642,1176.7297909328,684.219232681288,192.8,-53,1.93895530717959,1.93895530717959
84.7987883090973,1177.03129646419,684.108268760309,192.8,-53,1.94508530717959,1.94508530717959
85.2038793563843,1177.73623730739,683.848827417199,192.8,-53,1.90827530717959,1.90827530717959
85.4894034862518,1178.21298412937,683.677694922408,192.8,-53,1.88986530717959,1.88986530717959
85.7909934520721,1178.71224665291,683.499445823092,192.8,-53,1.90827530717959,1.90827530717959
86.1829023361206,1179.32945504294,683.276110694064,192.8,-53,1.88372530717959,1.88372530717959
86.4393744468689,1179.7135347963,683.135167141715,192.8,-53,1.82850530717959,1.82850530717959
86.8158304691315,1180.27660191476,682.929270515271,192.8,-53,1.77328530717959,1.77328530717959
87.0501174926758,1180.6255441612,682.803230169359,192.8,-53,1.74873530717959,1.74873530717959
87.4109494686127,1181.16295984204,682.609111919124,192.8,-53,1.67510530717959,1.67510530717959
88.0290424823761,1182.34833735153,681.917076416356,192.8,-53,1.60761530717959,1.60761530717959
88.3099114894867,1182.88406924226,681.607075765209,192.8,-53,1.60761530717959,1.60761530717959
88.5423774719238,1183.22878963045,681.486423629341,192.8,-53,1.57079530717959,1.57079530717959
88.8493714332581,1183.68402646302,681.327090737942,192.8,-53,1.55852530717959,1.55852530717959
89.2599623203278,1184.29343259489,681.116514003484,192.8,-53,1.54011530717959,1.54011530717959
89.3439483642578,1184.41814333751,681.073704642797,192.8,-53,1.54011530717959,1.54011530717959
89.6369705200195,1184.85325146904,680.924345409184,192.8,-53,1.54011530717959,1.54011530717959
90.1461734771729,1185.57529579781,680.674427819546,192.8,-53,1.50943530717959,1.50943530717959
90.3437135219574,1185.85391230005,680.577897051601,192.8,-53,1.49716530717959,1.49716530717959
90.5320794582367,1186.12050397226,680.483752957429,192.8,-53,1.50943530717959,1.50943530717959
91.0009293556213,1186.78481445987,680.247696997754,192.8,-53,1.46034530717959,1.46034530717959
91.2311623096466,1187.09851169813,680.134910476259,192.8,-53,1.39899530717959,1.39899530717959
91.5780575275421,1187.55181534982,679.969812514696,192.8,-53,1.41126530717959,1.41126530717959
91.8597044944763,1187.92051992777,679.835476026485,192.8,-53,1.37444530717959,1.37444530717959
92.1087944507599,1188.25689793,679.712137425668,192.8,-53,1.35603530717959,1.35603530717959
92.5308744907379,1188.82688655076,679.503141598054,192.8,-52,1.31308530717959,1.31308530717959
92.9389073848724,1189.40536585474,679.296935410638,192.8,-52,1.28854530717959,1.28854530717959
93.1667704582214,1189.73282558474,679.181111691324,192.8,-52,1.23332530717959,1.23332530717959
93.350679397583,1189.99711927104,679.087630035614,192.8,-52,1.25786530717959,1.25786530717959
93.7769103050232,1190.66218696623,678.854159846396,192.8,-52,1.20264530717959,1.20264530717959
94.0857634544373,1191.14537416154,678.684471214986,192.8,-52,1.20877530717959,1.20877530717959
94.399920463562,1191.61082015527,678.517089674933,192.8,-52,1.18423530717959,1.18423530717959
94.679167509079,1192.02454455046,678.368308017429,192.8,-52,1.19036530717959,1.19036530717959
95.0586013793945,1192.47955604341,678.088089363037,192.8,-52,1.18423530717959,1.18423530717959
95.4700474739075,1192.93239969902,677.754683221597,192.8,-52,1.14128530717959,1.14128530717959
95.6296744346619,1193.14352343177,677.667601594511,192.8,-52,1.14741530717959,1.14741530717959
96.0935273170471,1193.78505700321,677.447999718131,192.8,-52,1.11060530717959,1.11060530717959
96.4992043972015,1194.30970510553,677.265478827429,192.8,-52,1.08605530717959,1.08605530717959
96.737051486969,1194.60301279444,677.162210078624,192.8,-52,1.07378530717959,1.07378530717959
97.0650913715363,1195.01217590911,677.018441200607,192.8,-52,1.06151530717959,1.06151530717959
97.4943895339966,1195.606887076,676.813151480497,192.8,-52,1.05537530717959,1.05537530717959
97.8161754608154,1196.05364188874,676.659000748918,192.8,-51,1.05537530717959,1.05537530717959
98.049286365509,1196.38400223199,676.545459427063,192.8,-51,1.03083530717959,1.03083530717959
98.4702603816986,1196.98059860602,676.340415624726,192.8,-52,1.01242530717959,1.01242530717959
98.7146444320679,1197.18703476381,676.355173021932,192.8,-52,1.01242530717959,1.01242530717959
99.1542863845825,1197.5063068079,676.431547903066,192.8,-52,1.01242530717959,1.01242530717959
99.5942623615265,1198.12373889384,676.240650124049,192.8,-51,1.01242530717959,1.01242530717959
100.013265371323,1198.77171430034,676.014268708064,192.8,-52,1.02469530717959,1.02469530717959
100.246379375458,1199.15994130713,675.880474772666,192.8,-51,0.994015307179586,0.994015307179586
100.627695322037,1199.79498315771,675.661621506805,192.8,-51,0.975615307179586,0.975615307179586
101.006804466248,1200.34774832302,675.469982691651,192.8,-52,0.969475307179586,0.969475307179586
101.436662435532,1200.97585118377,675.251840473506,192.8,-52,0.987885307179586,0.987885307179586
101.683540344238,1201.36323258846,675.115600403212,192.8,-52,0.969475307179586,0.969475307179586
101.973786354065,1201.81866380781,674.955427559119,192.8,-52,0.963335307179586,0.963335307179586
102.325187444687,1202.33920878596,674.796629765855,192.8,-52,0.987885307179586,0.987885307179586
102.66378736496,1202.81199386699,674.676407273824,192.8,-52,0.969475307179586,0.969475307179586
102.982088327408,1203.2535656775,674.551129825972,192.8,-52,0.969475307179586,0.969475307179586
103.476443529129,1203.9268169926,674.302910906767,192.8,-53,0.914255307179586,0.914255307179586
103.888251304626,1204.52018780516,674.08818270315,192.8,-52,0.914255307179586,0.914255307179586
104.377080440521,1205.24742989576,673.827812083455,192.8,-52,0.889705307179586,0.889705307179586
104.539073467255,1205.49437525497,673.740804232596,192.8,-52,0.852895307179586,0.852895307179586
105.030964374542,1206.24422343818,673.476605386736,192.8,-52,0.883575307179586,0.883575307179586
105.17373752594,1206.46400781855,673.399755890937,192.8,-53,0.852895307179586,0.852895307179586
105.676597356796,1207.23958953245,673.128970895998,192.8,-53,0.883575307179586,0.883575307179586
106.024836540222,1207.83982680468,672.921088725343,192.8,-53,0.852895307179586,0.852895307179586
106.259377479553,1208.26939945517,672.772917289377,192.8,-53,0.834485307179587,0.834485307179587
106.569967508316,1208.83355095321,672.578190740136,192.8,-53,0.871305307179586,0.871305307179586
106.935258388519,1209.33007064708,672.401974927211,192.8,-53,0.859025307179587,0.859025307179587
107.440903425217,1210.03925396646,672.151889390011,192.8,-53,0.865165307179586,0.865165307179586
107.695053339005,1210.42733664312,672.017284137296,192.8,-54,0.840625307179586,0.840625307179586
108.138160467148,1211.10945836991,671.781123335761,192.8,-54,0.803805307179586,0.803805307179586
108.366945505142,1211.47130016157,671.656597602056,192.8,-54,0.803805307179586,0.803805307179586
108.813897371292,1212.16844033243,671.416683767958,192.8,-54,0.840625307179586,0.840625307179586
109.144141435623,1212.64766095994,671.251775493196,192.8,-54,0.809945307179587,0.809945307179587
109.433524370193,1213.06758757324,671.107271335091,192.8,-54,0.859025307179587,0.859025307179587
109.730024337769,1213.50731225786,670.994528426851,192.8,-54,0.895845307179586,0.895845307179586
110.168669462204,1214.15634410736,670.826862439616,192.8,-54,0.932665307179586,0.932665307179586
110.438772439957,1214.53708796184,670.699708359913,192.8,-54,0.957205307179586,0.957205307179586
110.765029430389,1214.9969879049,670.546119133647,192.8,-54,0.975615307179586,0.975615307179586
111.377181529999,1215.84258929102,670.261453519573,192.8,-54,0.981745307179586,0.981745307179586
111.665494441986,1216.23865903538,670.12782625068,192.8,-54,1.02469530717959,1.02469530717959
112.117428302765,1216.78799305975,669.941425759511,192.8,-54,1.03083530717959,1.03083530717959
112.352959394455,1217.07359204015,669.844504403397,192.8,-54,1.03697530717959,1.03697530717959
112.798242330551,1217.67050410758,669.640667595207,192.8,-54,1.04310530717959,1.04310530717959
113.093007326126,1218.07600935493,669.501984800613,192.8,-54,1.06151530717959,1.06151530717959
113.308768510818,1218.4228935368,669.399001613465,192.8,-54,1.04310530717959,1.04310530717959
113.68100643158,1219.07519974524,669.219749988706,192.8,-54,1.09219530717959,1.09219530717959
114.097205400467,1219.72947732337,669.019965272068,192.8,-54,1.06765530717959,1.06765530717959
114.368470430374,1220.11204543579,668.890123973308,192.8,-54,1.10446530717959,1.10446530717959
114.708058357239,1220.57716810631,668.732879278596,192.8,-54,1.12287530717959,1.12287530717959
114.989377498627,1220.94365702517,668.609843712978,192.8,-53,1.10446530717959,1.10446530717959
115.185739517212,1221.19946792927,668.523964338032,192.8,-54,1.16582530717959,1.16582530717959
115.488350391388,1221.58553684966,668.393018228094,192.8,-53,1.17196530717959,1.17196530717959
115.983632326126,1222.20492511247,668.180844801899,192.8,-53,1.19036530717959,1.19036530717959
116.223089456558,1222.5135252212,668.075527273188,192.8,-53,1.18423530717959,1.18423530717959
116.446734428406,1222.80787040826,667.975330982239,192.8,-53,1.17196530717959,1.17196530717959
116.852632522583,1223.33940788831,667.79281299424,192.8,-53,1.25172530717959,1.25172530717959
117.110700368881,1223.63790158563,667.666896687443,192.8,-53,1.25172530717959,1.25172530717959
117.481368303299,1224.06663396669,667.486040614053,192.8,-53,1.30695530717959,1.30695530717959
117.893850326538,1224.62355473991,667.285833719951,192.8,-53,1.31922530717959,1.31922530717959
118.101100444794,1224.91736532709,667.185424664915,192.8,-53,1.33149530717959,1.33149530717959
118.403723478317,1225.35084121789,667.036015028276,192.8,-53,1.34990530717959,1.34990530717959
118.845141410828,1225.99870008269,666.808320941812,192.8,-53,1.38671530717959,1.38671530717959
119.138035535812,1226.42741987178,666.657233535927,192.8,-53,1.41126530717959,1.41126530717959
119.498059511185,1226.95240366132,666.471508138685,192.8,-53,1.42353530717959,1.42353530717959
119.727722406387,1227.28729607207,666.353032049976,192.8,-53,1.46648530717959,1.46648530717959
120.146491527557,1227.8673106909,666.147261879865,192.8,-53,1.50330530717959,1.50330530717959
120.516888380051,1228.39508692482,665.965066420731,192.8,-53,1.52170530717959,1.52170530717959
120.700029373169,1228.78487090751,665.870543804928,192.8,-53,1.52170530717959,1.52170530717959
121.012670516968,1229.45027360141,665.709183651657,192.8,-53,1.57079530717959,1.57079530717959
121.501851320267,1230.28499603412,665.468213539316,192.8,-53,1.60761530717959,1.60761530717959
121.661471366882,1230.49519901254,665.393050050061,192.8,-53,1.63215530717959,1.63215530717959
121.979533433914,1230.91405363157,665.243277792349,192.8,-53,1.64442530717959,1.64442530717959
122.303741455078,1231.34896137699,665.087421763889,192.8,-52,1.65669530717959,1.65669530717959
122.707464456558,1231.8911755469,664.893083615864,192.8,-52,1.72419530717959,1.72419530717959
122.956006526947,1232.22602180553,664.772575819028,192.8,-52,1.73646530717959,1.73646530717959
123.391736507416,1232.81344755295,664.560982667153,192.8,-52,1.77941530717959,1.77941530717959
123.629070520401,1233.14499278755,664.441817589269,192.8,-52,1.79782530717959,1.79782530717959
123.976720333099,1233.64036839541,664.263977746047,192.8,-52,1.80396530717959,1.80396530717959
124.309635400772,1234.1101388115,664.077956580903,192.8,-52,1.82850530717959,1.82850530717959
124.623993396759,1234.54690048333,663.879035423432,192.8,-52,1.87145530717959,1.87145530717959
124.914149522781,1234.94902976732,663.696724307812,192.8,-52,1.90827530717959,1.90827530717959
125.259704351425,1235.38097146915,663.540030562786,192.8,-52,1.92667530717959,1.92667530717959
125.643073320389,1235.86018064569,663.366189787041,192.8,-52,1.94508530717959,1.94508530717959
126.013970375061,1236.32779229164,663.1963325961,192.8,-52,1.97576530717959,1.97576530717959
126.247264385223,1236.62203186162,663.089445568637,192.8,-52,2.00031530717959,2.00031530717959
126.71732544899,1237.21608482627,662.871790482493,192.8,-52,2.03712530717959,2.03712530717959
126.979005336761,1237.54723569514,662.749768586246,192.8,-52,2.09848530717959,2.09848530717959
127.289229393005,1237.9529620017,662.601700094535,192.8,-53,2.13530530717959,2.13530530717959
127.559912443161,1238.3236776139,662.468170490527,192.8,-53,2.18438530717959,2.18438530717959
127.875343322754,1238.75567788717,662.312566508602,192.8,-53,2.22120530717959,2.22120530717959
128.230694532394,1239.10240040497,662.175589991235,192.8,-53,2.33165530717959,2.33165530717959
128.518431425095,1239.36891228571,662.068575220662,192.8,-53,2.40528530717959,2.40528530717959
128.979419469833,1239.94890474009,661.857391164255,192.8,-53,2.50959530717959,2.50959530717959
129.215591430664,1240.26730218101,661.743677792497,192.8,-53,2.52800530717959,2.52800530717959
129.499497413635,1240.64097158611,661.61072760245,192.8,-53,2.57095530717959,2.57095530717959
129.888491392136,1241.14272521513,661.432786109274,192.8,-53,2.66912530717959,2.66912530717959
130.200332403183,1241.54602248508,661.29019011663,192.8,-53,2.74275530717959,2.74275530717959
130.559022426605,1242.01232617945,661.12629129336,192.8,-53,2.83479530717959,2.83479530717959
130.815481424332,1242.34572764112,661.009105631091,192.8,-54,2.90842530717959,2.90842530717959
131.100848436356,1242.74779366081,660.869486269313,192.8,-54,2.98819530717959,2.98819530717959
131.500466346741,1243.32172875971,660.670734670247,192.8,-54,3.11091530717959,3.11091530717959
131.775989532471,1243.7894969978,660.520484730888,192.8,-54,3.16000530717959,3.16000530717959
132.035165309906,1244.28508551352,660.368955868168,192.8,-54,3.27044530717959,3.27044530717959
132.403805494308,1244.97269828345,660.155390864103,192.8,-54,3.40543530717959,3.40543530717959
132.711498498917,1245.45931816051,659.987046690418,192.8,-54,3.46679530717959,3.46679530717959
133.031958341599,1245.96612893265,659.811717558434,192.8,-54,3.54042530717959,3.54042530717959
133.265360355377,1246.29599077122,659.696705261474,192.8,-54,3.62633530717959,3.62633530717959
133.590603351593,1246.75012136898,659.538222950826,192.8,-54,3.71836530717959,3.71836530717959
133.970055341721,1247.28440904208,659.355446662523,192.8,-54,3.81654530717959,3.81654530717959
134.307052373886,1247.76195785983,659.1945637113,192.8,-54,3.90244530717959,3.90244530717959
134.523495435715,1248.06781344522,659.091618730747,192.8,-54,3.93926530717959,3.93926530717959
134.731246471405,1248.35789803186,658.994371326462,192.8,-54,3.99448530717959,3.99448530717959
135.011242389679,1248.7488587794,658.863306390145,192.8,-54,4.09879530717959,4.09879530717959
135.338755369186,1249.18393824652,658.705383236833,192.8,-54,4.17242530717959,4.17242530717959
135.613491535187,1249.509212949,658.564666572063,192.8,-54,4.27673530717959,4.27673530717959
135.988798379898,1249.95355860625,658.37243877686,192.8,-54,4.36877530717959,4.36877530717959
136.254532337189,1250.31484460462,658.247152834429,192.8,-54,4.47308530717959,4.47308530717959
136.618412494659,1250.81543170777,658.076953219359,192.8,-54,4.54671530717959,4.54671530717959
136.839399337769,1251.12501040651,657.971780121638,192.8,-54,4.60194530717959,4.60194530717959
137.196931362152,1251.63650738885,657.798166242054,192.8,-54,4.67557530717959,4.67557530717959
137.55232334137,1252.14542076368,657.625779148862,192.8,-54,4.76761530717959,4.76761530717959
137.888162374496,1252.62772121642,657.463420580613,192.8,-54,4.85351530717959,4.85351530717959
138.211119413376,1253.09483196648,657.306103920754,192.8,-54,4.95782530717959,4.95782530717959
138.668173313141,1253.78652653009,657.072493870025,192.8,-54,5.02532530717959,5.02532530717959
138.907896518707,1254.14159731493,656.950559799526,192.8,-54,5.08667530717959,5.08667530717959
139.240852355957,1254.5799003402,656.785421386976,192.8,-53,5.14803530717959,5.14803530717959
139.726482391357,1255.23241836636,656.545967064835,192.8,-53,5.24621530717959,5.24621530717959
139.945541381836,1255.54820806616,656.440233906419,192.8,-54,5.30757330717959,5.30757330717959
140.187016487122,1255.89631224961,656.323681166425,192.8,-54,5.36893230717959,5.36893230717959
140.499999523163,1256.34150076834,656.174923782841,192.8,-54,5.43029230717959,5.43029230717959
140.936021327972,1256.94449160186,655.974313370919,192.8,-54,5.54687430717959,5.54687430717959
141.250544309616,1257.38706453846,655.827163474022,192.8,-54,5.65118530717959,5.65118530717959
141.47834444046,1257.71928285065,655.716841921294,192.8,-54,5.72481630717959,5.72481630717959
141.796809434891,1258.18372465123,655.56261219129,192.8,-54,5.81071930717959,5.81071930717959
142.116897344589,1258.66988513323,655.402074900529,192.8,-54,5.88435030717959,5.88435030717959
142.657506465912,1259.47361684723,655.130553261106,192.8,-54,6.03161230717959,6.03161230717959
142.833548307419,1259.68180205933,655.047279176267,192.8,-54,6.08070030717959,6.08070030717959
143.208587408066,1260.12531931662,654.869872273353,192.8,-54,6.19728240717959,6.19728240717959
143.419481515884,1260.41461373339,654.766584312877,192.8,-55,6.28318530717959,6.28318530717959
143.809301376343,1260.98725837204,654.572313281261,192.8,-55,0.104315307179586,6.38750061435917
144.135956525803,1261.4616044739,654.412578324571,192.8,-55,0.214755307179586,6.49794061435917
144.486490488052,1261.96137565137,654.246299315991,192.8,-54,0.325205307179586,6.60839061435917
144.79985332489,1262.40684556964,654.098376308614,192.8,-55,0.423375307179586,6.70656061435917
145.209006309509,1262.97710297573,653.911549120333,192.8,-55,0.527685307179587,6.81087061435917
145.375523328781,1263.20918624788,653.835514219743,192.8,-55,0.570645307179587,6.85383061435917
145.690181493759,1263.6368339379,653.69389746474,192.8,-55,0.681085307179586,6.96427061435917
146.062450408936,1264.1328404005,653.528231306233,192.8,-55,0.760855307179586,7.04404061435917
146.441624403,1264.60887311035,653.402385772422,192.8,-55,0.859025307179587,7.14221061435917
146.775037527084,1264.99866507624,653.334057533694,192.8,-55,0.951065307179586,7.23425061435917
147.074842453003,1265.38659381163,653.243461400464,192.8,-55,1.03697530717959,7.32016061435917
147.398613452911,1265.9079771038,653.065821960209,192.8,-54,1.11673530717959,7.39992061435917
147.679298400879,1266.35997695023,652.911822012533,192.8,-55,1.17809530717959,7.46128061435917
147.985145330429,1266.81056615662,652.761199264196,192.8,-55,1.27627530717959,7.55946061435917
148.307525396347,1267.28363988545,652.603201824666,192.8,-55,1.34376530717959,7.62695061435917
148.596260309219,1267.68040544525,652.470121468915,192.8,-55,1.45421530717959,7.73740061435917
148.919581413269,1268.11187966043,652.325110547113,192.8,-55,1.55238530717959,7.83557061435917
149.272021532059,1268.56531932521,652.173562615011,192.8,-56,1.68737530717959,7.97056061435917
149.518896341324,1268.86725077509,652.07346577565,192.8,-55,1.69351530717959,7.97670061435917
149.98544549942,1269.42476334971,651.909109392607,192.8,-55,1.83464530717959,8.11783061435917
150.086344480515,1269.53645165111,651.890408095627,192.8,-55,1.86532530717959,8.14851061435917
150.390267372131,1269.87287359666,651.834076979164,192.8,-55,1.94508530717959,8.22827061435917
150.653327465057,1270.16463857596,651.784549834674,192.8,-55,2.04326530717959,8.32645061435917
150.881085395813,1270.45245142818,651.694570448242,192.8,-55,2.04326530717959,8.32645061435917
151.254814386368,1270.92472480358,651.546922877197,192.8,-55,2.15984530717959,8.44303061435917
151.574401378632,1271.3539268042,651.41212609807,192.8,-55,2.24574530717959,8.52893061435917
151.798443317413,1271.66987430743,651.312554763718,192.8,-55,2.29483530717959,8.57802061435917
152.068063497543,1272.05009697108,651.192727015173,192.8,-55,2.32551530717959,8.60870061435917
152.397680521011,1272.61148053026,651.015590160532,192.8,-55,2.44823530717959,8.73142061435917
152.624359369278,1273.00553188381,650.891237889125,192.8,-55,2.50345530717959,8.78664061435917
152.887630462646,1273.42757446396,650.757689407812,192.8,-55,2.59549530717959,8.87868061435917
153.159864425659,1273.78309801656,650.644296106299,192.8,-55,2.60163530717959,8.88482061435917
153.457377433777,1274.17163470177,650.520373353016,192.8,-55,2.68139530717959,8.96458061435917
153.655609369278,1274.46463928093,650.414529318602,192.8,-55,2.72434530717959,9.00753061435917
153.951857328415,1274.93377142377,650.235035281341,192.8,-55,2.82866530717959,9.11185061435917
154.309312343597,1275.49105942667,650.026609576878,192.8,-55,2.90842530717959,9.19161061435917
154.462720394135,1275.70730372172,649.958472223534,192.8,-55,2.95137530717959,9.23456061435917
154.714734315872,1276.06254305014,649.846538321938,192.8,-55,3.01273530717959,9.29592061435917
154.900312423706,1276.32413432232,649.764112392777,192.8,-55,3.04955530717959,9.33274061435917
155.183876514435,1276.70486468739,649.645314210739,192.8,-55,3.14159530717959,9.42478061435917
155.412685394287,1277.00228698498,649.55314274624,192.8,-55,3.13545530717959,9.41864061435917
155.656781435013,1277.3195806377,649.454813129109,192.8,-55,3.19681530717959,9.48000061435917
155.922602415085,1277.69757226947,649.336948333409,192.8,-55,3.27044530717959,9.55363061435917
156.139196395874,1278.03130258548,649.232359636158,192.8,-55,3.31953530717959,9.60272061435917
156.307490348816,1278.29061170337,649.15109401082,192.8,-55,3.33180530717959,9.61499061435917
156.551733493805,1278.66739461235,649.033149749002,192.8,-55,3.41157530717959,9.69476061435917
156.70945930481,1278.91234271766,648.956968641023,192.8,-55,3.42384530717959,9.70703061435917
156.986386537552,1279.34241057107,648.823213593034,192.8,-55,3.53429530717959,9.81748061435917
157.156874418259,1279.60717816421,648.740868442507,192.8,-55,3.54656530717959,9.82975061435917
157.342352390289,1279.77522774778,648.717373410555,192.8,-55,3.62633530717959,9.90952061435917
157.621917486191,1279.94252780413,648.729323414581,192.8,-55,3.70609530717959,9.98928061435917
157.881694316864,1280.09798597487,648.740427569634,192.8,-55,3.71836530717959,10.0015506143592
158.383214473724,1280.81218456622,648.514567928243,192.8,-56,3.89631530717959,10.1795006143592
158.6245033741,1281.17156543933,648.396485641362,192.8,-56,3.96994530717959,10.2531306143592
158.776748418808,1281.40963996458,648.318428287467,192.8,-56,4.03130530717959,10.3144906143592
159.055727481842,1281.85486011743,648.17258030636,192.8,-56,4.17242530717959,10.4556106143592
159.344346523285,1282.31546462427,648.021692623085,192.8,-56,4.31355530717959,10.5967406143592
159.458940505981,1282.48684056014,647.965244305085,192.8,-56,4.35650530717959,10.6396906143592
159.701161384583,1282.82818198243,647.852215211479,192.8,-56,4.46695530717959,10.7501406143592
159.916510343552,1283.13165507842,647.751725535354,192.8,-56,4.56512530717959,10.8483106143592
160.109407424927,1283.40348863997,647.661712723936,192.8,-57,4.62648530717959,10.9096706143592
160.369510412216,1283.82028213553,647.522805035458,192.8,-57,4.70625530717959,10.9894406143592
160.572477340698,1284.1526675637,647.411916787572,192.8,-57,4.79215530717959,11.0753406143592
160.834817409515,1284.58228443159,647.268590824083,192.8,-57,4.90873530717959,11.1919206143592
161.025381326675,1284.82446789461,647.202896167214,192.8,-57,4.96396530717959,11.2471506143592
161.322200536728,1285.17152198967,647.117153390788,192.8,-57,5.11122530717959,11.3944106143592
161.499743461609,1285.37911299807,647.065866200477,192.8,-57,5.22780530717959,11.5109906143592
