1.32378888130188,1117.83622209369,778.072800872827,192.8,-50,3.79200530717959,3.79200530717959
1.59723687171936,1118.06133419773,777.723536032605,192.8,-50,3.73677530717959,3.73677530717959
1.87345790863037,1118.28872917221,777.370729284326,192.8,-50,3.68155530717959,3.68155530717959
2.17100977897644,1118.53365660634,776.989939452827,192.8,-50,3.61405530717959,3.61405530717959
2.39674997329712,1118.71942374133,776.699748670742,192.8,-50,3.58337530717959,3.58337530717959
2.69943690299988,1118.96851222953,776.310642259623,192.8,-50,3.50361530717959,3.50361530717959
3.027263879776,1119.24006694263,775.890850266876,192.8,-50,3.41157530717959,3.41157530717959
3.30864882469177,1119.47510579098,775.532322753761,192.8,-51,3.33180530717959,3.33180530717959
3.55652499198914,1119.68215499509,775.216490555105,192.8,-51,3.22135530717959,3.22135530717959
3.93248987197876,1120.02520115377,774.67896846606,192.8,-51,3.16613530717959,3.16613530717959
4.25342893600464,1120.32486268817,774.20635941752,192.8,-51,3.09864530717959,3.09864530717959
4.56865096092224,1120.64121177209,773.769752099803,192.8,-51,3.04341530717959,3.04341530717959
4.83122491836548,1120.91829467651,773.423060563292,192.8,-51,3.00046530717959,3.00046530717959
5.19694995880127,1121.29796686801,772.938253011183,192.8,-51,2.92069530717959,2.92069530717959
5.38454389572144,1121.45971287409,772.679459401454,192.8,-51,2.89615530717959,2.89615530717959
5.73257088661194,1121.75978640903,772.199341745552,192.8,-50,2.79184530717959,2.79184530717959
6.03241395950317,1122.00478655848,771.807121890986,192.8,-50,2.72434530717959,2.72434530717959
6.2789888381958,1122.18066105421,771.525126513074,192.8,-51,2.67526530717959,2.67526530717959
6.62304878234863,1122.42606873525,771.131642332972,192.8,-51,2.58322530717959,2.58322530717959
6.82823085784912,1122.57745242989,770.88892782333,192.8,-51,2.55254530717959,2.55254530717959
7.13949584960938,1122.82581293871,770.490774882626,192.8,-51,2.43596530717959,2.43596530717959
7.41566681861877,1123.04617168191,770.137512272442,192.8,-51,2.37460530717959,2.37460530717959
7.83484983444214,1123.39082695396,769.58669607499,192.8,-51,2.28869530717959,2.28869530717959
8.21122288703918,1123.70566014012,769.084416053378,192.8,-51,2.19666530717959,2.19666530717959
8.39683198928833,1123.80243291219,768.870249115374,192.8,-51,2.14143530717959,2.14143530717959
8.72609782218933,1123.68419276311,768.65654099406,192.8,-51,2.04939530717959,2.04939530717959
8.8841757774353,1123.62742659083,768.553941393795,192.8,-51,2.00644530717959,2.00644530717959
9.21858286857605,1123.65394807324,768.253339080918,192.8,-51,1.94508530717959,1.94508530717959
9.40963578224182,1123.82112241886,767.99495637908,192.8,-51,1.91440530717959,1.91440530717959
9.70326590538025,1124.07805345828,767.597846787282,192.8,-52,1.85304530717959,1.85304530717959
10.0564568042755,1124.39931305582,767.094772474721,192.8,-52,1.79782530717959,1.79782530717959
10.2110569477081,1124.54510616878,766.863805490512,192.8,-52,1.73646530717959,1.73646530717959
10.4176278114319,1124.73990941152,766.555196142808,192.8,-52,1.71192530717959,1.71192530717959
10.6977269649506,1125.00211998598,766.139879365402,192.8,-53,1.64442530717959,1.64442530717959
10.9579288959503,1125.21375743588,765.805997597421,192.8,-53,1.57079530717959,1.57079530717959
11.2196798324585,1125.42665478257,765.470128201232,192.8,-53,1.50330530717959,1.50330530717959
11.4582839012146,1125.62072542783,765.163960034003,192.8,-53,1.40512530717959,1.40512530717959
11.746964931488,1125.83092881681,764.827914142864,192.8,-53,1.34990530717959,1.34990530717959
12.008318901062,1126.0167608398,764.529930863892,192.8,-53,1.26399530717959,1.26399530717959
12.2339909076691,1126.17722171051,764.272630450164,192.8,-54,1.20264530717959,1.20264530717959
12.6806399822235,1126.48400994947,763.668957027774,192.8,-54,1.10446530717959,1.10446530717959
12.8345038890839,1126.58895270349,763.454517400226,192.8,-54,1.03697530717959,1.03697530717959
13.2216949462891,1126.87971628107,762.921616423994,192.8,-55,0.901985307179586,0.901985307179586
13.3781218528748,1127.01700318118,762.711317854287,192.8,-56,0.840625307179586,0.840625307179586
13.5927369594574,1127.20535851813,762.4227917245,192.8,-56,0.748585307179586,0.748585307179586
13.9108929634094,1127.48459442937,761.994367986216,192.8,-56,0.619725307179587,0.619725307179587
14.1802248954773,1127.72100335663,761.629725125676,192.8,-56,0.521555307179586,0.521555307179586
14.4993929862976,1128.00115649477,761.197610133828,192.8,-56,0.355885307179586,0.355885307179586
14.7426469326019,1128.20612549339,760.880505485238,192.8,-57,0.276115307179587,0.276115307179587
14.8533918857574,1128.29716192571,760.739399015156,192.8,-57,0.227025307179586,0.227025307179586
15.1705207824707,1128.55785356462,760.33532697484,192.8,-58,0.0797653071795859,0.0797653071795859
15.4560768604279,1128.79355125584,759.968893155041,192.8,-58,6.26477750717959,-0.0184078000000003
15.713250875473,1129.01118539679,759.624409400509,192.8,-58,6.17273830717959,-0.110447
16.0411548614502,1129.28867494911,759.185183080559,192.8,-58,6.03161230717959,-0.251573
16.338574886322,1129.55471313946,758.811354635113,192.8,-58,5.84139930717959,-0.441786
16.5012757778168,1129.71697644696,758.635501775602,192.8,-58,5.76163230717959,-0.521553
16.7251899242401,1129.94028837637,758.393487472106,192.8,-59,5.63891330717959,-0.644272
17.0606758594513,1130.27347634581,758.026726026816,192.8,-59,5.46097130717959,-0.822214
17.3749117851257,1130.55745673235,757.599502592368,192.8,-59,5.29530130717959,-0.987884
17.4658558368683,1130.63964442909,757.475858454465,192.8,-59,5.24007530717959,-1.04311
17.8085839748383,1130.94938642729,757.009878948359,192.8,-58,5.03759530717959,-1.24559
18.0795159339905,1131.19456430947,756.641030457962,192.8,-59,4.92101530717959,-1.36217
18.4052228927612,1131.48931042437,756.197610935105,192.8,-59,4.75534530717959,-1.52784
18.6991758346558,1131.77311528627,755.769736262426,192.8,-59,4.58967530717959,-1.69351
18.9213168621063,1132.00057435628,755.426184446301,192.8,-59,4.46081530717959,-1.82237
19.0864858627319,1132.16969749263,755.17074261827,192.8,-58,4.32582530717959,-1.95736
19.7349879741669,1132.76272163879,754.281078246974,192.8,-59,3.99448530717959,-2.2887
20.0192267894745,1133.00719349222,753.915787694961,192.8,-59,3.82267530717959,-2.46051
20.2898318767548,1133.18559881893,753.671069605421,192.8,-58,3.71836530717959,-2.56482
20.5767879486084,1133.34855295736,753.461309491059,192.8,-58,3.63246530717959,-2.65072
20.7883768081665,1133.46870821349,753.306641554981,192.8,-58,3.56497530717959,-2.71821
21.1296157836914,1133.73284770932,752.932670266004,192.8,-57,3.41157530717959,-2.87161
21.2844507694244,1133.87577072635,752.722148524701,192.8,-58,3.33180530717959,-2.95138
21.5189158916473,1134.09219766951,752.403357486801,192.8,-57,3.27044530717959,-3.01274
21.7627868652344,1134.31714631508,752.072106719572,192.8,-57,3.16613530717959,-3.11705
22.1548519134521,1134.67692102617,751.54339431806,192.8,-57,3.05568530717959,-3.2275
22.4730269908905,1134.96889131804,751.114324932613,192.8,-56,2.97592530717959,-3.30726
22.644859790802,1135.135061781,750.865194915096,192.8,-56,2.89001530717959,-3.39317
23.0336627960205,1135.51250861218,750.298507617876,192.8,-56,2.81638530717959,-3.4668
23.1954128742218,1135.6695342875,750.062754001236,192.8,-55,2.80411530717959,-3.47907
23.5588638782501,1136.00955652232,749.548813775522,192.8,-55,2.76116530717959,-3.52202
23.814356803894,1136.24741304686,749.188970833399,192.8,-55,2.72434530717959,-3.55884
24.1312527656555,1136.4591872686,748.854273734722,192.8,-55,2.67526530717959,-3.60792
24.3247017860413,1136.52607644701,748.733615947513,192.8,-55,2.65071530717959,-3.63247
24.7111217975616,1136.65968951489,748.492598528919,192.8,-55,2.60163530717959,-3.68155
25.0582549571991,1136.93850958074,748.062029586116,192.8,-55,2.55254530717959,-3.73064
25.2117738723755,1137.06841639027,747.862715424069,192.8,-55,2.55867530717959,-3.72451
25.5991258621216,1137.39582168467,747.361080359336,192.8,-54,2.52800530717959,-3.75518
25.8947319984436,1137.64243108524,746.989379233846,192.8,-54,2.48504530717959,-3.79814
26.0901927947998,1137.80549424226,746.743602881235,192.8,-54,2.49118530717959,-3.792
26.2819337844849,1137.9654541508,746.502503888652,192.8,-54,2.47277530717959,-3.81041
26.6225869655609,1138.25600017734,746.058686294537,192.8,-54,2.41755530717959,-3.86563
26.9516158103943,1138.53969238577,745.622562451734,192.8,-54,2.42368530717959,-3.8595
27.08247590065,1138.65252136287,745.449108949623,192.8,-54,2.39914530717959,-3.88404
27.4104468822479,1138.95479703417,744.988688446716,192.8,-54,2.36846530717959,-3.91472
27.695955991745,1139.2243424328,744.579435010481,192.8,-54,2.34392530717959,-3.93926
28.1483387947083,1139.66033581225,743.912265997599,192.8,-53,2.28869530717959,-3.99449
28.2154698371887,1139.72638258189,743.810429019009,192.8,-53,2.29483530717959,-3.98835
28.7030889987946,1140.20358596262,743.073672650458,192.8,-53,2.23347530717959,-4.04971
28.815260887146,1140.3032169025,742.91599585865,192.8,-53,2.23347530717959,-4.04971
29.1974799633026,1140.64270343836,742.378721514947,192.8,-53,2.21506530717959,-4.06812
29.3772418498993,1140.80236773553,742.12603540986,192.8,-53,2.19666530717959,-4.08652
29.8095989227295,1141.14535430066,741.593089073664,192.8,-53,2.15370530717959,-4.12948
29.9963729381561,1141.28973202279,741.369769338948,192.8,-53,2.14143530717959,-4.14175
30.3725438117981,1141.5805075995,740.917815480782,192.8,-53,2.12916530717959,-4.15402
30.7465357780457,1141.86958275039,740.46368774375,192.8,-53,2.15370530717959,-4.12948
31.0205497741699,1142.08138044772,740.130960393418,192.8,-53,2.08007530717959,-4.20311
31.3646159172058,1142.35892147845,739.692071882517,192.8,-53,2.09848530717959,-4.1847
31.5341889858246,1142.4963968816,739.474511601664,192.8,-53,2.09234530717959,-4.19084
31.8330819606781,1142.7387138518,739.091035380565,192.8,-52,2.10462530717959,-4.17856
32.2838749885559,1143.06373443922,738.697050089655,192.8,-53,2.09848530717959,-4.1847
32.6681439876556,1143.35102878122,738.329879246324,192.8,-52,2.11689530717959,-4.16629
32.8858659267426,1143.54790354265,738.01690628,192.8,-52,2.10462530717959,-4.17856
33.053927898407,1143.69987334741,737.775318987426,192.8,-52,2.08621530717959,-4.19697
33.352472782135,1143.96983214442,737.346163899827,192.8,-52,2.11689530717959,-4.16629
33.729428768158,1144.29589981259,736.824560299856,192.8,-52,2.13530530717959,-4.14788
33.9446139335632,1144.48177573558,736.527158823073,192.8,-52,2.14757530717959,-4.13561
34.2002019882202,1144.71001688174,736.16316242935,192.8,-52,2.15984530717959,-4.12334
34.5670628547668,1145.05951716382,735.609157252488,192.8,-52,2.19666530717959,-4.08652
34.9298617839813,1145.39622361911,735.075364253873,192.8,-52,2.20279530717959,-4.08039
35.1443119049072,1145.54865269477,734.833349668829,192.8,-52,2.18438530717959,-4.0988
35.4549667835236,1145.76946318344,734.482764594707,192.8,-52,2.22733530717959,-4.05585
35.814356803894,1146.04697788478,734.006364732594,192.8,-52,2.23347530717959,-4.04971
36.0908598899841,1146.29458065113,733.530417192828,192.8,-52,2.27029530717959,-4.01289
36.5661988258362,1146.71727614733,732.739829445934,192.8,-52,2.30097530717959,-3.98221
36.7817718982697,1146.90082936935,732.457268728402,192.8,-52,2.30710530717959,-3.97608
37.0777809619904,1147.15287113309,732.069277164814,192.8,-52,2.33778530717959,-3.9454
37.3863308429718,1147.41552742349,731.666320679185,192.8,-52,2.36233530717959,-3.92085
37.563551902771,1147.56632486592,731.436354579467,192.8,-52,2.38687530717959,-3.89631
37.8641958236694,1147.82214285058,731.046232152871,192.8,-52,2.41755530717959,-3.86563
38.1533329486847,1148.06990329402,730.66556535328,192.8,-52,2.47891530717959,-3.80427
38.5382897853851,1148.40271283498,730.149454557447,192.8,-52,2.53413530717959,-3.74905
38.8252329826355,1148.65365123758,729.761674369568,192.8,-52,2.54640530717959,-3.73678
39.2435219287872,1149.04068273959,729.173601504017,192.8,-51,2.62003530717959,-3.66315
39.4300708770752,1149.21329145975,728.911332143102,192.8,-51,2.59549530717959,-3.68769
39.7342178821564,1149.51657060159,728.509893170237,192.8,-51,2.63844530717959,-3.64474
40.1458578109741,1149.94799962518,727.991664735945,192.8,-51,2.68139530717959,-3.60179
40.2662708759308,1150.07420140349,727.840072361755,192.8,-51,2.65685530717959,-3.62633
40.7167429924011,1150.45664822027,727.291444566839,192.8,-51,2.71821530717959,-3.56497
40.8289089202881,1150.5461916839,727.156010078108,192.8,-51,2.71821530717959,-3.56497
41.1319808959961,1150.78813783406,726.790066525979,192.8,-51,2.74275530717959,-3.54043
41.4193749427795,1150.98829102798,726.49248094758,192.8,-51,2.74889530717959,-3.53429
41.6979269981384,1151.17929754604,726.209096731697,192.8,-51,2.75502530717959,-3.52816
41.952761888504,1151.35404091681,725.949841112517,192.8,-51,2.79184530717959,-3.49134
42.324991941452,1151.68387412569,725.455188811461,192.8,-50,2.81025530717959,-3.47293
42.6401858329773,1151.96467742513,725.033983862301,192.8,-50,2.83479530717959,-3.44839
43.0505428314209,1152.32569955901,724.494242780019,192.8,-50,2.86547530717959,-3.41771
43.438286781311,1152.66588968313,723.986019352168,192.8,-50,2.90229530717959,-3.38089
43.5467507839203,1152.74063277477,723.87792909293,192.8,-50,2.91456530717959,-3.36862
43.8587539196014,1152.93570465901,723.60026294281,192.8,-50,2.93297530717959,-3.35021
44.2598218917847,1153.19486141693,723.229906235808,192.8,-50,2.96365530717959,-3.31953
44.4482798576355,1153.35009016307,723.002399104752,192.8,-50,2.98819530717959,-3.29499
44.6959137916565,1153.55406087296,722.703454533069,192.8,-50,3.01273530717959,-3.27045
45.0349807739258,1153.83280203965,722.295411810163,192.8,-50,3.04341530717959,-3.23977
45.4207789897919,1154.14542003667,721.841875239115,192.8,-50,3.04341530717959,-3.23977
45.6303198337555,1154.31521407987,721.59554326567,192.8,-50,3.05568530717959,-3.2275
45.9509599208832,1154.57888675705,721.211094335192,192.8,-50,3.07409530717959,-3.20909
46.2947249412537,1154.86602921589,720.790237776106,192.8,-50,3.09250530717959,-3.19068
46.5119438171387,1155.04746932304,720.524306156376,192.8,-49,3.08636530717959,-3.19682
46.9003438949585,1155.39937929848,720.012511990407,192.8,-50,3.08023530717959,-3.20295
47.2299509048462,1155.70473573433,719.569321052259,192.8,-50,3.11091530717959,-3.17227
47.5581679344177,1155.98055531157,719.123877827079,192.8,-50,3.19681530717959,-3.08637
47.8917667865753,1156.23789012298,718.667774057894,192.8,-50,3.17840530717959,-3.10478
48.2042458057404,1156.49964244477,718.228289405008,192.8,-49,3.19681530717959,-3.08637
48.4235429763794,1156.72825011253,717.893280390645,192.8,-49,3.20908530717959,-3.0741
48.8441159725189,1157.16667898734,717.250792644478,192.8,-49,3.23976530717959,-3.04342
48.9885158538818,1157.29883373241,717.05683527206,192.8,-49,3.25817530717959,-3.02501
49.3112409114838,1157.56437246018,716.666573808527,192.8,-49,3.27044530717959,-3.01274
49.6748998165131,1157.86359162741,716.226812305166,192.8,-49,3.27658530717959,-3.0066
49.9743747711182,1158.14998099063,715.80236153057,192.8,-49,3.32567530717959,-2.95751
50.3265187740326,1158.4923812895,715.29446775391,192.8,-49,3.35634530717959,-2.92684
50.549195766449,1158.70729918576,714.974703095624,192.8,-49,3.38089530717959,-2.90229
50.7583158016205,1158.90228095276,714.680410615304,192.8,-49,3.40543530717959,-2.87775
51.0882818698883,1159.20993854753,714.21605275226,192.8,-49,3.41157530717959,-2.87161
51.3805739879608,1159.48912565021,713.798854214256,192.8,-48,3.46679530717959,-2.81639
51.7735688686371,1159.89459503704,713.211430440091,192.8,-48,3.47293530717959,-2.81025
52.0355648994446,1160.16490738762,712.819815422185,192.8,-48,3.45452530717959,-2.82866
52.3539669513702,1160.48100992452,712.357303016071,192.8,-48,3.47293530717959,-2.81025
52.7024579048157,1160.82424799407,711.854041792475,192.8,-48,3.49747530717959,-2.78571
52.8787307739258,1160.99610910893,711.600490084883,192.8,-48,3.51588530717959,-2.7673
53.2020769119263,1161.29982218071,711.142008160085,192.8,-48,3.52201530717959,-2.76117
53.427482843399,1161.51154182044,710.822398512165,192.8,-48,3.50974530717959,-2.77344
53.7394139766693,1161.79186055056,710.398536836761,192.8,-48,3.47906530717959,-2.80412
54.0512290000916,1162.05233688301,710.003545860981,192.8,-48,3.46066530717959,-2.82252
54.3761758804321,1162.32378298174,709.591920135146,192.8,-48,3.44225530717959,-2.84093
54.6576409339905,1162.55592800356,709.238061364262,192.8,-48,3.42998530717959,-2.8532
55.0078399181366,1162.84408825577,708.798398676425,192.8,-48,3.43611530717959,-2.84707
55.2537958621979,1163.04687327228,708.490612606903,192.8,-48,3.47293530717959,-2.81025
55.5359508991241,1163.28255938616,708.145174153423,192.8,-47,3.47293530717959,-2.81025
55.8630697727203,1163.55580411337,707.744687105484,192.8,-47,3.47293530717959,-2.81025
56.1915919780731,1163.83686196327,707.32446745297,192.8,-47,3.47293530717959,-2.81025
56.5163447856903,1164.12097764555,706.892026671845,192.8,-47,3.46066530717959,-2.82252
56.7244307994843,1164.30302533966,706.614939372718,192.8,-47,3.47906530717959,-2.80412
56.9922339916229,1164.52719769136,706.268582944399,192.8,-47,3.46066530717959,-2.82252
57.3504209518433,1164.8216103383,705.810818764322,192.8,-47,3.45452530717959,-2.82866
57.5798809528351,1165.01031870153,705.517506012624,192.8,-47,3.49133530717959,-2.79185
57.8725049495697,1165.25206903938,705.14279298896,192.8,-47,3.47906530717959,-2.80412
58.2314260005951,1165.54859046727,704.683184775734,192.8,-47,3.54042530717959,-2.74276
58.9168918132782,1166.06909173444,703.882994187633,192.8,-47,3.58337530717959,-2.69981
59.2660739421844,1166.35643418933,703.435002057984,192.8,-47,3.60178530717959,-2.6814
59.5754997730255,1166.64817285277,702.971212387904,192.8,-47,3.58951530717959,-2.69367
59.893590927124,1166.94808151875,702.49443450865,192.8,-47,3.60178530717959,-2.6814
60.3402898311615,1167.31872342373,701.919141050114,192.8,-47,3.65700530717959,-2.62618
60.5610527992249,1167.49759470482,701.642853717475,192.8,-47,3.65700530717959,-2.62618
60.8403449058533,1167.72292771704,701.294042520468,192.8,-47,3.68768530717959,-2.5955
61.2780678272247,1168.0722542057,700.750257619794,192.8,-47,3.68155530717959,-2.60163
61.5054049491882,1168.25368148465,700.467835822235,192.8,-47,3.71836530717959,-2.56482
61.8881859779358,1168.5540973897,700.004392161649,192.8,-47,3.73677530717959,-2.54641
62.2001888751984,1168.79887770886,699.62684963549,192.8,-47,3.73677530717959,-2.54641
62.5416219234467,1169.08146889741,699.179854229836,192.8,-47,3.74904530717959,-2.53414
62.8640849590302,1169.35163866032,698.750155654531,192.8,-47,3.77972530717959,-2.50346
63.1731538772583,1169.65877151285,698.32195265835,192.8,-47,3.77359530717959,-2.50959
63.4981679916382,1170.03155731945,697.854754794208,192.8,-47,3.77972530717959,-2.50346
63.8466439247131,1170.42173775251,697.359000796469,192.8,-47,3.81654530717959,-2.46664
64.1457209587097,1170.66033035628,696.985827052126,192.8,-48,3.81654530717959,-2.46664
64.462986946106,1170.91343343481,696.589958018362,192.8,-48,3.83495530717959,-2.44823
64.7961277961731,1171.1560246379,696.209313933777,192.8,-48,3.79813530717959,-2.48505
65.1542618274689,1171.394162092,695.834355687866,192.8,-48,3.82881530717959,-2.45437
65.4963579177856,1171.6249003292,695.47162896082,192.8,-48,3.84722530717959,-2.43596
65.7709329128265,1171.82631952463,695.157839056371,192.8,-48,3.89017530717959,-2.39301
66.1018419265747,1172.06906350536,694.779669486379,192.8,-48,3.90858530717959,-2.3746
66.3709199428558,1172.26613673171,694.472426698533,192.8,-49,3.94539530717959,-2.33779
66.7143199443817,1172.51730165922,694.08060941162,192.8,-49,3.97607530717959,-2.30711
67.0320198535919,1172.72939732685,693.728970109356,192.8,-49,4.03130530717959,-2.25188
67.3852269649506,1172.85571806186,693.396649406487,192.8,-49,4.08652530717959,-2.19666
67.6549887657166,1172.95219547654,693.142839592485,192.8,-49,4.12334530717959,-2.15984
68.0522708892822,1173.25176484902,692.655910140576,192.8,-49,4.16629530717959,-2.11689
68.2923018932343,1173.4463909247,692.351922746181,192.8,-49,4.17856530717959,-2.10462
68.6551969051361,1173.74703566861,691.882797340109,192.8,-49,4.25833530717959,-2.02485
68.9616248607636,1174.00679837325,691.477873124052,192.8,-49,4.32582530717959,-1.95736
69.3076529502869,1174.29775544329,691.024005584415,192.8,-49,4.36264530717959,-1.92054
69.6430118083954,1174.54850094302,690.628663513178,192.8,-49,4.38104530717959,-1.90214
70.0065228939056,1174.82029566854,690.200133829264,192.8,-49,4.41786530717959,-1.86532
70.4349858760834,1175.13218717847,689.712501040488,192.8,-49,4.43627530717959,-1.84691
70.6168608665466,1175.26375635623,689.507207754508,192.8,-50,4.47308530717959,-1.8101
70.9310269355774,1175.49136268797,689.152530391318,192.8,-50,4.50376530717959,-1.77942
71.3367669582367,1175.78806686895,688.693987566165,192.8,-50,4.58967530717959,-1.69351
71.5939869880676,1175.97616331993,688.403293051013,192.8,-50,4.62034530717959,-1.66284
71.9191138744354,1176.23623652412,687.996439152359,192.8,-50,4.65716530717959,-1.62602
72.203507900238,1176.46696642375,687.634836227699,192.8,-51,4.74306530717959,-1.54012
72.4708189964294,1176.68487094204,687.294031517629,192.8,-51,4.81669530717959,-1.46649
72.8415038585663,1176.99048040979,686.818365168634,192.8,-51,4.84737530717959,-1.43581
73.0944149494171,1177.19899182139,686.493827245742,192.8,-51,4.87192530717959,-1.41126
73.4735779762268,1177.48641558428,686.045591688528,192.8,-51,4.94555530717959,-1.33763
73.7598938941956,1177.70058631864,685.711485342926,192.8,-51,5.01304530717959,-1.27014
74.2851288318634,1178.10193830952,685.091375469402,192.8,-51,5.08667530717959,-1.19651
74.4862017631531,1178.25736804636,684.852464922296,192.8,-51,5.13576530717959,-1.14742
74.7940628528595,1178.49694065886,684.4822927683,192.8,-51,5.17871530717959,-1.10447
75.2184388637543,1178.83979153214,683.937423611224,192.8,-51,5.28302530717959,-1.00016
75.4558718204498,1179.03161221583,683.63257627854,192.8,-51,5.37506830717959,-0.908117
75.7960939407349,1179.3297414029,683.180271393396,192.8,-52,5.44869930717959,-0.834486
76.090343952179,1179.59561429738,682.783740962196,192.8,-52,5.54073830717959,-0.742447
76.4643728733063,1179.92820570358,682.285236605208,192.8,-52,5.68186530717959,-0.60132
76.6514608860016,1180.08990970644,682.040690397801,192.8,-51,5.73095230717959,-0.552233
77.0720579624176,1180.45344037775,681.490920167189,192.8,-51,5.83526330717959,-0.447922
78.7024652957916,1180.12660798502,681.921858150699,192.8,-51,5.74322430717959,-0.539961
78.9807333946228,1179.96020117536,682.114766785604,192.8,-51,5.67572930717959,-0.607456
79.2525143623352,1179.58233559125,682.503454820427,192.8,-51,5.57755430717959,-0.705631
79.6997203826904,1179.10494815984,682.935876499541,192.8,-50,5.47324330717959,-0.809942
79.889080286026,1178.89484318284,683.085484648266,192.8,-50,5.47324330717959,-0.809942
80.2023754119873,1178.60107128622,683.224214349226,192.8,-50,5.44869930717959,-0.834486
80.6408243179321,1177.0252148481,684.144681135037,192.8,-50,5.44256430717959,-0.840621
80.9847874641418,1176.15104153583,684.457500028547,192.8,-50,5.46097130717959,-0.822214
81.1609554290771,1175.86100720811,684.520780245504,192.8,-50,5.54687430717959,-0.736311
84.7109034061432,1176.87835885176,684.164554816034,192.8,-51,5.52233130717959,-0.760854
84.8197023868561,1177.06769121473,684.094874298841,192.8,-51,5.51005930717959,-0.773126
85.1258134841919,1177.60038680628,683.898824855721,192.8,-51,5.45483530717959,-0.82835
85.4516224861145,1178.15044014711,683.700024674751,192.8,-50,5.38734030717959,-0.895845
85.7998023033142,1178.72682913177,683.494239516591,192.8,-50,5.33825330717959,-0.944932
86.1373715400696,1179.26127040927,683.301132019455,192.8,-50,5.29530130717959,-0.987884
86.3137354850769,1179.52538419654,683.204211692161,192.8,-50,5.24007530717959,-1.04311
86.7350733280182,1180.15632389932,682.972715763953,192.8,-50,5.17258530717959,-1.1106
86.974755525589,1180.51330160635,682.843772954258,192.8,-50,5.12349530717959,-1.15969
87.3177123069763,1181.02409434219,682.659271095363,192.8,-50,5.08054530717959,-1.20264
87.6289064884186,1181.54837128936,682.409322199947,192.8,-50,4.98236530717959,-1.30082
87.9884884357452,1182.26726026405,681.966965850856,192.8,-50,4.93328530717959,-1.3499
88.1511483192444,1182.59245566871,681.766862278518,192.8,-50,4.90873530717959,-1.37445
88.5053453445435,1183.17387523312,681.505643668408,192.8,-50,4.83510530717959,-1.44808
88.8206653594971,1183.64145864821,681.341989473126,192.8,-50,4.78601530717959,-1.49717
89.0605754852295,1183.9973634016,681.218145447719,192.8,-50,4.75534530717959,-1.52784
89.4230024814606,1184.53553067,681.03340918347,192.8,-50,4.71238530717959,-1.5708
89.6720893383026,1184.90539934627,680.906444647481,192.8,-50,4.69398530717959,-1.5892
90.0108914375305,1185.3844898843,680.740535322914,192.8,-50,4.66330530717959,-1.61988
90.2367115020752,1185.70299338867,680.630185118874,192.8,-50,4.63262530717959,-1.65056
90.6061084270477,1186.22539515523,680.446480944842,192.8,-50,4.60807530717959,-1.67511
90.9452195167542,1186.70587953757,680.275745717718,192.8,-50,4.55285530717959,-1.73033
91.3272423744202,1187.22406385904,680.089183057653,192.8,-49,4.47308530717959,-1.8101
91.5461223125458,1187.51008416176,679.985011452664,192.8,-49,4.46081530717959,-1.82237
91.7334833145142,1187.75491724678,679.895840665909,192.8,-49,4.44854530717959,-1.83464
92.186003446579,1188.36116310454,679.67390686167,192.8,-49,4.38104530717959,-1.90214
92.4444375038147,1188.71015964048,679.545941465159,192.8,-49,4.33196530717959,-1.95122
92.6893525123596,1189.04673305843,679.423785158964,192.8,-49,4.30128530717959,-1.9819
93.1597783565521,1189.72277730578,679.184665804807,192.8,-49,4.20924530717959,-2.07394
93.3670403957367,1190.02063149686,679.079313674258,192.8,-49,4.19083530717959,-2.09235
93.7245655059814,1190.58014498878,678.882949122118,192.8,-49,4.11106530717959,-2.17212
94.0627994537354,1191.11027180981,678.696922801287,192.8,-49,4.08038530717959,-2.2028
94.4355823993683,1191.66365585419,678.498089144742,192.8,-49,4.01902530717959,-2.26416
94.8030965328217,1192.19834363117,678.295132001552,192.8,-49,3.96994530717959,-2.31324
95.0238025188446,1192.44125590293,678.116287841469,192.8,-49,3.93312530717959,-2.35006
95.4175744056702,1192.87464706421,677.797203598978,192.8,-48,3.87790530717959,-2.40528
95.7180483341217,1193.26574930444,677.625762738095,192.8,-48,3.83495530717959,-2.44823
96.0343933105469,1193.70327148064,677.475995531628,192.8,-48,3.79200530717959,-2.49118
96.3061983585358,1194.07169439367,677.349278432228,192.8,-48,3.74291530717959,-2.54027
96.6802253723145,1194.5329361062,677.18688291261,192.8,-47,3.68768530717959,-2.5955
97.0054123401642,1194.93394937106,677.045692825607,192.8,-47,3.65700530717959,-2.62618
97.3626253604889,1195.42435280906,676.876160905333,192.8,-47,3.58951530717959,-2.69367
97.7219045162201,1195.92206592463,676.704354166402,192.8,-47,3.52201530717959,-2.76117
98.0293753147125,1196.35578466926,676.55515750202,192.8,-47,3.48520530717959,-2.79798
98.3395104408264,1196.79530227506,676.404099994784,192.8,-47,3.44838530717959,-2.8348
98.6717715263367,1197.15590006393,676.347725113332,192.8,-47,3.38702530717959,-2.89616
99.0952644348145,1197.46344452317,676.421294572209,192.8,-47,3.33180530717959,-2.95138
99.5717754364014,1198.08977025577,676.252571193258,192.8,-47,3.29499530717959,-2.98819
99.9106774330139,1198.60171393857,676.07290793854,192.8,-47,3.27658530717959,-3.0066
100.26112651825,1199.18450113195,675.872010766922,192.8,-47,3.24590530717959,-3.03728
100.582485437393,1199.71969082057,675.687569361837,192.8,-47,3.19681530717959,-3.08637
100.9205493927,1200.22272079472,675.513340862016,192.8,-47,3.18454530717959,-3.09864
101.311370372772,1200.78921942647,675.316885373207,192.8,-47,3.15386530717959,-3.12932
101.698025465012,1201.38596150115,675.107606760189,192.8,-47,3.12932530717959,-3.15386
101.987085342407,1201.83953153474,674.948088485663,192.8,-47,3.12932530717959,-3.15386
102.331491470337,1202.34801105997,674.794391473322,192.8,-47,3.12932530717959,-3.15386
102.670279502869,1202.82105880104,674.674102190593,192.8,-47,3.08636530717959,-3.19682
103.056544303894,1203.35496561,674.513745002373,192.8,-47,3.08636530717959,-3.19682
103.858058452606,1204.47532781772,674.104257531985,192.8,-47,3.02500530717959,-3.25818
104.203134536743,1204.98803555368,673.92053725993,192.8,-47,2.98205530717959,-3.30113
104.531716346741,1205.48315991561,673.744755805434,192.8,-47,3.00046530717959,-3.28272
104.886191368103,1206.02352861693,673.554364216278,192.8,-47,2.95751530717959,-3.32567
105.188163518906,1206.48625762985,673.391987637853,192.8,-47,2.98205530717959,-3.30113
105.601319313049,1207.12348506237,673.169507370467,192.8,-47,2.95751530717959,-3.32567
105.869861364365,1207.55598255453,673.018994423221,192.8,-47,2.93297530717959,-3.35021
106.267153501511,1208.28364160143,672.768004780955,192.8,-47,2.92069530717959,-3.36249
106.563990354538,1208.8254265386,672.581074110811,192.8,-47,2.89001530717959,-3.39317
106.913182497025,1209.30006410851,672.412624306587,192.8,-47,2.89615530717959,-3.38703
107.155901432037,1209.62997853518,672.295537029671,192.8,-48,2.90229530717959,-3.38089
107.389864444733,1209.96131829509,672.178921131883,192.8,-48,2.89615530717959,-3.38703
107.758793354034,1210.52466658227,671.9835255548,192.8,-48,2.87161530717959,-3.41157
108.054956436157,1210.9778645563,671.826410576121,192.8,-48,2.83479530717959,-3.44839
108.374564409256,1211.48335006631,671.6524506979,192.8,-48,2.84706530717959,-3.43612
108.738585472107,1212.05907842135,671.454317155894,192.8,-48,2.85320530717959,-3.42998
109.138034343719,1212.63879889479,671.254825086205,192.8,-48,2.85320530717959,-3.42998
109.45458650589,1213.09856245688,671.098287991715,192.8,-49,2.90229530717959,-3.38089
109.716784477234,1213.48766430201,670.999515984873,192.8,-49,2.90842530717959,-3.37476
110.1989133358,1214.19897662146,670.812624788681,192.8,-49,2.95137530717959,-3.33181
110.513958454132,1214.64307203161,670.664313680008,192.8,-49,2.95137530717959,-3.33181
110.736352443695,1214.95656411343,670.559619154573,192.8,-50,2.99433530717959,-3.28885
111.249032497406,1215.66654461015,670.320848033397,192.8,-50,3.01887530717959,-3.26431
111.716196537018,1216.30146967815,670.106533162416,192.8,-50,3.06796530717959,-3.21522
112.044411420822,1216.69945465539,669.971472303117,192.8,-51,3.09250530717959,-3.19068
112.346283435822,1217.06549694338,669.847251569215,192.8,-51,3.12932530717959,-3.15386
112.671227455139,1217.49577101768,669.700426311952,192.8,-51,3.17227530717959,-3.11091
113.03669834137,1217.99854564949,669.528477387874,192.8,-52,3.19067530717959,-3.09251
113.359827518463,1218.51236885843,669.374414086057,192.8,-52,3.21522530717959,-3.06796
113.609281539917,1218.9495097241,669.254289197768,192.8,-52,3.23363530717959,-3.04955
113.952472448349,1219.52535881862,669.089241855499,192.8,-52,3.31339530717959,-2.96979
114.268242359161,1219.97069266345,668.938098247555,192.8,-52,3.39316530717959,-2.89002
114.664907455444,1220.5209532065,668.751751423531,192.8,-52,3.46066530717959,-2.82252
114.923600435257,1220.85796586061,668.638611461082,192.8,-52,3.52815530717959,-2.75503
115.230487346649,1221.25776322887,668.504393773164,192.8,-52,3.59565530717959,-2.68753
115.590402364731,1221.71316071408,668.349300266029,192.8,-53,3.63246530717959,-2.65072
115.952995538712,1222.16661144665,668.193969270404,192.8,-53,3.66928530717959,-2.6139
116.243840456009,1222.54083617196,668.0662305152,192.8,-53,3.71836530717959,-2.56482
116.513805389404,1222.8961443113,667.94528218898,192.8,-53,3.76132530717959,-2.52186
116.773944377899,1223.23852025921,667.828736032976,192.8,-53,3.81040530717959,-2.47278
117.117780447006,1223.6460907449,667.663442180025,192.8,-54,3.84722530717959,-2.43596
117.534153461456,1224.12768782228,667.46028571175,192.8,-54,3.92699530717959,-2.35619
117.806086540222,1224.49913536777,667.328353738394,192.8,-54,3.96380530717959,-2.31938
118.168477535248,1225.01288325816,667.152781643814,192.8,-54,4.05584530717959,-2.22734
118.526956319809,1225.53170720206,666.972448536751,192.8,-54,4.08652530717959,-2.19666
118.755589485168,1225.86726679776,666.854513999235,192.8,-54,4.14174530717959,-2.14144
119.114821434021,1226.39356927303,666.669208983597,192.8,-54,4.16015530717959,-2.12303
119.37927532196,1226.77919360293,666.532785281983,192.8,-54,4.22151530717959,-2.06167
119.833157539368,1227.43421364301,666.300928043972,192.8,-54,4.26446530717959,-2.01872
120.162414312363,1227.88931951009,666.139452981516,192.8,-54,4.33196530717959,-1.95122
120.533301353455,1228.43001910484,665.956595367075,192.8,-54,4.35036530717959,-1.93282
120.869208335876,1229.14493911917,665.783227263602,192.8,-54,4.40559530717959,-1.87759
121.145445346832,1229.73286190185,665.640655988801,192.8,-54,4.43627530717959,-1.84691
121.367921352386,1230.108624214,665.53127982651,192.8,-54,4.44240530717959,-1.84078
121.694050312042,1230.53810209052,665.377708949451,192.8,-54,4.43627530717959,-1.84691
122.126678466797,1231.11115956521,665.172653700391,192.8,-54,4.49763530717959,-1.78555
122.274950504303,1231.31029411895,665.101280721722,192.8,-54,4.51603530717959,-1.76715
122.669253349304,1231.83985668787,664.911477107913,192.8,-55,4.53444530717959,-1.74874
123.209597349167,1232.56789816235,664.649430559888,192.8,-55,4.60194530717959,-1.68124
123.434834480286,1232.87154972645,664.540054027106,192.8,-55,4.62034530717959,-1.66284
123.763701438904,1233.3368320196,664.372947304963,192.8,-55,4.60194530717959,-1.68124
124.132637500763,1233.86253897882,664.184218506605,192.8,-55,4.64489530717959,-1.63829
124.315915346146,1234.11886402121,664.073982723013,192.8,-56,4.63262530717959,-1.65056
124.663835525513,1234.60225620829,663.853823905134,192.8,-56,4.65102530717959,-1.63216
124.974941492081,1235.0250194063,663.669157853671,192.8,-56,4.66330530717959,-1.61988
125.42650437355,1235.58947061155,663.464394171768,192.8,-57,4.68170530717959,-1.60148
125.606896400452,1235.81495968777,663.382594411137,192.8,-57,4.70625530717959,-1.57693
126.034130334854,1236.35321882486,663.187096018725,192.8,-57,4.73693530717959,-1.54625
126.47193145752,1236.90554344618,662.986218230158,192.8,-57,4.73079530717959,-1.55239
126.732346534729,1237.23509372159,662.864786117805,192.8,-57,4.76147530717959,-1.52171
127.029912471771,1237.61165769614,662.726030479358,192.8,-58,4.76761530717959,-1.51557
127.312243461609,1237.98448105886,662.59034711375,192.8,-58,4.82897530717959,-1.45421
127.655337333679,1238.45436735117,662.421096808462,192.8,-58,4.89646530717959,-1.38672
127.96656036377,1238.85775018516,662.273826464113,192.8,-59,4.91487530717959,-1.36831
128.441956520081,1239.29807857866,662.097017678415,192.8,-59,4.96396530717959,-1.31922
128.535156488419,1239.38440361892,662.062354854557,192.8,-60,4.99464530717959,-1.28854
129.026979446411,1240.01302316794,661.834491725734,192.8,-60,5.03759530717959,-1.24559
129.389013528824,1240.49846117923,661.661267375614,192.8,-61,5.13576530717959,-1.14742
129.667387485504,1240.85752880163,661.533927930144,192.8,-61,5.09895530717959,-1.18423
129.85365152359,1241.09778613781,661.448723266592,192.8,-62,5.09281530717959,-1.19037
130.178122520447,1241.5171492249,661.300338638773,192.8,-63,5.19712530717959,-1.08606
130.634284496307,1242.11016826832,661.091901252223,192.8,-64,5.22167530717959,-1.06151
137.429560422897,1251.96931411513,657.685203958998,192.8,-63,4.35650530717959,4.35650530717959
137.685843467712,1252.33716981912,657.561229961879,192.8,-62,4.27673530717959,4.27673530717959
138.029917478561,1252.83129657284,657.39489026261,192.8,-62,4.36877530717959,4.36877530717959
138.078567504883,1252.90116316786,657.37137081478,192.8,-62,4.33196530717959,4.33196530717959
138.815740346909,1254.00985098937,656.997069194156,192.8,-61,4.35036530717959,4.35036530717959
138.915197372437,1254.15120815793,656.946938744539,192.8,-61,4.36877530717959,4.36877530717959
139.454682350159,1254.86138611959,656.67936664383,192.8,-60,4.32582530717959,4.32582530717959
139.784162521362,1255.31556853015,656.518126608207,192.8,-61,4.29514530717959,4.29514530717959
139.97078537941,1255.5845991515,656.42804939124,192.8,-60,4.34423530717959,4.34423530717959
140.37863945961,1256.17255090489,656.231190545237,192.8,-60,4.36877530717959,4.36877530717959
140.514733314514,1256.36187667851,656.168144874265,192.8,-60,4.42400530717959,4.42400530717959
140.844618320465,1256.81808697009,656.016367219568,192.8,-60,4.38104530717959,4.38104530717959
141.418390512466,1257.63184746291,655.745877068921,192.8,-60,4.45467530717959,4.45467530717959
141.542217493057,1257.81243379683,655.685908776902,192.8,-60,4.46695530717959,4.46695530717959
141.919127464294,1258.36553928816,655.502396308718,192.8,-60,4.46081530717959,4.46081530717959
142.101940393448,1258.64686804929,655.409662013382,192.8,-60,4.46695530717959,4.46695530717959
142.685048341751,1259.50618757709,655.117524969164,192.8,-60,4.58967530717959,4.58967530717959
142.96662735939,1259.83917993281,654.984328026874,192.8,-60,4.62648530717959,4.62648530717959
143.232520341873,1260.15362214996,654.858551140017,192.8,-60,4.65716530717959,4.65716530717959
143.55854344368,1260.61889544264,654.697281265722,192.8,-60,4.74306530717959,4.74306530717959
143.775785446167,1260.93802353392,654.589016315126,192.8,-60,4.80442530717959,4.80442530717959
144.198914527893,1261.55136637496,654.382713617304,192.8,-60,4.87192530717959,4.87192530717959
144.508392333984,1261.99260204456,654.235909973959,192.8,-60,4.94555530717959,4.94555530717959
144.830273389816,1262.44924356738,654.084485916973,192.8,-60,5.04372530717959,5.04372530717959
145.098594427109,1262.82321629758,653.961965327271,192.8,-60,5.04986530717959,5.04986530717959
145.417399406433,1263.2675510755,653.816392790503,192.8,-60,5.09281530717959,5.09281530717959
145.813136339188,1263.80065744144,653.63918041456,192.8,-60,5.16644530717959,5.16644530717959
146.018390417099,1264.07413541654,653.547838770874,192.8,-59,5.22167530717959,5.22167530717959
146.650421380997,1264.85297683227,653.359595825873,192.8,-59,5.33211730717959,5.33211730717959
146.699313402176,1264.91013630103,653.349576107231,192.8,-59,5.34438930717959,5.34438930717959
147.191293478012,1265.57412023868,653.179569653193,192.8,-59,5.42415630717959,5.42415630717959
147.36146736145,1265.84815904887,653.086202447951,192.8,-59,5.48551530717959,5.48551530717959
147.823327302933,1266.57310774727,652.840505762076,192.8,-60,5.56528230717959,5.56528230717959
148.111293315887,1266.99568088354,652.699374539868,192.8,-59,5.64504930717959,5.64504930717959
148.425263404846,1267.45220891188,652.546814324462,192.8,-59,5.70640830717959,5.70640830717959
148.626585483551,1267.72087459691,652.456520496295,192.8,-59,5.77390330717959,5.77390330717959
149.038393497467,1268.2704351959,652.271822810449,192.8,-59,5.93343730717959,5.93343730717959
149.319221496582,1268.62304556211,652.154425112563,192.8,-58,6.01320430717959,6.01320430717959
149.495611429214,1268.83877299198,652.082906779833,192.8,-58,6.03774830717959,6.03774830717959
149.768796443939,1269.17288220234,651.972142313356,192.8,-58,6.10524330717959,6.10524330717959
150.14359331131,1269.59982220847,651.879797211604,192.8,-58,6.19114650717959,6.19114650717959
150.295254468918,1269.76770078266,651.851687310811,192.8,-58,6.25250570717959,6.25250570717959
150.660976409912,1270.17430438486,651.781527997574,192.8,-58,0.0122753071795865,6.29546061435917
150.903198480606,1270.48039526305,651.685834323026,192.8,-58,0.0859053071795861,6.36909061435917
151.234385490417,1270.89890924233,651.554993636872,192.8,-57,0.165665307179586,6.44885061435917
151.502793312073,1271.25294397053,651.443950991107,192.8,-57,0.208625307179586,6.49181061435917
151.81867146492,1271.69840036258,651.303564734219,192.8,-57,0.269985307179586,6.55317061435917
152.142336368561,1272.16759831689,651.155667744261,192.8,-56,0.362015307179586,6.64520061435917
152.41832447052,1272.64736732036,651.004265230871,192.8,-56,0.423375307179586,6.70656061435917
152.708597421646,1273.15196865464,650.845026285215,192.8,-56,0.490875307179587,6.77406061435917
152.879491329193,1273.41694517433,650.761079591768,192.8,-56,0.515415307179587,6.79860061435917
153.21235537529,1273.85164849676,650.622432111034,192.8,-56,0.564505307179586,6.84769061435917
153.415488481522,1274.11692988479,650.537821310429,192.8,-55,0.558365307179586,6.84155061435917
153.677722454071,1274.49965710479,650.401131194688,192.8,-55,0.638135307179586,6.92132061435917
153.989793539047,1274.99384642255,650.212050064414,192.8,-55,0.668815307179586,6.95200061435917
154.2199883461,1275.35837815948,650.072577052026,192.8,-55,0.736315307179586,7.01950061435917
154.44760632515,1275.68599889983,649.965185252318,192.8,-55,0.779265307179586,7.06245061435917
154.765519380569,1276.13412977897,649.823981748892,192.8,-55,0.791535307179586,7.07472061435917
154.922188520432,1276.35497091205,649.754395957902,192.8,-55,0.779265307179586,7.06245061435917
155.199617385864,1276.72532580826,649.638973289123,192.8,-55,0.822215307179587,7.10540061435917
155.390507459641,1276.97345850471,649.562076720819,192.8,-55,0.840625307179586,7.12381061435917
155.67160153389,1277.33884487194,649.448843123844,192.8,-55,0.871305307179586,7.15449061435917
155.930342435837,1277.709498176,649.333210839485,192.8,-55,0.871305307179586,7.15449061435917
156.154145479202,1278.05433629253,649.225141036894,192.8,-55,0.889705307179586,7.17289061435917
156.323080539703,1278.31463323579,649.143565834142,192.8,-55,0.889705307179586,7.17289061435917
156.514589309692,1278.60971199141,649.051090259833,192.8,-55,0.926525307179586,7.20971061435917
156.811815500259,1279.0713018378,648.907530896317,192.8,-55,0.889705307179586,7.17289061435917
156.972358465195,1279.32062498174,648.829989111183,192.8,-55,0.981745307179586,7.26493061435917
157.191195487976,1279.66047876825,648.724291465654,192.8,-55,0.938795307179586,7.22198061435917
157.363565444946,1279.7879222697,648.718280162122,192.8,-55,0.975615307179586,7.25880061435917
157.556403398514,1279.90332222833,648.726523016309,192.8,-55,0.987885307179586,7.27107061435917
157.869940519333,1280.09095215335,648.739925153811,192.8,-55,1.01242530717959,7.29561061435917
158.157360315323,1280.47579252946,648.62509674032,192.8,-56,1.04617530717959,7.32936061435917
158.331913471222,1280.73577575072,648.539673681908,192.8,-55,1.04924530717959,7.33243061435917
158.631717443466,1281.18231022927,648.392955210384,192.8,-55,1.09832530717959,7.38151061435917
158.855622529984,1281.53551444222,648.27719354479,192.8,-55,1.12287530717959,7.40606061435917
159.062063455582,1281.86497164037,648.169267910913,192.8,-55,1.15968530717959,7.44287061435917
159.330125331879,1282.29276915407,648.029127346082,192.8,-55,1.17196530717959,7.45515061435917
159.47242641449,1282.50584511176,647.958951288464,192.8,-55,1.19650530717959,7.47969061435917
159.693710327148,1282.81768183662,647.855692146552,192.8,-55,1.27013530717959,7.55332061435917
159.954682350159,1283.1854476627,647.733913085276,192.8,-55,1.22718530717959,7.51037061435917
160.130255460739,1283.43286801567,647.651984270283,192.8,-55,1.27013530717959,7.55332061435917
160.376670360565,1283.83200750633,647.518893294105,192.8,-55,1.27627530717959,7.55946061435917
160.608563423157,1284.21176333885,647.392201642417,192.8,-56,1.30081530717959,7.58400061435917
160.796827316284,1284.52007058474,647.289346199881,192.8,-56,1.31308530717959,7.59627061435917
161.052671432495,1284.85637668844,647.19501281815,192.8,-56,1.37444530717959,7.65763061435917
161.358701467514,1285.21420048578,647.106609291748,192.8,-56,1.36217530717959,7.64536061435917
161.556472539902,1285.44544313528,647.049478754812,192.8,-56,1.44194530717959,7.72513061435917
