244.478503465652,1050.46131790385,793.835854681791,192.8,-65,1.16582530717959,1.16582530717959
244.765188455582,1050.84804619811,793.780725329206,192.8,-64,1.22104530717959,1.22104530717959
245.110235452652,1051.32170496948,793.713295191805,192.8,-63,1.16582530717959,1.16582530717959
245.826503515244,1052.42785361437,793.55707119542,192.8,-63,1.24559530717959,1.24559530717959
246.17969751358,1052.89698529249,793.489144837858,192.8,-63,1.31922530717959,1.31922530717959
246.613167524338,1053.46177425468,793.391927219469,192.8,-63,1.32535530717959,1.32535530717959
246.929866313934,1053.84766866459,793.287121805868,192.8,-63,1.31308530717959,1.31308530717959
247.374484539032,1054.38400500547,793.16139924918,192.8,-62,1.31922530717959,1.31922530717959
247.770408391953,1054.85098283923,793.091352574116,192.8,-63,1.42353530717959,1.42353530717959
248.04284453392,1055.2058113451,793.039335662398,192.8,-63,1.41126530717959,1.41126530717959
248.53501534462,1055.93328530137,792.935511709416,192.8,-63,1.39899530717959,1.39899530717959
248.925847530365,1056.49235141908,792.855981640447,192.8,-63,1.52170530717959,1.52170530717959
249.158819437027,1056.82216511269,792.809113378723,192.8,-63,1.47262530717959,1.47262530717959
249.66193652153,1057.61712032758,792.6997701176,192.8,-63,1.48489530717959,1.48489530717959
249.999965429306,1058.18236379374,792.632692995107,192.8,-63,1.44194530717959,1.44194530717959
250.291571378708,1058.77144334876,792.662988515079,192.8,-63,1.44807530717959,1.44807530717959
250.612428426743,1059.41961368778,792.696322989657,192.8,-62,1.54011530717959,1.54011530717959
250.883155345917,1059.87962324563,792.650037646063,192.8,-62,1.44807530717959,1.44807530717959
251.232219457626,1060.44440913922,792.566096990318,192.8,-63,1.55852530717959,1.55852530717959
251.652175426483,1061.10295592652,792.466163468926,192.8,-63,1.54625530717959,1.54625530717959
251.941763401031,1061.5520361723,792.397506008274,192.8,-63,1.55852530717959,1.55852530717959
252.184393405914,1061.91607582928,792.342215699643,192.8,-63,1.55238530717959,1.55238530717959
252.451329469681,1062.31117394091,792.282375597298,192.8,-63,1.54625530717959,1.54625530717959
252.855982542038,1062.92033444528,792.190876378477,192.8,-63,1.55238530717959,1.55238530717959
253.336122512817,1063.66401162003,792.080701982217,192.8,-63,1.72419530717959,1.72419530717959
253.732229471207,1064.52710527166,791.967981719679,192.8,-63,1.80396530717959,1.80396530717959
253.835010528564,1064.7645827503,791.937550473913,192.8,-63,1.71805530717959,1.71805530717959
254.357877492905,1065.7737778336,791.802787646257,192.8,-63,1.77328530717959,1.77328530717959
254.524519443512,1066.01503923048,791.767938777819,192.8,-63,1.79782530717959,1.79782530717959
254.750123500824,1066.34166496794,791.720759504631,192.8,-63,1.87145530717959,1.87145530717959
255.168758392334,1066.91890495134,791.637286092146,192.8,-63,1.85918530717959,1.85918530717959
255.430110454559,1067.27176398595,791.586234146714,192.8,-63,1.87759530717959,1.87759530717959
255.63924741745,1067.56798345738,791.54373695362,192.8,-63,1.92054530717959,1.92054530717959
256.078758478165,1068.24874221347,791.44751432175,192.8,-63,2.04939530717959,2.04939530717959
256.274877548218,1068.54988624335,791.404844599438,192.8,-63,1.93895530717959,1.93895530717959
256.477922439575,1068.84866202606,791.361989891212,192.8,-63,1.96963530717959,1.96963530717959
256.851512432098,1069.39839091449,791.283139889032,192.8,-64,2.17825530717959,2.17825530717959
257.321443319321,1070.23475858254,791.170698855661,192.8,-64,2.16598530717959,2.16598530717959
257.688937425613,1070.8460114149,791.089434454446,192.8,-65,2.25801530717959,2.25801530717959
