27.5822629928589,824.019684679508,949.743944019655,192.8,-67,2.38073530717959,2.38073530717959
27.8190250396729,824.239050317885,949.497531258753,192.8,-66,2.40528530717959,2.40528530717959
28.0186901092529,824.403842325783,949.312541901698,192.8,-65,2.37460530717959,2.37460530717959
28.3767800331116,824.69938905153,948.980772178923,192.8,-64,2.20893530717959,2.20893530717959
28.5423672199249,824.836055144675,948.827355923945,192.8,-63,2.23347530717959,2.23347530717959
28.8975350856781,825.188963257341,948.433003136018,192.8,-62,2.06166530717959,2.06166530717959
29.2217571735382,825.533385882814,948.048691921404,192.8,-62,1.95122530717959,1.95122530717959
29.6915640830994,825.847982750578,947.710994917654,192.8,-61,1.92667530717959,1.92667530717959
29.8041131496429,825.864216022116,947.700350149432,192.8,-60,1.86532530717959,1.86532530717959
30.2525181770325,825.928890752814,947.657940489958,192.8,-60,1.77328530717959,1.77328530717959
30.3010210990906,825.935886467024,947.653353136378,192.8,-60,1.71805530717959,1.71805530717959
30.6920821666718,826.266107076145,947.284989600556,192.8,-59,1.56466530717959,1.56466530717959
30.9306240081787,826.484189052873,947.040140456141,192.8,-59,1.56466530717959,1.56466530717959
31.4589290618896,827.023705679232,946.432656377189,192.8,-58,1.49716530717959,1.49716530717959
31.7700650691986,827.371912745435,946.039739372127,192.8,-58,1.36217530717959,1.36217530717959
31.8557970523834,827.467859474978,945.931473040748,192.8,-58,1.38671530717959,1.38671530717959
32.2048780918121,827.853544481955,945.496746020323,192.8,-58,1.28240530717959,1.28240530717959
32.5225419998169,828.201159274327,945.105257516292,192.8,-57,1.23332530717959,1.23332530717959
32.9738481044769,828.683452722125,944.562035605401,192.8,-57,1.13514530717959,1.13514530717959
33.1224081516266,828.831992218641,944.394679899826,192.8,-57,1.07378530717959,1.07378530717959
33.4302761554718,829.139817634437,944.047860765099,192.8,-57,1.00015530717959,1.00015530717959
33.7436201572418,829.443316735116,943.700561988233,192.8,-57,0.908115307179586,0.908115307179586
34.0222752094269,829.683534185418,943.408939980665,192.8,-56,0.822215307179587,0.822215307179587
34.3878920078278,829.998717902386,943.02630954237,192.8,-56,0.754715307179586,0.754715307179586
34.6420722007751,830.247285048073,942.738767559558,192.8,-56,0.656545307179586,0.656545307179586
35.2215840816498,830.884562183265,942.031595512764,192.8,-55,0.558365307179586,0.558365307179586
35.6049201488495,831.305815116218,941.56636093882,192.8,-55,0.454055307179586,0.454055307179586
35.8858060836792,831.61435726949,941.226565593299,192.8,-55,0.392695307179586,0.392695307179586
36.2904710769653,832.05848283449,940.73770019859,192.8,-55,0.282255307179586,0.282255307179586
36.5614681243896,832.354893696927,940.412083234403,192.8,-54,0.227025307179586,0.227025307179586
36.9140861034393,832.740579815187,939.988394500717,192.8,-54,0.134995307179587,0.134995307179587
37.217716217041,833.072272105415,939.623687476597,192.8,-54,0.0859053071795861,0.0859053071795861
37.6155331134796,833.506198380643,939.146039485663,192.8,-54,0.00613530717958621,0.00613530717958621
37.9361050128937,833.855749885741,938.76216468262,192.8,-54,6.26477750717959,-0.0184078000000003
38.3015120029449,834.249544959902,938.364919049211,192.8,-54,6.18501050717959,-0.0981747999999998
38.5679850578308,834.5367200257,938.075227663013,192.8,-53,6.09910730717959,-0.184078
38.8158130645752,834.802628990269,937.802745859944,192.8,-53,6.07456430717959,-0.208621
39.185399055481,835.190503512328,937.37375239948,192.8,-53,6.00706830717959,-0.276117
39.4488751888275,835.467017454443,937.067924957491,192.8,-53,5.91503030717959,-0.368155
39.8207490444183,835.830741407239,936.664574946816,192.8,-52,5.84139930717959,-0.441786
40.1225020885468,836.10155168824,936.363211711036,192.8,-53,5.79844730717959,-0.484738
40.4222900867462,836.370598425672,936.063810982714,192.8,-52,5.73708830717959,-0.546097
40.8046910762787,836.745626463225,935.648151569186,192.8,-52,5.70640830717959,-0.576777
41.1346650123596,837.078058653481,935.280128688857,192.8,-52,5.65732130717959,-0.625864
41.5110101699829,837.457570778568,934.858288497026,192.8,-52,5.54687430717959,-0.736311
41.9846811294556,837.936154975385,934.321998904796,192.8,-52,5.46710730717959,-0.816078
42.2260541915894,838.180031723081,934.048716664291,192.8,-52,5.43642830717959,-0.846757
42.7664771080017,838.845344102388,933.347448614508,192.8,-51,5.33211730717959,-0.951068
43.0303411483765,839.176837525902,933.000065938552,192.8,-52,5.28302530717959,-1.00016
43.3388180732727,839.499494340859,932.641158639709,192.8,-51,5.26462530717959,-1.01856
43.7222120761871,839.862944459193,932.222420598137,192.8,-51,5.20326530717959,-1.07992
44.1252682209015,840.243706531245,931.78212133157,192.8,-51,5.09895530717959,-1.18423
44.4821631908417,840.57889632562,931.392120627423,192.8,-51,5.06827530717959,-1.21491
44.8239381313324,840.899744919521,931.018843869744,192.8,-51,4.98236530717959,-1.30082
45.286963224411,841.313403673676,930.54321575037,192.8,-51,4.87805530717959,-1.40513
45.6034581661224,841.596154879261,930.218106169556,192.8,-51,4.87192530717959,-1.41126
45.9134511947632,841.890195363933,929.880843746668,192.8,-51,4.79215530717959,-1.49103
46.3233602046967,842.288494712905,929.424429546067,192.8,-51,4.73079530717959,-1.55239
46.6697261333466,842.633730167663,929.038445360304,192.8,-51,4.64489530717959,-1.63829
46.8880259990692,842.863541173994,928.794722028477,192.8,-51,4.59580530717959,-1.68738
47.2726271152496,843.268422639464,928.365329801644,192.8,-51,4.53444530717959,-1.74874
47.6733391284943,843.67544071818,927.916327143542,192.8,-51,4.47308530717959,-1.8101
48.0116372108459,844.012536853665,927.536545461906,192.8,-51,4.36877530717959,-1.91441
48.3956701755524,844.399469244929,927.100234501685,192.8,-51,4.27060530717959,-2.01258
48.6476051807404,844.658310591421,926.807917138095,192.8,-51,4.22765530717959,-2.05553
48.9910440444946,845.011164208826,926.409428872712,192.8,-51,4.16015530717959,-2.12303
49.3766901493073,845.412914609459,925.953572998657,192.8,-52,4.05584530717959,-2.22734
49.6191282272339,845.666861589872,925.664895851338,192.8,-52,4.01902530717959,-2.26416
49.9479720592499,846.011316136295,925.27333318861,192.8,-52,3.94539530717959,-2.33779
50.3503432273865,846.437229594183,924.788405955052,192.8,-52,3.84722530717959,-2.43596
50.8204460144043,846.935188278416,924.221391245271,192.8,-52,3.73677530717959,-2.54641
51.0872042179108,847.271142300352,923.861237277163,192.8,-53,3.69382530717959,-2.58936
51.5095691680908,847.811564859849,923.284883658005,192.8,-53,3.58337530717959,-2.69981
51.771525144577,848.128277872966,922.942747970388,192.8,-53,3.52201530717959,-2.76117
52.1588900089264,848.498110841861,922.51858151594,192.8,-54,3.46066530717959,-2.82252
52.5560641288757,848.877309105481,922.083673877787,192.8,-54,3.39316530717959,-2.89002
52.7547860145569,849.08436708127,921.846587634015,192.8,-55,3.35021530717959,-2.93297
53.1385412216187,849.485443617043,921.387370898267,192.8,-55,3.20295530717959,-3.08023
53.4160561561584,849.775537456213,921.055204705111,192.8,-56,3.19681530717959,-3.08637
53.7339839935303,850.109886305997,920.671595641959,192.8,-56,3.11091530717959,-3.17227
53.9930491447449,850.38233220455,920.359009802436,192.8,-57,3.11091530717959,-3.17227
54.3016850948334,850.695780022427,919.998854630581,192.8,-57,3.05568530717959,-3.2275
54.7434821128845,851.094026232069,919.538794123767,192.8,-58,2.93910530717959,-3.34408
54.9831612110138,851.310078601055,919.289206908705,192.8,-58,2.96978530717959,-3.3134
55.4645221233368,851.853595125747,918.739458630718,192.8,-59,2.84706530717959,-3.43612
55.8814191818237,852.354598450668,918.249939622699,192.8,-60,2.84706530717959,-3.43612
55.9546391963959,852.442590126322,918.163964948207,192.8,-60,2.78570530717959,-3.49748
56.4551520347595,852.92427985495,917.61477057601,192.8,-62,2.71821530717959,-3.56497
56.6634471416473,853.123078994978,917.386750357568,192.8,-62,2.66912530717959,-3.61406
61.3062031269073,857.719974176201,912.04676169117,192.8,-67,2.36233530717959,-3.92085
61.4722909927368,857.895632914851,911.847799284851,192.8,-66,2.38687530717959,-3.89631
62.0139951705933,858.470116896219,911.197015828449,192.8,-64,2.19052530717959,-4.09266
62.6949892044067,859.213084319758,910.354234796548,192.8,-60,1.88372530717959,-4.39946
63.0752911567688,859.624940215696,909.88795287077,192.8,-59,1.88372530717959,-4.39946
63.6063361167908,860.198123356102,909.239598170967,192.8,-58,1.63215530717959,-4.65103
63.9215240478516,860.34369474648,909.070933844569,192.8,-57,1.52170530717959,-4.76148
64.6235201358795,860.663344111573,908.701179014965,192.8,-56,1.29467530717959,-4.98851
64.8467102050781,860.905028316259,908.429412840121,192.8,-55,1.29467530717959,-4.98851
65.3608431816101,861.461763748003,907.803381615278,192.8,-55,1.12287530717959,-5.16031
65.9139311313629,862.126754315741,907.056307345588,192.8,-54,0.957205307179586,-5.32598
66.4399671554565,862.737273202332,906.371090376697,192.8,-54,0.834485307179587,-5.4487
66.9019551277161,863.243564901659,905.803694506762,192.8,-53,0.724035307179586,-5.55915
67.4919102191925,863.908378187845,905.05545564538,192.8,-52,0.619725307179587,-5.66346
68.0446081161499,864.455021627221,904.398044561929,192.8,-52,0.509285307179586,-5.7739
68.49005818367,864.67000856938,904.010657589781,192.8,-51,0.447925307179586,-5.83526
68.9592521190643,864.996109217976,903.54387417947,192.8,-51,0.374295307179586,-5.90889
69.58189702034,865.655452269334,902.7908500655,192.8,-51,0.257705307179586,-6.02548
69.8795511722565,865.973352305398,902.429025524769,192.8,-50,0.214755307179586,-6.06843
70.3689711093903,866.497561644693,901.833070094886,192.8,-50,0.0981753071795861,-6.18501
70.9537160396576,867.10178726412,901.147952001343,192.8,-50,6.27091350717959,-6.29545710717959
71.350860118866,867.507840019512,900.687927515496,192.8,-50,6.25864160717959,-6.30772900717959
71.8975360393524,868.11029992804,900.009353828375,192.8,-49,6.18501050717959,-6.38136010717959
72.3835141658783,868.496174773802,899.496351452728,192.8,-49,6.13592330717959,-6.43044730717959
72.8881530761719,868.647925499118,899.113701584577,192.8,-48,6.01320430717959,-6.55316630717959
73.452702999115,869.064431068023,898.579037537912,192.8,-48,5.93957330717959,-6.62679730717959
73.8575441837311,869.430996366342,898.166301801256,192.8,-48,5.85980630717959,-6.70656430717959
74.2720820903778,869.836516544398,897.713699981795,192.8,-48,5.77390330717959,-6.79246730717959
74.6217210292816,870.182461231849,897.328069866699,192.8,-48,5.71254430717959,-6.85382630717959
75.0893549919128,870.674271303202,896.784596939877,192.8,-47,5.64504930717959,-6.92132130717959
75.5289130210876,871.151234619203,896.259786195133,192.8,-48,5.52846630717959,-7.03790430717959
75.9994912147522,871.655898100831,895.701773992746,192.8,-47,5.44869930717959,-7.11767130717959
76.5078580379486,872.20338689033,895.095513991232,192.8,-47,5.35052530717959,-7.21584530717959
76.8815760612488,872.848532077823,894.393123526539,192.8,-47,5.30143730717959,-7.26493330717959
77.3604800701141,873.651019920648,893.518753553079,192.8,-46,5.22167530717959,-7.34469530717959
77.8456530570984,874.172640510177,892.942044320431,192.8,-46,5.11735530717959,-7.44901530717959
78.2440650463104,874.594954648133,892.474164469386,192.8,-46,5.03759530717959,-7.52877530717959
78.622533082962,874.971567763002,892.052928947543,192.8,-46,4.96396530717959,-7.60240530717959
79.1104321479797,875.460992497358,891.506457819245,192.8,-46,4.88419530717959,-7.68217530717959
79.4558560848236,875.819188798941,891.10930120961,192.8,-47,4.81056530717959,-7.75580530717959
79.9211912155151,876.30430998757,890.571661349108,192.8,-47,4.74306530717959,-7.82330530717959
80.4504292011261,876.891664398852,889.924112231079,192.8,-46,4.60807530717959,-7.95829530717959
80.8858501911163,877.372616066809,889.381496740356,192.8,-46,4.50376530717959,-8.06260530717959
81.2988882064819,877.823736095809,888.844727169711,192.8,-46,4.41786530717959,-8.14850530717959
81.7563931941986,878.326763004092,888.25696727845,192.8,-46,4.30128530717959,-8.26508530717959
82.0257630348206,878.626909004286,887.91899296005,192.8,-46,4.22151530717959,-8.34485530717959
82.433345079422,879.081058288984,887.407605852281,192.8,-46,4.19083530717959,-8.37553530717959
82.9626851081848,879.646539533761,886.767953645183,192.8,-46,4.08038530717959,-8.48598530717959
83.4302411079407,880.138869620919,886.211409319226,192.8,-47,3.95767530717959,-8.60869530717959
83.9137661457062,880.623250406155,885.666552252204,192.8,-46,3.91471530717959,-8.65165530717959
84.3181700706482,881.036803179238,885.199088507425,192.8,-46,3.85949530717959,-8.70687530717959
84.8453841209412,881.600195463914,884.555835522375,192.8,-46,3.73064530717959,-8.83572530717959
85.2768180370331,882.026176140875,884.06396116898,192.8,-46,3.66928530717959,-8.89708530717959
85.7639172077179,882.475480958353,883.539772215255,192.8,-46,3.55269530717959,-9.01367530717959
86.0467171669006,882.767488478926,883.202749129903,192.8,-46,3.49747530717959,-9.06889530717959
86.433021068573,883.19716284303,882.710061947259,192.8,-46,3.39316530717959,-9.17320530717959
86.9268209934235,883.733316311504,882.095450059735,192.8,-46,3.30726530717959,-9.25910530717959
87.407438993454,884.236154938176,881.519280800007,192.8,-46,3.27044530717959,-9.29592530717959
87.9039590358734,884.755009617992,880.928792182034,192.8,-46,3.19681530717959,-9.36955530717959
88.4348142147064,885.309321860103,880.300693601864,192.8,-46,3.12932530717959,-9.43704530717959
88.9342751502991,885.859718877402,879.674280324592,192.8,-46,3.03114530717959,-9.53522530717959
89.3898680210114,886.355050247577,879.1288465777,192.8,-46,3.02500530717959,-9.54136530717959
89.8092210292816,886.789082310665,878.697878270351,192.8,-46,2.94524530717959,-9.62112530717959
90.3032991886139,887.269502443369,878.187362767362,192.8,-46,2.84706530717959,-9.71930530717959
90.7755980491638,887.690316937753,877.695934108163,192.8,-45,2.76116530717959,-9.80520530717959
91.3634171485901,888.291771545318,877.000144046298,192.8,-45,2.65071530717959,-9.91565530717959
91.9010062217712,888.853435532085,876.352470904969,192.8,-45,2.63231530717959,-9.93405530717959
92.2253930568695,889.171311179404,875.987113262441,192.8,-45,2.61390530717959,-9.95246530717959
92.7464401721954,889.685530352367,875.395461995037,192.8,-45,2.59549530717959,-9.97087530717959
93.2123761177063,890.167268846801,874.837457383602,192.8,-45,2.58322530717959,-9.98314530717959
93.7289791107178,890.73416331543,874.206093324976,192.8,-45,2.54640530717959,-10.0199653071796
94.2470400333405,891.354430734689,873.552913756939,192.8,-45,2.54027530717959,-10.0260953071796
94.7274889945984,891.903380588803,872.933421663359,192.8,-45,2.51572530717959,-10.0506453071796
95.276712179184,892.505672449576,872.239124915121,192.8,-45,2.47277530717959,-10.0935953071796
95.6782100200653,892.896277764602,871.783093209828,192.8,-45,2.52186530717959,-10.0445053071796
96.3140771389008,893.571541969124,871.000413562632,192.8,-45,2.44209530717959,-10.1242753071796
96.7414290904999,894.061387112745,870.435962745835,192.8,-45,2.46050530717959,-10.1058653071796
97.2423501014709,894.541636848486,869.882725704151,192.8,-45,2.49118530717959,-10.0751853071796
97.632091999054,894.893132768506,869.477854477758,192.8,-45,2.47891530717959,-10.0874553071796
98.1086192131042,895.410523512499,868.814844930498,192.8,-45,2.57095530717959,-9.99541530717959
98.7464640140533,896.116504701217,867.906672200108,192.8,-45,2.60163530717959,-9.96473530717959
99.1663072109222,896.51965294637,867.43803794559,192.8,-45,2.58935530717959,-9.97701530717959
99.6903710365295,897.061640422367,866.8081201707,192.8,-45,2.65071530717959,-9.91565530717959
100.314295053482,897.745393577902,866.013514179754,192.8,-45,2.72434530717959,-9.84202530717959
100.83953499794,898.288277834362,865.382387252632,192.8,-46,2.76116530717959,-9.80520530717959
101.643230199814,899.096806429037,864.44494359316,192.8,-46,2.84706530717959,-9.71930530717959
102.236312150955,899.740483453956,863.673602609661,192.8,-46,2.93297530717959,-9.63339530717959
102.748581171036,900.340712941523,862.934672261697,192.8,-46,3.01273530717959,-9.55363530717959
103.267242193222,900.855444636685,862.339011411182,192.8,-47,3.14772530717959,-9.41864530717959
103.821818113327,901.386045617029,861.727373009048,192.8,-47,3.22749530717959,-9.33887530717959
104.473598003387,901.980526170635,861.040800379759,192.8,-47,3.38702530717959,-9.17934530717959
104.972945213318,902.428181226901,860.525722915755,192.8,-47,3.51588530717959,-9.05048530717959
105.486835002899,902.890810606731,859.993104987696,192.8,-47,3.60792530717959,-8.95844530717959
106.120195150375,903.468422843892,859.326807293561,192.8,-47,3.75518530717959,-8.81118530717959
106.666405200958,904.193368542688,858.56202407352,192.8,-48,3.85949530717959,-8.70687530717959
107.307017087936,904.918624651446,857.774000398347,192.8,-48,4.06198530717959,-8.50438530717959
107.929221153259,905.491913332221,857.118960989775,192.8,-47,4.17856530717959,-8.38780530717959
108.46528506279,906.04325700834,856.489668724964,192.8,-47,4.34423530717959,-8.22213530717959
109.035655021667,906.604934152984,855.85097482029,192.8,-47,4.45467530717959,-8.11169530717959
109.426302194595,906.979466789142,855.426104258927,192.8,-47,4.52217530717959,-8.04419530717959
109.984512090683,907.484602768912,854.853625321127,192.8,-47,4.66330530717959,-7.90306530717959
110.458948135376,907.903703587461,854.365058169595,192.8,-48,4.77374530717959,-7.79262530717959
111.006307125092,908.361987169008,853.758250566,192.8,-47,4.88419530717959,-7.68217530717959
111.676012039185,908.979763917875,853.0272360438,192.8,-47,5.00077530717959,-7.56559530717959
112.158176183701,909.447709710309,852.495597083276,192.8,-47,5.08054530717959,-7.48582530717959
112.705780029297,910.004590353777,851.862959407165,192.8,-47,5.16031530717959,-7.40605530717959
113.236843109131,910.541451688723,851.25524146269,192.8,-47,5.28302530717959,-7.28334530717959
113.761726140976,911.070240957172,850.657179784477,192.8,-47,5.38734030717959,-7.17903030717959
114.412164211273,911.715891974143,849.919825447543,192.8,-47,5.46097130717959,-7.10539930717959
114.849235057831,912.230089832947,849.323734716357,192.8,-47,5.57141830717959,-6.99495230717959
115.346326112747,912.884844298855,848.558193684597,192.8,-47,5.66959330717959,-6.89677730717959
115.942322015762,913.470541548557,847.881880310156,192.8,-46,5.79844730717959,-6.76792330717959
116.502926111221,914.015896533085,847.254555479622,192.8,-46,5.93957330717959,-6.62679730717959
117.255791187286,914.806670872704,846.344777079448,192.8,-46,6.05615630717959,-6.51021430717959
117.762308120728,915.287836028764,845.790599300205,192.8,-47,6.17887430717959,-6.38749630717959
118.212749004364,915.738737115075,845.274030144044,192.8,-47,0.00613530717958621,-6.27705
118.805957078934,916.360985818469,844.564386959836,192.8,-47,0.153395307179586,-6.12979
119.272344112396,916.683350159115,844.089474761328,192.8,-47,0.251575307179587,-6.03161
119.819608211517,917.101122447131,843.512393804102,192.8,-46,0.380425307179586,-5.90276
120.488232135773,917.787047714681,842.719461115464,192.8,-47,0.503145307179587,-5.78004
120.883221149445,918.176639494803,842.266511142193,192.8,-47,0.619725307179587,-5.66346
121.057471036911,918.347288500311,842.067900371927,192.8,-47,0.650405307179586,-5.63278
121.771540164948,919.043778936297,841.263887561449,192.8,-47,0.834485307179587,-5.4487
122.239903211594,919.498951043498,840.742347710792,192.8,-47,0.957205307179586,-5.32598
122.829496145248,920.121676630459,840.029762647696,192.8,-47,1.10446530717959,-5.17872
123.320822000504,920.473688060689,839.671878174989,192.8,-47,1.22104530717959,-5.06214
123.846947193146,920.651660464899,839.569824069079,192.8,-47,1.36217530717959,-4.92101
124.366285085678,921.109524345128,839.058854757475,192.8,-47,1.51557530717959,-4.76761
125.616398096085,922.426984323149,837.533867719419,192.8,-47,1.82236530717959,-4.46082
126.148069143295,923.006920830193,836.864534287009,192.8,-47,1.95122530717959,-4.33196
126.789218187332,923.716503465528,836.047659903882,192.8,-48,2.11689530717959,-4.16629
127.336922168732,924.336465335707,835.335803894282,192.8,-48,2.26415530717959,-4.01903
128.013699054718,925.597995709705,834.021129368426,192.8,-49,2.44209530717959,-3.84109
128.406052112579,926.153991653977,833.425100527101,192.8,-49,2.52186530717959,-3.76132
128.928537130356,926.61596596658,832.892718364716,192.8,-49,2.64458530717959,-3.6386
129.701905012131,927.360311722268,832.035719758646,192.8,-49,2.82866530717959,-3.45452
130.28829407692,927.977357327721,831.33409345184,192.8,-49,2.95751530717959,-3.32567
130.683115005493,928.408256268104,830.84701000188,192.8,-50,3.03728530717959,-3.2459
131.168956041336,928.918338674278,830.261464044209,192.8,-50,3.16613530717959,-3.11705
132.031897068024,929.928394202362,829.134232352727,192.8,-50,3.41770530717959,-2.86548
132.586557149887,930.634664583441,828.364735001887,192.8,-51,3.54042530717959,-2.74276
132.821305036545,930.864728911178,828.100535677392,192.8,-51,3.52815530717959,-2.75503
133.354803085327,931.390177290227,827.497093212519,192.8,-51,3.70609530717959,-2.57709
134.051953077316,932.187170378887,826.580423845369,192.8,-52,3.85949530717959,-2.42369
134.572684049606,932.689639725023,826.000883097368,192.8,-53,4.00675530717959,-2.27643
135.167281150818,933.254516139769,825.349345782377,192.8,-54,4.25219530717959,-2.03099
136.084342002869,934.192383378379,824.23898147945,192.8,-55,4.48535530717959,-1.79783
136.401091098785,934.503376169047,823.838004091967,192.8,-56,4.58967530717959,-1.69351
137.086861133575,935.174803608432,823.016143590101,192.8,-58,4.90260530717959,-1.38058
137.511937141418,935.59009894747,822.528622974709,192.8,-59,5.08054530717959,-1.20264
138.253959178925,936.255798683612,821.733809741718,192.8,-61,5.41802030717959,-0.865165
138.415997028351,936.401924663748,821.559544695712,192.8,-62,5.60209830717959,-0.681087
146.860053539276,940.668589243901,816.642155862926,192.8,-62,3.03728530717959,3.03728530717959
147.324450492859,940.590968979289,816.71066983951,192.8,-61,2.94524530717959,2.94524530717959
147.567933559418,940.50108384511,816.78240331894,192.8,-61,2.87774530717959,2.87774530717959
148.411281585693,940.101816767625,817.083896083952,192.8,-60,2.15370530717959,2.15370530717959
149.114119529724,939.50766539551,817.489327990017,192.8,-58,1.53398530717959,1.53398530717959
149.498710632324,939.15696585728,817.712758725391,192.8,-57,1.43580530717959,1.43580530717959
150.135538578033,938.631392758905,818.00223859052,192.8,-55,1.19650530717959,1.19650530717959
150.772274494171,938.279747122215,817.98772170481,192.8,-53,1.06765530717959,1.06765530717959
151.006868600845,938.08692544905,818.077133828811,192.8,-53,1.04924530717959,1.04924530717959
151.6026866436,937.659395245642,818.275045545373,192.8,-53,0.987885307179586,0.987885307179586
151.937484502792,937.616123658373,818.293859278968,192.8,-52,0.969475307179586,0.969475307179586
152.860596656799,937.496814269037,818.345732926506,192.8,-53,0.987885307179586,0.987885307179586
153.256625652313,937.445628746878,818.367987501357,192.8,-53,0.914255307179586,0.914255307179586
153.962543487549,937.354391051136,818.407656064723,192.8,-52,0.951065307179586,0.951065307179586
154.265755653381,937.315201816992,818.424694862177,192.8,-52,0.920385307179586,0.920385307179586
155.04919052124,937.213945284659,818.468719441452,192.8,-52,0.926525307179586,0.926525307179586
155.555470466614,937.125516151649,818.504339665577,192.8,-52,0.908115307179586,0.908115307179586
156.162467479706,937.018195965156,818.547451193484,192.8,-52,0.901985307179586,0.901985307179586
156.671584606171,936.928181444852,818.583610872581,192.8,-52,0.865165307179586,0.865165307179586
157.0317466259,936.864502951727,818.609191121956,192.8,-52,0.846755307179587,0.846755307179587
157.738725662231,936.739505430504,818.659403801421,192.8,-52,0.859025307179587,0.859025307179587
158.131167650223,936.670119673358,818.687276712412,192.8,-51,0.859025307179587,0.859025307179587
158.819068670273,936.569106183026,818.723660128044,192.8,-51,0.852895307179586,0.852895307179586
159.250576496124,936.513102027207,818.742028463554,192.8,-51,0.822215307179587,0.822215307179587
159.993670701981,936.416657974053,818.773660343372,192.8,-51,0.791535307179586,0.791535307179586
160.363798618317,936.36862013961,818.789415871642,192.8,-51,0.791535307179586,0.791535307179586
160.986412525177,936.287812876877,818.815919171116,192.8,-51,0.797665307179586,0.797665307179586
161.433757543564,936.22975325753,818.834961660948,192.8,-51,0.779265307179586,0.779265307179586
162.16385269165,936.124865720193,818.854625944011,192.8,-51,0.773125307179586,0.773125307179586
162.673177480698,936.046586909507,818.862589047593,192.8,-51,0.834485307179587,0.834485307179587
163.184047698975,935.968070579727,818.870576313387,192.8,-51,0.803805307179586,0.803805307179586
163.668398618698,935.893630036549,818.878148959814,192.8,-51,0.803805307179586,0.803805307179586
164.216491699219,935.809392875093,818.886718191209,192.8,-50,0.816075307179586,0.816075307179586
164.920962572098,935.701121800764,818.897732331208,192.8,-50,0.822215307179587,0.822215307179587
166.390166521072,936.735368242632,818.779504167116,192.8,-50,0.944935307179586,0.944935307179586
166.788043498993,937.242015044338,818.711291134096,192.8,-50,1.00629530717959,1.00629530717959
167.568569421768,938.289520808578,818.558336018332,192.8,-51,1.15662530717959,1.15662530717959
168.209173440933,939.115881782002,818.429268940834,192.8,-51,1.26399530717959,1.26399530717959
168.764703512192,939.971606048168,818.353028387849,192.8,-51,1.34990530717959,1.34990530717959
169.228122472763,940.722053663124,818.283132245026,192.8,-51,1.48489530717959,1.48489530717959
169.652356386185,941.363852599371,818.170359846845,192.8,-51,1.50330530717959,1.50330530717959
170.197949409485,942.234681015446,818.007838191783,192.8,-52,1.65669530717959,1.65669530717959
170.663463354111,942.990952685327,817.859227188603,192.8,-51,1.77328530717959,1.77328530717959
171.263040542603,943.951043519151,817.658270007236,192.8,-52,1.89599530717959,1.89599530717959
171.859797477722,944.874651743516,817.448553589285,192.8,-51,2.03099530717959,2.03099530717959
172.42304444313,945.378011714934,817.271396140782,192.8,-51,2.10462530717959,2.10462530717959
173.2245054245,946.503166355703,816.972795490146,192.8,-51,2.16598530717959,2.16598530717959
173.542377471924,947.039074738522,816.841787710379,192.8,-50,2.20279530717959,2.20279530717959
174.106359481812,948.000349590296,816.606667926821,192.8,-50,2.28256530717959,2.28256530717959
174.717048406601,948.991014800542,816.366850335542,192.8,-50,2.30097530717959,2.30097530717959
175.167948484421,949.691857604637,816.194554415126,192.8,-50,2.33165530717959,2.33165530717959
175.740007400513,950.472975193211,816.01561805094,192.8,-50,2.43596530717959,2.43596530717959
176.270613431931,951.178441602418,815.854136869088,192.8,-50,2.52186530717959,2.52186530717959
176.860631465912,952.063668613338,815.630584478181,192.8,-50,2.62617530717959,2.62617530717959
177.393041372299,952.813371393615,815.437232278919,192.8,-50,2.64458530717959,2.64458530717959
178.026512384415,953.746687738267,815.202209237043,192.8,-49,2.63231530717959,2.63231530717959
178.589872360229,954.598980623118,814.98914150318,192.8,-49,2.66299530717959,2.66299530717959
179.210322380066,955.829889387542,814.62719893218,192.8,-49,2.74275530717959,2.74275530717959
179.767983436584,957.019927095001,814.262173251196,192.8,-49,2.76116530717959,2.76116530717959
180.23229432106,957.652155245782,814.11087629047,192.8,-49,2.79798530717959,2.79798530717959
181.043768405914,958.796929425873,813.834467351251,192.8,-50,2.89615530717959,2.89615530717959
181.424562454224,959.356255670692,813.696645202974,192.8,-50,2.94524530717959,2.94524530717959
181.911273479462,960.056715190579,813.524448500827,192.8,-50,2.99433530717959,2.99433530717959
182.455513477325,960.80019818121,813.342882128378,192.8,-50,3.02500530717959,3.02500530717959
183.008305311203,961.586898353912,812.954437138414,192.8,-51,3.06182530717959,3.06182530717959
183.601668357849,962.383595323779,812.696017420938,192.8,-52,3.11704530717959,3.11704530717959
184.223315477371,963.277371176393,812.475780204441,192.8,-52,3.23976530717959,3.23976530717959
184.849385499954,964.205376450741,812.247268679278,192.8,-52,3.35021530717959,3.35021530717959
185.205686330795,964.679539854167,812.132559701599,192.8,-52,3.38089530717959,3.38089530717959
185.87664437294,965.637593564782,811.906304469016,192.8,-53,3.45452530717959,3.45452530717959
186.376347541809,966.613608633634,811.650389144557,192.8,-53,3.56497530717959,3.56497530717959
187.100806474686,967.955951716339,811.301171892887,192.8,-53,3.78586530717959,3.78586530717959
187.776882410049,968.928056588617,811.068086282664,192.8,-54,3.93926530717959,3.93926530717959
188.096651315689,969.393077682999,810.956144953569,192.8,-54,3.98834530717959,3.98834530717959
188.561541318893,970.044242278898,810.800610633066,192.8,-54,4.14174530717959,4.14174530717959
189.345633506775,971.150302235191,810.537864788192,192.8,-55,4.35650530717959,4.35650530717959
189.811791419983,971.896181564904,810.305497529269,192.8,-55,4.52217530717959,4.52217530717959
190.416908502579,973.045956955507,809.830759415983,192.8,-56,4.71238530717959,4.71238530717959
190.814861536026,973.630191155725,809.702958184685,192.8,-57,4.81669530717959,4.81669530717959
191.454583406448,974.560989204255,809.501186940622,192.8,-56,5.17871530717959,5.17871530717959
191.950033426285,975.25147081871,809.351736328222,192.8,-57,5.38734030717959,5.38734030717959
192.485932350159,975.936456406385,809.201663563894,192.8,-56,5.73095230717959,5.73095230717959
193.210028409958,976.958400098102,808.975129010502,192.8,-55,5.92116630717959,5.92116630717959
193.454212427139,977.361727294077,808.880183414735,192.8,-55,6.06842830717959,6.06842830717959
194.02149438858,978.275918827807,808.664269931336,192.8,-55,6.25864160717959,6.25864160717959
194.460045337677,978.867466998476,808.522759948003,192.8,-55,0.153395307179586,6.43658061435917
195.034100532532,979.623564182064,808.344820494279,192.8,-55,0.355885307179586,6.63907061435917
195.505645513535,980.243619061222,808.199874862903,192.8,-54,0.423375307179586,6.70656061435917
195.766946315765,980.597607853673,808.116625964883,192.8,-54,0.509285307179586,6.79247061435917
196.292750358582,981.323734020387,807.94606138238,192.8,-54,0.650405307179586,6.93359061435917
196.81437253952,982.068075288589,807.771561143434,192.8,-54,0.871305307179586,7.15449061435917
197.280829429626,982.937943845034,807.578546819283,192.8,-53,1.00015530717959,7.28334061435917
197.741799354553,983.703934976632,807.406245774623,192.8,-53,1.19650530717959,7.47969061435917
198.367532491684,984.576269155572,807.205258972006,192.8,-53,1.34376530717959,7.62695061435917
198.792038440704,985.19210534459,807.064227783682,192.8,-53,1.41126530717959,7.69445061435917
199.255680322647,985.880159593791,806.905450546591,192.8,-53,1.50330530717959,7.78649061435917
199.660979509354,986.48961263971,806.764201502708,192.8,-53,1.60147530717959,7.88466061435917
200.362436532974,987.473338813374,806.545258041472,192.8,-53,1.76714530717959,8.05033061435917
200.651369333267,987.908553990381,806.436323960746,192.8,-52,1.75487530717959,8.03806061435917
201.353054523468,988.949454884409,806.179817018282,192.8,-53,1.89599530717959,8.17918061435917
201.843661546707,989.634046537305,806.024351981568,192.8,-52,2.09848530717959,8.38167061435917
202.317647457123,990.344140473237,805.868169876822,192.8,-53,2.23347530717959,8.51666061435917
202.609898328781,990.778098071955,805.772922620314,192.8,-53,2.25801530717959,8.54120061435917
203.224376440048,991.659562311082,805.580763416184,192.8,-54,2.33778530717959,8.62097061435917
203.717157363892,992.400767733992,805.419645335224,192.8,-54,2.46050530717959,8.74369061435917
204.134749412537,992.857629484746,805.338843451703,192.8,-54,2.54027530717959,8.82346061435917
205.010180473328,993.686947139453,805.204061673371,192.8,-54,2.73662530717959,9.01981061435917
205.223131418228,993.979838182891,805.139381567945,192.8,-55,2.78570530717959,9.06889061435917
205.849038362503,994.872060705496,804.93838761714,192.8,-55,2.89615530717959,9.17934061435917
206.482744455338,995.728357167751,804.74329369394,192.8,-56,2.97592530717959,9.25911061435917
207.088627338409,996.534746465385,804.560237233997,192.8,-57,3.13545530717959,9.41864061435917
207.667900323868,997.326061188484,804.359770310312,192.8,-57,3.30112530717959,9.58431061435917
208.003987312317,997.797087879922,804.202278308867,192.8,-57,3.49133530717959,9.77452061435917
208.751417398453,998.969320048141,803.914363115193,192.8,-58,3.66928530717959,9.95247061435917
209.127514362335,999.536677846969,803.792525380376,192.8,-58,3.77972530717959,10.0629106143592
209.403853416443,999.926733908081,803.708885310361,192.8,-58,3.84722530717959,10.1304106143592
210.191306352615,1001.09235708406,803.465712869295,192.8,-59,4.29514530717959,10.5783306143592
210.531393527985,1001.5949478785,803.360506084433,192.8,-59,4.47308530717959,10.7562706143592
211.096211433411,1002.38312279155,803.207543486452,192.8,-59,4.62034530717959,10.9035306143592
211.484942436218,1002.78589387208,803.179618024869,192.8,-59,4.93328530717959,11.2164706143592
212.009940385818,1003.41783741318,803.07825253213,192.8,-59,5.28916530717959,11.5723506143592
212.274358510971,1003.77496767903,802.999094792792,192.8,-59,5.44256430717959,11.7257496143592
213.00920343399,1004.70964780552,802.791522709885,192.8,-58,5.88435030717959,12.1675356143592
213.345057487488,1005.16548302481,802.68939108264,192.8,-58,6.02547630717959,12.3086616143592
213.906739473343,1005.98479777625,802.50480480862,192.8,-58,6.20341830717959,12.4866036143592
214.518279314041,1006.8845770447,802.304559814561,192.8,-58,0.0184053071795862,12.5847759215388
215.006855487823,1007.41680658201,802.129074573044,192.8,-57,0.214755307179586,12.7811259215388
215.562093496323,1008.08562181871,801.940610434015,192.8,-56,0.417245307179586,12.9836159215388
215.873777389526,1008.50934817998,801.842029198944,192.8,-56,0.478605307179587,13.0449759215388
216.252132415771,1009.04522755262,801.719087057458,192.8,-56,0.570645307179587,13.1370159215388
216.890627384186,1009.95497452247,801.510330757066,192.8,-56,0.625865307179586,13.1922359215388
217.424463510513,1010.67230171024,801.340982379748,192.8,-56,0.766995307179586,13.3333659215388
218.187982320786,1011.73837603294,801.094213949534,192.8,-56,1.00629530717959,13.5726659215388
218.638974428177,1012.53773338968,800.931219988511,192.8,-56,1.07992530717959,13.6462959215388
219.36726140976,1013.66712372537,800.689355656693,192.8,-56,1.20264530717959,13.7690159215388
219.83106136322,1014.36458654679,800.538110302852,192.8,-56,1.28854530717959,13.8549159215388
220.303173542023,1015.10701912217,800.379768488104,192.8,-57,1.32535530717959,13.8917259215388
220.915931463242,1015.99659313418,800.18432309328,192.8,-57,1.47875530717959,14.0451259215388
221.234450340271,1016.44665489823,800.08539862633,192.8,-57,1.54011530717959,14.1064859215388
221.752705335617,1017.16286918203,799.9329381914,192.8,-58,1.69351530717959,14.2598859215388
222.250567436218,1017.67419842034,799.931556220486,192.8,-58,1.85304530717959,14.4194159215388
222.88879942894,1018.5201232194,799.785403346177,192.8,-59,2.06780530717959,14.6341759215388
223.169199466705,1018.9285458174,799.692662828537,192.8,-59,2.14143530717959,14.7078059215388
223.712917327881,1019.68343351529,799.525077759605,192.8,-61,2.33778530717959,14.9041559215388
224.079506397247,1020.23545181066,799.403563252261,192.8,-61,2.57095530717959,15.1373259215388
224.540124416351,1020.96912737488,799.242947790905,192.8,-62,2.78570530717959,15.3520759215388
225.057971477509,1021.80814848729,799.062091095045,192.8,-63,2.90229530717959,15.4686659215388
225.472283363342,1022.45838627984,798.902195933112,192.8,-65,3.13545530717959,15.7018259215388
231.618248462677,1031.58749579766,796.807971329825,192.8,-66,1.36217530717959,20.2117312287183
232.11897444725,1032.33007836711,796.685557203167,192.8,-64,1.55238530717959,20.4019412287183
232.343329429626,1032.6629192386,796.6308095458,192.8,-65,1.61374530717959,20.4633012287183
232.970859527588,1033.13129789944,796.609417145317,192.8,-64,1.83464530717959,20.6842012287183
233.579164505005,1034.04704757066,796.475029843102,192.8,-63,1.95735530717959,20.8069112287183
234.650564432144,1035.60796969578,796.226901564215,192.8,-61,2.16598530717959,21.0155412287183
235.132893323898,1036.4124823467,796.099736661328,192.8,-61,2.27029530717959,21.1198512287183
235.621648311615,1037.15520398194,795.981400133651,192.8,-61,2.29483530717959,21.1443912287183
235.893585443497,1037.56025871439,795.916747166742,192.8,-62,2.44209530717959,21.2916512287183
236.4573533535,1038.72346414973,795.619644419312,192.8,-60,2.60776530717959,21.4573212287183
236.983694314957,1039.55109089084,795.456763447876,192.8,-60,2.78570530717959,21.6352612287183
237.886044502258,1040.83973069694,795.265371880634,192.8,-60,2.90229530717959,21.7518512287183
238.360636472702,1041.50012578641,795.170677604559,192.8,-60,3.12932530717959,21.9788812287183
238.932530403137,1042.33026191851,795.053742602401,192.8,-60,3.14159530717959,21.9911512287183
239.078179359436,1042.55647535816,795.022513136396,192.8,-60,3.13545530717959,21.9850112287183
239.628833532333,1043.35336036656,794.900636751775,192.8,-60,3.18454530717959,22.0341012287183
240.253897428513,1044.15535978492,794.766426166295,192.8,-60,3.37475530717959,22.2243112287183
240.665528535843,1044.66478324387,794.703044410356,192.8,-60,3.60792530717959,22.4574812287183
241.116298437119,1045.2973458675,794.6239772465,192.8,-60,3.77359530717959,22.6231512287183
241.90305352211,1046.4597555461,794.479294361756,192.8,-60,4.01289530717959,22.8624512287183
242.254784345627,1046.97614475576,794.415476449996,192.8,-60,4.00062530717959,22.8501812287183
242.574410438538,1047.38446241133,794.363562932472,192.8,-60,4.11720530717959,22.9667612287183
243.017857313156,1047.97791518297,794.281287757855,192.8,-59,4.29514530717959,23.1447012287183
243.515751361847,1048.96275183409,794.070047432689,192.8,-59,4.33196530717959,23.1815212287183
243.795870542526,1049.45849732208,793.976941722093,192.8,-60,4.41172530717959,23.2612812287183
244.31289434433,1050.22928533273,793.868734943675,192.8,-60,4.51603530717959,23.3655912287183
244.638480424881,1050.67712137713,793.805091207941,192.8,-60,4.66943530717959,23.5189912287183
245.212263345718,1051.48043646429,793.690902713073,192.8,-60,4.82283530717959,23.6723912287183
245.718434333801,1052.26791991763,793.579811297335,192.8,-61,4.86578530717959,23.7153412287183
246.149788379669,1052.8572583372,793.494896969927,192.8,-61,4.93941530717959,23.7889712287183
246.402148485184,1053.19245689762,793.446363011699,192.8,-61,5.02532530717959,23.8748812287183
247.016251325607,1053.95292796522,793.258534336718,192.8,-61,5.01918530717959,23.8687412287183
247.276051521301,1054.26790682888,793.178813975668,192.8,-61,5.08054530717959,23.9301012287183
247.699684381485,1054.76756643236,793.103865035146,192.8,-61,5.11735530717959,23.9669112287183
248.049469470978,1055.21560361451,793.03793812492,192.8,-62,5.27689530717959,24.1264512287183
248.519147396088,1055.90983100655,792.938859069939,192.8,-62,5.29530130717959,24.1448572287183
248.811195373535,1056.3300406415,792.879046856209,192.8,-63,5.26462530717959,24.1141812287183
249.197385311127,1056.87676205344,792.80135486609,192.8,-63,5.31984530717959,24.1694012287183
249.565338373184,1057.45838278096,792.721364144212,192.8,-64,5.35052530717959,24.2000812287183
249.949438333511,1058.08956553552,792.635500544267,192.8,-64,5.31370930717959,24.1632652287183
250.34240436554,1058.87413217704,792.668269654819,192.8,-64,5.29530130717959,24.1448572287183
250.538165330887,1059.26959318391,792.688607649458,192.8,-65,5.30757330717959,24.1571292287183
250.980360507965,1060.03690124261,792.626662384126,192.8,-64,5.32598130717959,24.1755372287183
251.21025633812,1060.40887280174,792.571378537724,192.8,-65,5.39347630717959,24.2430322287183
251.666369438171,1061.12496737319,792.462798257368,192.8,-66,5.25234530717959,24.1019012287183
257.31177854538,1070.21710251956,791.173052997392,192.8,-64,4.12947530717959,29.2622165358979
257.451666355133,1070.47265614089,791.138979181215,192.8,-64,3.98221530717959,29.1149565358979
257.886957406998,1071.09094134,791.057235801371,192.8,-64,4.00675530717959,29.1394965358979
258.322208404541,1071.63112491967,790.986134540599,192.8,-63,3.88403530717959,29.0167765358979
258.574916362762,1071.97323371423,790.939729684308,192.8,-63,4.01902530717959,29.1517665358979
258.839904546738,1072.33196712662,790.891069805597,192.8,-63,4.01289530717959,29.1456365358979
259.136745452881,1072.74210990174,790.835486089479,192.8,-63,3.93312530717959,29.0658665358979
259.541760444641,1073.33033248196,790.755935988154,192.8,-63,3.99448530717959,29.1272265358979
259.740410327911,1073.61884117737,790.716918621727,192.8,-62,3.96994530717959,29.1026865358979
260.144515514374,1074.25777705107,790.63110019765,192.8,-62,4.04970530717959,29.1824465358979
260.437246322632,1074.72421688083,790.568488004285,192.8,-61,4.04970530717959,29.1824465358979
260.765064477921,1075.47641019425,790.339889763325,192.8,-62,4.06198530717959,29.1947265358979
261.301193475723,1076.61743206861,790.020178508163,192.8,-61,4.16015530717959,29.2928965358979
261.536138534546,1076.97453850138,789.970813795397,192.8,-61,4.27060530717959,29.4033465358979
261.825553417206,1077.4148564096,789.909948400579,192.8,-61,4.28287530717959,29.4156165358979
262.197619438171,1077.99682058578,789.829581919106,192.8,-61,4.29514530717959,29.4278865358979
262.491599321365,1078.45658573759,789.766073118413,192.8,-60,4.31355530717959,29.4462965358979
262.858248472214,1079.02479699935,789.686102644535,192.8,-60,4.35036530717959,29.4831065358979
263.102649450302,1079.40355524225,789.632795928868,192.8,-60,4.34423530717959,29.4769765358979
263.389910459518,1079.79741122232,789.575172796676,192.8,-60,4.40559530717959,29.5383365358979
263.552569389343,1080.00889952017,789.543674539549,192.8,-60,4.42400530717959,29.5567465358979
263.997347354889,1080.62790016106,789.444798461258,192.8,-60,4.56512530717959,29.6978665358979
264.3131275177,1081.18106861097,789.338994019647,192.8,-60,4.54058530717959,29.6733265358979
264.540338516235,1081.57908587318,789.262865321082,192.8,-60,4.64489530717959,29.7776365358979
265.115612506866,1082.3463180043,789.143245480686,192.8,-60,4.78601530717959,29.9187565358979
265.414779424667,1082.7511231878,789.083774047799,192.8,-60,4.85965530717959,29.9923965358979
265.699967384338,1083.23060398982,789.013761364318,192.8,-60,4.84737530717959,29.9801165358979
266.000737428665,1083.73628263855,788.93992333154,192.8,-60,4.91487530717959,30.0476165358979
266.318087339401,1084.2379439429,788.865249865115,192.8,-60,4.97623530717959,30.1089765358979
266.59647154808,1084.67612170841,788.799936575539,192.8,-59,5.01918530717959,30.1519265358979
267.082876443863,1085.46823491329,788.683504183755,192.8,-59,5.09281530717959,30.2255565358979
267.24382853508,1085.73255297139,788.644783906823,192.8,-59,5.10508530717959,30.2378265358979
267.575151443481,1086.35079004752,788.476593962945,192.8,-59,5.24007530717959,30.3728165358979
267.930619478226,1087.07566641541,788.222640677593,192.8,-59,5.20939530717959,30.3421365358979
268.283056497574,1087.68338861595,788.056504861763,192.8,-59,5.36893230717959,30.5016735358979
268.523892402649,1088.02070534405,788.003153746604,192.8,-60,5.35052530717959,30.4832665358979
269.052862405777,1088.73296505268,787.889011311642,192.8,-60,5.53460230717959,30.6673435358979
269.349563360214,1089.11370864057,787.82698005294,192.8,-60,5.67572930717959,30.8084705358979
269.672956466675,1089.5396808503,787.759814848465,192.8,-59,5.63891330717959,30.7716545358979
269.927798509598,1089.88312060788,787.707202800494,192.8,-60,5.80458330717959,30.9373245358979
270.319980382919,1090.43264139751,787.623086880758,192.8,-61,5.90275830717959,31.0354995358979
270.591238498688,1090.84568198429,787.559961809948,192.8,-61,6.06229230717959,31.1950335358979
270.850220441818,1091.24002983063,787.499693554187,192.8,-61,6.09297130717959,31.2257125358979
271.150868415833,1091.6437983092,787.467215268242,192.8,-61,6.09297130717959,31.2257125358979
271.458689451218,1092.0472207752,787.440886644145,192.8,-62,6.16660230717959,31.2993435358979
271.783439397812,1092.53869555515,787.379223619117,192.8,-63,0.116585307179586,31.5325118430775
272.134918451309,1093.14189196577,787.275818520154,192.8,-63,0.245435307179586,31.6613618430775
272.344849348068,1093.50403063127,787.213544639528,192.8,-63,0.355885307179586,31.7718118430775
272.605107545853,1093.96662206456,787.132591138702,192.8,-63,0.411105307179586,31.8270318430775
272.831286430359,1094.36863981176,787.062238032942,192.8,-63,0.650405307179586,32.0663318430775
278.276024341583,1103.41263863303,784.939234714277,192.8,-64,5.12349530717959,36.5394218430775
278.588763475418,1103.85621531486,784.789366087794,192.8,-64,5.29530130717959,36.7112278430775
278.708486318588,1104.02602540822,784.731993357224,192.8,-63,5.28916530717959,36.7050918430775
278.993853330612,1104.4628516978,784.605271934723,192.8,-63,5.39961230717959,36.8155388430775
279.111629486084,1104.64609818187,784.553897474012,192.8,-63,5.46710730717959,36.8830338430775
279.376976490021,1105.05894834949,784.438151980589,192.8,-63,5.54687430717959,36.9628008430775
279.609796524048,1105.43865348164,784.329913093822,192.8,-63,5.55914630717959,36.9750728430775
279.762762546539,1105.69730963994,784.255284431755,192.8,-63,5.60209830717959,37.0180248430775
279.940405368805,1105.99769275253,784.168616517302,192.8,-63,5.70640830717959,37.1223348430775
280.121484518051,1106.3038864832,784.080272096651,192.8,-62,5.69413630717959,37.1100628430775
280.379737377167,1106.69102760524,783.966922245904,192.8,-62,5.78617530717959,37.2021018430775
280.706298351288,1107.15219542354,783.830832526974,192.8,-63,5.94570930717959,37.3616358430775
280.960142374039,1107.51020932165,783.724986915704,192.8,-62,6.00093330717959,37.4168598430775
281.149660348892,1107.77539818382,783.645692820285,192.8,-62,6.05615630717959,37.4720828430775
281.35547041893,1108.06338426185,783.559582131605,192.8,-62,6.11751530717959,37.5334418430775
281.472965478897,1108.22779284255,783.510422338169,192.8,-62,6.16660230717959,37.5825288430775
281.673459529877,1108.49126873233,783.433822213292,192.8,-62,6.17273830717959,37.5886648430775
281.80469250679,1108.59313578887,783.4138126129,192.8,-62,6.14205930717959,37.5579858430775
282.088900327683,1108.81374660516,783.370478345415,192.8,-61,6.28318530717959,37.6991118430775
282.187105417252,1108.88997640385,783.355504634957,192.8,-62,6.25250570717959,37.6684322430775
282.401106357574,1109.08033002915,783.31308739877,192.8,-62,0.0552253071795858,37.7543371502571
282.569091320038,1109.33186950297,783.238557184305,192.8,-62,0.0245453071795865,37.7236571502571
282.769875526428,1109.63252232859,783.149474865602,192.8,-61,0.0920353071795859,37.7911471502571
283.105306386948,1110.13350825697,783.001213654121,192.8,-61,0.269985307179586,37.9690971502571
283.306158542633,1110.41866561415,782.918894643463,192.8,-62,0.331335307179586,38.0304471502571
283.36260843277,1110.49880964561,782.895758724946,192.8,-62,0.325205307179586,38.0243171502571
283.691048383713,1110.96510819284,782.761148012255,192.8,-62,0.533825307179586,38.2329371502571
283.843053340912,1111.18190485514,782.698492319467,192.8,-62,0.595185307179587,38.2942971502571
284.093904495239,1111.57033310326,782.584044710648,192.8,-62,0.754715307179586,38.4538271502571
284.231327533722,1111.78312459003,782.521347219008,192.8,-62,0.705635307179587,38.4047471502571
284.553205490112,1112.28153366071,782.374494546397,192.8,-63,0.828345307179586,38.5274571502571
284.833729505539,1112.63753528552,782.269588006289,192.8,-63,0.926525307179586,38.6256371502571
285.017554521561,1112.86979924382,782.201144265386,192.8,-63,1.04310530717959,38.7422171502571
285.170587539673,1113.06315733678,782.144165337992,192.8,-63,1.17809530717959,38.8772071502571
285.31027841568,1113.24438708232,782.090525194249,192.8,-63,1.33149530717959,39.0306071502571
285.673135519028,1113.92738328791,781.878093286186,192.8,-64,1.27627530717959,38.9753871502571
285.886624336243,1114.32922756972,781.753107895594,192.8,-64,1.58920530717959,39.2883171502571
285.979761362076,1114.50453689854,781.698581538175,192.8,-64,1.62601530717959,39.3251271502571
286.300105333328,1114.97070954044,781.558548556948,192.8,-63,1.61374530717959,39.3128571502571
286.389174461365,1115.09404370243,781.521794976677,192.8,-63,1.73033530717959,39.4294471502571
287.974627494812,1117.26247752187,780.86304721104,192.8,-65,2.86547530717959,40.5645871502571
288.087650537491,1117.40877095005,780.818215354016,192.8,-64,2.90842530717959,40.6075371502571
288.53661942482,1118.0452162,780.62643514,192.8,-65,3.04341530717959,40.7425271502571
288.674245357513,1118.24525648151,780.566423055547,192.8,-64,3.04341530717959,40.7425271502571
289.417714357376,1119.44573889815,780.117197314107,192.8,-64,3.76132530717959,41.4604371502571
289.758897542953,1119.97117878193,779.919799525213,192.8,-63,3.68768530717959,41.3867971502571
289.968230485916,1120.23965546238,779.83618022578,192.8,-64,3.77359530717959,41.4727071502571
290.131136417389,1120.44858790793,779.771106474509,192.8,-64,3.71836530717959,41.4174771502571
290.263852357864,1120.61880065437,779.718092296191,192.8,-63,3.88403530717959,41.5831471502571
290.385845422745,1120.77604940147,779.669105281803,192.8,-64,3.84108530717959,41.5401971502571
290.638155460358,1121.14814297011,779.552562767852,192.8,-63,4.06198530717959,41.7610971502571
290.930973529816,1121.57997565286,779.4173095125,192.8,-64,4.43013530717959,42.1292471502571
291.126954317093,1121.86876037643,779.327006223141,192.8,-64,4.53444530717959,42.2335571502571
291.371639490128,1122.22741224023,779.216027155854,192.8,-65,4.47922530717959,42.1783371502571
291.420285463333,1122.2987159843,779.193963355801,192.8,-64,4.48535530717959,42.1844671502571
291.679737329483,1122.67901240441,779.076286727691,192.8,-64,4.62648530717959,42.3255971502571
291.973491430283,1123.09826239089,778.946438658826,192.8,-63,4.74920530717959,42.4483171502571
292.13810133934,1123.32709806415,778.875499600115,192.8,-63,4.71238530717959,42.4114971502571
292.411078453064,1123.70658251901,778.757859419108,192.8,-64,4.90260530717959,42.6017171502571
292.560474395752,1123.92386187876,778.685157478151,192.8,-62,4.93328530717959,42.6323971502571
292.825775384903,1124.43847410462,778.444392472481,192.8,-62,4.78601530717959,42.4851271502571
292.984161376953,1124.74570012807,778.300654582938,192.8,-62,4.80442530717959,42.5035371502571
293.263874530792,1125.28826805878,778.04681030107,192.8,-62,4.92714530717959,42.6262571502571
293.295500516891,1125.32873452883,778.033783725524,192.8,-62,4.95782530717959,42.6569371502571
293.541297435761,1125.63852511942,777.93608053926,192.8,-62,5.20326530717959,42.9023771502571
293.72724032402,1125.87287857444,777.862169064983,192.8,-61,5.11122530717959,42.8103371502571
293.96088051796,1126.16734741482,777.769298123019,192.8,-61,5.13576530717959,42.8348771502571
294.19283246994,1126.45896903345,777.67745230436,192.8,-62,5.27075530717959,42.9698671502571
294.338863372803,1126.64250945121,777.619656598343,192.8,-62,5.22780530717959,42.9269171502571
294.433192491531,1126.76106795847,777.582323281162,192.8,-62,5.31370930717959,43.0128211502571
294.711268424988,1127.11057050892,777.472267158893,192.8,-61,5.33825330717959,43.0373651502571
294.754553318024,1127.1655902069,777.454949747413,192.8,-61,5.38120430717959,43.0803161502571
294.977966547012,1127.45332282086,777.364433862603,192.8,-62,5.58369030717959,43.2828021502571
295.157541513443,1127.68459638836,777.291679052829,192.8,-62,5.62664130717959,43.3257531502571
295.480973482132,1128.10110665367,777.160655707748,192.8,-62,5.48551530717959,43.1846271502571
295.659807443619,1128.32418733374,777.091252829503,192.8,-62,5.65118530717959,43.3502971502571
295.838979482651,1128.54768973779,777.021718748244,192.8,-61,5.84139930717959,43.5405111502571
296.248897314072,1129.07157283963,776.855391369307,192.8,-62,5.85367030717959,43.5527821502571
296.45844745636,1129.38851931448,776.741988502157,192.8,-63,5.63891330717959,43.3380251502571
296.635999441147,1129.65706828833,776.645902172065,192.8,-61,5.92730130717959,43.6264131502571
296.938695430756,1130.11273386745,776.484135696332,192.8,-62,6.12365130717959,43.8227631502571
297.021731376648,1130.22740677956,776.449511156852,192.8,-62,6.19114650717959,43.8902583502571
297.352692365646,1130.68446498481,776.311506203614,192.8,-62,6.25250570717959,43.9516175502571
297.452792406082,1130.82270346714,776.26976623468,192.8,-62,6.19728240717959,43.8963942502571
297.671275377274,1131.12417339852,776.17874354066,192.8,-62,0.0859053071795861,44.0682024574367
297.726799488068,1131.19642450714,776.15699134519,192.8,-62,0.0552253071795858,44.0375224574367
297.932799339294,1131.46448314717,776.076288584417,192.8,-62,0.227025307179586,44.2093224574367
298.152484416962,1131.75034977669,775.990224482124,192.8,-62,0.165665307179586,44.1479624574367
298.334174394608,1131.98677503634,775.919045387996,192.8,-62,0.245435307179586,44.2277324574367
298.405437469482,1132.08241689852,775.890254174056,192.8,-62,0.288385307179587,44.2706824574367
298.557594537735,1132.30995260776,775.821782780072,192.8,-62,0.331335307179586,44.3136324574367
298.736679315567,1132.57775601911,775.741193790547,192.8,-62,0.423375307179586,44.4056724574367
298.874799489975,1132.78430095458,775.679039064594,192.8,-63,0.435655307179586,44.4179524574367
299.118999481201,1133.14906115796,775.569326958402,192.8,-63,0.527685307179587,44.5099824574367
299.243049383163,1133.3264131374,775.517008124467,192.8,-63,0.601325307179586,44.5836224574367
299.361731529236,1133.49609092995,775.466953175666,192.8,-64,0.564505307179586,44.5468024574367
299.555175542831,1133.77265445946,775.38536693446,192.8,-63,0.429515307179586,44.4118124574367
299.71098947525,1133.99541891878,775.319651418961,192.8,-62,0.533825307179586,44.5161224574367
299.931903362274,1134.3379233714,775.214961834007,192.8,-63,0.681085307179586,44.6633824574367
300.217302322388,1134.80949121278,775.06715107364,192.8,-64,0.920385307179586,44.9026824574367
300.338052511215,1135.00900807812,775.004613434337,192.8,-64,0.920385307179586,44.9026824574367
300.43560552597,1135.17019599755,774.954089825977,192.8,-64,0.871305307179586,44.8536024574367
300.598646402359,1135.4288938099,774.873797295895,192.8,-65,0.699495307179586,44.6817924574367
300.708275318146,1135.59235482018,774.823875419784,192.8,-65,0.779265307179586,44.7615624574367
300.877089500427,1135.84406338252,774.747002264256,192.8,-65,0.908115307179586,44.8904124574367
301.063309431076,1136.12172459789,774.662203028211,192.8,-65,0.908115307179586,44.8904124574367
301.111674547195,1136.19383888167,774.640178936139,192.8,-65,0.963335307179586,44.9456324574367
