21.3696870803833,4,5.65732,-64,8.67956787527417,1.98005530875012,1.928,-2.06401591585362
21.5053341388702,4,5.62664,-65,8.67758492363071,1.98113611991177,1.928,-2.06366443254902
21.6314971446991,4,5.70027,-64,8.67574061426976,1.98214136386183,1.928,-2.06333752394737
21.7540111541748,4,5.62664,-64,8.67394964763069,1.98311753327071,1.928,-2.06302007048107
21.8886229991913,4,5.78004,-64,8.67225693484399,1.98419558679104,1.928,-2.06275335847163
21.9790561199188,4,5.85367,-64,8.6711371958379,1.98492017823052,1.928,-2.06257938249382
22.0867080688477,4,5.74936,-64,8.66980425404259,1.9857827347807,1.928,-2.06237228079339
22.2301661968231,4,5.76777,-64,8.66802796168043,1.98693218678035,1.928,-2.06209629487266
22.4641761779785,4,5.92117,-64,8.66513046017206,1.98880718155808,1.928,-2.06164610455566
22.5153610706329,4,5.85981,-64,8.66449669103563,1.98921729828025,1.928,-2.06154763464025
22.72207903862,4,5.87208,-64,8.6619371180589,1.99087361699164,1.928,-2.06114994892155
22.8306519985199,4,5.93957,-64,8.6604320657672,1.99171536325171,1.928,-2.06100991278913
22.9005591869354,4,6.00093,-64,8.65943853268529,1.99225304842393,1.928,-2.06093022913878
23.0520031452179,4,5.98866,-64,8.6572861848936,1.99341786670137,1.928,-2.06075760586936
23.1956520080566,4,6.01934,-64,8.65524462234984,1.99452272966761,1.928,-2.06059386783297
23.4967520236969,4,6.06229,-64,8.65096533672439,1.99683861473514,1.928,-2.06025065923151
23.6522681713104,4,6.09911,-64,8.64875511427192,1.9980347539092,1.928,-2.06007339428048
23.8509151935577,4,6.14206,-64,8.64581605184475,1.99961696060003,1.928,-2.06041827344609
23.9568350315094,4,6.20955,-64,8.64421929804856,2.00047449662926,1.928,-2.06074826199404
24.1388230323792,4,6.22183,-64,8.64147580790668,2.00194788698418,1.928,-2.06131523752303
24.2123491764069,4,0.00613592,-64,8.64036739278949,2.00254316090843,1.928,-2.06154430495717
24.4543440341949,4,0.0674952,-65,8.63671929234575,2.00450237188774,1.928,-2.06229822918212
24.6213171482086,4,0.0368155,-64,8.6342021533582,2.00585420043985,1.928,-2.06281842649837
24.6638400554657,4,0.0368155,-64,8.63356111561776,2.00619846951867,1.928,-2.06295090472617
24.9166951179504,4,0.19635,-64,8.63012571788442,2.00805240666838,1.928,-2.06366726769446
25.0604341030121,4,0.184078,-64,8.62820010567263,2.00909229772153,1.928,-2.06406931859583
25.2530100345612,4,0.294524,-64,8.62562024492483,2.01048550352568,1.928,-2.06460797083987
25.48033618927,4,0.288388,-64,8.62257484969416,2.01213011256705,1.928,-2.06524382259133
25.6499991416931,4,0.325204,-64,8.62029369186189,2.01336198934889,1.928,-2.06569822440748
25.7595801353455,4,0.460194,-63,8.61868809277572,2.01422872867859,1.928,-2.06566862265442
25.9817821979523,4,0.435651,-64,8.61543235091051,2.01598625304831,1.928,-2.06560859791502
26.0633630752563,4,0.527689,-64,8.61423701422226,2.01663152329595,1.928,-2.06558655999672
87.2543530464172,4,4.29208,-64,7.80935099966902,2.48198967393158,1.928,-2.11218041563443
87.8220860958099,4,5.04066,-64,7.80265223533653,2.48621359131606,1.928,-2.11080803247465
88.375214099884,4,4.86886,-65,7.79540952890958,2.49061391733859,1.928,-2.11088076597458
88.8917660713196,4,4.84124,-63,7.78846247598691,2.49484352867624,1.928,-2.11732004233823
89.2004210948944,4,4.97623,-62,7.78431140716482,2.49737084607957,1.928,-2.12116769970426
112.102216005325,4,5.4487,-64,7.49241994933739,2.6821862743833,1.928,-2.13765122101212
112.369153022766,4,5.36893,-63,7.48880221014297,2.68445383795588,1.928,-2.13761159960561
112.637813091278,4,5.3628,-65,7.48506391632348,2.6868078634736,1.928,-2.13754219200239
112.921694040298,4,5.35052,-64,7.48099245271528,2.68938494434025,1.928,-2.13743197722318
113.454751014709,4,5.56528,-64,7.47311124650612,2.6942733833302,1.928,-2.13729482179019
113.774813175201,4,5.50392,-64,7.46734670884687,2.69742432274826,1.928,-2.13751780010167
114.065319061279,4,5.58369,-64,7.46211449983485,2.70028428734455,1.928,-2.13772018738749
114.336642980576,4,5.55301,-64,7.45757979012626,2.70283092170039,1.928,-2.13788897682156
114.593599081039,4,5.59596,-63,7.45423236617268,2.70490774898733,1.928,-2.1379943850652
114.920165061951,4,5.52847,-63,7.44997811891039,2.70754719260794,1.928,-2.13812834859601
115.200083017349,4,5.57142,-63,7.44636294559044,2.70979173047534,1.928,-2.13818893795471
115.477958202362,4,5.55301,-63,7.44301447575304,2.71188297962656,1.928,-2.13783370360849
115.753648996353,4,5.49165,-64,7.43969232840805,2.71395778936139,1.928,-2.13748126177761
115.84100818634,4,5.58983,-63,7.43863962694902,2.71461524220988,1.928,-2.13736958219478
116.273296117783,4,5.41802,-63,7.43316641944814,2.71803331008651,1.928,-2.13679901714581
116.511079072952,4,5.4487,-63,7.42999596970043,2.72001319127784,1.928,-2.13647431663044
116.716433048248,4,5.42416,-63,7.42725790776195,2.72172305510286,1.928,-2.13619389896313
117.205968141556,4,5.46097,-63,7.42047211398778,2.72596141097676,1.928,-2.13590156756471
117.577481031418,4,5.35052,-63,7.41511434268803,2.7293084272519,1.928,-2.13598216744967
117.891022205353,4,5.31371,-63,7.41052120297182,2.73212516396835,1.928,-2.13605877356446
118.03804898262,4,5.33825,-63,7.4081773401864,2.73342469820611,1.928,-2.13611753803258
118.377602100372,4,5.30757,-63,7.40276427236868,2.73642592635147,1.928,-2.13625325248359
118.78876209259,4,5.27689,-63,7.3962625678518,2.7401025762368,1.928,-2.13655866100806
119.066191196442,4,5.30757,-63,7.39205249845231,2.74272555401165,1.928,-2.13723658038465
119.326676130295,4,5.18486,-63,7.38809956188647,2.74518833164635,1.928,-2.1378730953772
119.484483003616,4,5.25849,-63,7.3857047955149,2.74668033055957,1.928,-2.13825870862288
119.917268037796,4,5.16031,-63,7.37973320709568,2.75041996254746,1.928,-2.13912657867918
120.271396160126,4,5.17258,-63,7.37501521632421,2.75338050175656,1.928,-2.13978316572821
120.556888103485,4,5.11122,-62,7.37120442731567,2.75577385793406,1.928,-2.14018653059151
120.796360015869,4,5.11736,-63,7.36798545919015,2.75780199392065,1.928,-2.14013336844245
121.216782093048,4,5.09895,-63,7.36233416901492,2.76136263339522,1.928,-2.14004003582188
121.429969072342,4,5.09282,-63,7.35947899281912,2.7631623877869,1.928,-2.13988149125737
121.796408176422,4,5.00078,-63,7.35467016915611,2.76620146670083,1.928,-2.13855926816898
121.970977067947,4,5.08054,-63,7.35237928096475,2.76764926152228,1.928,-2.13792937082364
122.441281080246,4,5.01919,-63,7.34590454065404,2.771567408949,1.928,-2.13613237018484
122.673890113831,4,5.03146,-63,7.3423608626354,2.77352519807924,1.928,-2.13513089596218
123.030417203903,4,5.01919,-63,7.33692935727779,2.77652596228356,1.928,-2.13359590531764
123.314153194427,4,5.06827,-63,7.33297172308098,2.77886732615959,1.928,-2.13296072328543
123.586966991425,4,5.11736,-62,7.32952324095458,2.78107285944369,1.928,-2.13292334136536
123.829998970032,4,5.01305,-63,7.32645121364659,2.78303762487644,1.928,-2.13289004025633
124.043465137482,4,5.09282,-62,7.32375291073396,2.78476336874468,1.928,-2.13286079036026
124.445131063461,4,5.09282,-63,7.31769447568476,2.78858485861271,1.928,-2.13408061296459
124.514856100082,4,5.07441,-63,7.31664031263247,2.78924968198783,1.928,-2.13429558579247
125.196803092957,4,5.06827,-63,7.3072591774107,2.79519705431478,1.928,-2.13577728579358
125.414113998413,4,5.08054,-63,7.30471642751479,2.79682547573768,1.928,-2.13595098407869
125.695894002914,4,5.04986,-62,7.30141932617691,2.79893699699297,1.928,-2.13617621301258
126.045335054398,4,5.06214,-62,7.2973937854153,2.80153123803388,1.928,-2.13548278971868
126.30939912796,4,5.11736,-62,7.29438004937059,2.80348078518342,1.928,-2.13452414021808
126.512125015259,4,5.11122,-62,7.29206635972131,2.80497748130869,1.928,-2.1337881708452
126.892917156219,4,5.09895,-62,7.28757112059828,2.80779731028805,1.928,-2.13238279201988
126.99745798111,4,5.03759,-61,7.28628423414027,2.8085744560062,1.928,-2.1319888471858
127.354869127274,4,5.09895,-62,7.28188454086804,2.81123141363164,1.928,-2.13064200230654
127.735320091248,4,5.1419,-62,7.27704376352408,2.81421846478513,1.928,-2.12971
128.005913972855,4,5.25849,-62,7.27339271372744,2.81655284679796,1.928,-2.12971
128.246469020844,4,5.22167,-63,7.2701469697593,2.81862808727933,1.928,-2.12971
128.409362077713,4,5.2094,-62,7.26794909795737,2.82003334677639,1.928,-2.12971
128.62816619873,4,5.28303,-62,7.26509397223784,2.82184801761782,1.928,-2.13005000416555
129.07550907135,4,5.17258,-62,7.25930620333598,2.8255209265679,1.928,-2.1309184249187
129.396389007568,4,5.30144,-63,7.25513934454983,2.82816773652641,1.928,-2.13157221043612
129.705674171448,4,5.32598,-63,7.25106792922057,2.83076300633158,1.928,-2.13231371609474
129.83491897583,4,5.30144,-62,7.24936655670341,2.83184752372025,1.928,-2.13262357820579
130.108523130417,4,5.30144,-63,7.24576484449982,2.83414338748578,1.928,-2.13327953928165
130.387899160385,4,5.22167,-63,7.24214593214462,2.83645239467793,1.928,-2.1332195490622
130.926383972168,4,5.27076,-62,7.2352573921393,2.8408508205597,1.928,-2.13202685421331
130.983913183212,4,5.24008,-63,7.23452145258617,2.84132072790951,1.928,-2.13189943224676
131.452934980392,4,5.27689,-63,7.22943397907469,2.84420200131858,1.928,-2.13012297582124
131.767429113388,4,5.19099,-63,7.22637472400384,2.84576753560367,1.928,-2.1286472084103
132.0712890625,4,5.25235,-63,7.2232825335474,2.84741084813335,1.928,-2.12746671682286
132.302850008011,4,5.33825,-64,7.22024451533555,2.84931641511211,1.928,-2.12779338544779
132.621581077576,4,5.30144,-63,7.21606284820735,2.85193932460113,1.928,-2.12824302707448
133.019356012344,4,5.24621,-63,7.21089916698064,2.85518173603821,1.928,-2.12904220743297
133.320442199707,4,5.31371,-64,7.20706934920856,2.85759170215871,1.928,-2.12998762923487
133.58358001709,4,5.14804,-64,7.20372223488775,2.85969792041623,1.928,-2.13081389174674
133.896165132523,4,5.27689,-64,7.19973807328825,2.86220587945922,1.928,-2.13186326912523
134.03204202652,4,5.22781,-64,7.19800180367191,2.86329930368929,1.928,-2.13235641079141
134.48174405098,4,5.21553,-65,7.19225539647561,2.86691813155171,1.928,-2.1339885264448
134.749248027802,4,5.1419,-64,7.188793707053,2.86909713913549,1.928,-2.13477485896858
