25.1847298145294,824.108996290805,950.229855600451,63.3,-63,2.03712530717959,2.03712530717959
25.5314619541168,824.433064754208,949.884156212317,63.3,-62,1.79782530717959,1.79782530717959
25.8116669654846,824.647718216308,949.68524952929,63.3,-61,1.92667530717959,1.92667530717959
26.3035888671875,825.11567888208,949.199542769416,63.3,-61,1.66283530717959,1.66283530717959
26.5417988300323,825.387770636905,948.896199527145,63.3,-61,1.54011530717959,1.54011530717959
27.1187570095062,826.05866838292,948.144365752222,63.3,-60,1.34376530717959,1.34376530717959
27.7679288387299,826.773405038655,947.342942048462,63.3,-59,0.816075307179586,0.816075307179586
28.4463980197906,827.482833976857,946.549820593232,63.3,-59,0.619725307179587,0.619725307179587
28.7228808403015,827.799669278415,946.194904125621,63.3,-58,0.509285307179586,0.509285307179586
29.005038022995,828.14033602783,945.822303124638,63.3,-58,0.398835307179586,0.398835307179586
29.6412148475647,829.156435067653,944.833358455707,63.3,-58,0.214755307179586,0.214755307179586
29.97824883461,829.532799783958,944.42664622336,63.3,-58,6.28318530717959,0
30.2719368934631,829.835194803088,944.090744830918,63.3,-57,6.26477750717959,-0.0184078000000003
30.810017824173,830.429655055432,943.430067149671,63.3,-56,6.01320430717959,-0.269981
31.3002009391785,830.926817246845,942.878028704584,63.3,-56,5.87821430717959,-0.404971
31.8296918869019,831.406833850085,942.345782069372,63.3,-56,5.63277730717959,-0.650408
32.1899688243866,831.840888300619,941.863955945585,63.3,-56,5.70640830717959,-0.576777
32.5590798854828,832.242559313409,941.401121994165,63.3,-56,5.51005930717959,-0.773126
32.9775359630585,832.451925460242,941.052549632682,63.3,-56,5.44256430717959,-0.840621
33.31019282341,832.654365775378,940.753114664824,63.3,-55,5.37506830717959,-0.908117
33.7641417980194,833.150790462637,940.207922816852,63.3,-55,5.22167530717959,-1.06151
34.2692987918854,833.726557990674,939.573853860054,63.3,-55,5.14190530717959,-1.14128
34.4329509735107,833.918528750868,939.362055134019,63.3,-55,5.11735530717959,-1.16583
35.3102338314056,834.832981072176,938.351058467015,63.3,-55,5.03145530717959,-1.25173
35.5989918708801,835.134997368293,938.015190519199,63.3,-55,4.95168530717959,-1.3315
35.9775350093842,835.542388454675,937.56116017741,63.3,-55,4.91487530717959,-1.36831
36.2833149433136,835.748553854,937.158644833566,63.3,-56,4.81056530717959,-1.47262
36.7754709720612,835.98157267825,936.482048006528,63.3,-56,4.68784530717959,-1.59534
37.0341169834137,836.230756435029,936.205557329784,63.3,-56,4.71852530717959,-1.56466
37.6234200000763,836.806932507474,935.576838153631,63.3,-56,4.56512530717959,-1.71806
37.8449199199677,837.027456546554,935.336856111104,63.3,-56,4.57126530717959,-1.71192
38.1753389835358,837.356419855085,934.97886662829,63.3,-56,4.46081530717959,-1.82237
38.6122779846191,837.795772374238,934.502983988529,63.3,-56,4.47308530717959,-1.8101
38.8808538913727,838.066456685386,934.210112438762,63.3,-56,4.38718530717959,-1.896
39.2172019481659,838.426978348516,933.818260690082,63.3,-56,4.30128530717959,-1.9819
39.5655868053436,838.810347558714,933.400803238256,63.3,-56,4.22765530717959,-2.05553
39.8749659061432,839.160514684751,933.094785207248,63.3,-57,4.14174530717959,-2.14144
40.2664549350739,839.611864935164,932.762447709432,63.3,-57,4.06811530717959,-2.21507
40.7733299732208,840.175346618381,932.201956947589,63.3,-57,4.06198530717959,-2.2212
41.1703820228577,840.606813316583,931.736055579464,63.3,-58,3.84108530717959,-2.4421
41.5567789077759,841.014015829146,931.295894116798,63.3,-57,3.71223530717959,-2.57095
41.7577288150787,841.225785929648,931.066983355419,63.3,-58,3.70609530717959,-2.57709
42.4006209373474,841.946193022813,930.288521283406,63.3,-58,3.51588530717959,-2.7673
42.8008239269257,842.368558184834,929.827850565915,63.3,-58,3.42384530717959,-2.85934
43.1845188140869,842.759249596818,929.399366782052,63.3,-58,3.20908530717959,-3.0741
43.428966999054,843.054514242816,929.069659908352,63.3,-59,3.14159530717959,-3.14159
43.7742648124695,843.523240740647,928.540734223055,63.3,-59,2.90842530717959,-3.37476
44.4322669506073,844.299019974046,927.677532109596,63.3,-59,2.65071530717959,-3.63247
44.7703938484192,844.657987810386,927.283403286679,63.3,-60,2.47891530717959,-3.80427
45.3783309459686,845.351259444002,926.527737206037,63.3,-60,2.24574530717959,-4.03744
45.6861128807068,845.711135427115,926.135699227,63.3,-60,2.06166530717959,-4.22152
45.9320709705353,846.000745064265,925.820257574475,63.3,-60,2.01258530717959,-4.2706
46.6496968269348,846.764823240388,924.987306967655,63.3,-60,1.63829530717959,-4.64489
47.1330559253693,847.257906433863,924.582212427535,63.3,-61,1.34990530717959,-4.93328
47.5328478813171,847.664868627547,924.309805884935,63.3,-60,1.25172530717959,-5.03146
47.8029959201813,847.939478542884,924.01268792078,63.3,-60,1.07992530717959,-5.20326
48.4516708850861,848.58824209494,923.29075316864,63.3,-61,0.748585307179586,-5.5346
48.8209450244904,848.937645434738,922.902035810298,63.3,-60,0.490875307179587,-5.79231
49.0965127944946,849.207650811634,922.601786008544,63.3,-61,0.362015307179586,-5.92117
49.809623003006,850.042967323749,921.675533111373,63.3,-61,0.0122753071795865,-6.27091
50.1257209777832,850.446252358275,921.23112515328,63.3,-60,6.13592330717959,-6.43044730717959
50.3104228973389,850.68189929672,920.971449326557,63.3,-60,6.01934030717959,-6.54703030717959
50.9318838119507,851.426076385945,920.310721608394,63.3,-60,5.84753430717959,-6.71883630717959
51.3382999897003,851.86214686062,919.871094917178,63.3,-60,5.51619530717959,-7.05017530717959
51.8876619338989,852.411368007502,919.256727755324,63.3,-59,5.29530130717959,-7.27106930717959
52.2141728401184,852.720480463657,918.911095684097,63.3,-59,5.22167530717959,-7.34469530717959
52.6145880222321,853.114862158867,918.469349385875,63.3,-59,5.02532530717959,-7.54104530717959
52.8587307929993,853.413291930955,918.132271614022,63.3,-59,4.93328530717959,-7.63308530717959
53.4606368541718,854.10879075624,917.344738706243,63.3,-58,4.68784530717959,-7.87852530717959
53.9186899662018,854.563415626151,916.82610056442,63.3,-58,4.44240530717959,-8.12396530717959
54.4658880233765,854.924611964978,916.349159885895,63.3,-58,4.25833530717959,-8.30803530717959
54.9649839401245,855.319276897918,915.864671794394,63.3,-58,4.06811530717959,-8.49825530717959
55.3314208984375,855.672935310152,915.460058318485,63.3,-57,3.89631530717959,-8.67005530717959
55.6087009906769,855.952875396694,915.1408659279,63.3,-57,3.79813530717959,-8.76823530717959
56.1096029281616,856.472754870757,914.549278940173,63.3,-57,3.56497530717959,-9.00139530717959
56.7833290100098,857.178141777294,913.746567964341,63.3,-56,3.42384530717959,-9.14252530717959
57.1726539134979,857.597393947698,913.271980887397,63.3,-56,3.20908530717959,-9.35728530717959
57.7268958091736,858.212645486902,912.645772836766,63.3,-56,2.97592530717959,-9.59044530717959
58.1022458076477,858.655243395566,912.339111891585,63.3,-55,2.81025530717959,-9.75611530717959
58.7073278427124,859.31233603802,911.68690751303,63.3,-54,2.75502530717959,-9.81134530717959
59.196436882019,859.802574682323,911.123514176402,63.3,-54,2.54640530717959,-10.0199653071796
59.8509509563446,860.428067728027,910.406730412892,63.3,-54,2.37460530717959,-10.1917653071796
60.3749577999115,860.952657244101,909.808160324039,63.3,-54,2.11689530717959,-10.4494753071796
60.7511990070343,861.379789873599,909.322769526283,63.3,-53,2.14757530717959,-10.4187953071796
61.4802968502045,862.311476173145,908.216519415861,63.3,-53,1.83464530717959,-10.7317253071796
61.7889459133148,862.745676614593,907.681676487984,63.3,-53,1.71805530717959,-10.8483153071796
62.7550559043884,863.720625252026,906.534792167846,63.3,-52,1.44807530717959,-11.1182953071796
63.1313638687134,864.072945465898,906.12185215247,63.3,-52,1.34376530717959,-11.2226053071796
63.7981448173523,864.724104760104,905.358392346231,63.3,-51,1.21491530717959,-11.3514553071796
64.432089805603,865.367072286363,904.606163848658,63.3,-51,0.994015307179586,-11.5723553071796
65.0198528766632,865.991060408054,903.911051359523,63.3,-51,0.834485307179587,-11.7318853071796
65.4748089313507,866.496270007436,903.385088605866,63.3,-51,0.724035307179586,-11.8423353071796
66.0804049968719,867.15806192349,902.634271705697,63.3,-50,0.595185307179587,-11.9711853071796
66.4542338848114,867.550682957561,902.184606667943,63.3,-50,0.521555307179586,-12.0448153071796
67.007887840271,868.129246120604,901.519586122521,63.3,-50,0.374295307179586,-12.1920753071796
67.6673498153687,868.846508450319,900.693860519748,63.3,-50,0.257705307179586,-12.3086653071796
68.3117959499359,869.442000260692,900.001634570284,63.3,-49,0.153395307179586,-12.4129753071796
69.1294889450073,870.13573607402,899.133067681414,63.3,-50,6.27091350717959,-12.5786424143592
69.5826709270477,870.647810388092,898.536294206807,63.3,-49,6.22182610717959,-12.6277298143592
70.290736913681,871.369576508341,897.70248750784,63.3,-49,6.08070030717959,-12.7688556143592
71.0759398937225,872.126937156384,896.816503282764,63.3,-48,5.95798130717959,-12.8915746143592
71.499214887619,872.613000454284,896.250187545133,63.3,-48,5.90275830717959,-12.9467976143592
72.2789578437805,873.664060499328,894.900441531233,63.3,-48,5.81685530717959,-13.0327006143592
72.6779239177704,874.236399623519,894.122259412424,63.3,-48,5.77390330717959,-13.0756526143592
73.2165899276733,874.802324598249,893.468812619846,63.3,-48,5.68800030717959,-13.1615556143592
73.8766498565674,875.520931480931,892.627797326284,63.3,-48,5.56528230717959,-13.2842736143592
74.2114470005035,875.870567840602,892.213972496416,63.3,-48,5.52846630717959,-13.3210896143592
74.7944660186768,876.448484888828,891.523558108994,63.3,-48,5.47937930717959,-13.3701766143592
75.3537259101868,877.056447319503,890.798157468977,63.3,-47,5.41802030717959,-13.4315356143592
75.9750218391418,877.448843905024,890.442803392626,63.3,-47,5.35666130717959,-13.4928946143592
76.4155259132385,877.794068584355,890.066444689915,63.3,-47,5.28302530717959,-13.5665306143592
77.0338659286499,878.406559216105,889.308906396574,63.3,-46,5.23394530717959,-13.6156106143592
77.4848589897156,878.825739303833,888.787881072717,63.3,-46,5.19712530717959,-13.6524306143592
78.1585738658905,879.516112696446,887.931329708885,63.3,-46,5.14803530717959,-13.7015206143592
78.7458770275116,880.03795630864,887.28425838556,63.3,-46,5.11735530717959,-13.7322006143592
79.2353219985962,880.536729864399,886.684435607045,63.3,-46,5.08667530717959,-13.7628806143592
79.7061588764191,881.220658417304,885.893541925013,63.3,-46,5.06213530717959,-13.7874206143592
80.1218898296356,881.711768480463,885.306706198734,63.3,-46,5.04372530717959,-13.8058306143592
80.6100718975067,882.244940530042,884.659908086721,63.3,-45,5.00691530717959,-13.8426406143592
81.2043318748474,882.891279649553,883.870392579976,63.3,-46,4.99464530717959,-13.8549106143592
81.8669109344482,883.505860555537,883.122928887176,63.3,-45,4.97623530717959,-13.8733206143592
82.0682728290558,883.68719234525,882.903706730248,63.3,-45,4.95782530717959,-13.8917306143592
82.6233289241791,884.181009128777,882.309750629939,63.3,-45,4.95168530717959,-13.8978706143592
83.1135268211365,884.678335883175,881.687530413003,63.3,-45,4.97009530717959,-13.8794606143592
83.6581699848175,885.209181376045,881.042090701771,63.3,-45,4.93941530717959,-13.9101406143592
84.4002659320831,885.960433557517,880.16002509366,63.3,-45,4.94555530717959,-13.9040006143592
84.7829158306122,886.383317290433,879.664113945731,63.3,-45,4.91487530717959,-13.9346806143592
85.4134240150452,887.076484372195,878.850474245348,63.3,-45,4.92101530717959,-13.9285406143592
85.8954048156738,887.566654666222,878.273972560595,63.3,-44,4.93941530717959,-13.9101406143592
86.4744408130646,888.021550317896,877.750390747761,63.3,-44,4.92714530717959,-13.9224106143592
87.0693769454956,888.451535371263,877.257342472393,63.3,-44,4.91487530717959,-13.9346806143592
87.5881199836731,888.942071773317,876.677552722077,63.3,-44,4.95782530717959,-13.8917306143592
88.3501579761505,889.6862706242,875.801737852392,63.3,-44,4.95782530717959,-13.8917306143592
88.7464668750763,890.067069712743,875.35144575511,63.3,-44,4.95782530717959,-13.8917306143592
89.3810229301453,890.72726713261,874.571816049208,63.3,-44,4.99464530717959,-13.8549106143592
89.8527338504791,891.340103453646,873.826356075625,63.3,-44,5.00691530717959,-13.8426406143592
90.4874830245972,892.303488212964,872.622549116452,63.3,-44,5.04986530717959,-13.7996906143592
91.1240749359131,892.890432828058,871.925939335735,63.3,-44,5.04372530717959,-13.8058306143592
91.6550028324127,893.395403131745,871.326698164934,63.3,-44,5.10508530717959,-13.7444706143592
92.3449418544769,894.063207879422,870.535054504471,63.3,-44,5.14190530717959,-13.7076506143592
92.8850769996643,894.605612491653,869.889792635476,63.3,-43,5.17871530717959,-13.6708406143592
93.4882698059082,895.029315975129,869.365383395756,63.3,-44,5.21553530717959,-13.6340206143592
93.7557508945465,895.078368503896,869.284684074236,63.3,-43,5.25234530717959,-13.5972106143592
94.4520490169525,895.626490801381,868.623932036197,63.3,-43,5.28302530717959,-13.5665306143592
94.9874429702759,896.197854656652,867.951780621916,63.3,-43,5.30143730717959,-13.5481186143592
95.6573269367218,896.892273150573,867.133918838124,63.3,-44,5.34438930717959,-13.5051666143592
96.2438559532166,897.445465049153,866.480767729699,63.3,-44,5.39961230717959,-13.4499436143592
96.8951218128204,898.093379322161,865.731026405273,63.3,-44,5.45483530717959,-13.3947206143592
97.7032089233398,899.209658430491,864.535632963834,63.3,-45,5.54073830717959,-13.3088176143592
98.4589078426361,899.93597115249,863.682140976866,63.3,-44,5.60209830717959,-13.2474576143592
99.050586938858,900.533424034559,862.979834658712,63.3,-44,5.65732130717959,-13.1922346143592
99.7652649879456,901.206885539155,862.180305815551,63.3,-44,5.75549630717959,-13.0940596143592
100.377810955048,901.817733705616,861.446249168042,63.3,-44,5.82299130717959,-13.0265646143592
101.167171001434,902.260552911983,860.79012362621,63.3,-44,5.93957330717959,-12.9099826143592
101.631344795227,902.746482698091,860.20956540807,63.3,-44,6.03161230717959,-12.8179436143592
102.212642908096,903.322141383486,859.518163044779,63.3,-45,6.11751530717959,-12.7320406143592
102.921120882034,904.02745226614,858.672945411693,63.3,-45,6.21569010717959,-12.6338658143592
103.570336818695,904.685467844855,857.888295655393,63.3,-45,0.0613553071795865,-12.5050153071796
104.125254869461,905.279754819727,857.229288866754,63.3,-45,0.177945307179586,-12.3884253071796
104.851871967316,906.076631091999,856.383252502815,63.3,-45,0.288385307179587,-12.2779853071796
105.474655866623,906.689677345855,855.650279643266,63.3,-45,0.398835307179586,-12.1675353071796
106.077486991882,907.304984023627,854.915617665148,63.3,-46,0.503145307179587,-12.0632253071796
106.829340934753,908.01106584187,854.070928058873,63.3,-46,0.631995307179587,-11.9343753071796
107.638303995132,908.676842771096,853.236556243662,63.3,-46,0.816075307179586,-11.7502953071796
108.107419967651,908.955866104105,852.819694045905,63.3,-46,0.901985307179586,-11.6643853071796
108.795724868774,909.619828102114,852.034746703558,63.3,-46,1.04310530717959,-11.5232653071796
109.442747831345,910.258828847437,851.27595939186,63.3,-47,1.19036530717959,-11.3760053071796
110.264165878296,911.077953042713,850.306338025715,63.3,-47,1.39899530717959,-11.1673753071796
110.72136592865,911.532335303425,849.769512446231,63.3,-47,1.49716530717959,-11.0692053071796
111.532809972763,912.353972075905,848.810105320709,63.3,-48,1.71192530717959,-10.8544453071796
112.249140024185,913.078088992201,847.955576272327,63.3,-48,1.95122530717959,-10.6151453071796
112.908728837967,913.712114961345,847.199810106304,63.3,-48,2.12302530717959,-10.4433453071796
113.350193977356,914.134437260314,846.698107598533,63.3,-48,2.20893530717959,-10.3574353071796
114.053929805756,914.827380035145,845.881464645067,63.3,-48,2.38687530717959,-10.1794953071796
114.593315839767,915.401097528078,845.18064339822,63.3,-48,2.54640530717959,-10.0199653071796
115.291910886765,916.249624164849,844.003922775519,63.3,-48,2.76116530717959,-9.80520530717959
116.056066989899,916.989743799633,843.125733587553,63.3,-48,2.94524530717959,-9.62112530717959
116.668506860733,917.549845181538,842.461046687668,63.3,-49,3.11704530717959,-9.44932530717959
117.128741979599,918.073987595832,841.841128563127,63.3,-49,3.22749530717959,-9.33887530717959
117.805732965469,918.759446073354,841.033137756171,63.3,-49,3.44225530717959,-9.12411530717959
118.755414962769,919.801293466533,839.990142536638,63.3,-50,3.71223530717959,-8.85413530717959
119.44228386879,920.485253370493,839.180935804615,63.3,-50,3.89017530717959,-8.67619530717959
120.09818983078,921.097897520197,838.454539635231,63.3,-50,4.12947530717959,-8.43689530717959
120.520555019379,921.55436719785,837.912009432364,63.3,-50,4.26446530717959,-8.30190530717959
121.362382888794,922.398465972395,836.905546370601,63.3,-51,4.52831530717959,-8.03805530717959
121.863752841949,922.870623239464,836.344374598246,63.3,-51,4.67557530717959,-7.89079530717959
122.655514955521,923.625905951137,835.450074658099,63.3,-51,4.92101530717959,-7.64535530717959
123.090251922607,924.065659906803,834.927921316805,63.3,-51,5.05600530717959,-7.51036530717959
123.768291950226,924.789770127255,834.063046011855,63.3,-52,5.25848530717959,-7.30788530717959
124.732792854309,925.766774159203,832.894758360209,63.3,-53,5.55914630717959,-7.00722430717959
125.212216854095,926.207046475694,832.403034419294,63.3,-53,5.71868030717959,-6.84769030717959
125.881917953491,926.780756684932,831.800081006061,63.3,-53,5.93957330717959,-6.62679730717959
126.764303922653,927.572773248017,830.866552488322,63.3,-54,6.23409790717959,-6.33227270717959
127.203559875488,927.948301520759,830.422003497971,63.3,-54,0.159535307179587,-6.12365
127.942196846008,928.742705392443,829.489301773297,63.3,-55,0.404975307179586,-5.87821
128.663546800613,929.43765645059,828.642189082069,63.3,-55,0.791535307179586,-5.49165
129.275770902634,930.005070742774,827.806176323934,63.3,-55,1.05537530717959,-5.22781
130.064510822296,930.75845980682,826.92541210262,63.3,-56,1.39285530717959,-4.89033
130.474752902985,931.078212431975,826.552185488958,63.3,-56,1.58306530717959,-4.70012
130.991551876068,931.536094139747,826.018358320835,63.3,-56,1.77941530717959,-4.50377
131.797380924225,932.298457469486,825.130427039404,63.3,-56,2.09234530717959,-4.19084
132.317891836166,932.892723187483,824.364578734036,63.3,-57,2.32551530717959,-3.95767
133.030779838562,933.853276831194,823.057770837547,63.3,-58,2.68139530717959,-3.60179
133.798758983612,934.584356648484,822.207970987557,63.3,-59,2.91456530717959,-3.36862
134.100631952286,934.865260662034,821.882188817996,63.3,-59,3.12932530717959,-3.15386
135.252708911896,935.961084581494,820.60905748007,63.3,-59,3.81040530717959,-2.47278
135.895109891891,936.484288644095,820.058617140438,63.3,-59,4.09879530717959,-2.18439
136.840370893478,937.328757534455,819.196446783404,63.3,-59,4.47922530717959,-1.80396
137.709712982178,938.199330844662,818.182095522942,63.3,-58,4.87192530717959,-1.41126
138.444319963455,938.945166638108,817.309220245688,63.3,-58,5.17258530717959,-1.1106
139.190258979797,939.677107996196,816.459871489613,63.3,-58,5.49778730717959,-0.785398
139.833992958069,940.241114683304,815.788730094279,63.3,-58,5.82912730717959,-0.454058
143.342770338058,939.867558720403,816.115999789499,63.3,-57,5.66959330717959,-0.613592
144.620252132416,938.949157255336,816.500747311275,63.3,-55,5.40574830717959,-0.877437
145.092302322388,938.357576896742,816.876327187533,63.3,-54,5.31984530717959,-0.96334
146.019498348236,937.538024724032,817.254611405702,63.3,-54,5.24621530717959,-1.03697
146.33571434021,937.34457569151,817.204224221283,63.3,-54,5.20939530717959,-1.07379
147.153814315796,937.169183825846,817.182605391385,63.3,-53,5.19099530717959,-1.09219
147.406718254089,937.147409756006,817.189863414665,63.3,-54,5.16031530717959,-1.12287
148.37331032753,937.0641898447,817.2176033851,63.3,-53,5.16644530717959,-1.11674
148.787045240402,937.02856883797,817.22947705401,63.3,-53,5.14190530717959,-1.14128
149.465074300766,936.970193107591,817.248935630803,63.3,-53,5.14803530717959,-1.13515
150.133005142212,936.874186417946,817.278209789885,63.3,-53,5.13576530717959,-1.14742
150.522018194199,936.801986222734,817.299533764072,63.3,-53,5.16031530717959,-1.12287
150.95930314064,936.720826841744,817.323503789918,63.3,-53,5.13576530717959,-1.14742
151.421642303467,936.635017438589,817.348847177046,63.3,-53,5.18485530717959,-1.09833
152.170407295227,936.496047863412,817.389891160726,63.3,-53,5.13576530717959,-1.14742
152.958651304245,936.349751046288,817.433099209443,63.3,-53,5.11122530717959,-1.17196
153.177326202393,936.309968512251,817.444109035148,63.3,-53,5.09281530717959,-1.19037
154.046677350998,936.157985561817,817.480368926876,63.3,-53,5.13576530717959,-1.14742
154.998625278473,935.991562759123,817.520073859498,63.3,-53,5.12963530717959,-1.15355
155.363753318787,935.927729822407,817.535303037294,63.3,-53,5.11122530717959,-1.17196
156.044899225235,935.808649558116,817.563713049586,63.3,-53,5.08667530717959,-1.19651
160.939138412476,936.38248834763,817.505401879094,63.3,-53,5.17258530717959,-1.1106
161.605632305145,936.752443318714,817.4485615505,63.3,-53,5.17871530717959,-1.10447
162.233903408051,937.101181724669,817.394980960597,63.3,-53,5.18485530717959,-1.09833
162.684992313385,937.351570490065,817.356510928258,63.3,-53,5.20326530717959,-1.07992
163.575771331787,938.506193964155,817.17918806979,63.3,-53,5.31984530717959,-0.96334
164.103571176529,939.229092802358,817.066687782077,63.3,-53,5.34438930717959,-0.938796
164.593591213226,939.928068336456,816.958731659852,63.3,-53,5.41802030717959,-0.865165
164.915390253067,940.439694881184,816.881247883291,63.3,-53,5.43029230717959,-0.852893
165.342120409012,941.090739261501,816.7725962321,63.3,-54,5.49778730717959,-0.785398
165.937293291092,941.746050271365,816.566641343285,63.3,-53,5.54687430717959,-0.736311
166.547435283661,942.546694250155,816.400291840519,63.3,-53,5.62050530717959,-0.66268
167.218660354614,943.510517527564,816.233720164775,63.3,-53,5.71868030717959,-0.564505
167.718085289001,944.259213016437,816.105614076283,63.3,-53,5.79231130717959,-0.490874
168.964109182358,946.169098016052,815.784160053814,63.3,-53,5.98252530717959,-0.30066
169.437281370163,946.872859928273,815.66848000877,63.3,-53,6.05002030717959,-0.233165
169.828544378281,947.565270905324,815.583818404589,63.3,-53,6.09297130717959,-0.190214
170.586765289307,948.758845921963,815.410094531609,63.3,-54,6.21569010717959,-0.0674951999999998
171.391271352768,949.904362152602,815.216910531299,63.3,-54,0.0613553071795865,0.0613553071795865
171.972425222397,950.732355806505,815.078182411386,63.3,-54,0.171805307179587,0.171805307179587
172.999319314957,952.158547667333,814.838825311837,63.3,-53,0.355885307179586,0.355885307179586
173.314113378525,952.593982591288,814.764212121879,63.3,-54,0.392695307179586,0.392695307179586
174.072151184082,953.645472304772,814.625048304902,63.3,-54,0.607455307179587,0.607455307179587
174.859088182449,954.842380633362,814.433563736232,63.3,-54,0.730175307179587,0.730175307179587
175.292235374451,955.520979262974,814.315739873632,63.3,-54,0.840625307179586,0.840625307179586
175.772498369217,956.273007480025,814.184509451693,63.3,-54,0.938795307179586,0.938795307179586
176.978587388992,957.949960787798,813.889496884427,63.3,-53,1.18423530717959,1.18423530717959
177.218570232391,958.297213180654,813.8282341295,63.3,-54,1.19650530717959,1.19650530717959
178.029004335403,959.435219135925,813.66034622685,63.3,-54,1.39899530717959,1.39899530717959
178.308253288269,959.819767974406,813.611010435621,63.3,-54,1.41739530717959,1.41739530717959
179.132236242294,961.011127254527,813.38776029792,63.3,-54,1.58920530717959,1.58920530717959
179.550517320633,961.667334006808,813.260409212311,63.3,-54,1.71192530717959,1.71192530717959
180.691209316254,963.355565137154,812.923412135966,63.3,-54,2.00031530717959,2.00031530717959
181.358060359955,964.279898311132,812.736576615869,63.3,-54,2.12916530717959,2.12916530717959
182.015904188156,965.176079350966,812.507097440457,63.3,-54,2.28256530717959,2.28256530717959
182.349053382874,965.621522257021,812.363185116963,63.3,-54,2.34392530717959,2.34392530717959
183.118413209915,966.804191697731,812.096544414525,63.3,-54,2.46664530717959,2.46664530717959
183.758214235306,967.836394691983,811.890293421672,63.3,-54,2.58935530717959,2.58935530717959
184.002111196518,968.231106141302,811.811099723242,63.3,-54,2.62003530717959,2.62003530717959
184.578545331955,969.1122134131,811.632695703223,63.3,-55,2.66912530717959,2.66912530717959
185.068512201309,969.815985760159,811.489118694768,63.3,-55,2.74889530717959,2.74889530717959
185.476949214935,970.336929452835,811.381371327592,63.3,-55,2.86547530717959,2.86547530717959
186.163552284241,971.27627132696,811.214212845325,63.3,-56,2.93910530717959,2.93910530717959
186.813944339752,972.256931366777,811.048408481198,63.3,-57,3.07409530717959,3.07409530717959
187.375547409058,973.194008506527,810.877165958198,63.3,-57,3.21522530717959,3.21522530717959
187.922126293182,974.07795927765,810.713214994864,63.3,-58,3.27044530717959,3.27044530717959
188.403194189072,974.844884054039,810.570037799878,63.3,-58,3.39930530717959,3.39930530717959
188.800209283829,975.465550866465,810.453136468886,63.3,-58,3.44838530717959,3.44838530717959
189.408649206162,976.407405026444,810.27395167377,63.3,-58,3.60178530717959,3.60178530717959
190.154262304306,977.744905253105,810.099277281005,63.3,-59,3.85335530717959,3.85335530717959
190.673992395401,978.848982384098,810.018104114381,63.3,-60,4.01902530717959,4.01902530717959
191.06105017662,979.366504441495,809.924621297167,63.3,-61,4.16629530717959,4.16629530717959
191.591811180115,980.079516614519,809.793717731173,63.3,-62,4.29514530717959,4.29514530717959
192.224375247955,981.034722687864,809.619974318794,63.3,-64,4.49763530717959,4.49763530717959
197.387692213058,988.662989032316,808.16289837889,63.3,-62,2.46664530717959,8.74983061435917
197.863806247711,989.412148596138,808.005453759241,63.3,-61,2.67526530717959,8.95845061435917
198.231779336929,989.947509866368,807.902472100177,63.3,-60,2.82252530717959,9.10571061435917
198.868304252625,990.702344215184,807.797719578301,63.3,-59,3.00660530717959,9.28979061435917
199.266549348831,991.239817169212,807.687914379527,63.3,-58,3.16000530717959,9.44319061435917
200.312999248505,992.674779377529,807.374409307687,63.3,-58,3.11704530717959,9.40023061435917
200.754487276077,993.277398038876,807.241651136986,63.3,-57,3.18454530717959,9.46773061435917
201.204214334488,993.897950246114,807.103932094503,63.3,-57,3.25817530717959,9.54136061435917
201.505179405212,994.331486756217,807.008413726157,63.3,-57,3.31953530717959,9.60272061435917
201.948390245438,995.019905430741,806.858565163268,63.3,-56,3.31953530717959,9.60272061435917
202.498375177383,995.952140776634,806.694815323801,63.3,-56,3.42384530717959,9.70703061435917
202.880730390549,996.64644400341,806.59412942631,63.3,-55,3.48520530717959,9.76839061435917
203.564976215363,997.701269169806,806.381061551699,63.3,-55,3.57110530717959,9.85429061435917
203.896805286407,998.186206643664,806.275414483608,63.3,-55,3.62019530717959,9.90338061435917
204.663300275803,999.243962403393,806.041791182459,63.3,-55,3.81040530717959,10.0935906143592
205.034863233566,999.736660031055,805.932552566107,63.3,-55,3.86563530717959,10.1488206143592
205.544146299362,1000.4225665358,805.780403945784,63.3,-55,4.00062530717959,10.2838106143592
206.003415346146,1001.11023680775,805.627397310277,63.3,-55,4.12947530717959,10.4126606143592
206.403635263443,1001.73169225073,805.485971125906,63.3,-54,4.18469530717959,10.4678806143592
207.020983219147,1002.77038551989,805.238627620802,63.3,-54,4.38104530717959,10.6642306143592
207.390342235565,1003.32285395884,805.117689749892,63.3,-54,4.50376530717959,10.7869506143592
207.991791248322,1004.19305268357,804.933156650015,63.3,-55,4.70011530717959,10.9833006143592
208.427696228027,1004.8697555799,804.787771262132,63.3,-54,4.82283530717959,11.1060206143592
208.914914369583,1005.60716124662,804.628150911761,63.3,-54,4.97623530717959,11.2594206143592
209.419070243835,1006.32698336297,804.469546038669,63.3,-54,5.08054530717959,11.3637306143592
209.69863820076,1006.73274636544,804.380672130429,63.3,-53,5.15417530717959,11.4373606143592
210.510957241058,1007.92090584287,804.134836744121,63.3,-54,5.37506830717959,11.6582536143592
211.012353181839,1008.55802145842,804.060203200585,63.3,-54,5.51005930717959,11.7932446143592
211.446145296097,1009.1350861236,803.965149684542,63.3,-54,5.62664130717959,11.9098266143592
211.749616384506,1009.55915742129,803.874633626044,63.3,-54,5.70027230717959,11.9834576143592
212.287799358368,1010.32579385304,803.711208256684,63.3,-53,5.78617530717959,12.0693606143592
212.938405275345,1011.28515200337,803.507002499276,63.3,-54,5.95798130717959,12.2411666143592
213.244578361511,1011.74540249099,803.408120558577,63.3,-54,6.00093330717959,12.2841186143592
213.769662380219,1012.53465021253,803.238539026819,63.3,-54,6.14205930717959,12.4252446143592
214.395581245422,1013.47345115624,803.036393984907,63.3,-54,0.0429553071795858,12.6093259215388
214.806367397308,1014.10673049864,802.872930255778,63.3,-54,0.239305307179587,12.8056759215388
215.788053274155,1015.5976156238,802.480809445914,63.3,-54,0.497005307179586,13.0633759215388
216.277440309525,1016.30388262714,802.326186549535,63.3,-54,0.576775307179586,13.1431459215388
216.519708395004,1016.66404426855,802.247712305714,63.3,-55,0.687225307179586,13.2535959215388
217.363721370697,1017.88104626054,801.981150689717,63.3,-55,0.877435307179586,13.4438059215388
217.626867294312,1018.24265434426,801.901268176676,63.3,-55,0.963335307179586,13.5297059215388
218.103292226791,1018.92772450275,801.749546833004,63.3,-55,1.08605530717959,13.6524259215388
218.770096302032,1019.80314246379,801.546871811324,63.3,-55,1.26399530717959,13.8303659215388
219.595391273499,1020.48993091128,801.354589314811,63.3,-56,1.44194530717959,14.0083159215388
220.211476325989,1021.51017692908,801.135344957794,63.3,-57,1.63215530717959,14.1985259215388
220.560871362686,1022.03918218996,801.020852755341,63.3,-57,1.67510530717959,14.2414759215388
221.344642400742,1023.25558412295,800.757336302241,63.3,-57,1.75487530717959,14.3212459215388
221.984852313995,1024.37599616065,800.515850815862,63.3,-57,1.86532530717959,14.4316959215388
222.267533302307,1024.81383191973,800.422810717056,63.3,-58,2.06166530717959,14.6280359215388
222.91897726059,1025.86644795563,800.260379401266,63.3,-58,2.25801530717959,14.8243859215388
223.613711357117,1027.12939055385,800.253667382839,63.3,-60,2.57095530717959,15.1373259215388
224.164747238159,1027.99588451248,800.070370583898,63.3,-59,2.73662530717959,15.3029959215388
224.627187252045,1028.69510500984,799.922645918093,63.3,-60,2.96978530717959,15.5361559215388
225.414598226547,1029.84180000992,799.680498397896,63.3,-61,3.47906530717959,16.0454359215388
225.870411396027,1030.53115278484,799.534355609613,63.3,-62,3.70609530717959,16.2724659215388
226.532989263535,1031.61333725077,799.311431300769,63.3,-63,4.08652530717959,16.6528959215388
226.696201324463,1031.88829881031,799.255420612715,63.3,-62,4.31355530717959,16.8799259215388
227.714049339294,1033.42993014641,799.115647347731,63.3,-64,4.75534530717959,17.3217159215388
228.223905324936,1034.28743951525,798.941117966131,63.3,-64,5.09895530717959,17.6653259215388
228.719585180283,1035.07895432253,798.775910641441,63.3,-64,5.31370930717959,17.8800799215388
229.338875293732,1035.9856849515,798.581075960834,63.3,-63,5.52846630717959,18.0948369215388
229.97653222084,1036.76685594802,798.415780472535,63.3,-64,5.90889430717959,18.4752649215388
230.507808208466,1037.49785381947,798.260473414064,63.3,-64,0.0429553071795858,18.8925112287183
231.364671230316,1038.93679439062,797.912733811659,63.3,-63,0.447925307179586,19.2974812287183
231.890020370483,1039.9489536124,797.637331807108,63.3,-64,0.668815307179586,19.5183712287183
232.702605247498,1041.02456819287,797.403330157364,63.3,-63,1.12287530717959,19.9724312287183
232.795296192169,1041.14908485524,797.376968521638,63.3,-62,1.12287530717959,19.9724312287183
233.708108186722,1042.4082490597,797.111050197234,63.3,-62,1.49102530717959,20.3405812287183
234.222887277603,1043.17437730748,796.950350125748,63.3,-62,1.68737530717959,20.5369312287183
234.681396245956,1043.84920957559,796.809764408277,63.3,-61,1.83464530717959,20.6842012287183
235.207013368607,1044.65513363587,796.64408301676,63.3,-61,1.95122530717959,20.8007812287183
235.841900348663,1046.03805469554,796.3820963049,63.3,-61,2.16598530717959,21.0155412287183
236.303633213043,1046.78547461493,796.22858293747,63.3,-62,2.44823530717959,21.2977912287183
236.762234210968,1047.41246241076,796.092643105631,63.3,-62,2.50959530717959,21.3591512287183
237.160401344299,1047.98051849992,795.972673498278,63.3,-62,2.62617530717959,21.4757312287183
237.672310352325,1048.7225909354,795.817051157407,63.3,-62,2.65071530717959,21.5002712287183
238.121767282486,1049.42387674398,795.673532201231,63.3,-63,2.96978530717959,21.8193412287183
238.588690280914,1050.16162566865,795.522773277954,63.3,-63,3.17227530717959,22.0218312287183
239.255981206894,1051.24405985681,795.302247506784,63.3,-63,3.26431530717959,22.1138712287183
239.545035362244,1051.61815629416,795.26825262003,63.3,-64,3.39930530717959,22.2488612287183
240.060964345932,1052.27992211603,795.211440648529,63.3,-63,3.52201530717959,22.3715712287183
240.403714179993,1052.72708579816,795.1243212526,63.3,-63,3.73064530717959,22.5802012287183
240.878830194473,1053.34798602414,794.996691761704,63.3,-64,4.03130530717959,22.8808612287183
241.229930400848,1053.80302675143,794.900121402499,63.3,-64,4.17856530717959,23.0281212287183
241.659225225449,1054.35881839705,794.781691033152,63.3,-64,4.23378530717959,23.0833412287183
