5.66008901596069,3,4.63876,-56,8.0563388973077,9.73248804399904,1.528,-2.39469483188713
5.92017102241516,3,4.73693,-56,8.05904886345993,9.72957360967992,1.528,-2.39535706460676
6.21431398391724,3,4.89033,-56,8.06211373319256,9.72627749414539,1.528,-2.39610602489052
6.55411100387573,3,5.02532,-56,8.06565507606557,9.72245684368795,1.528,-2.39881310357233
6.79670286178589,3,5.06827,-55,8.06818335548694,9.7197291176301,1.528,-2.40075184220054
7.13700103759766,3,5.22167,-55,8.07173735528618,9.71587777035113,1.528,-2.40321533242848
7.38887190818787,3,5.30144,-56,8.0743822441811,9.71297873570765,1.528,-2.40454220965063
7.61033797264099,3,5.43643,-56,8.07670785306592,9.71042966049422,1.528,-2.40570891176156
7.82804703712463,3,5.52847,-57,8.07899400980023,9.70792382836422,1.528,-2.40685582167632
8.23961901664734,3,5.68186,-56,8.08327190675532,9.70373971798474,1.528,-2.40751304638761
8.468101978302,3,5.76777,-56,8.08564199843833,9.70147687026929,1.528,-2.40771412882678
8.76879000663757,3,5.90889,-56,8.08875983364815,9.69846594083845,1.528,-2.40800819330856
9.02661991119385,3,5.95798,-56,8.09141920501852,9.69551350861367,1.528,-2.40859119734873
9.2735698223114,3,6.0807,-56,8.09396635533714,9.6926856641216,1.528,-2.40914959958739
9.65458703041077,3,6.21569,-57,8.09788785906121,9.68832002566082,1.528,-2.41013821950875
9.96144390106201,3,0.13499,-57,8.10102045174085,9.6847963074347,1.528,-2.41131877276373
10.2550480365753,3,0.202485,-56,8.1040177519599,9.68142477385496,1.528,-2.41244833951295
10.4999890327454,3,0.337476,-56,8.10654877874992,9.67857218095933,1.528,-2.41329673569126
10.7900609970093,3,0.490874,-56,8.10963581075228,9.6750768300148,1.528,-2.41402537380356
11.1626598834991,3,0.66268,-56,8.11360111877354,9.67058703427351,1.528,-2.41496131309706
11.3451099395752,3,0.736311,-56,8.11537563049498,9.66857606801187,1.528,-2.414842993175
11.7592978477478,3,4.09573,-56,8.11902604550593,9.66443492505706,1.528,-2.41327066078345
12.0522508621216,3,1.07379,-55,8.121607965596,9.66150591557216,1.528,-2.41215855802861
12.4110200405121,3,1.24559,-55,8.12486156963183,9.6578432341642,1.528,-2.41225755534688
12.6875278949738,3,1.33763,-55,8.12737527831892,9.65501531189122,1.528,-2.41243137562844
13.0541908740997,3,1.49717,-55,8.13095091174542,9.65103712153905,1.528,-2.41295345089849
13.3668270111084,3,1.60761,-55,8.13431146621465,9.64735147406155,1.528,-2.41377374372169
13.6778168678284,3,1.83464,-55,8.13765432466628,9.64368523447736,1.528,-2.41458971704453
14.0551688671112,3,2.00031,-54,8.14195725389557,9.63892035953031,1.528,-2.41549447482648
14.3846838474274,3,2.14144,-55,8.14575325565015,9.63471010364931,1.528,-2.41627120131351
14.6023859977722,3,2.25802,-55,8.14818055674784,9.63201715916906,1.528,-2.41662422475963
14.8170008659363,3,2.40528,-55,8.15022070898498,9.62975032335002,1.528,-2.41627160585445
15.2415640354156,3,2.53414,-54,8.15425665256815,9.62526594159095,1.528,-2.41557403535859
15.7981328964233,3,2.76117,-54,8.16002358071237,9.61875516701969,1.528,-2.414793686011
15.9334609508514,3,2.81639,-54,8.1614779509425,9.61710284538592,1.528,-2.41461863807554
16.2510919570923,3,2.96365,-54,8.16485625528284,9.61324907033597,1.528,-2.41420252231332
16.5274798870087,3,3.12318,-54,8.16679459642872,9.61058886421162,1.528,-2.41369120128691
16.975047826767,3,3.32567,-54,8.16993344317022,9.60628106764915,1.528,-2.41286319516372
17.2379179000854,3,3.43612,-54,8.17246600679601,9.60332462247546,1.528,-2.41272587414571
17.4711589813232,3,3.47293,-54,8.17505128011527,9.60049216329329,1.528,-2.41277531131829
17.7774360179901,3,3.57111,-54,8.17844609310016,9.59677276189027,1.528,-2.41284022900192
18.1056940555573,3,3.73678,-54,8.18224432648963,9.59261145730941,1.528,-2.41340547860844
18.5751750469208,3,3.92699,-55,8.187767347471,9.5865605422363,1.528,-2.41449532447526
18.8369288444519,3,4.06812,-54,8.19066611426906,9.58336880629646,1.528,-2.4148224427926
19.2418580055237,3,4.16629,-54,8.1949042871682,9.57867925848092,1.528,-2.41494597698024
19.5984749794006,3,4.3381,-55,8.19866642336449,9.57451220616585,1.528,-2.4149644234031
19.9701359272003,3,4.43014,-55,8.20278374968733,9.56992382979759,1.528,-2.41438433399532
20.2257239818573,3,4.55285,-55,8.20561519978042,9.56676844261759,1.528,-2.41398541147161
20.6291079521179,3,4.68785,-56,8.2089994540867,9.56314957121781,1.528,-2.41438494377222
20.971333026886,3,4.84124,-55,8.21115517301586,9.56097730166348,1.528,-2.41540280722054
21.1123919487,3,4.89647,-56,8.21204372096368,9.56008193185042,1.528,-2.41582235193295
21.5943369865417,3,5.1419,-56,8.21692359469384,9.55468452353354,1.528,-2.41842934023775
21.8232610225677,3,5.24621,-57,8.21952199129301,9.55176513225333,1.528,-2.4198461443472
22.1178078651428,3,5.30144,-57,8.22285815428985,9.548002555968,1.528,-2.42126403191359
22.5054569244385,3,5.52847,-57,8.22721332459001,9.54301900371554,1.528,-2.42109968586453
22.9431200027466,3,5.70641,-57,8.23204666071763,9.53748047855914,1.528,-2.42079363314882
23.1664438247681,3,5.81072,-57,8.23433461316071,9.53484177868966,1.528,-2.4203808304085
23.4400949478149,3,5.91503,-57,8.2371381687772,9.53160843270743,1.528,-2.41987500020883
23.819571018219,3,6.1666,-58,8.24105489748811,9.52710784428125,1.528,-2.41925248705811
24.2299728393555,3,0.171806,-58,8.24534872222193,9.52220681200932,1.528,-2.41873684256145
24.4445669651031,3,0.251573,-58,8.24759391100378,9.51964412178356,1.528,-2.41846721831941
24.8990139961243,3,0.509282,-58,8.25058236094315,9.51653458525427,1.528,-2.41915918092661
25.3037369251251,3,0.760854,-58,8.25283749621593,9.51429844059431,1.528,-2.42006598268893
25.5091378688812,3,0.871301,-58,8.25452219564525,9.51244486669813,1.528,-2.4204050444862
25.9304039478302,3,1.07992,-57,8.25878493184193,9.50756892947083,1.528,-2.42091934212478
26.2896728515625,3,1.31309,-57,8.26251045951935,9.5033013677956,1.528,-2.421344973987
26.5053310394287,3,1.39899,-57,8.26510216693734,9.50030907489496,1.528,-2.42154929946809
26.8671579360962,3,1.65056,-57,8.26945048063411,9.49528866706871,1.528,-2.42189211258111
27.452141046524,3,1.9819,-56,8.27562772797884,9.48810595566289,1.528,-2.42074296288126
27.8585610389709,3,2.2028,-55,8.27967138660824,9.48338656249248,1.528,-2.41944779596947
28.233384847641,3,2.41142,-55,8.28368094036781,9.4787040766334,1.528,-2.41877019073038
28.4868710041046,3,2.50959,-55,8.28639252471261,9.47553740120975,1.528,-2.41831193929682
28.8066749572754,3,2.63845,-54,8.28948926447814,9.47198724125582,1.528,-2.41748864363535
29.1923968791962,3,2.79798,-54,8.29282536980762,9.46825279499147,1.528,-2.41619403559704
29.4599869251251,3,3.00047,-54,8.29513975363599,9.46566206682538,1.528,-2.41529591649947
30.0070748329163,3,3.23977,-53,8.30079631513057,9.45916196986601,1.528,-2.41528112241059
30.2359509468079,3,3.3134,-53,8.30319368447312,9.45640238928584,1.528,-2.41533584497167
30.5615699291229,3,3.46066,-53,8.306461637445,9.45265496471438,1.528,-2.41533564097076
30.8944690227509,3,3.58952,-53,8.30968858259429,9.44896646862252,1.528,-2.41527305779211
31.3898448944092,3,3.81654,-52,8.31452944409648,9.4434451732656,1.528,-2.41535558270896
31.584902048111,3,3.90245,-52,8.31646772635703,9.44124423795093,1.528,-2.41553311671777
32.0117888450623,3,4.04971,-52,8.32070969897936,9.43642744344251,1.528,-2.41592165373337
32.2592899799347,3,4.17243,-52,8.32328525901719,9.43346476736088,1.528,-2.4154439733556
32.6112978458405,3,4.31355,-52,8.32696298847052,9.42922967318132,1.528,-2.41467595109506
33.0279679298401,3,4.44854,-52,8.33150255831139,9.42422379115239,1.528,-2.4137595788203
33.3074929714203,3,4.54058,-52,8.33469144544479,9.42087110325914,1.528,-2.41313922700637
33.8467948436737,3,4.7492,-52,8.34070242989933,9.41429770364154,1.528,-2.41220825465866
34.0965168476105,3,4.89033,-52,8.34338362863126,9.41117817730376,1.528,-2.41196916687365
34.4318699836731,3,5.01305,-51,8.34698422605153,9.40698894718421,1.528,-2.41164809449222
34.7497658729553,3,5.17872,-52,8.34997303186049,9.40353295145841,1.528,-2.4117583173873
35.3232369422913,3,5.44256,-53,8.35510049547937,9.39761923195039,1.528,-2.41221528662201
35.4977838993073,3,5.50392,-53,8.35691347773682,9.3955433881429,1.528,-2.41242389511812
35.8428239822388,3,5.66346,-53,8.36066323656014,9.391258528601,1.528,-2.41288197376356
36.2525498867035,3,5.82913,-52,8.36511702262386,9.38616646712016,1.528,-2.41340329430399
36.6118240356445,3,5.9948,-53,8.36903234850291,9.38166429033704,1.528,-2.41364520231025
36.8561818599701,3,6.10524,-53,8.37169533028479,9.37860216597687,1.528,-2.41380973436542
37.1229619979858,3,6.20955,-53,8.3746134818431,9.37519670742564,1.528,-2.41358101477589
37.4551758766174,3,0.122718,-53,8.37826878207586,9.37083255224121,1.528,-2.41248784087451
37.8089489936829,3,0.269981,-52,8.38215879804216,9.36619264810632,1.528,-2.41136800885677
38.1471810340881,3,0.386563,-53,8.38580369195861,9.36197849547707,1.528,-2.41161373204215
38.4349670410156,3,0.484738,-53,8.38890496369098,9.35839286782246,1.528,-2.41182280654097
38.7563948631287,3,0.650408,-52,8.39225309379551,9.35454104827946,1.528,-2.41173334399387
39.1329309940338,3,0.76699,-53,8.39598224673934,9.35028406356107,1.528,-2.41108964670782
39.4234309196472,3,0.895845,-52,8.39885931102048,9.34699977384084,1.528,-2.41059303031867
39.8031859397888,3,1.05538,-52,8.40273082561986,9.34257619929159,1.528,-2.4110907965261
40.121031999588,3,1.18423,-52,8.40599502488514,9.33884568584555,1.528,-2.41175482791949
40.5381808280945,3,1.34377,-51,8.41020897196068,9.334062965521,1.528,-2.4126514068958
40.7762508392334,3,1.44808,-51,8.41256368377947,9.33141463438006,1.528,-2.41318107312399
41.2531490325928,3,1.62602,-51,8.4174095926311,9.32575378899707,1.528,-2.41463584114167
41.4559168815613,3,1.68124,-51,8.41977412252496,9.32250806783841,1.528,-2.41618282136209
41.7718570232391,3,1.7426,-51,8.42345838466746,9.3174507887484,1.528,-2.41859322889217
42.1467728614807,3,1.85918,-51,8.42774669442758,9.31195939952591,1.528,-2.42064413733453
42.58229804039,3,2.06167,-51,8.43256154976395,9.30659608312165,1.528,-2.42141409229522
42.9494860172272,3,2.17825,-50,8.4366273317433,9.30205838770881,1.528,-2.42203929901511
43.5216488838196,3,2.38074,-50,8.44298467830593,9.29493317883013,1.528,-2.42293167954458
43.8882579803467,3,2.44823,-49,8.4467729359866,9.29070500252779,1.528,-2.42302670905595
44.1461288928986,3,2.528,-50,8.44931368485601,9.28787744519705,1.528,-2.42288642230856
44.6157369613647,3,2.66299,-49,8.45399576954693,9.28265278985455,1.528,-2.42215395091674
44.903058052063,3,2.79798,-49,8.45695148366404,9.27933164199205,1.528,-2.42091792501322
45.3427000045776,3,2.93297,-49,8.46148923901796,9.27412563219802,1.528,-2.41921359329938
45.6870648860931,3,3.0066,-49,8.46513187829476,9.26932151136898,1.528,-2.41897213835303
46.0864150524139,3,3.14159,-49,8.46935614354106,9.26375030897557,1.528,-2.41869212991385
46.4820418357849,3,3.23977,-48,8.47328643764025,9.25924694988746,1.528,-2.41806692538958
46.890321969986,3,3.36249,-48,8.4773196578542,9.25469044773632,1.528,-2.41739060816888
47.3339869976044,3,3.49134,-48,8.48192768485683,9.24948092972257,1.528,-2.41808061929044
47.7840619087219,3,3.64474,-48,8.48665141719712,9.24413815427593,1.528,-2.41899855524805
48.2684888839722,3,3.80427,-47,8.49240942828479,9.23754836539127,1.528,-2.42056838940012
48.7690479755402,3,4.00676,-47,8.4980181288935,9.23116260325161,1.528,-2.42135499711191
49.0964679718018,3,4.09266,-47,8.5012525579233,9.22752483093424,1.528,-2.42080568196789
49.5305268764496,3,4.20311,-46,8.50562803827958,9.22241115637601,1.528,-2.42002378716775
50.0224590301514,3,4.32583,-46,8.51103317310885,9.21513295502175,1.528,-2.41886426979513
50.4643409252167,3,4.44241,-47,8.51545438605977,9.20949551700541,1.528,-2.41760926998974
50.936861038208,3,4.58967,-47,8.51954083290582,9.20479753196003,1.528,-2.41595183001023
51.2752649784088,3,4.68171,-47,8.52260408146972,9.20129028047188,1.528,-2.41541333263199
51.7277479171753,3,4.79829,-47,8.52688168690103,9.19641096583667,1.528,-2.41555555480745
52.1597118377686,3,4.87192,-46,8.53124680770593,9.19145510224448,1.528,-2.41639328787918
52.6873219013214,3,5.02532,-46,8.53688910872323,9.18507324538762,1.528,-2.41819117362706
53.2469120025635,3,5.19713,-47,8.54320089444794,9.17793421020129,1.528,-2.42086012306081
53.7208268642426,3,5.34439,-47,8.54841612538959,9.17186278817139,1.528,-2.4226982992023
54.1958930492401,3,5.52847,-47,8.55306064921862,9.1658501991551,1.528,-2.42277877362508
54.8480908870697,3,5.64505,-47,8.56000775559678,9.15761088318757,1.528,-2.42383449036134
55.2523698806763,3,5.79231,-46,8.56451160933323,9.15252461345482,1.528,-2.42483351867496
55.7227580547333,3,5.95185,-46,8.56921492313564,9.14724071602841,1.528,-2.42582461597247
56.2017889022827,3,6.08684,-47,8.57397617178128,9.1418691838351,1.528,-2.42787602381645
56.7972450256348,3,0.0122718,-47,8.57982300384572,9.13521589217555,1.528,-2.43304600586358
57.3319170475006,3,0.159534,-46,8.5853177728534,9.12894379490027,1.528,-2.43606601171379
57.7704608440399,3,0.312932,-46,8.58965391306456,9.12376239350228,1.528,-2.43801714813655
58.3151738643646,3,0.503146,-46,8.59415708137013,9.11733400536475,1.528,-2.43906546989436
58.5704479217529,3,0.589049,-46,8.59640169280445,9.1143463772788,1.528,-2.43926964733241
59.1119608879089,3,0.742447,-46,8.60190147040535,9.1081460327692,1.528,-2.43812386033222
59.661828994751,3,0.859029,-46,8.60753853286968,9.10170437536823,1.528,-2.43689963511695
60.1707599163055,3,0.96334,-46,8.61278435534907,9.09566104236242,1.528,-2.43573213386898
60.6629478931427,3,1.12901,-45,8.61778549110706,9.0899542248717,1.528,-2.43464599763687
61.1478118896484,3,1.27014,-45,8.62283458498732,9.08419554805717,1.528,-2.43419164757389
61.6337218284607,3,1.39899,-45,8.62808143483171,9.07821559332691,1.528,-2.4346763450191
62.1876888275146,3,1.55852,-46,8.63369872838882,9.0712883003694,1.528,-2.43598535853299
62.4902749061584,3,1.61375,-45,8.63670960175492,9.06748720993516,1.528,-2.43681947654936
63.032299041748,3,1.75487,-45,8.64244890934734,9.0607869350339,1.528,-2.43747494969826
63.5613839626312,3,1.90827,-45,8.64805583362881,9.05432301240131,1.528,-2.43764376859547
64.0060658454895,3,2.02485,-45,8.65262592852675,9.049005572573,1.528,-2.43714912303005
64.5097808837891,3,2.15984,-45,8.65761252670627,9.04320520568627,1.528,-2.43597672354665
65.1360728740692,3,2.29484,-46,8.66364503655458,9.03618818359584,1.528,-2.43396056137363
65.5070140361786,3,2.35619,-46,8.66738723376555,9.0318261416058,1.528,-2.43322044820459
65.9942278862,3,2.48505,-46,8.67193894116542,9.0262621925664,1.528,-2.4322751235525
66.3929598331451,3,2.6139,-46,8.67481238675345,9.02209619359967,1.528,-2.43156421919422
67.0062658786774,3,2.69981,-46,8.67983334745683,9.0156239976317,1.528,-2.4324841463911
67.3967659473419,3,2.79185,-46,8.68334595597089,9.01146929938928,1.528,-2.43412714069606
67.8210039138794,3,2.87775,-46,8.68735732824287,9.00671347203428,1.528,-2.4348082917683
68.4139809608459,3,3.03115,-47,8.6930091194223,9.00000614599727,1.528,-2.43512235313975
68.7680249214172,3,3.12318,-47,8.69624978966159,8.99615330159125,1.528,-2.43477559714321
69.3814878463745,3,3.3134,-46,8.70227796476634,8.98897219225863,1.528,-2.43299635638736
69.6749520301819,3,3.36862,-46,8.70549111075111,8.9851339632666,1.528,-2.43120518285775
70.3908548355103,3,3.50361,-46,8.71425076414896,8.97366060153804,1.528,-2.42701681265059
70.9351899623871,3,3.59565,-46,8.72083803555271,8.96490819218413,1.528,-2.42508919605265
71.3265218734741,3,3.68769,-46,8.72462909320122,8.96042430289328,1.528,-2.42582106046356
71.7082438468933,3,3.73678,-46,8.72827646559725,8.95609115258454,1.528,-2.42670249138447
72.2293989658356,3,3.8595,-46,8.73311533915043,8.9502882846907,1.528,-2.42837215478498
72.7670938968658,3,3.91472,-46,8.73816261319827,8.94421682531463,1.528,-2.42920840365324
73.2865478992462,3,3.96381,-46,8.74304859910334,8.9383376572388,1.528,-2.42929414125201
73.8842010498047,3,4.06198,-45,8.74855511396815,8.93176163554985,1.528,-2.42740805151485
74.2383849620819,3,4.08039,-45,8.75148011282685,8.92885592933965,1.528,-2.42665381082509
74.7199809551239,3,4.14175,-45,8.75510080904422,8.9259497652116,1.528,-2.42601133239182
75.2318499088287,3,4.1847,-45,8.76015059013751,8.9203325910934,1.528,-2.42520244195338
75.822988986969,3,4.21538,-45,8.7664203951671,8.91291266711931,1.528,-2.42478147733732
76.1967990398407,3,4.2706,-44,8.77040073354967,8.90816795462112,1.528,-2.42550856491071
76.6460659503937,3,4.31969,-45,8.77492981886098,8.90277367139398,1.528,-2.42497785859182
77.1912109851837,3,4.37491,-45,8.77994576886145,8.89680857973769,1.528,-2.42168881910399
77.6562550067902,3,4.40559,-44,8.78451947739885,8.89140357189859,1.528,-2.42057238538737
78.3465528488159,3,4.44854,-44,8.79150252295345,8.88326840302586,1.528,-2.42179100612323
78.6075479984283,3,4.48536,-44,8.79419447376296,8.88021352801577,1.528,-2.42395277201363
79.1885290145874,3,4.52218,-45,8.80037843979133,8.87310196060298,1.528,-2.42744186259498
79.7349648475647,3,4.54058,-44,8.80645586595238,8.86598891922166,1.528,-2.42892033958707
80.3688998222351,3,4.52218,-45,8.81270822736704,8.85871164404114,1.528,-2.42986034819109
80.7093288898468,3,4.52218,-44,8.81597712463439,8.85489344118341,1.528,-2.42959659459498
81.2340610027313,3,4.55285,-44,8.82087411654652,8.84914650407958,1.528,-2.42777901949275
81.7650158405304,3,4.58967,-45,8.82638866871457,8.84273197427133,1.528,-2.42669989347986
82.0358819961548,3,4.58353,-44,8.82928875113572,8.83936656789109,1.528,-2.42626733881365
82.6967709064484,3,4.63876,-45,8.83499715520644,8.83228842684294,1.528,-2.42827121832291
83.1241869926453,3,4.65717,-45,8.83850770726314,8.82792526774607,1.528,-2.42991072193684
83.829265832901,3,4.65717,-44,8.84464774840693,8.82073630290688,1.528,-2.43154806624185
84.3134310245514,3,4.6633,-45,8.84893872505049,8.81571502216313,1.528,-2.43274796945858
84.9168119430542,3,4.63262,-45,8.85464773171844,8.80903485373253,1.528,-2.43327956068448
85.5205018520355,3,4.58967,-45,8.86075408647358,8.80189370473364,1.528,-2.43260337822419
86.0753860473633,3,4.56513,-44,8.86605964881206,8.79572288633743,1.528,-2.43137592195625
86.5884759426117,3,4.53445,-44,8.87141282884961,8.78951773340463,1.528,-2.43104833875882
87.2444410324097,3,4.47922,-44,8.87859160491367,8.78122883596479,1.528,-2.43116118471792
87.7898590564728,3,4.47309,-44,8.88411419384704,8.7749210760839,1.528,-2.43009889461246
88.4605259895325,3,4.43627,-44,8.89070829014546,8.7673971616127,1.528,-2.43038690536816
89.0124368667603,3,4.39332,-45,8.89634794830343,8.76097340718898,1.528,-2.43127451523763
89.6828680038452,3,4.28287,-45,8.90374053836258,8.75255007510622,1.528,-2.43250153543706
89.8686189651489,3,4.27674,-45,8.905797082099,8.75016798678271,1.528,-2.43252847705807
90.635146856308,3,4.19697,-45,8.91548036248848,8.73842098361865,1.528,-2.4318500972575
91.1144659519196,3,4.12948,-45,8.92359246841317,8.72778019618612,1.528,-2.43006866205813
91.8515958786011,3,4.0313,-45,8.93151899107084,8.71835864435754,1.528,-2.42909731720848
92.510174036026,3,3.91472,-46,8.93826708642199,8.71060474644892,1.528,-2.42786799933741
93.0809638500214,3,3.84109,-46,8.94404677433219,8.70395580047965,1.528,-2.42684131937034
93.9588830471039,3,3.7061,-46,8.95264734424489,8.69402760299327,1.528,-2.42667587896123
94.5513780117035,3,3.58338,-46,8.95906142914509,8.68667082459733,1.528,-2.42754255697638
95.0529069900513,3,3.44839,-46,8.96441986187158,8.68162501921778,1.528,-2.42645461380904
95.6493508815765,3,3.30113,-46,8.97058563729744,8.67510823468083,1.528,-2.42478802666478
96.3412818908691,3,3.11705,-47,8.97717261459304,8.66749978256669,1.528,-2.42272138026459
97.1118450164795,3,2.87161,-47,8.98411302702414,8.65949699152126,1.528,-2.42126315684195
97.7166919708252,3,2.73662,-47,8.99042253343222,8.65226483513225,1.528,-2.42111411338349
98.259260892868,3,2.60163,-47,8.99587259466228,8.64596460327472,1.528,-2.42200362705924
99.0958099365234,3,2.42369,-47,9.00446054563531,8.63575351637923,1.528,-2.42388019054021
99.5944468975067,3,2.31324,-48,9.00951084579689,8.62973070319843,1.528,-2.42464044956785
100.079190969467,3,2.14757,-47,9.01417020992812,8.6243159298371,1.528,-2.42461627647249
100.780463933945,3,1.95736,-47,9.0210268730655,8.61632317728827,1.528,-2.42375615261144
101.307076931,3,1.84078,-46,9.02593851917545,8.61054804140773,1.528,-2.42230613308115
101.518231868744,3,1.79783,-46,9.02783033699091,8.60830900736704,1.528,-2.42152234351389
102.306978940964,3,1.63216,-47,9.03474681981517,8.60013012203661,1.528,-2.41994417593444
102.878662824631,3,1.47876,-47,9.03896334107667,8.59544598374476,1.528,-2.41981602244223
103.600708961487,3,1.34377,-47,9.04339574655445,8.59107500868019,1.528,-2.42058475536304
104.118724822998,3,1.264,-47,9.04890412922712,8.58469484211443,1.528,-2.42185045642264
104.90793800354,3,1.12287,-47,9.05658088291237,8.57575926964835,1.528,-2.4232318978701
105.629585981369,3,1.01856,-48,9.06391010517137,8.56722800846882,1.528,-2.42264369984103
106.136457920074,3,0.908117,-48,9.0690122502623,8.5612884321604,1.528,-2.42192508081894
106.848914861679,3,0.773126,-48,9.07576766868026,8.55370172025547,1.528,-2.42084264697751
107.584348917007,3,0.595185,-48,9.08189146119187,8.54812228386801,1.528,-2.41932786749357
108.529760837555,3,0.355884,-49,9.09176437758727,8.536752581701,1.528,-2.42217303700506
109.080492019653,3,0.19635,-50,9.09767567749733,8.52994111981423,1.528,-2.42316534154631
109.613481998444,3,0.0920388,-50,9.10306334650527,8.52369507570419,1.528,-2.42396493162236
110.304910898209,3,6.16047,-50,9.10979198565046,8.51587771629861,1.528,-2.4232928030131
111.037462949753,3,5.92117,-50,9.11726999011801,8.50683007701207,1.528,-2.4211085617006
111.681867837906,3,5.70027,-51,9.1242712841866,8.49809645750223,1.528,-2.41939038375443
112.113533973694,3,5.54074,-52,9.12826789464673,8.49346160506749,1.528,-2.41869135682985
112.838901996613,3,5.21553,-52,9.13525965249226,8.48538326989904,1.528,-2.41921944106958
113.284278869629,3,5.07441,-52,9.13969038908198,8.48027891433418,1.528,-2.42022548126208
113.941581010818,3,4.84124,-53,9.14648498924841,8.47248438507209,1.528,-2.42115164509659
114.885754823685,3,4.47922,-53,9.15676782485889,8.4608244484041,1.528,-2.42170778694451
115.650022029877,3,4.07425,-54,9.16539844536122,8.45205293081355,1.528,-2.42022012503812
116.271044969559,3,3.76132,-54,9.17232919402033,8.4439561255977,1.528,-2.41863137297957
116.764273881912,3,3.5527,-54,9.17744457035488,8.43798352051662,1.528,-2.41767251295211
117.407845020294,3,3.22136,-55,9.18378182963427,8.43058902497164,1.528,-2.41707344339638
118.057299852371,3,2.89002,-53,9.19023474502558,8.42306951199498,1.528,-2.41901617471254
118.873522996902,3,2.50346,-54,9.1985665898643,8.4133071135898,1.528,-2.41974437148925
119.550042867661,3,2.17825,-54,9.20596358684504,8.4038536179761,1.528,-2.42071427796133
120.168872833252,3,1.95736,-53,9.212469361386,8.39586385138896,1.528,-2.42082287934524
121.314218044281,3,1.47876,-53,9.22450239268025,8.38159255593166,1.528,-2.41936483204864
121.781329870224,3,1.25173,-52,9.22869106386939,8.37661981856925,1.528,-2.41892777617458
122.971154928207,3,0.822214,-53,9.23987513406589,8.36350317522959,1.528,-2.41850818736067
123.279232978821,3,0.687223,-53,9.24286400698281,8.35981177576517,1.528,-2.41857892636891
124.222002983093,3,0.349748,-52,9.25173234778507,8.3487892910642,1.528,-2.41890879089491
125.202272891998,3,0.0306796,-53,9.26074248662855,8.33822580424118,1.528,-2.41982856178418
125.84804391861,3,6.07456,-52,9.26682316916368,8.33114320868375,1.528,-2.41902015410489
126.518229007721,3,5.85981,-52,9.27345530665842,8.32347422189244,1.528,-2.41740021272323
127.363148927689,3,5.66959,-52,9.28266003546248,8.31341415612282,1.528,-2.41643247729287
127.960669994354,3,5.49165,-53,9.28940918842761,8.30712102700669,1.528,-2.41507843724893
128.721977949142,3,5.24621,-53,9.29729827223582,8.29805487349622,1.528,-2.41714252365703
129.003542900085,3,5.19713,-53,9.30027095747608,8.29460136061584,1.528,-2.41736443215337
129.66645693779,3,4.95169,-53,9.30729207070041,8.28644930221866,1.528,-2.41725739422152
130.440053939819,3,4.7492,-54,9.31515939244034,8.27735083010434,1.528,-2.41651372939581
131.250756025314,3,4.52218,-54,9.32342630647451,8.26757676593275,1.528,-2.41445928060914
131.863463878632,3,4.31969,-55,9.32988440840247,8.25781050488803,1.528,-2.41544453669392
133.198535919189,3,3.95767,-56,9.34320080465233,8.24176970560425,1.528,-2.41656456913572
133.6005859375,3,3.76746,-55,9.34740455107768,8.2369098831472,1.528,-2.41688045759543
134.500649929047,3,3.41771,-56,9.35627115502575,8.22659244085872,1.528,-2.41678661473435
135.162165880203,3,3.22136,-57,9.36213325523321,8.2197960425928,1.528,-2.41571175856091
135.91472196579,3,2.96365,-58,9.3685148342179,8.21143408820067,1.528,-2.4124182950484
136.467520952225,3,2.70594,-59,9.37396967573126,8.20490550323449,1.528,-2.41257088573243
137.209646940231,3,2.18439,-61,9.38163036485322,8.19604606246788,1.528,-2.41614007164138
137.904072999954,3,1.39285,-63,9.38857481228197,8.18794526051111,1.528,-2.42070919604123
138.545188903809,3,0.944932,-63,9.39471956859339,8.18069502278752,1.528,-2.42086491949084
138.921226024628,3,0.552233,-63,9.39840953057505,8.17631583029594,1.528,-2.42193393007765
139.774593830109,3,5.91503,-62,9.40871567513468,8.16592151151955,1.528,-2.42360795219358
140.049440860748,3,5.76777,-61,9.41260154746324,8.16243998922165,1.528,-2.42392663484487
144.680040836334,3,5.15418,-60,9.42417586725245,8.14857385061237,1.528,-2.37102759091269
145.163884878159,3,5.34439,-60,9.42136987671509,8.15113989896602,1.528,-2.33566944411766
145.908596038818,3,5.88435,-58,9.41629463718471,8.15535152598591,1.528,-2.26457458654534
146.407228946686,3,6.27705,-58,9.4092789026119,8.16070016725113,1.528,-2.21352429066685
147.182924985886,3,0.294524,-57,9.39959548717615,8.16666819245144,1.528,-2.13207778462338
147.700532913208,3,0.49701,-56,9.39489641861028,8.16906181693364,1.528,-2.07892611485649
148.593379020691,3,0.822214,-56,9.387327699514,8.17186442880014,1.528,-1.98776705775315
149.383755922318,3,1.03697,-53,9.38180149772361,8.17336486464345,1.528,-1.91625439605231
150.097681045532,3,1.04311,-53,9.37837517935944,8.17426571688752,1.528,-1.87817991445495
151.046407938004,3,1.06151,-53,9.37626742851379,8.17479440131888,1.528,-1.85738183496623
151.793236970901,3,1.04311,-52,9.37515360223436,8.17506150158491,1.528,-1.84765538786383
152.40588593483,3,1.1106,-53,9.37423989309073,8.17528061291299,1.528,-1.83967645630454
153.162448883057,3,1.09833,-52,9.37311154957882,8.17555119447294,1.528,-1.82982323800233
153.449352025986,3,1.09219,-53,9.37268366013403,8.17565380417667,1.528,-1.82608670913122
154.213107824326,3,1.11674,-52,9.37154458915287,8.17592695822925,1.528,-1.8161398135976
154.91771697998,3,1.12901,-52,9.37064106187479,8.17611830876547,1.528,-1.8060975330344
155.853251934052,3,1.13515,-52,9.36952125737714,8.17633950471563,1.528,-1.79229490574489
156.284039020538,3,1.12287,-52,9.36900561943665,8.17644135912363,1.528,-1.78593919068579
157.534487962723,3,1.13515,-52,9.3675088732772,8.17673701268598,1.528,-1.76749040839452
158.027724981308,3,1.14742,-51,9.36663602717207,8.17682109724529,1.528,-1.76014564904454
158.801095962524,3,1.14128,-51,9.36474732091065,8.17689302586212,1.528,-1.74850481450705
159.221948862076,3,1.17196,-52,9.36371952503283,8.17693216796558,1.528,-1.74217010698984
160.060940980911,3,1.17196,-51,9.36167056055575,8.17701019978228,1.528,-1.72954153846214
160.658061981201,3,1.14742,-52,9.36021228736027,8.17706573598505,1.528,-1.72055363106445
162.332802534103,3,1.04311,-52,9.37250178453535,8.17451371967446,1.528,-1.71059868717372
162.982003450394,3,0.877437,-53,9.38178511136309,8.17262253923922,1.528,-1.71175108857357
163.652386426926,3,0.724039,-53,9.39168145587632,8.17063535406853,1.528,-1.71378117784561
164.29469037056,3,0.582913,-53,9.40182090207568,8.16858034470915,1.528,-1.71353814783043
165.132419347763,3,0.423379,-53,9.41367183051605,8.16536751247853,1.528,-1.7114630199283
165.783622503281,3,0.251573,-52,9.42343897363165,8.16331528116442,1.528,-1.71137563840846
166.272636413574,3,0.184078,-53,9.43059401054565,8.16184813723155,1.528,-1.71164304887898
166.872122526169,3,0.00613592,-54,9.43982603217125,8.16006266106858,1.528,-1.71156639526644
167.839979410172,3,5.97025,-53,9.45385078474168,8.15719825908694,1.528,-1.71175678778652
168.273617506027,3,5.91503,-52,9.45932909216545,8.15553925095643,1.528,-1.71191791447545
168.834519386292,3,5.80458,-52,9.46687469709361,8.1539084251564,1.528,-1.71253268106037
169.82234454155,3,5.62664,-52,9.48126763922537,8.15128776276948,1.528,-1.71118043842957
170.295231580734,3,5.50392,-52,9.48819224194893,8.15002482024932,1.528,-1.71063720736339
170.952509403229,3,5.46097,-52,9.49835866743677,8.14820798510193,1.528,-1.71315931478748
171.760673522949,3,5.24621,-51,9.51457202302067,8.14461619051793,1.528,-1.71475604244927
172.145681381226,3,5.20326,-51,9.52162810784928,8.1430370772275,1.528,-1.71430707440839
172.806077480316,3,5.11736,-51,9.53036265760849,8.14144844939372,1.528,-1.71492865556508
173.722764492035,3,5.00691,-51,9.54443572161206,8.13893126331586,1.528,-1.72370207253951
173.947095394135,3,4.98237,-51,9.54775069541946,8.13833348115387,1.528,-1.72398657848827
174.895134449005,3,4.85965,-51,9.56326610381447,8.13536810742626,1.528,-1.73180652491306
175.63081741333,3,4.73693,-52,9.57603877173467,8.13081361884592,1.528,-1.73323669386438
176.198263406754,3,4.65717,-52,9.58487433273997,8.12911987614437,1.528,-1.73681150564921
176.540757417679,3,4.58353,-53,9.58988292859241,8.12812871111913,1.528,-1.73880148289017
177.329205513,3,4.43627,-53,9.60121973932446,8.12586638412631,1.528,-1.74138311153538
178.268181562424,3,4.23379,-54,9.61464673758865,8.12320287997489,1.528,-1.74275227007435
178.970057487488,3,4.04357,-55,9.62366372296062,8.11865506601094,1.528,-1.74417571004315
179.586764574051,3,3.90245,-56,9.63244076552409,8.11617934367163,1.528,-1.74492479584143
179.831877470016,3,3.84722,-56,9.63606221613395,8.11545896510747,1.528,-1.74517252783635
180.814821481705,3,3.57111,-57,9.65082221368314,8.11255165073134,1.528,-1.74350515223553
181.449478387833,3,3.16,-58,9.66038827785087,8.11068794753166,1.528,-1.74188680547816
182.408554553986,3,2.69367,-57,9.67434328992909,8.10973478084343,1.528,-1.74296165064872
182.977851390839,3,2.46051,-58,9.68256528927102,8.10953154192829,1.528,-1.74344640907443
183.704117536545,3,2.01872,-57,9.69347768658846,8.10721652822945,1.528,-1.74677258577017
184.708114385605,3,1.65056,-58,9.71033889004221,8.10362299338265,1.528,-1.75696920793505
185.056882381439,3,1.50944,-57,9.71614442639973,8.10236653517088,1.528,-1.75862776385123
186.026747465134,3,1.09833,-56,9.72976118073987,8.09863674584781,1.528,-1.75793908206556
186.485401391983,3,1.03084,-55,9.73589555639726,8.09681848095081,1.528,-1.75765374598277
187.279898405075,3,0.656544,-55,9.74831800301031,8.09411342360544,1.528,-1.75896260191952
187.743759393692,3,0.539961,-54,9.75510430929078,8.09261315834117,1.528,-1.75862424422163
188.282390356064,3,0.429515,-54,9.76213966519472,8.09107864441258,1.528,-1.75772432964641
188.951228380203,3,0.220893,-54,9.7720432814251,8.08895864546346,1.528,-1.75712025119147
189.672770500183,3,0.079767,-54,9.78560133314083,8.08619973337184,1.528,-1.7590667859732
190.514806509018,3,6.22796,-54,9.79952660840115,8.0833770744422,1.528,-1.75918245909038
190.703828573227,3,6.17887,-54,9.80240804081541,8.08279416238614,1.528,-1.75922241336593
191.740267515183,3,5.86594,-53,9.81866002728281,8.07954307668184,1.528,-1.76058130377177
192.485077381134,3,5.59289,-54,9.83030906951929,8.07719426244951,1.528,-1.75958483694107
192.835491418839,3,5.55301,-54,9.83574100074919,8.07620282900287,1.528,-1.75866789599021
193.800323486328,3,5.27076,-54,9.85161944322379,8.07418145425,1.528,-1.75546179182096
194.460299491882,3,5.06827,-54,9.86134904643051,8.07210176153677,1.528,-1.75462187725873
195.131807565689,3,4.96396,-54,9.87112374093233,8.07002208196511,1.528,-1.75535565091552
195.53098154068,3,4.86579,-54,9.87671548630552,8.06884660700454,1.528,-1.75754730750089
196.309612512589,3,4.55899,-56,9.88852475839245,8.0663827139201,1.528,-1.76128096449543
196.84072136879,3,4.40559,-55,9.89604608561393,8.06575655516235,1.528,-1.7607331290238
197.486641407013,3,4.20924,-56,9.90511260872361,8.06440384510302,1.528,-1.76112614725298
198.129860401154,3,3.97608,-57,9.91463780026172,8.06245827463653,1.528,-1.76322240060439
198.747277498245,3,3.68155,-56,9.92419321418195,8.06048436506418,1.528,-1.76527625397433
199.312186479568,3,3.41771,-57,9.93270445140471,8.05870414522175,1.528,-1.76575701890455
200.370955467224,3,3.02501,-58,9.94651899695929,8.05488957260762,1.528,-1.76312644432429
200.731297492981,3,2.8532,-58,9.95115942886582,8.05318201424137,1.528,-1.76209900741132
201.264781475067,3,2.66299,-58,9.95834540717015,8.05174335055633,1.528,-1.76135031508544
201.910582542419,3,2.32551,-59,9.966930777729,8.05001508224592,1.528,-1.76113
202.483490467072,3,2.07394,-58,9.97529007398726,8.04832969330761,1.528,-1.76218030669239
203.11963057518,3,1.84078,-58,9.98530201899217,8.04631423824535,1.528,-1.76414203445519
203.516792535782,3,1.68124,-59,9.99167194836317,8.04503478462062,1.528,-1.76533400407139
203.958170413971,3,1.45421,-59,9.99778883942766,8.04340536311198,1.528,-1.76842103888957
204.342980384827,3,1.19037,-58,10.0029769970283,8.04197086079878,1.528,-1.77116358892191
205.24942445755,3,0.809942,-58,10.0160414910436,8.03928022101939,1.528,-1.77088065861458
205.807315349579,3,0.582913,-58,10.0234192966756,8.03777447766135,1.528,-1.77046798241689
206.370848417282,3,0.368155,-57,10.0306147858509,8.03629790332017,1.528,-1.77064786964627
207.075553417206,3,0.128854,-57,10.0394686698383,8.03445866033158,1.528,-1.77037596793327
207.463938474655,3,6.20342,-58,10.0450410573395,8.03328375761822,1.528,-1.7706505922928
208.130636453629,3,5.98866,-57,10.0558116121119,8.0309965614565,1.528,-1.77163362007359
208.684376478195,3,5.71254,-57,10.0639889254435,8.02928074080189,1.528,-1.77089675695931
209.142797470093,3,5.52847,-58,10.0706219226978,8.0279202995283,1.528,-1.77082230494931
209.697276353836,3,5.28917,-57,10.0787228108858,8.02623980161121,1.528,-1.76993305335951
210.534002542496,3,4.98851,-57,10.0899816098643,8.02387648661556,1.528,-1.76815932023804
210.755308389664,3,4.93942,-57,10.0927674089017,8.02328904638376,1.528,-1.76773539429756
211.802977561951,3,4.62035,-57,10.1063912983021,8.01858432400974,1.528,-1.76693732934522
212.625902414322,3,4.26447,-56,10.1187800868942,8.01598869975292,1.528,-1.76588373995058
213.189705371857,3,4.06812,-56,10.1279000751232,8.01408777293126,1.528,-1.76584308154604
213.61265039444,3,3.90858,-56,10.1344008355168,8.01274386573451,1.528,-1.7662431283395
214.241019487381,3,3.74291,-56,10.1438203959079,8.01077191704788,1.528,-1.76701083280379
214.664569377899,3,3.62019,-56,10.1494868853605,8.00921507464661,1.528,-1.76806255376029
215.282715559006,3,3.46066,-56,10.1578415403584,8.00701607725374,1.528,-1.7689507964021
215.807414531708,3,3.30113,-56,10.1655492925888,8.00543844588715,1.528,-1.76839695595091
216.309474468231,3,3.21522,-56,10.1724293264407,8.00402904089418,1.528,-1.76873093817673
216.756564378738,3,3.12932,-56,10.1786002661339,8.00278289940763,1.528,-1.76860835763398
217.11230635643,3,3.01274,-56,10.1835457119958,8.00179852018369,1.528,-1.76817504237751
217.919444561005,3,2.78571,-56,10.1959072878442,7.99928350930459,1.528,-1.76681615858526
218.448487520218,3,2.5955,-56,10.2033018978643,7.99867926033736,1.528,-1.76488476884095
219.115036487579,3,2.49118,-56,10.2137800522731,7.99713216562593,1.528,-1.76421712482458
219.627339363098,3,2.38074,-57,10.2221424126199,7.9955712279282,1.528,-1.76522714204029
220.174391508102,3,2.12917,-57,10.2305827714413,7.99400768332184,1.528,-1.76663003961521
220.85253739357,3,1.87759,-57,10.2399814402879,7.99228351905939,1.528,-1.76649484354649
221.207792520523,3,1.81623,-58,10.2450836389946,7.99136701299541,1.528,-1.76633421877239
221.569235563278,3,1.71806,-58,10.2502747089761,7.99043454301726,1.528,-1.7661707961989
222.387893438339,3,1.46035,-58,10.2640052006763,7.98811747658738,1.528,-1.76481190468161
222.993086576462,3,1.1106,-59,10.2720829512536,7.98676008138728,1.528,-1.76408740540303
223.775444507599,3,0.877437,-60,10.28412489827,7.9847047263184,1.528,-1.76193425399267
224.319539546967,3,0.717903,-60,10.2921109677851,7.98332460945073,1.528,-1.76143027873201
224.782421350479,3,0.533825,-60,10.2986023546033,7.98218071650332,1.528,-1.75979864593318
225.413074493408,3,0.141126,-61,10.3069528006891,7.98028030888731,1.528,-1.7570928552204
225.837284564972,3,6.27705,-61,10.3122800407685,7.97871574512027,1.528,-1.75532318766948
226.370022535324,3,6.01934,-62,10.3202575730323,7.97729498461235,1.528,-1.75663758108055
226.920187473297,3,5.82299,-62,10.3282939226954,7.97583178373312,1.528,-1.75828131808385
227.661245346069,3,5.55915,-62,10.3393883778831,7.97376967914691,1.528,-1.76137017213723
228.166743516922,3,5.34439,-62,10.3470789612506,7.97233141554502,1.528,-1.76262536360755
228.734724521637,3,5.09282,-62,10.3555667532498,7.97073570590629,1.528,-1.76131384918135
229.196524381638,3,4.96396,-62,10.3634428315413,7.96892547823446,1.528,-1.75688673098043
229.663873434067,3,4.79216,-62,10.3708312902848,7.96739760000669,1.528,-1.75357138065661
230.628838539124,3,4.31969,-63,10.3842035087213,7.96501645468744,1.528,-1.75088680555957
231.71525645256,3,3.8595,-64,10.4001322824014,7.96207268663424,1.528,-1.75225262132661
232.179765462875,3,3.6386,-63,10.4066514257259,7.96081359718824,1.528,-1.75383127662185
232.515774488449,3,3.47907,-62,10.4118083209211,7.95956392225128,1.528,-1.75497558974251
233.348032474518,3,3.0741,-63,10.4252420384003,7.9561445757373,1.528,-1.75686827724981
233.58122754097,3,2.97592,-63,10.4287645841905,7.95547662129972,1.528,-1.75685830778059
