29.7470710277557,849.328302758732,875.858957626054,107.3,-64,2.90229530717959,2.90229530717959
29.8557388782501,849.47508057994,875.773707108418,107.3,-64,2.84093530717959,2.84093530717959
29.9628298282623,849.61972847941,875.689693677757,107.3,-64,2.87774530717959,2.87774530717959
30.0810480117798,849.78002317094,875.59050292824,107.3,-63,2.82866530717959,2.82866530717959
30.177304983139,849.911975672763,875.49474230792,107.3,-63,2.81638530717959,2.81638530717959
30.2923078536987,850.069625724212,875.380332452013,107.3,-64,2.84706530717959,2.84706530717959
30.3589169979095,850.160935923346,875.314066779215,107.3,-63,2.73048530717959,2.73048530717959
30.4771659374237,850.32303580231,875.196427592774,107.3,-63,2.64458530717959,2.64458530717959
30.5497879981995,850.422588722702,875.124180009139,107.3,-63,2.69366530717959,2.69366530717959
30.7139320373535,850.64760324705,874.960882382077,107.3,-63,2.66299530717959,2.66299530717959
30.8540999889374,850.829452826659,874.829143637114,107.3,-63,2.56481530717959,2.56481530717959
30.9562199115753,850.960692473424,874.734098503458,107.3,-63,2.54640530717959,2.54640530717959
31.0114588737488,851.031682949092,874.68268645371,107.3,-63,2.51572530717959,2.51572530717959
31.2719638347626,851.366471481835,874.440229074208,107.3,-63,2.39914530717959,2.39914530717959
31.3798630237579,851.505138365672,874.339805057281,107.3,-63,2.34392530717959,2.34392530717959
31.4475569725037,851.592135395165,874.276800892765,107.3,-63,2.36233530717959,2.36233530717959
31.5743670463562,851.734454259475,874.174177089377,107.3,-63,2.25188530717959,2.25188530717959
31.631954908371,851.796716114841,874.129339540941,107.3,-63,2.26415530717959,2.26415530717959
31.8226048946381,852.002839791869,873.980900656519,107.3,-63,2.20893530717959,2.20893530717959
31.9394960403442,852.129218152743,873.889889943079,107.3,-62,2.09234530717959,2.09234530717959
32.0696580410004,852.269944468594,873.78854662515,107.3,-63,2.11075530717959,2.11075530717959
32.1776149272919,852.386663440353,873.704492070096,107.3,-63,2.09848530717959,2.09848530717959
32.3004479408264,852.519729666428,873.607951040855,107.3,-62,2.07394530717959,2.07394530717959
32.4590108394623,852.691852616231,873.4821276641,107.3,-62,2.06780530717959,2.06780530717959
32.5589120388031,852.800297209936,873.402853720756,107.3,-62,1.93895530717959,1.93895530717959
32.6966400146484,852.949803466928,873.293563343603,107.3,-62,1.85304530717959,1.85304530717959
32.8461890220642,853.112141671627,873.174892700815,107.3,-62,1.86532530717959,1.86532530717959
32.9515159130096,853.2264759536,873.091313344006,107.3,-62,1.86532530717959,1.86532530717959
33.1226079463959,853.476488222939,872.934138398229,107.3,-62,1.77941530717959,1.77941530717959
33.219722032547,853.625575405572,872.842533773689,107.3,-62,1.75487530717959,1.75487530717959
33.2991199493408,853.747465155977,872.767640247472,107.3,-62,1.70578530717959,1.70578530717959
33.4847350120544,854.032416884927,872.592555470353,107.3,-63,1.68737530717959,1.68737530717959
33.5944540500641,854.200854883022,872.489060996171,107.3,-62,1.57079530717959,1.57079530717959
33.7459909915924,854.422904527636,872.348615946693,107.3,-63,1.55238530717959,1.55238530717959
33.8102550506592,854.495767652873,872.294076644172,107.3,-62,1.48489530717959,1.48489530717959
33.9997389316559,854.710606054805,872.133266405004,107.3,-63,1.44807530717959,1.44807530717959
34.1708278656006,854.904588112611,871.988067498152,107.3,-62,1.38058530717959,1.38058530717959
34.3136038780212,855.066468744258,871.866897060941,107.3,-62,1.34376530717959,1.34376530717959
34.3703129291534,855.130765938596,871.818769505037,107.3,-63,1.33763530717959,1.33763530717959
34.5542960166931,855.342138421571,871.661851407221,107.3,-63,1.29467530717959,1.29467530717959
34.6897850036621,855.499874947005,871.54571167846,107.3,-63,1.25786530717959,1.25786530717959
34.7887518405914,855.615092318834,871.46087835101,107.3,-62,1.07992530717959,1.07992530717959
34.8606588840485,855.698806629811,871.399240392753,107.3,-62,1.15355530717959,1.15355530717959
35.3240969181061,856.230067889743,871.008854456941,107.3,-62,1.06151530717959,1.06151530717959
35.4339900016785,856.350722280035,870.920701064772,107.3,-62,1.03697530717959,1.03697530717959
35.5848748683929,856.516382583722,870.799665123333,107.3,-63,0.932665307179586,0.932665307179586
35.7213089466095,856.666177001961,870.69022123104,107.3,-63,0.951065307179586,0.951065307179586
35.8458139896393,856.802874231365,870.590346502545,107.3,-63,0.816075307179586,0.816075307179586
35.9766359329224,856.952017966669,870.481782075862,107.3,-63,0.840625307179586,0.840625307179586
36.0717120170593,857.07060630692,870.396179456379,107.3,-63,0.773125307179586,0.773125307179586
36.2526578903198,857.296299981414,870.233263189092,107.3,-63,0.607455307179587,0.607455307179587
36.3463528156281,857.413165603123,870.148904108557,107.3,-63,0.662675307179586,0.662675307179586
36.4923748970032,857.595298853851,870.017431795813,107.3,-62,0.607455307179587,0.607455307179587
36.6362838745117,857.774796431448,869.887862035408,107.3,-63,0.515415307179587,0.515415307179587
36.7574799060822,857.866025550781,869.808343024235,107.3,-63,0.466325307179586,0.466325307179586
36.9052138328552,857.96659857681,869.716662771034,107.3,-63,0.411105307179586,0.411105307179586
36.9859089851379,858.021533525256,869.666585228556,107.3,-63,0.325205307179586,0.325205307179586
37.1848928928375,858.156996070425,869.543100424223,107.3,-63,0.196345307179587,0.196345307179587
37.2158880233765,858.178096667549,869.523865564108,107.3,-63,0.171805307179587,0.171805307179587
37.4586129188538,858.426279403253,869.327590816052,107.3,-63,0.0920353071795859,0.0920353071795859
37.5954010486603,858.623302679186,869.185523587412,107.3,-64,0.0981753071795861,0.0981753071795861
37.6347839832306,858.680028030983,869.144620737303,107.3,-64,0.0552253071795858,0.0552253071795858
37.8796818256378,859.032767521233,868.890271490625,107.3,-63,6.22796200717959,-0.0552232999999998
38.0409820079803,859.265096820411,868.722746209615,107.3,-64,6.18501050717959,-0.0981747999999998
38.1784448623657,859.428745482874,868.604086610464,107.3,-63,6.11137930717959,-0.171806
38.3227999210358,859.597663391226,868.481538324013,107.3,-63,6.05615630717959,-0.227029
38.489100933075,859.792261484075,868.340359315475,107.3,-63,6.02547630717959,-0.257709
38.5389950275421,859.850645347821,868.298002394718,107.3,-63,6.00093330717959,-0.282252
38.8120748996735,860.173329277359,868.063808511968,107.3,-63,5.85367030717959,-0.429515
39.1208119392395,860.58348188042,867.764847068175,107.3,-63,5.84753430717959,-0.435651
39.2846310138702,860.801113104667,867.606215026029,107.3,-63,5.78003930717959,-0.503146
39.4401090145111,861.007663335152,867.455659952964,107.3,-63,5.72481630717959,-0.558369
39.5932059288025,861.217146526342,867.303351426138,107.3,-63,5.71868030717959,-0.564505
39.7212979793549,861.396253982236,867.173363116125,107.3,-63,5.69413630717959,-0.589049
39.9195330142975,861.673440369875,866.972193433334,107.3,-64,5.55301030717959,-0.730175
40.0855710506439,861.905606613943,866.803697389672,107.3,-63,5.47937930717959,-0.803806
40.2575960159302,862.140485797726,866.652295104354,107.3,-63,5.33211730717959,-0.951068
40.3835690021515,862.305813510413,866.568748087153,107.3,-63,5.20326530717959,-1.07992
40.7743148803711,862.818630775649,866.309600046066,107.3,-64,5.25234530717959,-1.03084
40.917690038681,863.006399544688,866.211058919516,107.3,-63,5.03759530717959,-1.24559
41.0919029712677,863.229624836267,866.048520798882,107.3,-64,4.97623530717959,-1.30695
41.2723598480225,863.460850717912,865.880157169571,107.3,-64,4.90260530717959,-1.38058
41.4134130477905,863.6415872521,865.748556595152,107.3,-64,4.70011530717959,-1.58307
41.5908069610596,863.868888448549,865.583050666019,107.3,-64,4.76147530717959,-1.52171
41.7362380027771,864.041373584838,865.457179114431,107.3,-64,4.59580530717959,-1.68738
41.8441729545593,864.163182222188,865.368153902205,107.3,-64,4.62648530717959,-1.6567
45.7103319168091,869.618691890035,861.246719051113,107.3,-63,2.40528530717959,-3.8779
45.9421789646149,869.886611251351,861.057294224226,107.3,-64,2.19666530717959,-4.08652
46.0116519927979,869.978440103609,860.992527025005,107.3,-63,2.12302530717959,-4.16016
46.2866809368134,870.35460920395,860.727364688588,107.3,-64,1.96963530717959,-4.31355
46.3818118572235,870.484723919233,860.635646570658,107.3,-64,1.92667530717959,-4.35651
46.8531818389893,871.106568612526,860.19808443779,107.3,-63,1.61374530717959,-4.66944
47.0406498908997,871.334434304086,860.038431759047,107.3,-63,1.53398530717959,-4.7492
47.3418829441071,871.700580307581,859.781893840289,107.3,-63,1.31308530717959,-4.9701
47.4485678672791,871.830254849723,859.691038179325,107.3,-62,1.36217530717959,-4.92101
47.7838928699493,872.341979715816,859.384462784246,107.3,-62,1.12287530717959,-5.16031
47.9047880172729,872.529004023716,859.273422196904,107.3,-62,1.03083530717959,-5.25235
48.1854329109192,872.96316054829,859.015653589027,107.3,-62,0.938795307179586,-5.34439
48.2960758209229,873.113666899805,858.913308820976,107.3,-62,0.914255307179586,-5.36893
48.5910978317261,873.498271946277,858.639830259468,107.3,-62,0.668815307179586,-5.61437
48.7413430213928,873.694138885142,858.500556453314,107.3,-62,0.656545307179586,-5.62664
48.9781019687653,873.994174781714,858.287677583193,107.3,-62,0.484735307179586,-5.79845
49.1728630065918,874.216278508942,858.131466521844,107.3,-61,0.374295307179586,-5.90889
49.2532079219818,874.307903124271,858.067024656843,107.3,-61,0.355885307179586,-5.9273
49.5131788253784,874.604371592808,857.858511028076,107.3,-61,0.184075307179587,-6.09911
49.7634179592133,874.917598057906,857.637682428284,107.3,-61,0.184075307179587,-6.09911
49.8469209671021,875.028091706736,857.559679753284,107.3,-61,0.0613553071795865,-6.22183
50.0953178405762,875.356777793645,857.327644751403,107.3,-61,0.0184053071795862,-6.26478
50.3070318698883,875.636116740093,857.130566201246,107.3,-60,6.24636980717959,-6.32000080717959
50.4295358657837,875.788091823762,857.024784674082,107.3,-61,6.19114650717959,-6.37522410717959
50.8409600257874,876.29849330645,856.669522173138,107.3,-60,5.91503030717959,-6.65134030717959
51.0397529602051,876.533917575123,856.506610995542,107.3,-60,5.83526330717959,-6.73110730717959
51.2177729606628,876.686310588443,856.406377735993,107.3,-60,5.76776730717959,-6.79860330717959
51.3996739387512,876.842025890686,856.303959311646,107.3,-60,5.70640830717959,-6.85996230717959
51.4870419502258,876.916816782171,856.254767195323,107.3,-60,5.66959330717959,-6.89677730717959
51.7436430454254,877.136478696664,856.110289248408,107.3,-60,5.53460230717959,-7.03176830717959
51.8402819633484,877.248442797093,856.031216168994,107.3,-60,5.47937930717959,-7.08699130717959
51.993175983429,877.429541403319,855.902774512127,107.3,-60,5.44869930717959,-7.11767130717959
52.2624468803406,877.748485101065,855.67656814953,107.3,-59,5.30143730717959,-7.26493330717959
52.3840408325195,877.892509669544,855.574420736082,107.3,-59,5.26462530717959,-7.30174530717959
52.6132838726044,878.167463274202,855.379232105856,107.3,-59,5.11735530717959,-7.44901530717959
52.8402638435364,878.442701242716,855.183684417759,107.3,-59,5.05600530717959,-7.51036530717959
52.958046913147,878.585526059689,855.082211997682,107.3,-59,5.06213530717959,-7.50423530717959
53.157723903656,878.827656186858,854.910186361676,107.3,-59,4.95168530717959,-7.61468530717959
53.2551429271698,878.946420476311,854.82584203773,107.3,-58,4.98850530717959,-7.57786530717959
53.4511969089508,879.189573834562,854.653379192002,107.3,-59,4.90260530717959,-7.66376530717959
53.6641118526459,879.453638777854,854.466084260504,107.3,-59,4.89646530717959,-7.66990530717959
53.8543388843536,879.689565338334,854.298747209123,107.3,-59,4.79215530717959,-7.77421530717959
54.0629508495331,879.959514470437,854.106415886704,107.3,-58,4.72466530717959,-7.84170530717959
54.0993428230286,880.00811101987,854.07168130383,107.3,-58,4.74306530717959,-7.82330530717959
54.2850639820099,880.256116462181,853.894418397523,107.3,-58,4.63875530717959,-7.92761530717959
54.4420130252838,880.465700642632,853.744617245594,107.3,-58,4.58353530717959,-7.98283530717959
54.6476979255676,880.752081890174,853.539173444043,107.3,-58,4.52217530717959,-8.04419530717959
54.9023480415344,881.262659440417,853.163296899007,107.3,-58,4.46695530717959,-8.09941530717959
55.0175688266754,881.493678955138,852.993225149891,107.3,-58,4.36264530717959,-8.20372530717959
55.1059048175812,881.670794027965,852.862836726788,107.3,-58,4.36877530717959,-8.19759530717959
55.3426339626312,882.145439745254,852.51341244786,107.3,-58,4.23378530717959,-8.33258530717959
55.5377700328827,882.404227604759,852.331635250073,107.3,-58,4.18469530717959,-8.38167530717959
55.6398830413818,882.539549639983,852.236592556627,107.3,-58,4.16015530717959,-8.40621530717959
55.809376001358,882.764164825035,852.078835306372,107.3,-58,4.09879530717959,-8.46757530717959
55.8693459033966,882.843638041184,852.023017726426,107.3,-58,4.04357530717959,-8.52279530717959
56.1333408355713,883.184720846007,851.783013623503,107.3,-58,3.98221530717959,-8.58415530717959
56.2778689861298,883.350994306688,851.664946285058,107.3,-58,3.90858530717959,-8.65778530717959
56.3741829395294,883.461799394014,851.586265888962,107.3,-58,3.87790530717959,-8.68846530717959
56.5006368160248,883.607279174805,851.482963711661,107.3,-58,3.82267530717959,-8.74369530717959
56.6965708732605,883.832692934242,851.322902072741,107.3,-58,3.81040530717959,-8.75596530717959
56.8942148685455,884.063105942651,851.159537668362,107.3,-58,3.66928530717959,-8.89708530717959
56.9499528408051,884.131112896523,851.11156377067,107.3,-58,3.65700530717959,-8.90936530717959
57.1664299964905,884.395240767419,850.92524100903,107.3,-57,3.58337530717959,-8.98299530717959
57.3000299930573,884.558248649397,850.810250952751,107.3,-57,3.52815530717959,-9.03821530717959
57.4607138633728,884.75430207785,850.67194969702,107.3,-57,3.49133530717959,-9.07503530717959
57.621955871582,884.950089410776,850.533626279838,107.3,-58,3.41770530717959,-9.14866530717959
57.7135119438171,885.059017199307,850.456169373606,107.3,-57,3.36862530717959,-9.19774530717959
57.9662029743195,885.359653459279,850.242391467046,107.3,-57,3.25203530717959,-9.31433530717959
58.0045030117035,885.405220490183,850.209989439174,107.3,-58,3.28271530717959,-9.28365530717959
58.2464599609375,885.693085999882,850.005292620367,107.3,-58,3.19681530717959,-9.36955530717959
58.3944108486176,885.861354385809,849.878784560598,107.3,-57,3.14772530717959,-9.41864530717959
58.647402048111,886.140757961462,849.661019554475,107.3,-57,3.04341530717959,-9.52295530717959
58.6757898330688,886.172109441822,849.636584450892,107.3,-57,3.01887530717959,-9.54749530717959
58.8830859661102,886.401047368939,849.458151984578,107.3,-57,2.93297530717959,-9.63339530717959
59.0379009246826,886.572431236077,849.329522755488,107.3,-57,2.87774530717959,-9.68862530717959
59.2335929870605,886.790178464675,849.179598434158,107.3,-57,2.79184530717959,-9.77452530717959
59.3132548332214,886.878818473962,849.118567608092,107.3,-57,2.78570530717959,-9.78066530717959
59.4470608234406,887.027704857936,849.016055671585,107.3,-57,2.74889530717959,-9.81747530717959
59.6292018890381,887.230373845967,848.876513089662,107.3,-56,2.65071530717959,-9.91565530717959
59.7890210151672,887.420309627917,848.745635178062,107.3,-56,2.62617530717959,-9.94019530717959
59.9245409965515,887.589880777944,848.628722333592,107.3,-57,2.58322530717959,-9.98314530717959
60.1439878940582,887.864466579979,848.439405889365,107.3,-57,2.55867530717959,-10.0076953071796
60.3274400234222,888.094013457372,848.281142066947,107.3,-57,2.46050530717959,-10.1058653071796
60.4223239421844,888.213576479613,848.19868705744,107.3,-57,2.39914530717959,-10.1672253071796
60.5507688522339,888.388129703792,848.077994941651,107.3,-57,2.33165530717959,-10.2347153071796
60.826691865921,888.763101757148,847.818726339227,107.3,-56,2.32551530717959,-10.2408553071796
60.9402508735657,888.91742543499,847.712021629057,107.3,-56,2.23961530717959,-10.3267553071796
61.1899309158325,889.245050135025,847.485193504706,107.3,-56,2.21506530717959,-10.3513053071796
61.2630019187927,889.330659135765,847.425652296579,107.3,-56,2.15370530717959,-10.4126653071796
61.4686830043793,889.571632319311,847.258055030513,107.3,-55,2.09234530717959,-10.4740253071796
61.7732999324799,889.928517400491,847.009840839105,107.3,-55,1.98803530717959,-10.5783353071796
61.9622519016266,890.168599449858,846.839187380477,107.3,-55,1.90213530717959,-10.6642353071796
62.0762410163879,890.324678526954,846.726207062343,107.3,-55,1.89599530717959,-10.6703753071796
62.2866928577423,890.612838753836,846.517617706789,107.3,-55,1.81009530717959,-10.7562753071796
62.4868779182434,890.886941237716,846.319204271712,107.3,-55,1.71805530717959,-10.8483153071796
62.6806738376617,891.14139779633,846.137355506817,107.3,-55,1.61374530717959,-10.9526253071796
62.8699269294739,891.372091911215,845.97648020921,107.3,-55,1.58306530717959,-10.9833053071796
63.1592290401459,891.724742923237,845.730557869411,107.3,-55,1.46034530717959,-11.1060253071796
63.3437399864197,891.951469413205,845.572172740555,107.3,-55,1.35603530717959,-11.2103353071796
63.68052983284,892.388917802523,845.263009777767,107.3,-54,1.28240530717959,-11.2839653071796
63.9152448177338,892.69378356134,845.047548471817,107.3,-54,1.20877530717959,-11.3575953071796
64.1998188495636,893.045121987518,844.79791076093,107.3,-54,1.14128530717959,-11.4250853071796
64.3535339832306,893.230255501141,844.666011214553,107.3,-54,1.05537530717959,-11.5109953071796
64.538950920105,893.453570461679,844.506909054077,107.3,-54,1.00015530717959,-11.5662153071796
64.8290238380432,893.798395218583,844.26098148841,107.3,-54,0.901985307179586,-11.6643853071796
65.0595479011536,894.066488738307,844.069439973716,107.3,-54,0.816075307179586,-11.7502953071796
65.2465269565582,894.28394054096,843.914079830375,107.3,-54,0.766995307179586,-11.7993753071796
65.5141139030457,894.580879511438,843.72074635534,107.3,-53,0.705635307179587,-11.8607353071796
65.8283078670502,894.890936732781,843.572262488128,107.3,-53,0.613595307179586,-11.9527753071796
66.0069110393524,895.067188378806,843.487857016482,107.3,-53,0.570645307179587,-11.9957253071796
66.3530290126801,895.453720750234,843.254797833248,107.3,-53,0.484735307179586,-12.0816353071796
66.5825898647308,895.748291282449,843.041189384431,107.3,-52,0.392695307179586,-12.1736753071796
66.9158449172974,896.175921330521,842.731092544298,107.3,-52,0.319065307179586,-12.2473053071796
67.0654549598694,896.351063851534,842.605479444716,107.3,-52,0.294525307179586,-12.2718453071796
67.2689609527588,896.576428281874,842.445013398325,107.3,-53,0.227025307179586,-12.3393453071796
67.5790150165558,896.919785037467,842.200533375509,107.3,-52,0.141125307179586,-12.4252453071796
67.8762538433075,897.283853413135,841.942362442682,107.3,-52,0.0245453071795865,-12.5418253071796
68.0174510478973,897.470377278769,841.810464842276,107.3,-52,6.26477750717959,-12.5847784143592
68.2601618766785,897.791002337509,841.583739561123,107.3,-52,6.20955420717959,-12.6400017143592
68.5401928424835,898.17156195979,841.313819657115,107.3,-52,6.13592330717959,-12.7136326143592
68.8119649887085,898.555379927084,841.04051274542,107.3,-51,6.08070030717959,-12.7688556143592
69.1022489070892,898.965341672753,840.74858952095,107.3,-51,5.97638930717959,-12.8731666143592
69.2758359909058,899.223470348592,840.592936837531,107.3,-51,5.93957330717959,-12.9099826143592
69.5267958641052,899.597507081826,840.369148161767,107.3,-51,5.87207830717959,-12.9774776143592
69.8147439956665,900.026672020017,840.112375912765,107.3,-51,5.81071930717959,-13.0388366143592
70.0650479793549,900.325491325071,839.904750077231,107.3,-51,5.73708830717959,-13.1124676143592
70.329512834549,900.638535556974,839.685940368956,107.3,-51,5.69413630717959,-13.1554196143592
70.5345029830933,900.881180212165,839.516338118521,107.3,-51,5.65732130717959,-13.1922346143592
70.8000090122223,901.214199412582,839.284917074596,107.3,-51,5.57755430717959,-13.2720016143592
71.0210938453674,901.493446519007,839.090995472912,107.3,-51,5.51005930717959,-13.3394966143592
71.240259885788,901.770270043006,838.898756914579,107.3,-51,5.45483530717959,-13.3947206143592
71.5640199184418,902.204156832057,838.59451005938,107.3,-51,5.39961230717959,-13.4499436143592
71.7950038909912,902.518156618133,838.373836253459,107.3,-50,5.33825330717959,-13.5113026143592
72.1000030040741,902.936047182164,838.079549482237,107.3,-50,5.28302530717959,-13.5665306143592
72.4516608715057,903.435026271408,837.72503765895,107.3,-50,5.21553530717959,-13.6340206143592
72.5989229679108,903.643981376781,837.576580424994,107.3,-50,5.19099530717959,-13.6585606143592
72.8889000415802,903.992451494757,837.343775615368,107.3,-50,5.10508530717959,-13.7444706143592
73.1647489070892,904.250912474898,837.191330067201,107.3,-50,5.03759530717959,-13.8119606143592
73.4373209476471,904.506303181804,837.040695428697,107.3,-50,4.97009530717959,-13.8794606143592
73.722972869873,904.834305295004,836.809965018254,107.3,-50,4.89646530717959,-13.9530906143592
74.2157869338989,905.414307773541,836.394907367203,107.3,-50,4.77374530717959,-14.0758106143592
74.5271019935608,905.792603240723,836.123321835273,107.3,-51,4.70625530717959,-14.1433006143592
74.8283610343933,906.158679105213,835.860508989206,107.3,-50,4.65102530717959,-14.1985306143592
74.9616129398346,906.319037888096,835.745276504088,107.3,-50,4.60807530717959,-14.2414806143592
75.3434398174286,906.767115943149,835.422495304475,107.3,-50,4.50990530717959,-14.3396506143592
75.5641188621521,907.026085237751,835.235942049675,107.3,-50,4.46081530717959,-14.3887406143592
75.8265249729156,907.310145948775,835.032356791709,107.3,-50,4.38718530717959,-14.4623706143592
76.1997358798981,907.693083584603,834.758904745331,107.3,-50,4.27673530717959,-14.5728206143592
76.5336248874664,907.942207049589,834.528848318259,107.3,-50,4.19697530717959,-14.6525806143592
76.8350880146027,908.071589624648,834.336042912289,107.3,-50,4.14788530717959,-14.7016706143592
77.1082499027252,908.204304724945,834.156211398806,107.3,-50,4.09266530717959,-14.7568906143592
77.4370949268341,908.624593006888,833.853437932538,107.3,-50,3.98221530717959,-14.8673406143592
77.6878249645233,908.94504455411,833.622586324507,107.3,-50,3.91471530717959,-14.9348406143592
77.9217710494995,909.225091602256,833.420748015459,107.3,-50,3.87176530717959,-14.9777906143592
78.131903886795,909.45995691456,833.251385340506,107.3,-50,3.81040530717959,-15.0391506143592
78.4001128673553,909.759733887987,833.035214507909,107.3,-50,3.74291530717959,-15.1066406143592
78.7974610328674,910.22476030654,832.696739073932,107.3,-50,3.65087530717959,-15.1986806143592
78.9672880172729,910.427182356345,832.548876987721,107.3,-50,3.62019530717959,-15.2293606143592
79.3451108932495,910.87351621373,832.222662332488,107.3,-50,3.54042530717959,-15.3091306143592
79.6518490314484,911.225250538096,831.965096488607,107.3,-50,3.47906530717959,-15.3704906143592
79.9618859291077,911.580767525214,831.704760699752,107.3,-50,3.38702530717959,-15.4625306143592
80.2136559486389,911.93050392185,831.481812454834,107.3,-50,3.35634530717959,-15.4932106143592
80.5213549137115,912.360395994057,831.208871951617,107.3,-50,3.28271530717959,-15.5668406143592
80.7805998325348,912.705994595227,830.975470733115,107.3,-50,3.23363530717959,-15.6159206143592
81.084892988205,913.079089022853,830.694761592329,107.3,-51,3.16613530717959,-15.6834206143592
81.3924698829651,913.456209649339,830.411023216211,107.3,-50,3.09864530717959,-15.7509106143592
81.6452538967133,913.76208487151,830.182665708729,107.3,-50,3.04955530717959,-15.8000006143592
82.0003960132599,914.189968058477,829.864039533508,107.3,-50,2.94524530717959,-15.9043106143592
82.2379729747772,914.478927705885,829.648698558724,107.3,-50,2.89001530717959,-15.9595406143592
82.6099319458008,914.949165210504,829.297192118394,107.3,-50,2.82252530717959,-16.0270306143592
82.816743850708,915.210620697977,829.101751969951,107.3,-50,2.75502530717959,-16.0945306143592
83.274374961853,915.829453324202,828.641658071753,107.3,-50,2.65071530717959,-16.1988406143592
83.4200520515442,916.029571291676,828.493053521753,107.3,-50,2.60776530717959,-16.2417906143592
83.7341530323029,916.438989091662,828.220372038495,107.3,-51,2.51572530717959,-16.3338306143592
84.0323438644409,916.801797295114,828.01746664508,107.3,-51,2.42982530717959,-16.4197306143592
84.3335218429565,917.166175854675,827.807996831688,107.3,-51,2.38073530717959,-16.4688206143592
84.7276530265808,917.614030222358,827.470244428507,107.3,-51,2.27029530717959,-16.5792606143592
84.9280529022217,917.841746179171,827.298510898131,107.3,-51,2.25188530717959,-16.5976706143592
85.3053560256958,918.303156563536,826.950630685367,107.3,-51,2.19666530717959,-16.6528906143592
85.6122920513153,918.691031656817,826.658226392596,107.3,-50,2.12916530717959,-16.7203906143592
85.9375438690186,919.088778457581,826.358307479369,107.3,-50,2.05553530717959,-16.7940206143592
86.1941678524017,919.384763655538,826.135020400208,107.3,-50,2.01871530717959,-16.8308406143592
86.5043408870697,919.742511305843,825.865140593838,107.3,-50,1.93281530717959,-16.9167406143592
86.7971239089966,920.067122448467,825.619959083775,107.3,-50,1.90213530717959,-16.9474206143592
87.0620720386505,920.358185310174,825.40005286762,107.3,-50,1.85304530717959,-16.9965106143592
87.4164600372314,920.748473930978,825.131354346494,107.3,-50,1.80396530717959,-17.0455906143592
87.6531698703766,921.010478499263,824.986371581435,107.3,-51,1.76100530717959,-17.0885506143592
87.9285130500793,921.315244760849,824.817726219293,107.3,-51,1.72419530717959,-17.1253606143592
88.2185628414154,921.726513316837,824.525460112347,107.3,-51,1.60761530717959,-17.2419406143592
88.435595035553,922.050651275714,824.285932813158,107.3,-51,1.58920530717959,-17.2603506143592
88.771253824234,922.54264208115,823.922240307486,107.3,-51,1.49716530717959,-17.3523906143592
89.0955619812012,922.985583442797,823.594354556205,107.3,-50,1.41126530717959,-17.4382906143592
89.3210289478302,923.293527116306,823.366400358464,107.3,-50,1.37444530717959,-17.4751106143592
89.5968928337097,923.653771355395,823.100299782172,107.3,-50,1.33149530717959,-17.5180606143592
89.7600178718567,923.862027413568,822.946639392526,107.3,-50,1.28240530717959,-17.5671506143592
90.1335928440094,924.338957577181,822.594739546646,107.3,-50,1.24559530717959,-17.6039606143592
90.3211660385132,924.559359676852,822.43181683848,107.3,-50,1.20877530717959,-17.6407806143592
90.6674158573151,924.962281950956,822.133906745434,107.3,-50,1.14741530717959,-17.7021406143592
91.0066208839417,925.420310855449,821.806351744279,107.3,-50,1.04924530717959,-17.8003106143592
91.1903488636017,925.769446656271,821.571939087112,107.3,-50,1.01242530717959,-17.8371306143592
91.4875810146332,926.33427290251,821.19271008537,107.3,-50,0.975615307179586,-17.8739406143592
91.8385899066925,926.861303424804,820.828497053245,107.3,-50,0.889705307179586,-17.9598506143592
92.0128889083862,927.055461103798,820.687994189523,107.3,-50,0.865165307179586,-17.9843906143592
92.2645428180695,927.335787086959,820.485135339882,107.3,-50,0.828345307179586,-18.0212106143592
92.5343878269196,927.659095718026,820.250438713981,107.3,-51,0.766995307179586,-18.0825606143592
92.8855459690094,928.124707116799,819.911094813181,107.3,-50,0.717905307179587,-18.1316506143592
93.1092858314514,928.421370693195,819.694882376146,107.3,-50,0.674955307179586,-18.1746006143592
93.3892018795013,928.802825741244,819.418228980166,107.3,-50,0.625865307179586,-18.2236906143592
93.700021982193,929.227763169502,819.110214786788,107.3,-50,0.558365307179586,-18.2911906143592
93.9444329738617,929.543395525882,818.881048451101,107.3,-50,0.484735307179586,-18.3648206143592
94.2637858390808,929.91630561219,818.60943365266,107.3,-50,0.460195307179586,-18.3893606143592
94.507218837738,930.200563655334,818.402389933736,107.3,-50,0.435655307179586,-18.4139006143592
94.8552529811859,930.592709838418,818.175226930793,107.3,-50,0.398835307179586,-18.4507206143592
95.1142268180847,930.882434750027,818.016204986827,107.3,-50,0.355885307179586,-18.4936706143592
95.3818309307098,931.199435603612,817.819217239867,107.3,-50,0.331335307179586,-18.5182206143592
95.6356799602509,931.52626582484,817.58392591781,107.3,-50,0.263845307179587,-18.5857106143592
95.9786229133606,931.967804330762,817.266053909502,107.3,-50,0.196345307179587,-18.6532106143592
96.2020449638367,932.249644946005,817.061174963824,107.3,-50,0.165665307179586,-18.6838906143592
96.4207010269165,932.523038530988,816.861591741957,107.3,-50,0.104315307179586,-18.7452406143592
96.8074560165405,933.003715028834,816.510679712919,107.3,-51,0.0429553071795858,-18.8066006143592
96.9899969100952,933.20710450097,816.36213407668,107.3,-50,6.27091350717959,-18.8618277215388
97.4225988388062,933.689115277909,816.010097185179,107.3,-50,6.18501050717959,-18.9477307215388
97.6966068744659,933.990070803144,815.790156414058,107.3,-50,6.17273830717959,-18.9600029215388
97.8955550193787,934.206599010479,815.631852024557,107.3,-50,6.14819530717959,-18.9845459215388
98.2138848304749,934.553058050688,815.378554832831,107.3,-50,6.11751530717959,-19.0152259215388
98.481390953064,934.853281925577,815.136592411399,107.3,-50,6.06842830717959,-19.0643129215388
98.8293859958649,935.246965919786,814.811803116177,107.3,-50,6.03161230717959,-19.1011289215388
99.0721390247345,935.52782570837,814.587336775008,107.3,-50,6.00093330717959,-19.1318079215388
99.3733079433441,935.89996626983,814.316831240838,107.3,-50,5.93343730717959,-19.1993039215388
99.7955038547516,936.421142559352,813.938033564508,107.3,-50,5.89662230717959,-19.2361189215388
99.919900894165,936.569829286586,813.830352731647,107.3,-50,5.89662230717959,-19.2361189215388
100.253403902054,936.968451882424,813.541665140524,107.3,-49,5.85980630717959,-19.2729349215388
100.498159885406,937.260998765431,813.329798939694,107.3,-49,5.83526330717959,-19.2974779215388
100.829605817795,937.618821761854,813.071917011737,107.3,-50,5.80458330717959,-19.3281579215388
101.130820989609,937.93704271361,812.842829201259,107.3,-49,5.74936030717959,-19.3833809215388
101.597416877747,938.489918328576,812.441580385413,107.3,-50,5.72481630717959,-19.4079249215388
101.846529006958,938.807679487757,812.209879540177,107.3,-50,5.70027230717959,-19.4324689215388
102.10995388031,939.160560102373,811.95301892578,107.3,-49,5.68186530717959,-19.4508759215388
102.443974971771,939.665843618003,811.586688376948,107.3,-50,5.65732130717959,-19.4754199215388
102.710337877274,940.068778608535,811.294560508812,107.3,-50,5.63277730717959,-19.4999639215388
103.003181934357,940.428988285347,811.035460034497,107.3,-50,5.60823330717959,-19.5245079215388
103.364181995392,940.867129979978,810.720482595039,107.3,-50,5.57141830717959,-19.5613229215388
103.70659995079,941.302438991637,810.408850775211,107.3,-50,5.55914630717959,-19.5735949215388
103.982895851135,941.658331173187,810.154366658393,107.3,-50,5.57141830717959,-19.5613229215388
104.21585392952,941.953894876665,809.942588772893,107.3,-50,5.54073830717959,-19.5920029215388
104.603845834732,942.423394711186,809.603965058046,107.3,-50,5.52233130717959,-19.6104099215388
104.852012872696,942.723695778534,809.387374858177,107.3,-50,5.49165130717959,-19.6410899215388
105.146407842636,943.073108540909,809.13603806454,107.3,-50,5.50392330717959,-19.6288179215388
105.380842924118,943.34840575839,808.938310781267,107.3,-50,5.46710730717959,-19.6656339215388
105.737340927124,943.767737574181,808.643111163925,107.3,-50,5.51005930717959,-19.6226819215388
106.078999042511,944.190360340506,808.523475001224,107.3,-50,5.48551530717959,-19.6472259215388
106.311143875122,944.477517843657,808.442186380483,107.3,-49,5.49165130717959,-19.6410899215388
106.59751701355,944.822270261949,808.280889509436,107.3,-49,5.46097130717959,-19.6717699215388
106.840122938156,945.104094377618,808.078369389107,107.3,-49,5.47324330717959,-19.6594979215388
107.172369003296,945.490049311095,807.801020378772,107.3,-49,5.48551530717959,-19.6472259215388
107.42923283577,945.813856103506,807.56758956812,107.3,-49,5.47937930717959,-19.6533619215388
107.80712890625,946.297045579304,807.219077477499,107.3,-49,5.51005930717959,-19.6226819215388
108.067966938019,946.631175688309,806.979098599761,107.3,-49,5.49778730717959,-19.6349539215388
108.389191865921,947.043074803285,806.683950934608,107.3,-50,5.52233130717959,-19.6104099215388
108.773027896881,947.504831211493,806.350758973805,107.3,-49,5.53460230717959,-19.5981389215388
109.043438911438,947.807291306493,806.130655482986,107.3,-49,5.53460230717959,-19.5981389215388
109.294651985168,948.088278123064,805.926178329722,107.3,-49,5.53460230717959,-19.5981389215388
109.590075969696,948.452567005219,805.687159829261,107.3,-49,5.55301030717959,-19.5797309215388
109.944453001022,948.894941236144,805.400674230647,107.3,-49,5.51619530717959,-19.6165459215388
110.261912822723,949.269660101187,805.143076112156,107.3,-49,5.54687430717959,-19.5858669215388
110.712242841721,949.771851584201,804.776359540839,107.3,-49,5.59596230717959,-19.5367789215388
110.931131839752,950.015113149987,804.598323285174,107.3,-49,5.60823330717959,-19.5245079215388
111.171175956726,950.27946125186,804.403693364015,107.3,-49,5.62050530717959,-19.5122359215388
111.45952296257,950.597002813121,804.169899027702,107.3,-49,5.65118530717959,-19.4815559215388
111.754128932953,950.952909696786,803.909255078998,107.3,-49,5.65118530717959,-19.4815559215388
112.078315019608,951.383147886769,803.5957376598,107.3,-49,5.65732130717959,-19.4754199215388
112.404448032379,951.809604727102,803.284678972279,107.3,-49,5.68186530717959,-19.4508759215388
112.677686929703,952.148426246231,803.036667725168,107.3,-49,5.70640830717959,-19.4263329215388
113.017415046692,952.569695684135,802.728306087063,107.3,-49,5.71868030717959,-19.4140609215388
113.206445932388,952.749056845948,802.596898967578,107.3,-49,5.70027230717959,-19.4324689215388
113.514420032501,953.02430435712,802.395194150798,107.3,-49,5.72481630717959,-19.4079249215388
113.817857027054,953.311910485507,802.184301733122,107.3,-49,5.73095230717959,-19.4017889215388
114.269783973694,953.852513389681,801.787049711403,107.3,-49,5.77390330717959,-19.3588379215388
114.473589897156,954.096309593759,801.607900590653,107.3,-49,5.79844730717959,-19.3342939215388
114.896355867386,954.590011630843,801.24844537645,107.3,-49,5.81071930717959,-19.3220219215388
115.153637886047,954.88982313949,801.030340007534,107.3,-50,5.80458330717959,-19.3281579215388
115.449663877487,955.239480517383,800.775753064968,107.3,-49,5.82299130717959,-19.3097499215388
115.786628007889,955.641424820385,800.482914164519,107.3,-50,5.87207830717959,-19.2606629215388
116.074844837189,955.986135885963,800.231816264113,107.3,-49,5.87821430717959,-19.2545269215388
116.41636800766,956.406719342272,799.926023988971,107.3,-50,5.90275830717959,-19.2299829215388
116.719267845154,956.77973842731,799.654814189883,107.3,-50,5.93957330717959,-19.1931679215388
117.162379980087,957.377828421374,799.165762656482,107.3,-50,5.97025330717959,-19.1624879215388
117.440526008606,957.757338924826,798.851587648842,107.3,-50,5.98252530717959,-19.1502159215388
117.838526964188,958.315582356241,798.440451559323,107.3,-50,6.02547630717959,-19.1072649215388
118.106580972672,958.692026168239,798.164729800329,107.3,-50,6.03161230717959,-19.1011289215388
118.577648878098,959.251595418962,797.754005894939,107.3,-50,6.07456430717959,-19.0581769215388
118.765691995621,959.471130649584,797.592828130685,107.3,-50,6.11137930717959,-19.0213619215388
119.07815694809,959.836653866829,797.325121453569,107.3,-50,6.15433130717959,-18.9784099215388
119.454208850861,960.277152632938,797.003031094721,107.3,-51,6.21569010717959,-18.9170511215388
119.752885818481,960.623402262056,796.750010033299,107.3,-51,6.22796200717959,-18.9047792215388
120.172648906708,961.098182642742,796.403578071677,107.3,-51,6.27704938717959,-18.8556918415388
120.493790864944,961.464180226564,796.121918128091,107.3,-51,0.0122753071795865,-18.8372806143592
120.848983049393,961.882648014889,795.72824108552,107.3,-51,0.0674953071795859,-18.7820606143592
121.131989002228,962.216069977282,795.414571609049,107.3,-51,0.104315307179586,-18.7452406143592
121.361336946487,962.50010154284,795.201857278616,107.3,-51,0.165665307179586,-18.6838906143592
121.760004997253,962.99605305642,794.838789634706,107.3,-50,0.220895307179586,-18.6286606143592
122.151731014252,963.468708242197,794.495140982543,107.3,-50,0.257705307179586,-18.5918506143592
122.359060049057,963.715899128933,794.315912553718,107.3,-51,0.282255307179586,-18.5673006143592
122.686992883682,964.097291834239,794.038749721908,107.3,-50,0.325205307179586,-18.5243506143592
123.021131038666,964.470846013135,793.766269429322,107.3,-50,0.386565307179586,-18.4629906143592
123.463433980942,964.972229467716,793.402392709321,107.3,-51,0.447925307179586,-18.4016306143592
123.717396974564,965.265471988205,793.190985310829,107.3,-51,0.478605307179587,-18.3709506143592
124.146818876266,965.731087810726,792.853945564419,107.3,-51,0.552235307179586,-18.2973206143592
124.395496845245,965.958913896218,792.687023481979,107.3,-51,0.582915307179587,-18.2666406143592
125.079301834106,966.676136044159,792.164903723856,107.3,-51,0.711765307179586,-18.1377906143592
125.278722047806,966.921788263772,791.987258381883,107.3,-51,0.760855307179586,-18.0887006143592
125.747920036316,967.517142485984,791.558344688653,107.3,-52,0.816075307179586,-18.0334806143592
125.946802854538,967.780828584,791.369402068366,107.3,-52,0.846755307179587,-18.0028006143592
126.207411050797,968.126352440696,791.121819115202,107.3,-51,0.932665307179586,-17.9168906143592
126.583071947098,968.648755079033,790.745556771524,107.3,-51,1.02469530717959,-17.8248606143592
126.981837034225,969.20803627085,790.342342631288,107.3,-51,1.11060530717959,-17.7389506143592
127.241061925888,969.548966415226,790.097745949342,107.3,-52,1.17196530717959,-17.6775906143592
127.574906826019,969.98803609434,789.782740108917,107.3,-52,1.25172530717959,-17.5978306143592
128.014636039734,970.660453356513,789.307032910259,107.3,-52,1.34376530717959,-17.5057906143592
128.208837985992,970.96684915965,789.09084913404,107.3,-52,1.40512530717959,-17.4444306143592
128.529898881912,971.406480091096,788.777910962376,107.3,-52,1.50943530717959,-17.3401206143592
128.853133916855,971.778520708754,788.509746171377,107.3,-53,1.58306530717959,-17.2664906143592
129.300271034241,972.278867365439,788.148104726293,107.3,-53,1.69351530717959,-17.1560406143592
129.651188850403,972.655411384779,787.874791977957,107.3,-53,1.79782530717959,-17.0517306143592
129.911808013916,972.936188564396,787.671079075485,107.3,-53,1.88372530717959,-16.9658306143592
130.173871994019,973.23002358326,787.458786789128,107.3,-53,1.93895530717959,-16.9106006143592
130.544069051743,973.645101074632,787.158898266653,107.3,-53,2.03712530717959,-16.8124306143592
130.749256849289,973.886125242711,786.985199710856,107.3,-53,2.13530530717959,-16.7142506143592
131.089332818985,974.299786717258,786.68762879904,107.3,-53,2.20893530717959,-16.6406206143592
131.535007953644,974.852252397033,786.323196566902,107.3,-54,2.33165530717959,-16.5179006143592
131.787524938583,975.17367904977,786.137434633353,107.3,-54,2.39914530717959,-16.4504106143592
132.002195835114,975.446931748903,785.97951384705,107.3,-53,2.50959530717959,-16.3399606143592
132.366413831711,975.893255718805,785.663052787772,107.3,-53,2.58935530717959,-16.2602006143592
132.773689031601,976.391666534528,785.3016183034,107.3,-53,2.69366530717959,-16.1558906143592
133.170465946198,976.892521288947,784.941973700007,107.3,-54,2.81025530717959,-16.0393006143592
133.437618970871,977.229750743694,784.699822153207,107.3,-54,2.89615530717959,-15.9534006143592
133.791810035706,977.638865719602,784.405961772677,107.3,-54,2.98819530717959,-15.8613606143592
134.107533931732,978.002025174631,784.145106496337,107.3,-54,3.09250530717959,-15.7570506143592
134.46745800972,978.406417766249,783.85362158972,107.3,-55,3.19681530717959,-15.6527406143592
134.748177051544,978.718073823105,783.628576925409,107.3,-54,3.29499530717959,-15.5545606143592
134.981927871704,978.977585463016,783.441185380776,107.3,-54,3.36248530717959,-15.4870706143592
135.394229888916,979.345342005387,783.246809832837,107.3,-54,3.47906530717959,-15.3704906143592
135.72091293335,979.633058871226,783.098353185167,107.3,-54,3.55883530717959,-15.2907206143592
136.071427822113,980.046676707231,782.803742823367,107.3,-54,3.68768530717959,-15.1618706143592
136.298032045364,980.31977854505,782.605925113851,107.3,-54,3.72450530717959,-15.1250506143592
136.646010875702,980.782898749403,782.270959921523,107.3,-55,3.80427530717959,-15.0452806143592
137.165338039398,981.534796012807,781.727742737317,107.3,-55,3.95767530717959,-14.8918806143592
137.249979019165,981.646815160755,781.646702596636,107.3,-55,3.95767530717959,-14.8918806143592
137.711052894592,982.257029064335,781.205243957663,107.3,-54,4.10493530717959,-14.7446206143592
138.042662858963,982.664431896433,780.911232168762,107.3,-54,4.20924530717959,-14.6403106143592
138.420547962189,983.093939633658,780.602128249511,107.3,-54,4.33196530717959,-14.5175906143592
138.587522983551,983.283725002242,780.4655453753,107.3,-54,4.37491530717959,-14.4746406143592
138.846693992615,983.448304174577,780.349237849664,107.3,-54,4.44854530717959,-14.4010106143592
139.176019906998,983.632765024878,780.219605224452,107.3,-54,4.51603530717959,-14.3335206143592
139.657760858536,984.085840439336,779.893848174027,107.3,-55,4.60807530717959,-14.2414806143592
140.033498048782,984.559366784941,779.550516439369,107.3,-55,4.70011530717959,-14.1494406143592
140.269150018692,984.863926769815,779.330532725733,107.3,-55,4.77988530717959,-14.0696706143592
140.735235929489,985.479423789536,778.887374871534,107.3,-55,4.92101530717959,-13.9285406143592
140.970551967621,985.790368588439,778.663463497507,107.3,-55,4.94555530717959,-13.9040006143592
141.439606904984,986.410633940677,778.216736866769,107.3,-55,5.07440530717959,-13.7751506143592
141.622678041458,986.647892432516,778.046026451472,107.3,-55,5.09895530717959,-13.7506006143592
142.069092988968,987.206441986571,777.644851136666,107.3,-55,5.16644530717959,-13.6831106143592
142.303676843643,987.476740993626,777.444191691917,107.3,-55,5.23394530717959,-13.6156106143592
142.665208816528,987.781112534795,777.184019318442,107.3,-56,5.30143730717959,-13.5481186143592
143.021632909775,988.103542508386,776.917464461284,107.3,-56,5.39347630717959,-13.4560796143592
143.309037923813,988.462648091618,776.657939548349,107.3,-56,5.49165130717959,-13.3579046143592
143.675370931625,988.920372285705,776.327143155406,107.3,-56,5.52846630717959,-13.3210896143592
144.153759002686,989.473984708891,775.927572202226,107.3,-56,5.66959330717959,-13.1799626143592
144.662482976913,990.079414229129,775.490800900442,107.3,-57,5.79231130717959,-13.0572446143592
145.042549848557,990.562037734824,775.142826184629,107.3,-56,5.93957330717959,-12.9099826143592
145.435609817505,991.071788040062,774.774512030082,107.3,-57,6.01320430717959,-12.8363516143592
145.528866052628,991.194591067304,774.685648236107,107.3,-57,6.03161230717959,-12.8179436143592
146.109524011612,991.957721277199,774.138526785542,107.3,-58,6.19114650717959,-12.6584094143592
146.357568025589,992.282288521348,773.910684879054,107.3,-58,0.00613530717958621,-12.5602353071796
146.868796825409,992.951714907749,773.435501369223,107.3,-58,0.104315307179586,-12.4620553071796
147.085942983627,993.236274127878,773.231125149681,107.3,-58,0.159535307179587,-12.4068353071796
147.334187030792,993.561585581888,772.997479846907,107.3,-58,0.245435307179586,-12.3209353071796
147.771905899048,994.133032732077,772.587457579134,107.3,-59,0.386565307179586,-12.1798053071796
148.116714954376,994.584434657964,772.263513186587,107.3,-59,0.472465307179586,-12.0939053071796
148.426023006439,995.003357660522,771.962197666305,107.3,-59,0.521555307179586,-12.0448153071796
148.741169929504,995.430188757794,771.655194151668,107.3,-59,0.650405307179586,-11.9159653071796
149.140249967575,995.943326569556,771.286619461211,107.3,-60,0.766995307179586,-11.7993753071796
149.472424983978,996.365591367246,770.983411066926,107.3,-60,0.951065307179586,-11.6153053071796
149.998788833618,997.141554990974,770.343028257672,107.3,-60,1.09219530717959,-11.4741753071796
150.103687047958,997.302107475754,770.206558645609,107.3,-60,1.14741530717959,-11.4189553071796
150.639511823654,998.058787758368,769.62385984707,107.3,-60,1.38058530717959,-11.1857853071796
150.945406913757,998.473102062603,769.323062361799,107.3,-61,1.38671530717959,-11.1796553071796
151.099804878235,998.657398840299,769.188654080528,107.3,-61,1.49102530717959,-11.0753453071796
151.467738866806,999.084322772245,768.876957130214,107.3,-61,1.60147530717959,-10.9648953071796
152.027303934097,999.774531854285,768.37278479567,107.3,-61,1.78555530717959,-10.7808153071796
152.409332990646,1000.25695434759,768.02064482992,107.3,-61,1.92054530717959,-10.6458253071796
152.757632017136,1000.64319882202,767.743293375997,107.3,-61,2.05553530717959,-10.5108353071796
152.932178020477,1000.83676074495,767.604301922902,107.3,-62,2.15370530717959,-10.4126653071796
153.55147600174,1002.02632390447,766.795501703414,107.3,-62,2.35619530717959,-10.2101753071796
153.855006933212,1002.72803698159,766.324583274206,107.3,-63,2.59549530717959,-9.97087530717959
154.099758863449,1003.05215178669,766.09279431477,107.3,-62,2.63844530717959,-9.92792530717959
154.542634963989,1003.58484775257,765.706293797306,107.3,-62,2.80411530717959,-9.76225530717959
154.91984295845,1004.0797887083,765.344288895259,107.3,-63,2.97592530717959,-9.59044530717959
155.260992050171,1004.53866569731,765.007936793004,107.3,-63,3.06182530717959,-9.50454530717959
155.494460821152,1004.84907114929,764.780878549888,107.3,-63,3.21522530717959,-9.35114530717959
155.89160490036,1005.37319939123,764.3979890763,107.3,-64,3.41157530717959,-9.15479530717959
156.331280946732,1005.9482621756,763.980699539847,107.3,-64,3.58337530717959,-8.98299530717959
156.791553020477,1006.53145326343,763.561542952941,107.3,-64,3.79200530717959,-8.77436530717959
157.132843971252,1006.79209740443,763.398047991769,107.3,-65,3.98221530717959,-8.58415530717959
157.444402933121,1007.03003520443,763.248796099042,107.3,-65,4.04970530717959,-8.51666530717959
157.727073907852,1007.34958408672,763.023061259374,107.3,-65,4.12334530717959,-8.44302530717959
