31.6192588806152,1080.59549439841,751.495337842127,63.3,-64,4.50990530717959,4.50990530717959
32.4851350784302,1081.08751576175,750.200233546596,63.3,-65,4.59580530717959,4.59580530717959
33.0713450908661,1081.41145837203,749.347289919989,63.3,-64,4.48535530717959,4.48535530717959
33.4399139881134,1081.63951261194,748.81493365917,63.3,-65,4.52217530717959,4.52217530717959
34.445170879364,1082.34261189229,747.361423374957,63.3,-65,4.62648530717959,4.62648530717959
35.6542499065399,1083.01288029711,745.498292989861,63.3,-65,4.85351530717959,4.85351530717959
36.0096728801727,1083.1951649533,744.978042727874,63.3,-65,4.72466530717959,4.72466530717959
36.5959470272064,1083.48995030491,744.159359159813,63.3,-65,4.98850530717959,4.98850530717959
37.6668150424957,1083.80465772893,742.793646044352,63.3,-66,5.04986530717959,5.04986530717959
38.2148590087891,1084.11937665837,741.935250164297,63.3,-66,5.17258530717959,5.17258530717959
38.8789498806,1084.45170553962,741.025273160937,63.3,-66,5.23394530717959,5.23394530717959
39.1178469657898,1084.56319325037,740.71626274817,63.3,-66,5.24621530717959,5.24621530717959
40.3083870410919,1085.1390873226,739.131979440277,63.3,-66,5.44869930717959,5.44869930717959
40.9549660682678,1085.54358529548,738.313823680182,63.3,-65,5.48551530717959,5.48551530717959
41.5969619750977,1085.88894573618,737.428749885474,63.3,-66,5.51005930717959,5.51005930717959
42.1509308815002,1086.16449862247,736.662855315513,63.3,-65,5.55914630717959,5.55914630717959
42.8173460960388,1086.51616561954,735.696471999141,63.3,-65,5.65732130717959,5.65732130717959
43.3636860847473,1086.82559926721,734.861343429438,63.3,-65,5.61436930717959,5.61436930717959
44.1924378871918,1087.23882304067,733.65061741914,63.3,-65,5.57141830717959,5.57141830717959
44.4074869155884,1087.31949857515,733.341457245953,63.3,-64,5.54073830717959,5.54073830717959
45.5014090538025,1087.86775406632,731.710492690327,63.3,-64,5.48551530717959,5.48551530717959
46.0829830169678,1088.16533742139,730.878867854815,63.3,-64,5.46710730717959,5.46710730717959
47.448872089386,1088.8663907334,728.976226973476,63.3,-63,5.36893230717959,5.36893230717959
48.0938498973846,1089.03245950527,728.496504988093,63.3,-62,5.34438930717959,5.34438930717959
48.2988300323486,1089.06083672887,728.405414100336,63.3,-62,5.25234530717959,5.25234530717959
49.3562989234924,1089.592487578,726.917235583887,63.3,-62,5.22780530717959,5.22780530717959
49.6180138587952,1089.72755097479,726.545436066617,63.3,-62,5.10508530717959,5.10508530717959
51.396703004837,1090.7508026427,723.729460681082,63.3,-61,5.00691530717959,5.00691530717959
51.484719991684,1090.80353807511,723.572007747158,63.3,-61,5.04986530717959,5.04986530717959
52.1265730857849,1091.16768424434,722.523380611023,63.3,-61,4.96396530717959,4.96396530717959
53.3113570213318,1091.78867497019,720.846288414825,63.3,-60,4.82897530717959,4.82897530717959
54.0342669487,1092.19452918714,719.73695355515,63.3,-60,4.69398530717959,4.69398530717959
54.8677089214325,1092.58531701991,718.584168834858,63.3,-59,4.57739530717959,4.57739530717959
55.8537619113922,1092.83095000873,717.170573268803,63.3,-58,4.45467530717959,4.45467530717959
56.5169839859009,1093.21366925384,716.136948379914,63.3,-58,4.31968530717959,4.31968530717959
57.3057780265808,1093.64460449767,714.991280483223,63.3,-58,4.26446530717959,4.26446530717959
58.0657510757446,1094.06773834255,713.866910354665,63.3,-57,4.13561530717959,4.13561530717959
58.1801018714905,1094.13309676514,713.693220346645,63.3,-57,4.09266530717959,4.09266530717959
58.5978538990021,1094.41996272407,713.111884534606,63.3,-57,4.05584530717959,4.05584530717959
59.4276189804077,1094.9452606456,711.963711895607,63.3,-57,3.93312530717959,3.93312530717959
60.482351064682,1095.49366690305,710.523585867408,63.3,-56,3.76132530717959,3.76132530717959
60.8785119056702,1095.72562611471,709.909916257421,63.3,-56,3.73064530717959,3.73064530717959
61.6950480937958,1096.19459272256,708.68280784955,63.3,-55,3.64473530717959,3.64473530717959
62.0508739948273,1096.3729800579,708.192801956004,63.3,-55,3.64473530717959,3.64473530717959
63.0429570674896,1096.85669257885,706.875412921838,63.3,-55,3.56497530717959,3.56497530717959
63.3882830142975,1097.04376717136,706.397671608478,63.3,-55,3.55269530717959,3.55269530717959
64.1726200580597,1097.46487680735,705.299574627918,63.3,-54,3.49133530717959,3.49133530717959
64.8195180892944,1097.76774359318,704.518662878971,63.3,-55,3.42384530717959,3.42384530717959
65.4306890964508,1098.10222070682,703.640220354184,63.3,-54,3.42384530717959,3.42384530717959
66.2090919017792,1098.54695651558,702.163643493627,63.3,-55,3.39316530717959,3.39316530717959
66.5749869346619,1098.76435028349,701.621246042702,63.3,-54,3.38702530717959,3.38702530717959
67.5425140857697,1099.29649694225,700.279232076145,63.3,-55,3.31953530717959,3.31953530717959
68.1098990440369,1099.58825367616,699.547109698711,63.3,-55,3.25203530717959,3.25203530717959
68.8997819423676,1100.00709211207,698.496816528982,63.3,-55,3.20908530717959,3.20908530717959
69.605593919754,1100.43428994912,697.416465462239,63.3,-55,3.21522530717959,3.21522530717959
70.016988992691,1100.67046392903,696.816925906737,63.3,-55,3.15386530717959,3.15386530717959
70.53169298172,1100.94924165259,696.107317131343,63.3,-55,3.12932530717959,3.12932530717959
71.3953058719635,1101.42217885782,694.885566062341,63.3,-55,3.05568530717959,3.05568530717959
72.142529964447,1101.85620713874,693.75776162714,63.3,-55,3.01887530717959,3.01887530717959
72.6268620491028,1102.14639519553,693.104423418593,63.3,-55,2.98205530717959,2.98205530717959
73.1742179393768,1102.55621423744,692.447249312099,63.3,-55,2.93297530717959,2.93297530717959
74.0276470184326,1103.00921553125,691.271367688799,63.3,-55,2.87161530717959,2.87161530717959
74.623321056366,1103.3473748276,690.397926969697,63.3,-54,2.91456530717959,2.91456530717959
75.272078037262,1103.68538885517,689.508419158094,63.3,-54,2.85320530717959,2.85320530717959
75.9718589782715,1103.991842207,688.717823424099,63.3,-54,2.81025530717959,2.81025530717959
76.8475098609924,1104.44101510872,687.825438463727,63.3,-54,2.76116530717959,2.76116530717959
77.1419770717621,1104.61791329048,687.425363856526,63.3,-54,2.78570530717959,2.78570530717959
77.9169769287109,1105.0773812235,686.364725274565,63.3,-54,2.75502530717959,2.75502530717959
78.5360350608826,1105.41766833802,685.59112965635,63.3,-54,2.71821530717959,2.71821530717959
79.4090399742126,1105.89945862956,684.554134417142,63.3,-54,2.73662530717959,2.73662530717959
80.0361979007721,1106.24058842245,683.886645009998,63.3,-54,2.69980530717959,2.69980530717959
80.6460978984833,1106.54580389271,683.344995978082,63.3,-54,2.65685530717959,2.65685530717959
81.5820899009705,1107.16619687262,682.133809743141,63.3,-54,2.65685530717959,2.65685530717959
81.6881608963013,1107.23574180862,681.998835795927,63.3,-54,2.64458530717959,2.64458530717959
82.5446760654449,1107.84142167697,680.866342493261,63.3,-54,2.62617530717959,2.62617530717959
83.278776884079,1108.39631057022,679.856383438284,63.3,-54,2.56481530717959,2.56481530717959
83.81241106987,1108.77728999848,679.073116860581,63.3,-54,2.55867530717959,2.55867530717959
84.5040469169617,1109.23994396753,678.121750603471,63.3,-54,2.42982530717959,2.42982530717959
84.9094789028168,1109.50585646585,677.658845784959,63.3,-54,2.38073530717959,2.38073530717959
86.1505839824677,1110.44251190899,676.081277722888,63.3,-54,2.33778530717959,2.33778530717959
86.8744869232178,1110.98521482446,675.189318635035,63.3,-54,2.25801530717959,2.25801530717959
87.7319800853729,1111.62062274583,674.378052224118,63.3,-54,2.16598530717959,2.16598530717959
88.6255729198456,1112.29987994324,673.455849851987,63.3,-54,2.03712530717959,2.03712530717959
88.9931678771973,1112.58478965853,673.017020085418,63.3,-54,2.00644530717959,2.00644530717959
89.8740060329437,1113.29725620784,671.957804896192,63.3,-54,1.92667530717959,1.92667530717959
90.7997379302979,1114.07755247215,670.822537790262,63.3,-54,1.81009530717959,1.81009530717959
91.6328060626984,1114.77829927172,669.62544126987,63.3,-54,1.65056530717959,1.65056530717959
92.3705649375916,1115.39813222663,668.598819690953,63.3,-54,1.58306530717959,1.58306530717959
93.0717768669128,1115.96151029648,667.829473610554,63.3,-54,1.50330530717959,1.50330530717959
93.5237860679626,1116.30822211703,667.354876282432,63.3,-54,1.42966530717959,1.42966530717959
94.0284450054169,1116.67316107598,666.857251686297,63.3,-53,1.35603530717959,1.35603530717959
94.537978887558,1117.05339005937,666.343794834836,63.3,-53,1.29467530717959,1.29467530717959
95.1017549037933,1117.52696853051,665.71990667503,63.3,-53,1.26399530717959,1.26399530717959
95.7209210395813,1118.04064799244,665.097663014646,63.3,-53,1.19650530717959,1.19650530717959
96.6073670387268,1118.79206044685,664.177995550112,63.3,-53,1.09219530717959,1.09219530717959
97.0843269824982,1119.22063704933,663.649235540809,63.3,-53,1.04924530717959,1.04924530717959
100.389796972275,1120.07349459282,662.561750028677,63.3,-53,0.987885307179586,0.987885307179586
101.120332956314,1119.35996005552,663.164387143059,63.3,-54,1.05537530717959,1.05537530717959
101.8792989254,1118.36409113444,663.7881555751,63.3,-55,1.15968530717959,1.15968530717959
102.505401849747,1117.56724834548,664.163763282714,63.3,-57,1.26399530717959,1.26399530717959
103.234879970551,1116.99951125959,664.333835529572,63.3,-58,1.31308530717959,1.31308530717959
106.94363951683,1119.30654180061,663.305695135851,63.3,-58,0.570645307179587,0.570645307179587
107.515573501587,1120.1209693042,662.936094629311,63.3,-57,0.454055307179586,0.454055307179586
108.117765426636,1120.95950800533,662.565201193076,63.3,-57,0.233165307179586,0.233165307179586
108.514082431793,1121.39407572661,662.398263592828,63.3,-57,0.0920353071795859,0.0920353071795859
109.594889640808,1122.87711436499,661.697071708449,63.3,-56,6.07456430717959,-0.208621
110.18431854248,1123.70329506428,661.305400858416,63.3,-55,5.94570930717959,-0.337476
110.460414648056,1124.08637837671,661.121608891936,63.3,-55,5.89048630717959,-0.392699
111.439586639404,1125.53124725655,660.432935619359,63.3,-55,5.55914630717959,-0.724039
111.986930608749,1126.47251562725,660.033642369839,63.3,-54,5.38734030717959,-0.895845
112.876758575439,1128.05032142403,659.373344820693,63.3,-54,5.18485530717959,-1.09833
113.348826646805,1128.78798831235,659.016442447331,63.3,-54,5.06827530717959,-1.21491
114.031568527222,1129.68804666665,658.577658300008,63.3,-54,4.91487530717959,-1.36831
114.692892551422,1130.57290169787,658.166200710489,63.3,-54,4.76761530717959,-1.51557
115.171412467957,1131.12774974115,657.907766002947,63.3,-54,4.65716530717959,-1.62602
115.957396507263,1132.03282613776,657.551818573185,63.3,-54,4.48535530717959,-1.79783
116.406938552856,1132.56027291012,657.352140063701,63.3,-53,4.38718530717959,-1.896
117.11305141449,1133.40721344777,656.988041476526,63.3,-54,4.19083530717959,-2.09235
117.815515518188,1134.27480422149,656.631664047227,63.3,-55,3.99448530717959,-2.2887
118.478308439255,1135.17605886256,656.27589462141,63.3,-54,3.84108530717959,-2.4421
119.218219518662,1136.22583328871,655.86739406362,63.3,-54,3.59565530717959,-2.68753
119.80172753334,1136.79212405604,655.664338374192,63.3,-54,3.49747530717959,-2.78571
120.645647525787,1137.94250101658,655.20499209032,63.3,-55,3.21522530717959,-3.06796
121.234391450882,1138.73004728076,654.887610945854,63.3,-54,3.08023530717959,-3.20295
122.064662456512,1139.87842946524,654.429432885951,63.3,-54,2.82866530717959,-3.45452
123.001865625381,1141.27826228235,653.913975189508,63.3,-54,2.63844530717959,-3.64474
123.451625585556,1141.75816265534,653.868579208278,63.3,-54,2.50345530717959,-3.77973
124.462780475616,1143.08043414013,653.379807707786,63.3,-54,2.26415530717959,-4.01903
124.998856544495,1143.78309186446,653.101612608763,63.3,-53,2.09848530717959,-4.1847
125.70401263237,1144.73882244192,652.735222265093,63.3,-53,1.93281530717959,-4.35037
126.34846663475,1145.67171664856,652.376374564494,63.3,-53,1.76714530717959,-4.51604
126.939058542252,1146.41760391615,652.152728843922,63.3,-53,1.61374530717959,-4.66944
127.450832605362,1147.06388640614,651.961665155028,63.3,-53,1.48489530717959,-4.79829
128.147505521774,1148.12667771634,651.538064157265,63.3,-53,1.32535530717959,-4.95783
128.854955434799,1149.15723710698,651.129740458649,63.3,-53,1.17809530717959,-5.10509
129.945446491241,1150.61149611939,650.56421590522,63.3,-53,0.889705307179586,-5.39348
130.915681600571,1151.90005771484,650.028439869891,63.3,-53,0.687225307179586,-5.59596
131.791957616806,1152.94862067065,649.648138329644,63.3,-53,0.509285307179586,-5.7739
132.469256639481,1153.78824041744,649.349670158058,63.3,-53,0.337475307179586,-5.94571
132.692378520966,1154.04274869245,649.259544286557,63.3,-53,0.306795307179586,-5.97639
133.442675590515,1155.01523245536,648.922367559787,63.3,-54,0.0797653071795859,-6.20342
134.163611412048,1156.02091458131,648.606440935734,63.3,-53,6.19114650717959,-6.37522410717959
134.786599636078,1156.85174407096,648.36188926745,63.3,-53,6.02547630717959,-6.54089430717959
135.562854528427,1158.00169616093,647.97206376598,63.3,-53,5.79231130717959,-6.77405930717959
136.005471467972,1158.60858884237,647.759957838928,63.3,-53,5.70027230717959,-6.86609830717959
137.040225505829,1160.10315393197,647.237113264092,63.3,-53,5.44256430717959,-7.12380630717959
137.357860565186,1160.55580843263,647.081980216777,63.3,-53,5.36893230717959,-7.19743830717959
137.669492483139,1161.03561593628,646.89731574177,63.3,-53,5.25848530717959,-7.30788530717959
138.421132564545,1162.23870853589,646.418052236739,63.3,-52,5.09281530717959,-7.47355530717959
139.383632421494,1163.64338617754,645.933315064336,63.3,-53,4.83510530717959,-7.73126530717959
139.912717580795,1164.38288506085,645.675398688459,63.3,-53,4.71238530717959,-7.85398530717959
140.739430427551,1165.59370941376,645.248284714309,63.3,-52,4.52217530717959,-8.04419530717959
141.969095468521,1167.25498873626,644.447489012655,63.3,-52,4.19697530717959,-8.36939530717959
142.467103481293,1167.93784963653,644.195037407101,63.3,-52,4.10493530717959,-8.46143530717959
143.016442537308,1168.76140572583,643.894191069157,63.3,-52,3.86563530717959,-8.70073530717959
143.703358411789,1169.77395672303,643.522033026274,63.3,-51,3.73064530717959,-8.83572530717959
144.446671485901,1170.81786918491,643.135288811355,63.3,-51,3.58337530717959,-8.98299530717959
145.055788516998,1171.59680132718,642.835521400927,63.3,-51,3.46679530717959,-9.09957530717959
145.477036476135,1172.05928584197,642.643759528938,63.3,-51,3.38702530717959,-9.17934530717959
146.203753471375,1173.09451148266,642.255525459732,63.3,-51,3.19681530717959,-9.36955530717959
147.046002626419,1174.24600543835,641.820655949743,63.3,-50,3.03728530717959,-9.52908530717959
147.837255477905,1175.31845727056,641.416866804509,63.3,-50,2.92069530717959,-9.64567530717959
148.273499488831,1175.97676349029,641.17160404477,63.3,-50,2.85320530717959,-9.71316530717959
148.881691455841,1176.95839541039,640.93292142207,63.3,-50,2.76730530717959,-9.79906530717959
149.570997476578,1178.01777686739,640.662944224443,63.3,-49,2.65685530717959,-9.90951530717959
150.307659626007,1179.03161762927,640.287971182945,63.3,-49,2.57095530717959,-9.99541530717959
150.979203462601,1179.94042775963,639.955526614873,63.3,-50,2.47277530717959,-10.0935953071796
151.629888534546,1180.8140049555,639.636623966444,63.3,-50,2.36233530717959,-10.2040353071796
152.264338493347,1181.70562316032,639.302002655268,63.3,-49,2.28869530717959,-10.2776753071796
152.910407543182,1182.61037132233,638.905774714044,63.3,-49,2.22120530717959,-10.3451653071796
153.43887257576,1183.28120707155,638.669922987476,63.3,-49,2.12916530717959,-10.4372053071796
154.048707485199,1184.09933984684,638.384744538068,63.3,-49,2.04326530717959,-10.5231053071796
154.750505447388,1185.05699577512,638.052287180059,63.3,-49,1.96349530717959,-10.6028753071796
155.476850509644,1186.06899666475,637.699351167336,63.3,-49,1.88372530717959,-10.6826453071796
156.155613422394,1187.0897592052,637.241954987144,63.3,-49,1.82236530717959,-10.7440053071796
156.910519599915,1188.29206501896,636.731784924626,63.3,-50,1.74260530717959,-10.8237653071796
157.256660461426,1188.84896351857,636.543597637768,63.3,-50,1.71192530717959,-10.8544453071796
158.089645624161,1190.09890960625,636.120585837087,63.3,-50,1.61374530717959,-10.9526253071796
158.746784448624,1191.03566575863,635.798801748089,63.3,-50,1.57079530717959,-10.9955753071796
159.557017564774,1192.10657719691,635.421094441897,63.3,-50,1.49102530717959,-11.0753453071796
160.005234479904,1192.76653556243,635.171510187298,63.3,-50,1.44807530717959,-11.1182953071796
161.158849477768,1194.35472855454,634.631211753198,63.3,-50,1.36217530717959,-11.2041953071796
161.950260639191,1195.43569361566,634.27043279853,63.3,-50,1.27013530717959,-11.2962353071796
162.673122644424,1196.50352340735,633.91273163017,63.3,-50,1.20264530717959,-11.3637253071796
163.321333646774,1197.48670257947,633.58842229038,63.3,-50,1.15968530717959,-11.4066853071796
163.817043542862,1198.17297667921,633.371213206384,63.3,-50,1.08605530717959,-11.4803153071796
164.524669647217,1199.10620992738,633.060047624308,63.3,-50,1.00629530717959,-11.5600753071796
165.232225418091,1200.01767587947,632.7586945273,63.3,-50,0.981745307179586,-11.5846253071796
165.722549438477,1200.67922851533,632.537033940434,63.3,-51,0.963335307179586,-11.6030353071796
166.527466535568,1201.86815118673,632.144019656721,63.3,-51,0.865165307179586,-11.7012053071796
167.060819625854,1202.60653889662,631.875394273269,63.3,-51,0.816075307179586,-11.7502953071796
167.825337648392,1203.55236496973,631.514478591701,63.3,-51,0.748585307179586,-11.8177853071796
168.698863506317,1204.72871426572,631.121192006716,63.3,-51,0.711765307179586,-11.8546053071796
169.107097625732,1205.30460652852,630.92866386437,63.3,-51,0.736315307179586,-11.8300553071796
169.681928634644,1206.15625120459,630.647538437321,63.3,-51,0.705635307179587,-11.8607353071796
170.516327619553,1207.39186136334,630.240286465737,63.3,-51,0.631995307179587,-11.9343753071796
171.378833532333,1208.84443488391,629.765860215885,63.3,-51,0.724035307179586,-11.8423353071796
171.633405447006,1209.22644937825,629.643069842704,63.3,-51,0.717905307179587,-11.8484653071796
172.273710489273,1210.16661925402,629.340422684814,63.3,-52,0.748585307179586,-11.8177853071796
172.807789564133,1210.97339889017,629.079284624354,63.3,-52,0.785395307179586,-11.7809753071796
173.60682964325,1212.22512955032,628.670481366373,63.3,-52,0.803805307179586,-11.7625653071796
174.314281463623,1213.29303795915,628.373891920884,63.3,-51,0.822215307179587,-11.7441553071796
174.854474544525,1214.26502685138,628.204131926271,63.3,-51,0.871305307179586,-11.6950653071796
175.475471496582,1215.11940000308,627.927350624004,63.3,-51,0.914255307179586,-11.6521153071796
176.253903627396,1216.16638623887,627.597280615613,63.3,-51,0.908115307179586,-11.6582553071796
176.877521514893,1216.97833734035,627.35180020781,63.3,-51,0.975615307179586,-11.5907553071796
177.460319519043,1217.77803791706,627.114980572909,63.3,-51,1.02469530717959,-11.5416753071796
178.07845044136,1218.43996019105,627.050887452724,63.3,-51,1.06151530717959,-11.5048553071796
178.713850498199,1219.13373841226,626.960420842265,63.3,-50,1.09219530717959,-11.4741753071796
179.430892467499,1220.14021914613,626.683035211516,63.3,-50,1.10446530717959,-11.4619053071796
179.955589532852,1220.90388515766,626.475315445179,63.3,-50,1.10446530717959,-11.4619053071796
180.696243524551,1221.90166308594,626.200866402665,63.3,-50,1.15968530717959,-11.4066853071796
181.315983533859,1222.82136899269,625.949395508822,63.3,-50,1.19650530717959,-11.3698653071796
181.971393585205,1223.89113905267,625.617942162368,63.3,-50,1.24559530717959,-11.3207753071796
182.728760480881,1225.0055668897,625.301739003326,63.3,-50,1.34376530717959,-11.2226053071796
183.478974580765,1226.09046771157,624.994546738972,63.3,-50,1.41739530717959,-11.1489753071796
183.985908508301,1226.86954824226,624.77977318727,63.3,-50,1.45421530717959,-11.1121553071796
184.594931602478,1227.79848646903,624.52448826032,63.3,-51,1.49102530717959,-11.0753453071796
185.211977481842,1228.92892390507,624.125923894151,63.3,-51,1.57693530717959,-10.9894353071796
186.026256561279,1230.30786323815,623.664120096778,63.3,-50,1.64442530717959,-10.9219453071796
186.597306489944,1231.08591373639,623.456302260155,63.3,-50,1.71805530717959,-10.8483153071796
187.125920534134,1231.81462460533,623.26205351314,63.3,-50,1.82236530717959,-10.7440053071796
187.76126241684,1232.77891319085,623.008121577844,63.3,-50,1.87759530717959,-10.6887753071796
188.421883583069,1233.75020810887,622.756134688736,63.3,-50,1.98190530717959,-10.5844653071796
189.093854427338,1234.74794053852,622.707744937719,63.3,-50,2.06780530717959,-10.4985653071796
189.686949491501,1235.63882571438,622.484747240716,63.3,-50,2.13530530717959,-10.4310653071796
190.432503461838,1236.74552462372,622.189327063192,63.3,-51,2.24574530717959,-10.3206253071796
190.993560552597,1237.48563636785,621.99106013873,63.3,-51,2.31324530717959,-10.2531253071796
191.629682540894,1238.35541353804,621.76206724249,63.3,-51,2.44209530717959,-10.1242753071796
192.121265411377,1239.06288015493,621.581903303948,63.3,-51,2.50345530717959,-10.0629153071796
192.628390550613,1239.74556976006,621.422139860274,63.3,-51,2.55254530717959,-10.0138253071796
193.001244544983,1240.23394463878,621.30696643549,63.3,-50,2.60776530717959,-9.95860530717959
193.553203582764,1240.9311599088,621.143652970407,63.3,-50,2.69980530717959,-9.86656530717959
194.394163608551,1241.94709918981,620.91756432735,63.3,-50,2.84706530717959,-9.71930530717959
194.805015563965,1242.50073008403,620.795647736815,63.3,-50,2.87774530717959,-9.68862530717959
195.432955503464,1243.26941453329,620.632535745891,63.3,-50,2.97592530717959,-9.59044530717959
196.346891641617,1245.03065126106,620.115998919469,63.3,-51,3.09864530717959,-9.46772530717959
196.866889476776,1245.81322677011,619.977371257866,63.3,-51,3.17840530717959,-9.38796530717959
197.477025508881,1246.64571494303,619.832689855624,63.3,-51,3.23976530717959,-9.32660530717959
198.161122560501,1247.63109722073,619.667926048722,63.3,-50,3.35021530717959,-9.21615530717959
198.736852645874,1248.46739048617,619.528367334493,63.3,-50,3.40543530717959,-9.16093530717959
199.516301631927,1249.41130200301,619.470715676977,63.3,-50,3.53429530717959,-9.03207530717959
200.134988546371,1250.23670728416,619.380443292067,63.3,-50,3.60178530717959,-8.96458530717959
