1.42573809623718,1082.94293974145,784.761523836673,107.3,-57,4.46081530717959,4.46081530717959
1.88310217857361,1083.28380262433,784.158549150759,107.3,-57,4.36877530717959,4.36877530717959
2.0544421672821,1083.41291733512,783.93092129335,107.3,-57,4.29514530717959,4.29514530717959
2.52057695388794,1083.80318829355,783.263858162872,107.3,-57,4.23378530717959,4.23378530717959
2.75682711601257,1084.00098854328,782.925771889864,107.3,-57,4.16629530717959,4.16629530717959
3.07256817817688,1084.27987892193,782.425388661483,107.3,-56,4.12334530717959,4.12334530717959
3.59685802459717,1084.75117263445,781.597259352812,107.3,-56,4.08652530717959,4.08652530717959
3.98120403289795,1085.11382952014,781.124273048387,107.3,-56,3.99448530717959,3.99448530717959
4.37804412841797,1085.47394955491,780.619031776302,107.3,-55,3.92699530717959,3.92699530717959
4.70962715148926,1085.72955957193,780.143509003254,107.3,-56,3.92085530717959,3.92085530717959
4.98287296295166,1085.94019872309,779.751647547903,107.3,-55,3.86563530717959,3.86563530717959
5.36369299888611,1086.22641190376,779.222426017729,107.3,-55,3.87176530717959,3.87176530717959
5.83950614929199,1086.58214229418,778.565510563421,107.3,-55,3.77359530717959,3.77359530717959
6.18851804733276,1086.85147797261,778.050817942724,107.3,-55,3.77359530717959,3.77359530717959
6.45661306381226,1087.05856982198,777.654671276017,107.3,-55,3.74291530717959,3.74291530717959
6.90456008911133,1087.39787897907,777.018071747262,107.3,-54,3.71223530717959,3.71223530717959
7.28428816795349,1087.68108699751,776.495113492529,107.3,-55,3.71836530717959,3.71836530717959
7.5265519618988,1087.86304247102,776.146181846791,107.3,-55,3.64473530717959,3.64473530717959
8.09431910514832,1088.29399100511,775.274058881193,107.3,-55,3.59565530717959,3.59565530717959
8.16355299949646,1088.34654114936,775.167711640116,107.3,-55,3.58951530717959,3.58951530717959
8.67532801628113,1088.7338426458,774.379278400388,107.3,-55,3.54656530717959,3.54656530717959
8.94044899940491,1088.93442507133,773.970723670503,107.3,-55,3.50361530717959,3.50361530717959
9.25869798660278,1089.14015318889,773.55077057268,107.3,-55,3.49133530717959,3.49133530717959
9.83028817176819,1089.50579528189,772.806348302269,107.3,-55,3.42998530717959,3.42998530717959
10.0727009773254,1089.66167850512,772.492399490688,107.3,-55,3.33180530717959,3.33180530717959
10.3808121681213,1089.85980898516,772.09336470388,107.3,-56,3.27658530717959,3.27658530717959
10.6293931007385,1090.02602795827,771.762302664894,107.3,-56,3.28885530717959,3.28885530717959
10.9964060783386,1090.27880109298,771.26296485843,107.3,-56,3.24590530717959,3.24590530717959
11.3628699779511,1090.53555824753,770.778701886618,107.3,-56,3.16000530717959,3.16000530717959
11.9144310951233,1090.96855409034,770.202748686189,107.3,-56,3.11091530717959,3.11091530717959
12.0407559871674,1091.06772379501,770.070837237754,107.3,-56,3.09864530717959,3.09864530717959
12.5168421268463,1091.38514101197,769.472104873793,107.3,-56,2.98819530717959,2.98819530717959
12.8517270088196,1091.60049408848,769.036660953085,107.3,-55,2.93910530717959,2.93910530717959
13.1106741428375,1091.7771978283,768.675527524723,107.3,-55,2.91456530717959,2.91456530717959
13.5419640541077,1092.07515971593,768.065278658718,107.3,-55,2.84093530717959,2.84093530717959
13.9205560684204,1092.34761794577,767.510296612044,107.3,-56,2.73048530717959,2.73048530717959
14.3275530338287,1092.6452163821,766.905360154199,107.3,-56,2.68753530717959,2.68753530717959
14.5423820018768,1092.80032246513,766.595683984114,107.3,-55,2.57708530717959,2.57708530717959
14.9391980171204,1093.08486621144,766.033201971316,107.3,-56,2.52186530717959,2.52186530717959
15.2844910621643,1093.32702734951,765.55471583475,107.3,-55,2.44823530717959,2.44823530717959
15.6607050895691,1093.57655658021,765.062248711502,107.3,-55,2.38073530717959,2.38073530717959
16.2105691432953,1093.95477046444,764.323958899455,107.3,-56,2.25801530717959,2.25801530717959
16.5230600833893,1094.18054474824,763.88953803615,107.3,-55,2.22733530717959,2.22733530717959
16.7886590957642,1094.37238915465,763.520369383892,107.3,-55,2.17211530717959,2.17211530717959
17.1236979961395,1094.60944144023,763.060918954025,107.3,-55,2.10462530717959,2.10462530717959
17.5776381492615,1094.93057079264,762.438436816572,107.3,-55,2.03712530717959,2.03712530717959
17.8069670200348,1095.0920666817,762.124281605969,107.3,-55,1.96349530717959,1.96349530717959
18.1381990909576,1095.32532391442,761.670530272139,107.3,-55,1.86532530717959,1.86532530717959
18.6627290248871,1095.70405335723,760.942527130085,107.3,-55,1.81623530717959,1.81623530717959
19.0159211158752,1095.96227835035,760.449082643242,107.3,-55,1.75487530717959,1.75487530717959
19.3954050540924,1096.2789118221,759.96691246157,107.3,-55,1.71805530717959,1.71805530717959
19.740916967392,1096.57281380497,759.534784702386,107.3,-55,1.60147530717959,1.60147530717959
20.0452799797058,1096.7860235873,759.158555184129,107.3,-55,1.54625530717959,1.54625530717959
20.2886831760406,1096.94372526775,758.858921991276,107.3,-55,1.51557530717959,1.51557530717959
20.8312981128693,1097.29781501829,758.181730983526,107.3,-54,1.45421530717959,1.45421530717959
21.0963401794434,1097.47274523427,757.843752603986,107.3,-54,1.36831530717959,1.36831530717959
21.2514171600342,1097.57509747615,757.64600034797,107.3,-54,1.33763530717959,1.33763530717959
21.6632821559906,1097.84895139365,757.118629918733,107.3,-54,1.30081530717959,1.30081530717959
22.2644691467285,1098.25389613347,756.340865744176,107.3,-54,1.19650530717959,1.19650530717959
22.3945579528809,1098.34735522452,756.161735819665,107.3,-54,1.21491530717959,1.21491530717959
22.7630610466003,1098.61209717432,755.654313749218,107.3,-54,1.12900530717959,1.12900530717959
23.4541230201721,1099.14791061325,754.51724938827,107.3,-53,1.03083530717959,1.03083530717959
23.8359949588776,1099.44544782601,753.889581164745,107.3,-54,0.981745307179586,0.981745307179586
24.3641469478607,1099.83810074977,753.130919622758,107.3,-53,0.926525307179586,0.926525307179586
24.6402699947357,1100.02859836776,752.765096707718,107.3,-54,0.895845307179586,0.895845307179586
25.0791730880737,1100.31872993415,752.210014805233,107.3,-54,0.803805307179586,0.803805307179586
25.33451795578,1100.4847968918,751.891810780182,107.3,-54,0.785395307179586,0.785395307179586
25.8280789852142,1100.79234654347,751.300085250358,107.3,-53,0.724035307179586,0.724035307179586
26.0635931491852,1100.93910103739,751.017729604052,107.3,-53,0.674955307179586,0.674955307179586
26.5569450855255,1101.28164941151,750.342191438412,107.3,-53,0.631995307179587,0.631995307179587
26.8820161819458,1101.49626673477,749.89616536183,107.3,-53,0.582915307179587,0.582915307179587
27.1950621604919,1101.6252347042,749.461418497129,107.3,-53,0.490875307179587,0.490875307179587
27.3348281383514,1101.68281517351,749.267316592519,107.3,-53,0.521555307179586,0.521555307179586
27.8156080245972,1101.94539939236,748.606929471315,107.3,-53,0.460195307179586,0.460195307179586
28.1197669506073,1102.15965277835,748.194592766195,107.3,-53,0.404975307179586,0.404975307179586
28.7241129875183,1102.60037627766,747.35879246361,107.3,-53,0.294525307179586,0.294525307179586
28.848167181015,1102.69270599687,747.185179616593,107.3,-53,0.312935307179586,0.312935307179586
29.2705020904541,1103.0095089345,746.584737957767,107.3,-53,0.282255307179586,0.282255307179586
29.6449329853058,1103.29360921906,746.040132158031,107.3,-54,0.239305307179587,0.239305307179587
30.22243309021,1103.7021638649,745.260028790529,107.3,-54,0.177945307179586,0.177945307179586
30.3958461284637,1103.81885165872,745.037889805251,107.3,-54,0.165665307179586,0.165665307179586
30.7502160072327,1104.06166741659,744.597024306468,107.3,-54,0.116585307179586,0.116585307179586
31.1099359989166,1104.32604993162,744.203139169677,107.3,-54,0.0613553071795865,0.0613553071795865
31.5142459869385,1104.62265391406,743.751202432821,107.3,-55,0.0552253071795858,0.0552253071795858
31.9287700653076,1104.92008490193,743.176169189595,107.3,-54,6.27704938717959,-0.00613592000000018
32.2249159812927,1105.13257671349,742.765351687252,107.3,-54,6.24636980717959,-0.0368155000000003
32.566792011261,1105.39994238751,742.262125895778,107.3,-55,6.22796200717959,-0.0552232999999998
32.8375520706177,1105.61223673694,741.862863540346,107.3,-55,6.20955420717959,-0.0736311000000001
33.2068920135498,1105.90170491887,741.311397409954,107.3,-55,6.14819530717959,-0.13499
33.663969039917,1106.25986118294,740.624617064986,107.3,-55,6.11751530717959,-0.16567
33.9996919631958,1106.5152634121,740.147772051029,107.3,-55,6.09910730717959,-0.184078
34.5339291095734,1106.90411582331,739.400961557806,107.3,-55,6.05615630717959,-0.227029
34.7145981788635,1106.99641719753,739.168181994515,107.3,-55,6.03774830717959,-0.245437
35.4617681503296,1107.42838832794,738.167232800706,107.3,-55,5.91503030717959,-0.368155
35.8381650447845,1107.71915253109,737.607277222376,107.3,-56,5.85367030717959,-0.429515
36.2184009552002,1108.01070231365,737.046529243634,107.3,-56,5.80458330717959,-0.478602
36.5406320095062,1108.25481646481,736.578001381584,107.3,-55,5.71868030717959,-0.564505
36.7088050842285,1108.38222016111,736.333475690776,107.3,-56,5.71254430717959,-0.570641
37.4523391723633,1108.94543255082,735.260009969061,107.3,-56,5.58369030717959,-0.699495
37.8808879852295,1109.27815805527,734.629921641319,107.3,-56,5.48551530717959,-0.79767
38.2331671714783,1109.55441029369,734.107851733112,107.3,-56,5.38734030717959,-0.895845
38.5991351604462,1109.72014195092,733.689373650065,107.3,-56,5.34438930717959,-0.938796
38.8150541782379,1109.7923420277,733.46860803068,107.3,-55,5.30143730717959,-0.981748
39.2401931285858,1109.98948883657,732.983292616706,107.3,-55,5.16031530717959,-1.12287
39.5005161762238,1110.18409346021,732.618084606341,107.3,-56,5.14803530717959,-1.13515
39.9104871749878,1110.49047283781,732.043121467342,107.3,-55,5.08667530717959,-1.19651
40.3247721195221,1110.74851947115,731.56367082261,107.3,-55,5.04986530717959,-1.23332
40.6185779571533,1110.93152300109,731.223650263966,107.3,-55,5.01918530717959,-1.264
40.9795191287994,1111.19270485324,730.734327156959,107.3,-55,4.97009530717959,-1.31309
41.294548034668,1111.43182069722,730.285275707586,107.3,-55,4.90260530717959,-1.38058
41.9710261821747,1111.96375273686,729.295138673126,107.3,-55,4.83510530717959,-1.44808
42.3123490810394,1112.22751386754,728.813319589634,107.3,-55,4.77374530717959,-1.50944
42.6686370372772,1112.46889604146,728.403443192349,107.3,-55,4.74306530717959,-1.54012
42.8205931186676,1112.57184504275,728.228631750942,107.3,-54,4.75534530717959,-1.52784
43.1420481204987,1112.80732354608,727.811733596719,107.3,-54,4.72466530717959,-1.55852
43.397922039032,1113.01146588095,727.43543122612,107.3,-54,4.70011530717959,-1.58307
43.9264121055603,1113.42171737985,726.673746226445,107.3,-54,4.63262530717959,-1.65056
44.3006801605225,1113.69655063777,726.155755408142,107.3,-54,4.57126530717959,-1.71192
44.5160081386566,1113.8546707043,725.857739282752,107.3,-54,4.60807530717959,-1.67511
44.8961551189423,1114.08902583238,725.406998195179,107.3,-53,4.57739530717959,-1.70579
45.3200180530548,1114.3453469572,724.912811066528,107.3,-53,4.55899530717959,-1.72419
45.8328189849854,1114.68644483429,724.257512420074,107.3,-53,4.55285530717959,-1.73033
46.2305519580841,1114.9569713732,723.741241556024,107.3,-53,4.49149530717959,-1.79169
46.6265420913696,1115.24642916148,723.210744373139,107.3,-52,4.43627530717959,-1.84691
46.8501019477844,1115.40984520685,722.911247329992,107.3,-52,4.43627530717959,-1.84691
47.3847930431366,1115.83078652828,722.118512150663,107.3,-52,4.44240530717959,-1.84078
47.7602300643921,1116.13018426081,721.551248676055,107.3,-52,4.43013530717959,-1.85305
48.0395369529724,1116.35288226007,721.126637824127,107.3,-52,4.41786530717959,-1.86532
48.7642340660095,1116.91444812819,720.048992871944,107.3,-52,4.46081530717959,-1.82237
48.8198850154877,1116.9560537679,719.968485959119,107.3,-51,4.44854530717959,-1.83464
49.2985670566559,1117.3095283099,719.282602185362,107.3,-51,4.43627530717959,-1.84691
49.6919491291046,1117.57418988917,718.757690053141,107.3,-52,4.46081530717959,-1.82237
50.0176160335541,1117.79329371541,718.323134131098,107.3,-51,4.47308530717959,-1.8101
50.4947381019592,1118.11994495177,717.208010350172,107.3,-51,4.47308530717959,-1.8101
50.8181071281433,1118.34154277325,716.434432500644,107.3,-51,4.46081530717959,-1.82237
51.2280130386353,1118.63582341484,715.82721892294,107.3,-51,4.47308530717959,-1.8101
51.5565590858459,1118.8724482652,715.361575020974,107.3,-51,4.43013530717959,-1.85305
52.0793449878693,1119.2717074111,714.575890058864,107.3,-51,4.45467530717959,-1.82851
52.4878380298615,1119.58268912388,713.962088739732,107.3,-51,4.50990530717959,-1.77328
52.7367949485779,1119.76796571471,713.594182366498,107.3,-51,4.44240530717959,-1.84078
53.1032280921936,1120.0406334036,713.052761875229,107.3,-51,4.47922530717959,-1.80396
53.5458881855011,1120.35232421355,712.443494556161,107.3,-51,4.47922530717959,-1.80396
54.0730290412903,1120.7226790099,711.680000260833,107.3,-51,4.50990530717959,-1.77328
54.3695559501648,1120.93035537837,711.220247748584,107.3,-51,4.54058530717959,-1.7426
54.7409970760345,1121.19615812271,710.642621341457,107.3,-51,4.49763530717959,-1.78555
55.3335430622101,1121.66914632747,709.706252504845,107.3,-51,4.51603530717959,-1.76715
55.7460010051727,1121.95781645556,709.137408481279,107.3,-50,4.52217530717959,-1.76101
55.8730700016022,1122.03950112465,708.97697979118,107.3,-50,4.52217530717959,-1.76101
56.3404769897461,1122.3458081772,708.376587448357,107.3,-50,4.53444530717959,-1.74874
56.6454241275787,1122.56475268964,707.951267460302,107.3,-50,4.54671530717959,-1.73647
57.2449271678925,1122.98169204025,707.144308847601,107.3,-50,4.52217530717959,-1.76101
57.4693660736084,1123.12967447841,706.859750950895,107.3,-50,4.52217530717959,-1.76101
57.7920050621033,1123.35807776241,706.449296964807,107.3,-50,4.50990530717959,-1.77328
58.1459510326386,1123.70432576727,705.99051835837,107.3,-50,4.53444530717959,-1.74874
58.5715301036835,1124.10862276046,705.431218344836,107.3,-51,4.56512530717959,-1.71806
59.0013551712036,1124.42926085745,704.810396650152,107.3,-50,4.58967530717959,-1.69351
59.6088321208954,1124.87126301159,703.953283940642,107.3,-51,4.60807530717959,-1.67511
59.8700511455536,1125.05676934945,703.593011105543,107.3,-51,4.60807530717959,-1.67511
60.3521990776062,1125.407752211,702.904518839667,107.3,-51,4.63875530717959,-1.64443
60.5496211051941,1125.55466849752,702.61383447276,107.3,-51,4.65102530717959,-1.63216
61.0517930984497,1125.93103808945,701.87678796437,107.3,-51,4.62648530717959,-1.6567
61.4047470092773,1126.19841736132,701.361261964763,107.3,-51,4.63875530717959,-1.64443
61.9349601268768,1126.52112686929,700.675846987472,107.3,-51,4.65102530717959,-1.63216
62.0767941474915,1126.59465124976,700.506929436461,107.3,-51,4.63875530717959,-1.64443
62.4717981815338,1126.82072338925,700.014294770569,107.3,-51,4.63262530717959,-1.65056
63.1116261482239,1127.27138274317,699.128340688576,107.3,-51,4.68170530717959,-1.60148
63.4251260757446,1127.49707643192,698.694283362186,107.3,-51,4.68784530717959,-1.59534
63.7326581478119,1127.71847376461,698.268488849132,107.3,-51,4.74306530717959,-1.54012
64.118096113205,1127.98804418649,697.746244865941,107.3,-51,4.74920530717959,-1.53398
64.3585669994354,1128.15290897425,697.425208161059,107.3,-51,4.77988530717959,-1.5033
64.8246920108795,1128.47076412827,696.803824887532,107.3,-52,4.77988530717959,-1.5033
65.2228591442108,1128.73867837012,696.274942328608,107.3,-51,4.78601530717959,-1.49717
65.7285771369934,1129.02359982587,695.633827142622,107.3,-51,4.83510530717959,-1.44808
66.1610200405121,1129.21323972257,695.115478091641,107.3,-51,4.79829530717959,-1.48489
66.4267389774323,1129.37753765538,694.758674320063,107.3,-51,4.75534530717959,-1.52784
66.9620611667633,1129.75288852381,694.004292672741,107.3,-52,4.84737530717959,-1.43581
67.2800681591034,1129.99680015299,693.523588270083,107.3,-51,4.79829530717959,-1.48489
67.5900270938873,1130.23521115396,693.05400374497,107.3,-51,4.79829530717959,-1.48489
68.0244040489197,1130.55787487818,692.427943217554,107.3,-52,4.80442530717959,-1.47876
68.4080011844635,1130.83938090451,691.884685973752,107.3,-52,4.81056530717959,-1.47262
68.8564050197601,1131.16895167201,691.242807839859,107.3,-52,4.83510530717959,-1.44808
69.101585149765,1131.34920603486,690.891159074373,107.3,-52,4.82897530717959,-1.45421
69.5370409488678,1131.65328158655,690.352973408631,107.3,-52,4.87805530717959,-1.40513
70.0625150203705,1132.0068228754,689.77552263684,107.3,-52,4.90260530717959,-1.38058
70.4930579662323,1132.33686302697,689.140341937769,107.3,-52,4.92714530717959,-1.35604
70.9097850322723,1132.65686084353,688.520121355123,107.3,-52,4.93328530717959,-1.3499
71.2020511627197,1132.87445365313,688.095815376403,107.3,-52,4.96396530717959,-1.31922
71.5026881694794,1133.09827859949,687.659356731,107.3,-52,4.97009530717959,-1.31309
71.7939491271973,1133.31997350299,687.227534336424,107.3,-52,4.97623530717959,-1.30695
72.2706651687622,1133.68762995361,686.511872038583,107.3,-52,5.04372530717959,-1.23946
72.5977971553802,1133.93672230638,686.033677422206,107.3,-52,5.06213530717959,-1.22105
73.1317331790924,1134.33680657411,685.269883547721,107.3,-52,5.04986530717959,-1.23332
73.3425281047821,1134.43399727203,685.082594446069,107.3,-52,5.08667530717959,-1.19651
73.7598071098328,1134.62639107654,684.711846384944,107.3,-52,5.10508530717959,-1.1781
74.3373711109161,1134.9655544558,684.047222208591,107.3,-52,5.14803530717959,-1.13515
74.7689189910889,1135.23831311414,683.51021714107,107.3,-52,5.17258530717959,-1.1106
75.0080111026764,1135.38279622582,683.225554669981,107.3,-52,5.19099530717959,-1.09219
75.4000980854034,1135.61973397728,682.758736887313,107.3,-52,5.22167530717959,-1.06151
75.7112941741943,1135.82540376127,682.35762589562,107.3,-53,5.23394530717959,-1.04924
76.0978171825409,1136.09117491475,681.841498315564,107.3,-53,5.28916530717959,-0.99402
76.6687290668488,1136.47356025316,681.103602952417,107.3,-53,5.35052530717959,-0.93266
77.1054191589355,1136.7369598655,680.519205146973,107.3,-53,5.41802030717959,-0.865165
77.2451570034027,1136.80010324746,680.312131997302,107.3,-53,5.44256430717959,-0.840621
77.6687660217285,1136.99151958245,679.684399016386,107.3,-53,5.46710730717959,-0.816078
78.1083869934082,1137.26862122566,679.097510321905,107.3,-54,5.49165130717959,-0.791534
78.5435581207275,1137.55569425214,678.527868295324,107.3,-54,5.57755430717959,-0.705631
79.0151419639587,1137.85541848257,677.941936809566,107.3,-53,5.66345730717959,-0.619728
79.4798920154572,1138.15244995417,677.363678261468,107.3,-53,5.77390330717959,-0.509282
79.634449005127,1138.2524673351,677.170760120949,107.3,-53,5.78003930717959,-0.503146
80.1994850635529,1138.62154317887,676.456619092462,107.3,-53,5.88435030717959,-0.398835
80.4411890506744,1138.79202287009,676.118554648184,107.3,-54,5.90889430717959,-0.374291
80.8028240203857,1139.04709279551,675.612746173433,107.3,-54,5.95798130717959,-0.325204
81.2584850788116,1139.34177682067,674.977083269221,107.3,-54,6.03774830717959,-0.245437
81.6307909488678,1139.57867608829,674.457637201904,107.3,-54,6.13592330717959,-0.147262
82.2811660766602,1140.07137426565,673.52842572706,107.3,-54,6.22796200717959,-0.0552232999999998
82.5986361503601,1140.30886247157,673.075748982997,107.3,-54,6.27704938717959,-0.00613592000000018
82.849317073822,1140.49543769302,672.718590701943,107.3,-54,0.0552253071795858,0.0552253071795858
83.2359220981598,1140.77831044157,672.175779836968,107.3,-54,0.0797653071795859,0.0797653071795859
83.730535030365,1141.1248965694,671.506510072875,107.3,-54,0.190215307179586,0.190215307179586
84.0580580234528,1141.35673564093,671.057894711511,107.3,-54,0.263845307179587,0.263845307179587
84.2728400230408,1141.51196467607,670.756268638053,107.3,-54,0.325205307179586,0.325205307179586
84.7267789840698,1141.84003922174,670.118785857058,107.3,-54,0.368155307179586,0.368155307179586
85.2255780696869,1142.16281236296,669.46529090319,107.3,-54,0.454055307179586,0.454055307179586
85.5374391078949,1142.3637981885,669.057873217215,107.3,-54,0.515415307179587,0.515415307179587
86.1567890644073,1142.83108276295,668.181077433889,107.3,-54,0.625865307179586,0.625865307179586
86.3402171134949,1142.96869460634,667.923871509691,107.3,-54,0.662675307179586,0.662675307179586
86.6560430526733,1143.20385186235,667.48665320408,107.3,-54,0.662675307179586,0.662675307179586
87.2606961727142,1143.66751725969,666.618979965479,107.3,-54,0.809945307179587,0.809945307179587
87.4388041496277,1143.80887577594,666.352519162351,107.3,-54,0.846755307179587,0.846755307179587
87.8390431404114,1144.11637766068,665.769106651623,107.3,-54,0.951065307179586,0.951065307179586
88.3628590106964,1144.47695091722,665.068938946192,107.3,-54,1.02469530717959,1.02469530717959
88.4902219772339,1144.56462233425,664.89869699459,107.3,-54,1.05537530717959,1.05537530717959
88.8727209568024,1144.98298753959,664.337469787799,107.3,-54,1.11060530717959,1.11060530717959
89.4666709899902,1145.60793539763,663.480467266676,107.3,-53,1.17809530717959,1.17809530717959
90.1103050708771,1146.02235737841,662.66405596453,107.3,-53,1.24559530717959,1.24559530717959
90.1777820587158,1146.0669734274,662.575422879474,107.3,-54,1.27013530717959,1.27013530717959
90.8050661087036,1146.48405595807,661.745428643444,107.3,-53,1.33763530717959,1.33763530717959
91.1823799610138,1146.76730920878,661.192094575777,107.3,-53,1.41126530717959,1.41126530717959
91.4497129917145,1146.97314153357,660.791456657877,107.3,-53,1.46648530717959,1.46648530717959
91.7045850753784,1147.16109242513,660.426463500623,107.3,-53,1.49102530717959,1.49102530717959
92.2945830821991,1147.56793462807,659.639380315702,107.3,-54,1.55852530717959,1.55852530717959
92.4107990264893,1147.61,659.52108391886,107.3,-54,1.58920530717959,1.58920530717959
92.7577991485596,1147.61,659.289076325503,107.3,-54,1.65669530717959,1.65669530717959
93.2006261348724,1147.61,658.992997976151,107.3,-53,1.69351530717959,1.69351530717959
95.4808723926544,1147.66642873739,658.802976782991,107.3,-53,1.77328530717959,1.77328530717959
95.9548454284668,1147.28898042829,659.3750034196,107.3,-53,1.79168530717959,1.79168530717959
96.2668743133545,1146.92935657724,659.852876452943,107.3,-52,1.81009530717959,1.81009530717959
96.6483714580536,1146.39842062289,660.392868820716,107.3,-52,1.81623530717959,1.81623530717959
96.9994053840637,1146.11255305936,660.574584212535,107.3,-52,1.92054530717959,1.92054530717959
97.3901114463806,1145.6529374333,660.840005739141,107.3,-52,2.08621530717959,2.08621530717959
97.7169845104218,1145.14476119782,661.176757264305,107.3,-52,2.21506530717959,2.21506530717959
98.0192375183105,1144.60266790238,661.433209819158,107.3,-52,2.36233530717959,2.36233530717959
102.85350060463,1146.44829153508,660.458803515983,107.3,-52,2.20279530717959,2.20279530717959
103.136889696121,1146.82263385025,660.253814795753,107.3,-52,2.18438530717959,2.18438530717959
103.409614562988,1147.21052967112,660.04210343184,107.3,-52,2.12916530717959,2.12916530717959
103.936050653458,1147.9487085479,659.63877277684,107.3,-52,2.08621530717959,2.08621530717959
104.381906509399,1148.53100122552,659.31881827398,107.3,-52,2.04939530717959,2.04939530717959
104.681709527969,1148.90330068354,659.116868227165,107.3,-52,2.03099530717959,2.03099530717959
105.130794525146,1149.41062063439,658.848883923717,107.3,-52,1.99417530717959,1.99417530717959
105.472707509995,1149.82378589689,658.602099526511,107.3,-52,1.93281530717959,1.93281530717959
105.888635635376,1150.36943416829,658.233519468672,107.3,-53,1.89599530717959,1.89599530717959
106.256972551346,1150.84710188576,657.949760660871,107.3,-53,1.84077530717959,1.84077530717959
106.578107595444,1151.25686204943,657.753844082617,107.3,-53,1.79168530717959,1.79168530717959
106.911098718643,1151.67875450857,657.552491074753,107.3,-54,1.79782530717959,1.79782530717959
107.269624710083,1152.11712400604,657.345218540623,107.3,-54,1.75487530717959,1.75487530717959
107.833395719528,1152.79142243876,657.031608688654,107.3,-54,1.69965530717959,1.69965530717959
108.266458511353,1153.29215103177,656.804841946531,107.3,-54,1.60761530717959,1.60761530717959
108.556878566742,1153.61411375641,656.660326384794,107.3,-54,1.57079530717959,1.57079530717959
109.085210561752,1154.18791993851,656.403929445197,107.3,-54,1.50943530717959,1.50943530717959
109.299080610275,1154.398402872,656.278521527805,107.3,-54,1.46034530717959,1.46034530717959
109.894443511963,1154.99620327592,655.933239762711,107.3,-54,1.33763530717959,1.33763530717959
110.158497571945,1155.31575581984,655.799245570997,107.3,-54,1.30695530717959,1.30695530717959
110.381231546402,1155.58530368501,655.686219250264,107.3,-54,1.29467530717959,1.29467530717959
111.156712532043,1156.50740721291,655.309793360358,107.3,-55,1.20877530717959,1.20877530717959
111.732854604721,1157.20058595355,655.032368557162,107.3,-55,1.09832530717959,1.09832530717959
111.939235687256,1157.45023086296,654.932794280796,107.3,-55,1.09219530717959,1.09219530717959
112.64191365242,1158.36020047827,654.582565290431,107.3,-55,1.02469530717959,1.02469530717959
112.929243564606,1158.76705485105,654.416015255323,107.3,-56,0.969475307179586,0.969475307179586
113.355042695999,1159.39768298765,654.149211043685,107.3,-56,0.871305307179586,0.871305307179586
113.775737524033,1159.97289187877,653.923430013377,107.3,-56,0.846755307179587,0.846755307179587
114.163486719131,1160.4899964107,653.725650857351,107.3,-56,0.748585307179586,0.748585307179586
114.545157670975,1161.03931403409,653.521397644481,107.3,-56,0.668815307179586,0.668815307179586
114.618811607361,1161.14563830781,653.481905771385,107.3,-56,0.717905307179587,0.717905307179587
115.265612602234,1162.05465027213,653.144484749039,107.3,-57,0.558365307179586,0.558365307179586
115.705618619919,1162.6626246982,652.918939189599,107.3,-57,0.447925307179586,0.447925307179586
116.13321852684,1163.26820073989,652.694346910061,107.3,-57,0.404975307179586,0.404975307179586
116.34382557869,1163.56646690587,652.583727807728,107.3,-57,0.368155307179586,0.368155307179586
116.611529588699,1164.00073287343,652.385510632343,107.3,-57,0.331335307179586,0.331335307179586
117.009570598602,1164.65185541207,652.085118805693,107.3,-57,0.276115307179587,0.276115307179587
117.429480552673,1165.23085774247,651.857867633537,107.3,-57,0.220895307179586,0.220895307179586
117.82200551033,1165.74896932726,651.664664531425,107.3,-58,0.159535307179587,0.159535307179587
118.27972650528,1166.35316240908,651.439980229124,107.3,-58,0.0245453071795865,0.0245453071795865
119.285876512527,1167.75712808976,650.928655541367,107.3,-58,6.22796200717959,-0.0552232999999998
119.669892549515,1168.28792729617,650.736585071179,107.3,-59,6.17273830717959,-0.110447
119.981951713562,1168.71896562741,650.58061140699,107.3,-58,6.01320430717959,-0.269981
120.310572624207,1169.40938717865,650.255264219202,107.3,-58,6.02547630717959,-0.257709
120.523015499115,1169.86315194173,650.039877211661,107.3,-59,5.97025330717959,-0.312932
121.107192516327,1170.79478735713,649.663742273021,107.3,-59,5.87821430717959,-0.404971
121.598266601563,1171.46409118707,649.427068084526,107.3,-59,5.85367030717959,-0.429515
121.81901550293,1171.76591307445,649.321430423942,107.3,-59,5.77390330717959,-0.509282
122.369265556335,1172.51353369509,649.060093343143,107.3,-59,5.71254430717959,-0.570641
122.531601667404,1172.73230096196,648.983748031643,107.3,-59,5.76163230717959,-0.521553
123.218044519424,1173.68706826347,648.651517650853,107.3,-59,5.65118530717959,-0.632
123.601656675339,1174.21540315097,648.467126506077,107.3,-60,5.58369030717959,-0.699495
123.943337678909,1174.31875643366,648.412161351189,107.3,-59,5.50392330717959,-0.779262
124.32257270813,1174.44640033857,648.347102185938,107.3,-60,5.49778730717959,-0.785398
124.676114559174,1174.95194942596,648.165298956433,107.3,-59,5.41802030717959,-0.865165
125.058241605759,1175.49946288723,647.968333343604,107.3,-59,5.39961230717959,-0.883573
125.455572605133,1176.08943113117,647.754742988623,107.3,-60,5.26462530717959,-1.01856
125.879178524017,1176.70592641587,647.532178343118,107.3,-59,5.28302530717959,-1.00016
126.236926555634,1177.19773627131,647.35611041487,107.3,-59,5.19099530717959,-1.09219
126.571944713593,1177.64529486312,647.196030184089,107.3,-59,5.25234530717959,-1.03084
127.098199605942,1178.28188976712,646.969102824192,107.3,-59,5.17258530717959,-1.1106
127.329660654068,1178.63014322607,646.859061719664,107.3,-59,5.11122530717959,-1.17196
127.664279699326,1179.20560851235,646.689184367155,107.3,-59,5.14803530717959,-1.13515
128.135816574097,1179.95764651899,646.452814190174,107.3,-58,5.13576530717959,-1.14742
128.315828561783,1180.21748328037,646.363974764139,107.3,-59,5.11735530717959,-1.16583
129.009239673615,1181.17406356782,646.038015913428,107.3,-58,5.06213530717959,-1.22105
129.176240682602,1181.39451110819,645.963155602844,107.3,-58,5.10508530717959,-1.1781
129.70320558548,1182.09361572315,645.725034222306,107.3,-58,5.01304530717959,-1.27014
130.091575622559,1182.61043993426,645.548674620373,107.3,-58,5.03759530717959,-1.24559
130.783610582352,1183.56320467759,645.22004438623,107.3,-58,4.92101530717959,-1.36217
131.109738588333,1183.87051514298,645.143933960517,107.3,-58,4.95168530717959,-1.3315
131.699439525604,1184.4426337038,644.991867374623,107.3,-57,4.89033530717959,-1.39285
131.889988660812,1184.69105760283,644.90191177329,107.3,-57,4.93941530717959,-1.34377
132.386687517166,1185.33807198312,644.66840074447,107.3,-57,4.92101530717959,-1.36217
132.644218683243,1185.6723995894,644.549365420917,107.3,-57,4.97623530717959,-1.30695
133.317076683044,1186.60717312992,644.218587232065,107.3,-57,4.92714530717959,-1.35604
133.705380678177,1187.18378602072,644.015704918635,107.3,-57,4.94555530717959,-1.33763
133.93963766098,1187.57427571623,643.880230632815,107.3,-56,4.98850530717959,-1.29468
134.716818571091,1188.94878504323,643.366860411079,107.3,-57,4.95168530717959,-1.3315
135.245871543884,1189.93502762494,642.962416585192,107.3,-56,4.95782530717959,-1.32536
135.624933719635,1190.46655009575,642.772214916716,107.3,-56,4.92714530717959,-1.35604
135.748774528503,1190.64020016407,642.710075431483,107.3,-56,4.95168530717959,-1.3315
136.402451515198,1191.56784673347,642.37442163575,107.3,-56,4.91487530717959,-1.36831
136.533395528793,1191.75432963549,642.306728342315,107.3,-56,4.93941530717959,-1.34377
137.202573537827,1192.5119578892,642.027903028359,107.3,-56,4.88419530717959,-1.39899
137.557925701141,1192.97073951186,641.861795603904,107.3,-56,4.96396530717959,-1.31922
137.879424571991,1193.41944014907,641.700629660741,107.3,-57,4.93941530717959,-1.34377
138.328581571579,1193.85558280539,641.689803787731,107.3,-57,4.91487530717959,-1.36831
138.680706501007,1194.12187971971,641.76630362857,107.3,-57,4.93328530717959,-1.3499
138.890595674515,1194.38851253307,641.707825744658,107.3,-56,4.92714530717959,-1.35604
139.371373653412,1195.14205121397,641.436155220226,107.3,-57,4.87805530717959,-1.40513
139.852976560593,1195.79696509109,641.198510499834,107.3,-57,4.88419530717959,-1.39899
140.169728517532,1196.20743305787,641.049208415213,107.3,-57,4.89646530717959,-1.38672
140.712963581085,1196.97467225746,640.768435494113,107.3,-57,4.86578530717959,-1.4174
141.114194631577,1197.55931659045,640.554708254128,107.3,-57,4.90873530717959,-1.37445
141.136135578156,1197.59219276936,640.542703924581,107.3,-57,4.87192530717959,-1.41126
141.791645526886,1198.52276302824,640.232300545108,107.3,-57,4.84737530717959,-1.43581
142.029043674469,1198.79661880641,640.178881763688,107.3,-57,4.86578530717959,-1.4174
142.725954532623,1199.67981490271,639.916351071223,107.3,-57,4.85965530717959,-1.42353
142.911835670471,1199.93281930167,639.823071671605,107.3,-58,4.81669530717959,-1.46649
143.440329551697,1200.70668816026,639.539756303753,107.3,-58,4.81669530717959,-1.46649
143.772078514099,1201.20726982795,639.356996770361,107.3,-58,4.85965530717959,-1.42353
144.044014692307,1201.61496659828,639.20701687531,107.3,-58,4.92714530717959,-1.35604
144.437485694885,1202.20484735751,638.990005696917,107.3,-58,4.88419530717959,-1.39899
144.867671489716,1202.84446887153,638.757882102993,107.3,-58,4.82283530717959,-1.46035
145.078646659851,1203.1577072257,638.644478217363,107.3,-58,4.90260530717959,-1.38058
145.701659679413,1204.19996875862,638.381133951452,107.3,-58,4.88419530717959,-1.39899
146.077350616455,1204.81736129436,638.218079073387,107.3,-58,4.84737530717959,-1.43581
146.500268697739,1205.43369972298,637.992475950455,107.3,-59,4.86271530717959,-1.42047
147.082641601563,1206.30891425859,637.673059288924,107.3,-59,4.86578530717959,-1.4174
147.334158658981,1206.69213668746,637.53338008588,107.3,-59,4.93941530717959,-1.34377
147.780480623245,1207.32714961852,637.297335142188,107.3,-59,4.84737530717959,-1.43581
147.980250597,1207.60877037635,637.19236740518,107.3,-59,4.90873530717959,-1.37445
148.323313713074,1208.11931079409,637.004700448141,107.3,-59,4.85351530717959,-1.42967
148.815571546555,1208.87018568592,636.726013185092,107.3,-59,4.92101530717959,-1.36217
149.370579719543,1209.73168876405,636.318972739922,107.3,-59,4.86578530717959,-1.4174
149.568450689316,1210.02783760595,636.189713498155,107.3,-59,4.89033530717959,-1.39285
150.3925344944,1211.17960277535,635.759250797393,107.3,-59,4.91487530717959,-1.36831
150.782380580902,1211.70489229212,635.562535233462,107.3,-59,4.93328530717959,-1.3499
151.195118665695,1212.27179133581,635.348646554162,107.3,-60,4.89646530717959,-1.38672
151.640212535858,1212.89296863525,635.11285272213,107.3,-59,4.84124530717959,-1.44194
151.786043643951,1213.11730883592,635.029318639912,107.3,-59,4.96396530717959,-1.31922
152.273258686066,1213.88772088159,634.743931221254,107.3,-59,4.81056530717959,-1.47262
152.780266523361,1214.67894144075,634.474076018726,107.3,-59,4.90260530717959,-1.38058
153.079656600952,1215.14407011848,634.320130774944,107.3,-60,4.87805530717959,-1.40513
153.494683504105,1215.72343659678,634.102183783433,107.3,-60,4.92714530717959,-1.35604
153.872649669647,1216.24624877184,633.902099147464,107.3,-60,4.89646530717959,-1.38672
154.193118572235,1216.74659804755,633.713370911889,107.3,-60,5.02532530717959,-1.25786
154.808112621307,1217.62356407249,633.380720322707,107.3,-60,5.09281530717959,-1.19037
155.18074464798,1218.06573130656,633.210808868714,107.3,-60,5.12349530717959,-1.15969
155.557754516602,1218.55195739017,633.027452245481,107.3,-61,5.19712530717959,-1.08606
155.817470550537,1218.90566222407,632.895616807392,107.3,-60,5.20939530717959,-1.07379
156.299222707748,1219.6670558515,632.61127438625,107.3,-61,5.23394530717959,-1.04924
156.687366724014,1220.36866167541,632.348862759197,107.3,-61,5.27075530717959,-1.01243
156.939100503922,1220.77498266534,632.199078412498,107.3,-61,5.25234530717959,-1.03084
157.43846154213,1221.53745987413,631.920190352344,107.3,-61,5.34438930717959,-0.938796
157.643797636032,1221.82801219532,631.814907597489,107.3,-61,5.35666130717959,-0.926524
158.080537557602,1222.42854000361,631.598117058698,107.3,-62,5.30757330717959,-0.975612
158.596843719482,1223.16764939152,631.330879778952,107.3,-61,5.41188430717959,-0.871301
158.990502595901,1223.73502171342,631.124907822666,107.3,-61,5.48551530717959,-0.79767
159.314985513687,1224.18554322889,630.95852710458,107.3,-62,5.57141830717959,-0.711767
159.60174870491,1224.58369357951,630.811487420635,107.3,-62,5.55301030717959,-0.730175
160.073268651962,1225.10454417109,630.645392008236,107.3,-62,5.63277730717959,-0.650408
160.549616575241,1225.66291482557,630.457013442697,107.3,-62,5.74322430717959,-0.539961
160.686872720718,1225.84778020691,630.387971881909,107.3,-61,5.78617530717959,-0.49701
161.243538618088,1226.60039146123,630.106801526479,107.3,-61,5.95184530717959,-0.33134
161.622418642044,1227.11846809081,629.913062453539,107.3,-62,6.03161230717959,-0.251573
162.009697675705,1227.69142394829,629.700565410046,107.3,-63,6.11137930717959,-0.171806
162.59711265564,1228.60360748242,629.364467039638,107.3,-63,6.22796200717959,-0.0552232999999998
162.882838726044,1229.00235505657,629.217581453651,107.3,-63,6.27704938717959,-0.00613592000000018
163.340497493744,1229.62069315037,628.920999594014,107.3,-63,0.104315307179586,0.104315307179586
163.707244634628,1230.07497577321,628.559139987549,107.3,-63,0.227025307179586,0.227025307179586
163.756144523621,1230.13554712429,628.510891773414,107.3,-62,0.184075307179587,0.184075307179587
164.429368495941,1231.06122452941,628.096876744433,107.3,-62,0.362015307179586,0.362015307179586
164.811174631119,1231.58790149679,627.909472351149,107.3,-62,0.447925307179586,0.447925307179586
165.196877717972,1232.10233381677,627.725443469672,107.3,-62,0.539965307179586,0.539965307179586
165.350470542908,1232.3071885767,627.652160375138,107.3,-62,0.527685307179587,0.527685307179587
166.139966726303,1233.3776935719,627.264561745274,107.3,-62,0.674955307179586,0.674955307179586
166.493423700333,1233.83474166745,627.10265002632,107.3,-62,0.791535307179586,0.791535307179586
166.729796648026,1234.14039076626,626.994372207272,107.3,-63,0.828345307179586,0.828345307179586
167.210181713104,1234.85104021485,626.674155861617,107.3,-62,0.938795307179586,0.938795307179586
167.335263490677,1235.04163343694,626.584559234782,107.3,-62,0.975615307179586,0.975615307179586
167.791972637177,1235.72716534235,626.304475944866,107.3,-61,1.00629530717959,1.00629530717959
168.257531642914,1236.41839105579,626.052920563992,107.3,-62,1.14741530717959,1.14741530717959
168.569791555405,1236.8763788392,625.884843493963,107.3,-61,1.26399530717959,1.26399530717959
169.014632701874,1237.50826634494,625.653440766149,107.3,-62,1.30081530717959,1.30081530717959
169.394223690033,1237.93616427257,625.49950187755,107.3,-61,1.42966530717959,1.42966530717959
169.480904579163,1238.03387621511,625.464349410416,107.3,-61,1.43580530717959,1.43580530717959
169.913407564163,1238.56281660163,625.270798480239,107.3,-61,1.50330530717959,1.50330530717959
170.405869722366,1239.20585727759,625.032534987672,107.3,-61,1.58920530717959,1.58920530717959
170.761978626251,1239.7051896896,624.914970259006,107.3,-61,1.69351530717959,1.69351530717959
171.062460660934,1240.12678310188,624.816185135931,107.3,-61,1.70578530717959,1.70578530717959
171.332290649414,1240.50252911477,624.691353109099,107.3,-61,1.74873530717959,1.74873530717959
171.676288604736,1240.98019863503,624.514946444686,107.3,-60,1.79782530717959,1.79782530717959
171.943304538727,1241.35378009352,624.376560025119,107.3,-60,1.76100530717959,1.76100530717959
172.467088699341,1242.09950017396,624.098406435112,107.3,-60,1.87145530717959,1.87145530717959
172.884122610092,1242.67339655223,623.884023510782,107.3,-60,1.96349530717959,1.96349530717959
173.267693519592,1243.19558601877,623.688861790964,107.3,-60,1.96963530717959,1.96963530717959
173.302478551865,1243.24408008975,623.670584580866,107.3,-60,1.96349530717959,1.96349530717959
173.643492698669,1243.74915850691,623.476323651187,107.3,-60,2.06166530717959,2.06166530717959
174.091844558716,1244.43884264079,623.212717246443,107.3,-61,2.10462530717959,2.10462530717959
174.415871620178,1245.00463834,623.000655236347,107.3,-61,2.14757530717959,2.14757530717959
174.644177675247,1245.40329203108,622.851238577329,107.3,-61,2.18438530717959,2.18438530717959
175.276123523712,1246.3362106213,622.498070625785,107.3,-61,2.27642530717959,2.27642530717959
175.67290353775,1246.90461014211,622.28572605316,107.3,-61,2.31937530717959,2.31937530717959
175.956746578217,1247.31027667281,622.135551424008,107.3,-62,2.35005530717959,2.35005530717959
176.348949670792,1247.84318349379,621.937190861899,107.3,-62,2.43596530717959,2.43596530717959
176.502152681351,1248.0405984463,621.86326526266,107.3,-61,2.46664530717959,2.46664530717959
177.070737600327,1248.80233938582,621.578883891402,107.3,-62,2.59549530717959,2.59549530717959
177.706048488617,1249.73102150233,621.229614728547,107.3,-62,2.75502530717959,2.75502530717959
177.979968547821,1250.15312710906,621.06303376589,107.3,-62,2.77957530717959,2.77957530717959
178.506185531616,1250.92963168426,620.758798588688,107.3,-62,2.90229530717959,2.90229530717959
178.793371677399,1251.32212578597,620.607115972297,107.3,-63,3.01273530717959,3.01273530717959
179.225948572159,1251.94093663449,620.368821463144,107.3,-63,3.17227530717959,3.17227530717959
179.324822664261,1252.08878759357,620.312074856943,107.3,-63,3.19681530717959,3.19681530717959
179.846033573151,1252.85588754262,620.018654322105,107.3,-63,3.31339530717959,3.31339530717959
180.240842580795,1253.40964963909,619.809093371875,107.3,-63,3.49133530717959,3.49133530717959
180.596931695938,1253.91684705106,619.61604196376,107.3,-64,3.60178530717959,3.60178530717959
180.703227519989,1254.07120796649,619.556870279514,107.3,-64,3.64473530717959,3.64473530717959
181.22855758667,1254.81810225473,619.278276796622,107.3,-64,3.82881530717959,3.82881530717959
181.478149652481,1255.1338748209,619.179769485218,107.3,-64,3.90858530717959,3.90858530717959
182.062737703323,1255.92322997575,618.911270616883,107.3,-65,4.16015530717959,4.16015530717959
183.500593662262,1258.19057101767,618.038654183238,107.3,-64,4.63875530717959,4.63875530717959
183.849562644959,1258.71898543656,617.836415573824,107.3,-64,4.83510530717959,4.83510530717959
183.968946695328,1258.89975867639,617.767228724763,107.3,-64,4.81056530717959,4.81056530717959
184.491968631744,1259.68947203169,617.468953950306,107.3,-63,5.04372530717959,5.04372530717959
184.687348604202,1259.98442014383,617.357652775915,107.3,-63,5.09281530717959,5.09281530717959
185.621684551239,1261.23558483606,617.070693298022,107.3,-62,5.22780530717959,5.22780530717959
185.880301713943,1261.6241324486,616.923338448739,107.3,-62,5.27689530717959,5.27689530717959
186.211893558502,1262.12150804392,616.735390979909,107.3,-62,5.29530130717959,5.29530130717959
186.640912532806,1262.76142253719,616.496608071772,107.3,-62,5.46097130717959,5.46097130717959
