50.9750130176544,2,0.730175,-62,11.338992988201,7.44177280014469,1.073,0.993508615001235
52.0327708721161,2,1.09219,-60,11.3541686750685,7.43165727648268,1.073,0.991088984005201
52.2525939941406,2,1.14128,-60,11.3575194844999,7.42945265662668,1.073,0.989985344390917
53.3403329849243,2,1.52784,-60,11.3741777565488,7.41839149563413,1.073,0.984853733531682
54.1649990081787,2,1.77942,-58,11.4100904048007,7.38571452326745,1.073,0.966569224598875
55.0244469642639,2,2.03713,-58,11.4208336479692,7.37795096658993,1.073,0.968797817126032
55.6147949695587,2,2.19666,-58,11.427878797993,7.37327497951374,1.073,0.970426889039827
56.4884059429169,2,2.528,-58,11.4382656075976,7.36633203653917,1.073,0.97071365591564
57.0832509994507,2,2.69981,-57,11.4452691885107,7.36164253236887,1.073,0.968850569204758
57.4722168445587,2,2.81025,-57,11.4498324751624,7.35858901396045,1.073,0.967121374837382
58.2828929424286,2,3.14159,-58,11.4611578486048,7.3527857494165,1.073,0.96694564550076
58.699031829834,2,3.25204,-57,11.4665108453014,7.34926875372116,1.073,0.967625723165565
59.5202929973602,2,3.51588,-57,11.4771668451582,7.34199938756056,1.073,0.969321921103342
60.1056649684906,2,3.66928,-57,11.484560551006,7.33693899241086,1.073,0.970547080499473
61.2018899917603,2,4.06198,-58,11.4973528406044,7.32836183217707,1.073,0.971968463626302
61.5691249370575,2,4.06812,-58,11.501793788734,7.32538251649011,1.073,0.972275880715275
62.0776870250702,2,4.27674,-57,11.5110512354434,7.32019584006227,1.073,0.97433001330766
62.9489510059357,2,4.38719,-58,11.5246698724102,7.3117667562283,1.073,0.974753601059069
63.547388792038,2,4.52218,-59,11.5325709431609,7.30640333959942,1.073,0.974623546594095
64.3522508144379,2,4.76761,-59,11.5424023691766,7.29969095024409,1.073,0.975832726933498
65.0777659416199,2,4.85965,-60,11.5507257476506,7.29397706524059,1.073,0.97672346788881
65.1789219379425,2,4.90874,-60,11.5519373229955,7.29314976732836,1.073,0.976757367522196
66.1091799736023,2,5.20326,-61,11.5613827270126,7.28564219678301,1.073,0.977292632993277
66.4643249511719,2,5.35052,-61,11.5642156034415,7.28282181833844,1.073,0.977598833607275
67.4263949394226,2,5.61437,-62,11.5762808437894,7.27435565787742,1.073,0.976319138885953
68.4639518260956,2,5.98253,-63,11.5891460626519,7.26556599500806,1.073,0.973312157905151
68.5949969291687,2,6.14819,-63,11.5908003252566,7.26444076886012,1.073,0.97314181799338
77.7975749969482,2,6.12365,-61,11.7080491759119,7.18025249350866,1.073,0.972924387390828
78.7038478851318,2,0.368155,-59,11.7206045563606,7.17379070343469,1.073,0.968634593122891
79.2705860137939,2,0.60132,-58,11.7285296662257,7.16900390442854,1.073,0.967741185082594
80.1038138866425,2,0.883573,-56,11.7396112048388,7.16136536349765,1.073,0.96788995351628
80.6800630092621,2,1.14128,-56,11.7470449590139,7.15620392098383,1.073,0.9677891295656
81.4186940193176,2,1.33763,-55,11.7562762861235,7.14980104823572,1.073,0.968078805999453
82.2834048271179,2,1.63829,-54,11.7666990924885,7.14268315270056,1.073,0.969010815034161
82.8599169254303,2,1.83464,-53,11.7734672667111,7.13839199069346,1.073,0.96877567331117
83.9533479213715,2,2.12917,-53,11.7863526941901,7.12960703149168,1.073,0.968839488173517
84.5130219459534,2,2.31938,-53,11.7932090225492,7.12486533914227,1.073,0.968970119271727
85.379891872406,2,2.55254,-51,11.8041050466248,7.11730530922376,1.073,0.968342720225172
86.3631978034973,2,2.86548,-51,11.816309250068,7.10937876669773,1.073,0.970289811458615
86.7482419013977,2,3.00047,-51,11.8220521368108,7.10646210374571,1.073,0.972113517146286
87.624137878418,2,3.22136,-50,11.8342985024595,7.09891436272382,1.073,0.97505738240379
88.6055250167847,2,3.4668,-49,11.846808362585,7.09027461309119,1.073,0.977582450218833
88.8860428333282,2,3.55884,-50,11.8504240175336,7.08777396501961,1.073,0.978021767108626
89.5743188858032,2,3.74905,-49,11.8594135542628,7.08155319894033,1.073,0.978607216333076
90.2248139381409,2,3.93926,-49,11.8676898346226,7.07578414468955,1.073,0.978092788710714
90.8129839897156,2,4.08039,-49,11.8721492038917,7.07129819430446,1.073,0.975608166124613
91.7134788036346,2,4.34423,-49,11.8812865046734,7.06406275435655,1.073,0.973429291695543
92.2112917900085,2,4.52218,-48,11.8870265724508,7.0600439773763,1.073,0.973184289470481
92.8538618087769,2,4.73693,-49,11.894052520776,7.05510274031802,1.073,0.973527581130945
93.5855069160461,2,4.91487,-48,11.9030837090658,7.04876320030284,1.073,0.975873033854439
94.0477747917175,2,5.14804,-48,11.9092305101349,7.0444877012952,1.073,0.976246121511819
94.4712238311768,2,5.26462,-48,11.914869152252,7.04054726207568,1.073,0.976343040498509
95.3781418800354,2,5.54074,-48,11.9216427128007,7.03393587189069,1.073,0.972379778624707
95.822242975235,2,5.66959,-47,11.927184533023,7.03007876501602,1.073,0.971061379593837
96.6495699882507,2,5.92117,-47,11.9375503948895,7.02300846018381,1.073,0.970085399743432
97.2430009841919,2,6.10524,-47,11.9449600670793,7.01794445855015,1.073,0.970773628160805
97.9300999641418,2,0.0245437,-47,11.9534719072547,7.01210399297871,1.073,0.97300690870501
98.4865829944611,2,0.153398,-46,11.9602991242787,7.00751303785749,1.073,0.975821394090403
99.0983920097351,2,0.319068,-46,11.9700992932215,7.00156042406712,1.073,0.974280292264437
99.8098809719086,2,0.521553,-45,11.9800397154912,6.99527198564066,1.073,0.973371112458642
100.453889846802,2,0.650408,-45,11.9879586772685,6.99007329869315,1.073,0.973038177366838
101.091796875,2,0.742447,-45,11.9956543998111,6.98504409612464,1.073,0.972386968650406
101.516780853271,2,0.816078,-45,12.0003963830536,6.98191438718461,1.073,0.972971480479556
102.242966890335,2,0.944932,-44,12.0085854301892,6.97650198130036,1.073,0.974419566375859
103.0652987957,2,1.06765,-44,12.0147173701035,6.9730065259793,1.073,0.9793095511514
103.656330823898,2,1.13515,-44,12.0180638735184,6.97138380546448,1.073,0.98319653260007
104.355297803879,2,1.22718,-44,12.0262048774044,6.96598943757821,1.073,0.982622698037078
104.914263010025,2,1.29468,-44,12.0334589492963,6.9611487396042,1.073,0.981487156783234
105.503722906113,2,1.34377,-43,12.0414038422416,6.95587302846111,1.073,0.980149424773844
106.272500991821,2,1.41126,-43,12.051164301151,6.94940005469069,1.073,0.97926676431095
106.881162881851,2,1.5033,-43,12.0584884560583,6.94441694700539,1.073,0.979570132590871
107.514804840088,2,1.55852,-44,12.0671236108524,6.93805968649314,1.073,0.980670370417229
108.181565999985,2,1.65056,-44,12.0755514535216,6.93232852614054,1.073,0.982300478262629
108.940659999847,2,1.70579,-43,12.0857855725961,6.92548944644282,1.073,0.982655910479659
109.417924880981,2,1.75487,-43,12.0921143893943,6.92124783684345,1.073,0.982348589723048
110.054894924164,2,1.82851,-43,12.1001160572328,6.91585935943998,1.073,0.981730462932509
110.793352842331,2,1.91441,-43,12.1093446703792,6.9096322855208,1.073,0.980356026760994
111.38648891449,2,1.90214,-43,12.1215898627333,6.90138590168537,1.073,0.981359662640935
112.018349885941,2,1.93895,-43,12.1314769521396,6.89472513425788,1.073,0.98296981498705
112.709692955017,2,1.94509,-43,12.140025719984,6.88896089768072,1.073,0.984790147022888
113.30119395256,2,1.9635,-43,12.1476154044116,6.88384084823538,1.073,0.985839264389707
113.929759979248,2,1.91441,-43,12.1554609180845,6.87856866304724,1.073,0.985749825533837
114.636965990067,2,1.90214,-43,12.1647825554909,6.87226937366784,1.073,0.984709543933936
115.308926820755,2,1.90827,-43,12.1726893938036,6.86729151360363,1.073,0.983626179719045
116.071799993515,2,1.85305,-43,12.1815980366259,6.86161002191236,1.073,0.983405865988459
116.64671087265,2,1.76715,-43,12.1888609838069,6.85667798893301,1.073,0.984206047495789
117.158010005951,2,1.71806,-43,12.1955437300227,6.85207431931772,1.073,0.985736272624633
117.854521989822,2,1.68738,-43,12.2044348480305,6.84595374318696,1.073,0.986138189194335
118.533298969269,2,1.64443,-43,12.2130398293645,6.84006348990743,1.073,0.985550530994919
119.244632005692,2,1.52784,-44,12.2216716196088,6.83375590964894,1.073,0.984606858057131
119.980759859085,2,1.44194,-43,12.2302144467868,6.82708930649443,1.073,0.983510179076508
120.672303915024,2,1.36831,-43,12.2390981138457,6.82107676183722,1.073,0.983114284550446
121.039499998093,2,1.33763,-44,12.243410333208,6.81819188708385,1.073,0.983263918562317
121.78847694397,2,1.20878,-43,12.2522035342261,6.81225886279454,1.073,0.983413331623608
122.564720869064,2,1.12287,-44,12.2616287578543,6.80586556147831,1.073,0.983575383952679
123.122223854065,2,1.03084,-44,12.2688493028109,6.80099664332609,1.073,0.984297259222311
123.856074810028,2,0.93266,-44,12.2793242500329,6.79349551586629,1.073,0.990652356439439
124.45942401886,2,0.852893,-45,12.2863553804632,6.78877404558843,1.073,0.992256707098382
125.030094861984,2,0.705631,-45,12.2932330422147,6.78423749903041,1.073,0.992817063525727
125.686686992645,2,0.546097,-45,12.3015739880098,6.77878352104,1.073,0.992608080959215
126.444393873215,2,0.386563,-45,12.3106611751601,6.77279008472227,1.073,0.991873128988593
127.173623800278,2,0.233165,-45,12.3201538989577,6.76659631741276,1.073,0.989875897496528
127.67672085762,2,0.0674952,-46,12.3290455036253,6.76180249427925,1.073,0.990007336244939
128.300138950348,2,6.22796,-47,12.3383876686486,6.75643573597389,1.073,0.99082002128839
128.925001859665,2,6.11138,-46,12.3454103802074,6.75182969030763,1.073,0.992152661754259
129.574325799942,2,5.88435,-46,12.3526582240255,6.74713003578976,1.073,0.993129213342387
130.22229385376,2,5.69414,-47,12.3603850979583,6.74206939201962,1.073,0.992388810139224
130.892138957977,2,5.52233,-48,12.3687935622547,6.73654029793798,1.073,0.99147142819232
131.532275915146,2,5.30757,-47,12.3767783743616,6.73111200297244,1.073,0.991276803084097
132.201100826263,2,5.09282,-47,12.3843246931156,6.72557178439843,1.073,0.992251894961621
132.85395693779,2,4.90874,-48,12.3920640812805,6.72039046769011,1.073,0.993241721974295
133.421904802322,2,4.79829,-48,12.3985250834672,6.71610767916492,1.073,0.994620089640375
134.082427024841,2,4.63876,-48,12.4058748052734,6.71123674230222,1.073,0.995824575120689
134.72981595993,2,4.38105,-48,12.4131404945971,6.70641571076046,1.073,0.996079959938696
135.517756938934,2,4.12948,-49,12.4237311545411,6.6995285751565,1.073,0.994210217602463
135.931123018265,2,3.96994,-49,12.4293550466797,6.69665471467836,1.073,0.992740782298738
136.709698915482,2,3.73064,-50,12.4394636234079,6.69058273608261,1.073,0.992146780258314
137.474353790283,2,3.4852,-50,12.4491432717037,6.68405671732271,1.073,0.993725548849476
138.193605899811,2,3.27045,-51,12.458194261391,6.67801164562761,1.073,0.995210151099801
138.636549949646,2,3.12318,-51,12.463603951966,6.67440697062066,1.073,0.995767724158082
139.243251800537,2,2.91456,-51,12.4709603739634,6.66953697604942,1.073,0.996655962941672
139.93286895752,2,2.63231,-52,12.4784415445781,6.66344977608536,1.073,0.993932173493899
140.655571937561,2,5.51619,-53,12.4863949798046,6.6567147048762,1.073,0.989496661005932
141.36615896225,2,2.14144,-53,12.4958407733243,6.65048394306631,1.073,0.989321555079693
142.091470956802,2,1.88986,-53,12.50522855385,6.64424864256159,1.073,0.990490224642006
142.705724000931,2,1.62602,-54,12.512586904548,6.63938906512144,1.073,0.992384233451881
143.358660936356,2,1.39285,-54,12.5202768158023,6.63433333201789,1.073,0.992946124392683
143.899785995483,2,1.1781,-54,12.5267568715364,6.63033089184734,1.073,0.993277598253728
144.521263837814,2,0.96334,-55,12.5344312542145,6.62585371406917,1.073,0.993487456319102
145.165197849274,2,0.595185,-56,12.5432298090387,6.62012297393587,1.073,0.991206839763336
145.97487282753,2,0.239301,-57,12.5540342651354,6.61310211322756,1.073,0.9894595208268
146.60217499733,2,6.17274,-58,12.562139635249,6.60785747856712,1.073,0.991396630758174
147.119963884354,2,5.85981,-58,12.5686993287173,6.60357985934919,1.073,0.993549755994049
147.528978824615,2,5.6021,-59,12.5737980041286,6.6002236438843,1.073,0.995329342217691
148.621196985245,2,4.8167,-60,12.5839161102482,6.59449670955358,1.073,0.999901146935151
149.290460824966,2,4.35037,-60,12.5924165396748,6.58899166954393,1.073,0.997777658707902
149.585416793823,2,4.1172,-60,12.5965723024606,6.58630950750472,1.073,0.996464702347035
150.574326992035,2,3.56497,-60,12.6108578592159,6.5770328412412,1.073,0.992656128466977
151.019176959991,2,3.3134,-60,12.6171185640416,6.57291619711659,1.073,0.991835440957956
151.608299970627,2,2.95751,-60,12.6249861595005,6.56773976047819,1.073,0.993147197060641
152.092356920242,2,2.79185,-60,12.6323542068046,6.5625946087619,1.073,0.994131948475141
152.580893993378,2,2.56482,-60,12.6404094863825,6.55679080484244,1.073,0.995062058086027
153.037347793579,2,2.34392,-60,12.6468087825921,6.55238685618479,1.073,0.996287588865041
153.52116894722,2,2.08008,-59,12.6526637852999,6.54855768441389,1.073,0.997880149601562
153.853828907013,2,1.9635,-59,12.6571979629595,6.54564369547547,1.073,0.998042411522753
154.569164991379,2,1.72419,-59,12.6672345244575,6.53920416183512,1.073,0.997639868232877
154.963372945786,2,1.5892,-60,12.6725485087265,6.53574023134863,1.073,0.997286094650521
155.411820888519,2,1.39899,-59,12.6786073840755,6.53180164870114,1.073,0.996375165864062
156.420611858368,2,1.06151,-59,12.6909746653134,6.52388237320106,1.073,0.993487423096653
156.938424825668,2,0.822214,-60,12.6963050668709,6.52053515502758,1.073,0.993074718561861
157.382318019867,2,0.693359,-60,12.7023608110286,6.51654265113599,1.073,0.99451523540221
157.75331902504,2,0.552233,-60,12.7073264086541,6.51326958996114,1.073,0.995761809211546
158.396137952805,2,0.233165,-61,12.7144881902156,6.50855994012994,1.073,0.99856346702022
158.714943885803,2,0.0981748,-62,12.7183296130301,6.5060476832556,1.073,0.999168431043232
158.970113992691,2,0,-62,12.721596794781,6.50391951899589,1.073,0.999130963362604
159.48658490181,2,6.06229,-63,12.728142562379,6.49965047907935,1.073,0.998965826617172
