12.9182198047638,4,0.859029,-64,7.61673778005019,9.34689978342933,1.928,-2.12169639341529
13.1836938858032,4,0.901981,-64,7.62066914121675,9.34446100367145,1.928,-2.12182984010222
13.382611989975,4,1.01243,-63,7.62348206123037,9.34270572172121,1.928,-2.12186211544218
13.5260739326477,4,1.01243,-63,7.62551077033866,9.34143979291312,1.928,-2.12188539277529
13.8052768707275,4,1.09219,-63,7.62945900589849,9.33897606604569,1.928,-2.12193069468374
14.0178890228271,4,1.1106,-63,7.6319982700621,9.3373178199586,1.928,-2.12173333913543
14.1821269989014,4,1.22105,-62,7.63382645460926,9.3360990302605,1.928,-2.1215147308245
14.466728925705,4,1.23946,-63,7.63699444813371,9.33398703457753,1.928,-2.12113591255121
14.7558100223541,4,1.34377,-62,7.64025278915413,9.33184158225805,1.928,-2.12078559744332
14.963723897934,4,1.4174,-62,7.64275748410298,9.33029765769988,1.928,-2.1206708785907
15.0278398990631,4,1.46649,-62,7.643529876151,9.32982154580769,1.928,-2.12063550185568
15.2541599273682,4,1.47876,-62,7.64625630616987,9.32814094104415,1.928,-2.12051062719833
15.735682964325,4,1.60148,-62,7.6521250358019,9.32452916995807,1.928,-2.12044313341719
15.9534518718719,4,1.68124,-61,7.65484440152694,9.32286109254362,1.928,-2.12060294921738
16.134546995163,4,1.77328,-61,7.65710580732999,9.32147393085727,1.928,-2.12073585093583
16.4026029109955,4,1.84078,-61,7.66045312664257,9.31942066244515,1.928,-2.12093257126274
16.619246006012,4,1.88986,-61,7.66315087853923,9.317749512845,1.928,-2.12133902228247
16.7126848697662,4,2.00031,-61,7.66431342426661,9.31702718746644,1.928,-2.12154718849392
17.0814118385315,4,2.0494,-61,7.66890104385962,9.31417675846295,1.928,-2.12236865071068
17.2583329677582,4,2.19666,-61,7.67110225751529,9.31280907678845,1.928,-2.12276280149246
17.5214698314667,4,2.30711,-61,7.67462359715315,9.31062488782737,1.928,-2.12233194277818
17.7368829250336,4,2.42983,-62,7.67752001452032,9.30882851297758,1.928,-2.12192281366458
17.8081648349762,4,2.4421,-61,7.67847846211747,9.30823407821901,1.928,-2.12178742957929
18.0635278224945,4,2.56482,-61,7.68191204073487,9.30610455284638,1.928,-2.12130242455476
18.4746088981628,4,2.7673,-61,7.68645606861724,9.3034146378332,1.928,-2.11964596587359
18.6681218147278,4,2.79185,-62,7.68858764578416,9.30215400243822,1.928,-2.1188595359717
18.7967619895935,4,2.7673,-62,7.69000463884261,9.30131597901048,1.928,-2.11833674668252
19.1405808925629,4,2.89616,-62,7.69434437461201,9.29867679691052,1.928,-2.1176719657838
19.6797850131989,4,3.15386,-62,7.70149389274691,9.29428945216049,1.928,-2.11708492669753
19.9571778774261,4,3.26431,-62,7.70493243431457,9.29217071169839,1.928,-2.11689152488576
20.2178888320923,4,3.34408,-62,7.70806099171064,9.29023898498403,1.928,-2.1167565439818
20.3711278438568,4,3.38089,-62,7.70989987509872,9.28910356705314,1.928,-2.11667720577235
20.7197659015656,4,3.52202,-63,7.71426452437494,9.28641591171274,1.928,-2.1164874606124
20.954479932785,4,3.59565,-63,7.71758898929402,9.28438369847994,1.928,-2.11634000450712
21.2703838348389,4,3.66928,-63,7.72206341902762,9.28164852288473,1.928,-2.11614154189797
21.3849568367004,4,3.77973,-63,7.72368621900844,9.28065652096097,1.928,-2.11606956286656
21.720883846283,4,3.76746,-63,7.72828073837583,9.27784637404414,1.928,-2.11651250733625
21.8851540088654,4,3.93926,-64,7.73047909692033,9.27650131293646,1.928,-2.1169226343503
22.3257858753204,4,4.1172,-65,7.73637588799529,9.27289337356964,1.928,-2.11802274303007
27.8791949748993,4,0.78233,-65,7.8164860332323,9.22297052551374,1.928,-2.12644231716237
28.1907169818878,4,0.951068,-65,7.82029691013112,9.22058320977307,1.928,-2.12473551515363
28.4454808235168,4,1.04311,-64,7.82352198537354,9.21860584882069,1.928,-2.12372811053718
28.7875618934631,4,1.3315,-64,7.8279100334164,9.21593749577899,1.928,-2.12258164720308
29.0515768527985,4,1.54012,-64,7.83129668771381,9.21387808594404,1.928,-2.12169681756143
29.2450299263,4,1.66284,-64,7.83374296523741,9.2123853240818,1.928,-2.12097956420881
29.6403019428253,4,1.81623,-63,7.83870992035109,9.20934971016054,1.928,-2.11945266858374
30.0414788722992,4,2.01872,-63,7.84387509800001,9.20619424389149,1.928,-2.11828060648745
30.342257976532,4,2.16598,-62,7.84826257818557,9.20351912439374,1.928,-2.11896981390121
30.5893368721008,4,2.33165,-62,7.85186673067928,9.20132161279231,1.928,-2.11953597226865
30.8400158882141,4,2.46051,-62,7.85553628363292,9.19910179074735,1.928,-2.12007235986545
31.3124449253082,4,2.67526,-61,7.8628867716431,9.19524597919856,1.928,-2.11980011956877
31.659560918808,4,2.79185,-61,7.86828752339209,9.19241293179583,1.928,-2.11960009172622
31.9632828235626,4,2.93911,-61,7.87196403246178,9.19016451777015,1.928,-2.11977308541129
32.2399649620056,4,3.01887,-61,7.87525475304011,9.18812912187459,1.928,-2.11995007635873
32.560882806778,4,3.14773,-61,7.87914716277985,9.18572575595306,1.928,-2.12018083194975
32.7480947971344,4,3.17841,-60,7.88173057887064,9.18414763061101,1.928,-2.12042083379517
33.1954748630524,4,3.39317,-60,7.88790416240442,9.18037638808424,1.928,-2.1209943656572
33.3804898262024,4,3.4852,-59,7.89043956059392,9.178824976455,1.928,-2.12121109449345
33.6170918941498,4,3.54043,-59,7.89357532069926,9.17689032446144,1.928,-2.12136508271291
33.8368909358978,4,3.61406,-59,7.89648838512124,9.17509306775109,1.928,-2.12150813498363
34.1288208961487,4,3.71223,-59,7.9003574228302,9.17270600966458,1.928,-2.12169813237113
34.3198668956757,4,3.73064,-59,7.90279139345938,9.17120588629013,1.928,-2.12175233055329
34.7255158424377,4,3.88404,-60,7.90785379666076,9.16808752486394,1.928,-2.12179180348274
34.9623467922211,4,3.92699,-60,7.91080939106804,9.1662669248002,1.928,-2.12181484905316
35.3367879390717,4,0.868233,-60,7.91521368963776,9.16338250067951,1.928,-2.12149463220949
35.5274050235748,4,4.0988,-59,7.91743327360979,9.16191362416609,1.928,-2.12130172595852
35.6466429233551,4,4.10493,-59,7.9188217038856,9.16099478863278,1.928,-2.12118105610209
35.9266109466553,4,4.20311,-59,7.92218743543883,9.15881204516348,1.928,-2.12103478119881
36.3531370162964,4,4.35037,-59,7.92764857151066,9.15540675157364,1.928,-2.12124426277873
36.5021598339081,4,4.37491,-59,7.92955662342755,9.15421698503492,1.928,-2.12131745299499
36.8717639446259,4,4.49763,-60,7.93447003582736,9.15115619992964,1.928,-2.12097752378719
37.0319488048553,4,4.54672,-60,7.93670139350318,9.14976779959802,1.928,-2.12053676177715
37.2782428264618,4,4.64489,-60,7.94013224242881,9.1476330491554,1.928,-2.11985906322394
37.4877729415894,4,4.70012,-60,7.94305097413689,9.14581694942593,1.928,-2.11928252362728
37.6764488220215,4,4.77375,-60,7.94565492539613,9.14419828570371,1.928,-2.11890831963139
37.9480369091034,4,4.79829,-60,7.94936740706633,9.1418928764445,1.928,-2.11858311525265
38.3671309947968,4,4.91487,-60,7.9550962265,9.13833534416826,1.928,-2.11808128458239
38.5589578151703,4,4.98851,-60,7.95729385171726,9.13697540540745,1.928,-2.11783565647657
38.9054238796234,4,5.09895,-60,7.96091801018954,9.1347373142924,1.928,-2.11737906958242
39.1068389415741,4,5.22167,-60,7.96302488349722,9.13343621930261,1.928,-2.11711363672476
39.5338017940521,4,5.39961,-61,7.96936237848375,9.12977310697896,1.928,-2.11591594255603
39.7533648014069,4,5.49165,-61,7.97325616770862,9.12758237676614,1.928,-2.1150846274003
39.8596179485321,4,5.51006,-61,7.97514048950021,9.12652221648496,1.928,-2.11468232897757
40.2209479808807,4,5.71868,-61,7.98117028131588,9.12308981100325,1.928,-2.11376994512346
40.5394418239594,4,5.78618,-61,7.98522277731531,9.12064134767343,1.928,-2.11448713280747
40.8348369598389,4,5.88435,-62,7.98898136679017,9.11837045869481,1.928,-2.11515230658703
41.0716779232025,4,5.9948,-62,7.99206770645162,9.11650381668881,1.928,-2.11595136361426
41.3085567951202,4,6.19115,-63,7.99525382121659,9.11457427654631,1.928,-2.11711299704303
41.5996899604797,4,0.0184078,-62,7.99916967774366,9.11220279814122,1.928,-2.11854068881802
42.001601934433,4,0.147262,-62,8.00453070477358,9.1089540469702,1.928,-2.11972784837258
42.1729760169983,4,0.239301,-62,8.00679348240633,9.10758174247595,1.928,-2.11982950055734
42.5800898075104,4,0.447922,-61,8.01216890420502,9.10432171577863,1.928,-2.1200709840164
43.1460268497467,4,0.79767,-62,8.0197800040184,9.09972307316004,1.928,-2.1183809546189
43.3111329078674,4,0.852893,-62,8.02200737523816,9.09837813571632,1.928,-2.11778685994951
43.698157787323,4,1.01856,-61,8.02698081201414,9.09510764849122,1.928,-2.11696338640493
43.8784329891205,4,1.08606,-61,8.02916775684589,9.09352259543001,1.928,-2.11687770786108
44.1595590114594,4,1.31309,-61,8.03257813772742,9.09105082084398,1.928,-2.116744098424
44.7224788665771,4,1.61988,-61,8.03957493525662,9.08651423325077,1.928,-2.11713506994072
44.7918360233307,4,1.61988,-61,8.04044823416002,9.08598287863968,1.928,-2.11722726080384
45.1643929481506,4,1.73647,-60,8.04513922163888,9.08312866936751,1.928,-2.11772247061447
45.5272419452667,4,1.84078,-60,8.0501574636004,9.08009202819235,1.928,-2.1184296376572
45.940712928772,4,2.12303,-60,8.05590681869967,9.07661402325575,1.928,-2.11925097409995
46.3215439319611,4,2.21507,-60,8.06117897822349,9.07341113143725,1.928,-2.11971349236253
46.5328438282013,4,2.39915,-58,8.06410176071894,9.07163409956289,1.928,-2.11993966005563
46.9967567920685,4,2.51573,-58,8.07031819690951,9.06786078589882,1.928,-2.1201883988249
47.2764120101929,4,2.47278,-59,8.07380213845385,9.06575452466098,1.928,-2.12001287705508
47.8130879402161,4,2.73049,-59,8.07992923481173,9.06210039091586,1.928,-2.11909056973034
48.0571708679199,4,2.69981,-58,8.08181255070273,9.06106554082509,1.928,-2.11772467888472
48.4041678905487,4,2.90229,-58,8.08448993995316,9.059594360912,1.928,-2.11578287959084
48.8337388038635,4,3.11705,-58,8.08908160400899,9.056885929032,1.928,-2.11463042221666
49.1219758987427,4,3.09864,-59,8.09271560130143,9.05468443441758,1.928,-2.11439904411189
49.5885078907013,4,3.28272,-58,8.09879517850859,9.0510073216195,1.928,-2.11443694928251
49.6924238204956,4,3.35635,-58,8.10022706110128,9.05014352954987,1.928,-2.11460749913717
50.3005809783936,4,3.46066,-59,8.10855836745135,9.04511807093255,1.928,-2.11564003366673
50.5091350078583,4,3.4852,-59,8.11113279307746,9.04356782450419,1.928,-2.1161940561608
50.9231379032135,4,3.56497,-59,8.11624331367407,9.0404904132861,1.928,-2.11729385230103
51.3405838012695,4,3.60179,-59,8.12148376583198,9.03730861488555,1.928,-2.1183779835267
51.4638760089874,4,3.65701,-60,8.12304826765295,9.03635378782482,1.928,-2.11869343009639
51.8873648643494,4,3.7061,-60,8.12842207916659,9.03307411081605,1.928,-2.11977693820448
52.2168300151825,4,3.76132,-61,8.13392599150514,9.02963528192763,1.928,-2.11993249739126
52.4747710227966,4,3.83495,-61,8.13852243760632,9.02675027852369,1.928,-2.1199049920622
52.978168964386,4,3.90858,-62,8.14652554243003,9.02175573374155,1.928,-2.11949252223474
53.5036118030548,4,4.12948,-62,8.15298848644083,9.01778519780382,1.928,-2.11836073395342
53.6344978809357,4,4.22765,-62,8.15459838447518,9.01679615039898,1.928,-2.11807880922588
54.0825929641724,4,4.24606,-63,8.16033096698584,9.01328542076834,1.928,-2.11784716690105
55.0176038742065,4,4.60194,-64,8.17154691390802,9.0064233441291,1.928,-2.11846759138815
55.3072788715363,4,4.72466,-64,8.17483051972056,9.00441595757974,1.928,-2.11891958571052
55.6404008865356,4,4.84124,-64,8.17923717606211,9.00171544882315,1.928,-2.11838600412722
56.0300579071045,4,4.93942,-64,8.18456830109523,8.99844682800805,1.928,-2.11746684463875
56.5021259784698,4,5.33212,-65,8.19088285088177,8.99444864692685,1.928,-2.11628660838928
57.0285158157349,4,5.50392,-65,8.19779458728999,8.98995601826151,1.928,-2.11491066086357
57.4216468334198,4,5.78618,-66,8.20309440226983,8.98667080828552,1.928,-2.11485910279859
58.2451980113983,4,0.0613592,-65,8.21386551461565,8.98004402655651,1.928,-2.11556544958847
58.6191918849945,4,0.0613592,-66,8.21854376651556,8.97717771123526,1.928,-2.11625212481999
59.31560587883,4,0.503146,-65,8.22747109796548,8.97168831255542,1.928,-2.11681604110684
59.6771349906921,4,0.693359,-65,8.23203567293908,8.96887621415859,1.928,-2.11677398759906
60.034747838974,4,0.883573,-64,8.23628895502573,8.96624583950837,1.928,-2.1159815029288
60.2122039794922,4,1.09219,-64,8.23839953641915,8.96494058401828,1.928,-2.1155882528773
60.779886007309,4,1.28854,-62,8.2460677758633,8.96018108151288,1.928,-2.11433481148283
60.9884219169617,4,1.38672,-63,8.24909822431799,8.95829662171587,1.928,-2.1138754280985
61.3886358737946,4,1.54625,-62,8.25471521308822,8.95480852602508,1.928,-2.11311527633741
61.8087389469147,4,1.63216,-61,8.26007240997446,8.95149517613182,1.928,-2.11264645576428
62.2976408004761,4,1.78555,-61,8.26652171908378,8.94749220881979,1.928,-2.11275822921117
62.7910158634186,4,1.896,-60,8.27328794666446,8.94327609723397,1.928,-2.11366039288859
62.9980969429016,4,1.9635,-60,8.27600801940468,8.94158890798554,1.928,-2.11414540268033
63.5481247901917,4,2.11076,-60,8.28291347641151,8.93732710231112,1.928,-2.11571694352277
63.8757719993591,4,2.15371,-60,8.28711747083183,8.93472440378364,1.928,-2.11615436939708
64.2255318164825,4,2.12303,-60,8.29171265187041,8.93187005924773,1.928,-2.1160289037032
64.6644098758698,4,2.32551,-60,8.29736439196025,8.92835695984077,1.928,-2.11583686686567
64.9680919647217,4,2.52186,-60,8.3006823366008,8.92628150911372,1.928,-2.11552450806059
65.1979517936707,4,2.50346,-59,8.30319372010196,8.9247105809404,1.928,-2.11528808074354
65.6390678882599,4,2.60777,-59,8.30817963126407,8.92161605314494,1.928,-2.11445796568117
66.003958940506,4,2.50346,-60,8.31256759801639,8.91892981563058,1.928,-2.11317498656983
66.6270878314972,4,2.73049,-60,8.3208251142033,8.91387654191722,1.928,-2.11233795624748
66.7916679382324,4,2.72435,-60,8.32319697059345,8.91242547552948,1.928,-2.11245511033261
67.3066899776459,4,2.96979,-61,8.33027427172727,8.9080963107514,1.928,-2.11326980579781
67.6873569488525,4,3.00047,-60,8.33510069140966,8.90514476948409,1.928,-2.11439751731976
68.0057239532471,4,3.09864,-60,8.339128610939,8.90268620502761,1.928,-2.11537605697213
68.5253419876099,4,3.23977,-60,8.34565932414346,8.89872354273516,1.928,-2.11715157542564
68.7737989425659,4,3.31953,-60,8.34878138341428,8.89682957390089,1.928,-2.11800010511696
69.0840668678284,4,3.33794,-60,8.3514724405771,8.89600071368928,1.928,-2.11820458164494
69.6377198696136,4,3.49134,-61,8.35633427812527,8.89444620613463,1.928,-2.11854929997982
70.0349359512329,4,3.58952,-60,8.36143539215866,8.89129620945041,1.928,-2.11825310626176
70.5870308876038,4,3.85336,-61,8.36856793089506,8.88688937611258,1.928,-2.11782087660437
70.8623309135437,4,3.92699,-61,8.37220174913378,8.88463986958385,1.928,-2.11756797350351
71.4109559059143,4,4.17243,-61,8.37954023892269,8.88011094980545,1.928,-2.11707842127828
71.6730678081512,4,4.19697,-61,8.38322011159389,8.87786462753138,1.928,-2.11687042847513
72.0176107883453,4,4.25219,-61,8.38805726048354,8.87491186360048,1.928,-2.11659702440745
72.5313878059387,4,4.53445,-61,8.39474102165961,8.87081460408319,1.928,-2.11697243437402
72.865453004837,4,4.65103,-62,8.39900673042813,8.86819683086481,1.928,-2.11733513789223
73.303053855896,4,4.7492,-62,8.40507850207322,8.8646780217332,1.928,-2.11854882339178
73.668497800827,4,4.91487,-61,8.41026356272215,8.86171821627944,1.928,-2.11973706645716
74.0102310180664,4,5.00078,-63,8.41476882635092,8.85907508987469,1.928,-2.11997290264346
74.5868859291077,4,5.16338,-63,8.42197247354392,8.85475969745247,1.928,-2.11935447632783
74.9138548374176,4,5.41188,-62,8.42625584640078,8.85217983613957,1.928,-2.11906687960064
75.1398289203644,4,5.41188,-62,8.42925321975588,8.85037206156838,1.928,-2.11887986843811
75.5272388458252,4,5.58983,-62,8.43439217606393,8.84727259744801,1.928,-2.11856531993987
76.0365629196167,4,5.7739,-63,8.44129537094791,8.84307573552871,1.928,-2.12158144911865
76.443039894104,4,5.90276,-62,8.4467452212154,8.8397583652839,1.928,-2.12370652124034
76.8466129302979,4,6.03775,-62,8.45168653181315,8.83671791366493,1.928,-2.12358656412032
77.1472599506378,4,6.22183,-63,8.45536762587681,8.8344528893998,1.928,-2.12349720049225
77.5211868286133,4,0.0368155,-62,8.46045800675389,8.83121934937084,1.928,-2.12349528601739
77.8974390029907,4,0.257709,-62,8.46583925203883,8.82775489476177,1.928,-2.12354865373923
78.1966528892517,4,0.319068,-62,8.47000710959651,8.82510829592049,1.928,-2.12348799970644
78.652007818222,4,0.441786,-61,8.47587018470045,8.82154714729079,1.928,-2.12295240295253
79.1469609737396,4,0.595185,-61,8.48192258021523,8.81783680088546,1.928,-2.12212715969833
79.4159178733826,4,0.668816,-61,8.48500973650166,8.81592159204043,1.928,-2.12152576561656
79.8684480190277,4,0.76699,-61,8.49043311132349,8.81255974104966,1.928,-2.12062940066776
80.1265490055084,4,0.914253,-61,8.49414652058779,8.81026486673352,1.928,-2.12043080577502
80.5307199954987,4,1.00016,-61,8.49996150145654,8.8066712283019,1.928,-2.12011981783382
80.8187289237976,4,1.07379,-61,8.50362781453127,8.80441420718612,1.928,-2.11976811445176
81.2287700176239,4,1.1781,-60,8.50859628773653,8.80136076685706,1.928,-2.11919891072533
81.6296207904816,4,1.27627,-61,8.51384070989975,8.79805276820346,1.928,-2.11836515624832
81.6676290035248,4,1.3499,-61,8.51438728517938,8.79769798952112,1.928,-2.11825079865275
82.2935698032379,4,1.44808,-61,8.52338859674461,8.7918552930521,1.928,-2.11636749293811
82.5678498744965,4,1.51557,-61,8.52700818439672,8.78958988475205,1.928,-2.11624345203902
82.994745016098,4,1.60761,-61,8.5326243692953,8.78607976919044,1.928,-2.11608800406415
83.2165579795837,4,1.60148,-61,8.53555808200207,8.78424240308747,1.928,-2.11601026256155
83.6757769584656,4,1.69965,-61,8.54171384961347,8.78036716894804,1.928,-2.1158652897736
84.0506958961487,4,1.84078,-61,8.5467308315663,8.77721658020189,1.928,-2.11597747958674
84.3829159736633,4,1.93895,-62,8.55114439396811,8.77447333304564,1.928,-2.1169207164313
84.6713788509369,4,1.93282,-61,8.5549766395054,8.77209140305007,1.928,-2.11773971814897
84.8476409912109,4,2.00645,-61,8.55729720542175,8.77064813831132,1.928,-2.11819635618471
85.5012929439545,4,2.17825,-62,8.56542323890409,8.76557311555529,1.928,-2.11889351588384
86.128800868988,4,2.30097,-62,8.57150179046646,8.76181861268767,1.928,-2.11994547806794
86.6131558418274,4,2.48505,-62,8.57569338345659,8.75925053978963,1.928,-2.12079231783123
86.8431978225708,4,2.45437,-62,8.57870133438604,8.75742943646673,1.928,-2.12013356296704
87.3340649604797,4,2.58936,-62,8.58511974662078,8.75354353801873,1.928,-2.11872790164504
87.8171458244324,4,2.74276,-62,8.59143595812062,8.74971679711712,1.928,-2.11733915052236
88.37473487854,4,2.82866,-63,8.59877110451917,8.74527419423149,1.928,-2.11583117356354
88.6812329292297,4,2.86548,-63,8.60292753720569,8.74276324830112,1.928,-2.11527029658797
89.2102768421173,4,2.93297,-62,8.61008703194044,8.73844912381681,1.928,-2.11477657807579
89.538430929184,4,2.92684,-62,8.61448953332397,8.73582470500264,1.928,-2.11569279529493
89.9394519329071,4,3.02501,-62,8.61986961418627,8.73261753157855,1.928,-2.11681245938974
90.5434758663177,4,3.11705,-62,8.6271345392592,8.72753531876946,1.928,-2.11883178357964
91.0451529026031,4,3.18454,-62,8.63341824139633,8.72339659880415,1.928,-2.11917894490218
91.2470729351044,4,3.23977,-61,8.63608861978113,8.72177712849225,1.928,-2.11860805249007
91.9295709133148,4,3.34408,-61,8.6449841792033,8.71639103390702,1.928,-2.11666294514019
92.2509398460388,4,3.44839,-60,8.64905513221053,8.71393409848018,1.928,-2.11573308957865
92.4363830089569,4,3.45452,-60,8.65140424043127,8.71251634514362,1.928,-2.11519652446974
93.2142899036407,4,3.58338,-60,8.66250518852247,8.70577848600152,1.928,-2.1147789755093
93.3424599170685,4,3.58952,-60,8.66436589102588,8.70464782818872,1.928,-2.11475902470038
94.0823509693146,4,3.69383,-59,8.67456847649451,8.69834514404959,1.928,-2.11448178053004
94.5496079921722,4,3.74291,-59,8.67798546102723,8.69628845857339,1.928,-2.11628260407998
94.9253988265991,4,3.76746,-59,8.68038779012714,8.69485416596845,1.928,-2.11795668554147
95.4482769966125,4,3.83495,-59,8.68699317363277,8.69077296900839,1.928,-2.11837207784912
95.8439738750458,4,3.90858,-59,8.69232747167847,8.68747021185235,1.928,-2.11847821645536
96.3287298679352,4,3.96381,-59,8.69913444963119,8.68325925545083,1.928,-2.11802625516619
96.7328519821167,4,4.04357,-59,8.7048311796814,8.6797340607361,1.928,-2.11765008729764
97.1991519927979,4,4.1172,-58,8.7118453390359,8.67537240784635,1.928,-2.11722834986809
97.8947329521179,4,4.16016,-58,8.72171452908177,8.66921021115657,1.928,-2.11667013705189
98.4904208183289,4,4.21538,-58,8.72990849407991,8.66406297689031,1.928,-2.1166696333087
98.6680719852448,4,4.22765,-58,8.73261460152936,8.66235648124711,1.928,-2.11708378917637
99.3985419273376,4,4.34423,-57,8.74386676834765,8.65528243712021,1.928,-2.11838004829891
99.7492020130157,4,4.39332,-57,8.74940248222115,8.65182520369883,1.928,-2.11856636626773
100.403370857239,4,4.43014,-57,8.75880456707987,8.64595475864146,1.928,-2.11889542718603
100.545955896378,4,4.424,-57,8.76071189118765,8.64476411607719,1.928,-2.11896430733438
101.20419883728,4,4.57126,-57,8.76934584308954,8.639389779132,1.928,-2.11927744850371
101.776652812958,4,4.5099,-57,8.77671219833593,8.63481962371538,1.928,-2.11956367365203
102.273432970047,4,4.58353,-57,8.78396682582194,8.63033010445381,1.928,-2.12062252253448
102.833456993103,4,4.6633,-56,8.79049014235466,8.62569453590349,1.928,-2.12190488259714
103.174674987793,4,4.69398,-56,8.79318565377852,8.62319900059763,1.928,-2.12275478109864
103.534089803696,4,4.75534,-56,8.79657570522244,8.6205528342825,1.928,-2.12355256048391
104.148243904114,4,4.83511,-55,8.80406028262503,8.6159772725503,1.928,-2.12461647158586
104.612789869308,4,4.87806,-55,8.80991867429643,8.61236796778061,1.928,-2.12497870219955
104.973044872284,4,4.89647,-55,8.81449502435856,8.60954398208968,1.928,-2.12518512106032
105.648154973984,4,4.9701,-55,8.82365397876063,8.60390200213191,1.928,-2.12456704916999
106.016383886337,4,5.04373,-55,8.82855265586912,8.60089699053912,1.928,-2.12419982294206
106.413512945175,4,5.11736,-54,8.83364923200098,8.59778713528829,1.928,-2.12386005119993
107.152666807175,4,5.22781,-54,8.8423289751686,8.59193670207171,1.928,-2.12300150766781
107.494534015656,4,5.28303,-54,8.84611531060914,8.58921319763202,1.928,-2.12254042657185
108.118695020676,4,5.33825,-54,8.85382464932495,8.58445380724964,1.928,-2.12207964645407
108.392862796783,4,5.38734,-54,8.85725842942325,8.58237588155195,1.928,-2.12189991691724
108.908268928528,4,5.42416,-54,8.86415745239869,8.57822140278093,1.928,-2.12181488281883
109.504378795624,4,5.47938,-54,8.87231494741476,8.57329044832163,1.928,-2.12171526982159
110.018726825714,4,5.52233,-54,8.87955190277753,8.56888425346936,1.928,-2.12158346057387
110.63747382164,4,5.48552,-54,8.88817437043014,8.56366234214732,1.928,-2.12202955843151
110.875816822052,4,5.54074,-54,8.89149018959101,8.5616561071095,1.928,-2.12224184261584
111.628768920898,4,5.51006,-54,8.90701964407231,8.55051181591171,1.928,-2.12617455196899
112.200135946274,4,5.55301,-54,8.91518582192578,8.54519846292819,1.928,-2.12634956751036
112.599921941757,4,5.55301,-54,8.92015945688939,8.54212651192126,1.928,-2.12590157465518
113.536279916763,4,5.64505,-54,8.93167896725116,8.53504289017648,1.928,-2.12523464177326
113.927459955215,4,5.64505,-54,8.93673805231681,8.53192034133559,1.928,-2.12483621566003
114.504245996475,4,5.70027,-54,8.9441422789822,8.52735962990632,1.928,-2.12402106904331
114.984266996384,4,5.70641,-54,8.95018273204739,8.52365955158452,1.928,-2.12284185709035
115.45862197876,4,5.70641,-54,8.95985331778877,8.51760946248895,1.928,-2.12172652618105
115.966266870499,4,5.71868,-54,8.97191985935384,8.51002498043251,1.928,-2.12059519696456
116.600873947144,4,5.7739,-54,8.97891702118767,8.50579447882168,1.928,-2.12016336375515
116.946142911911,4,5.78004,-54,8.98281243001258,8.50343640718964,1.928,-2.11977277223435
117.395294904709,4,5.81072,-54,8.98806005657588,8.50025400865857,1.928,-2.11894770594852
117.788787841797,4,5.82299,-54,8.99270588049263,8.49744018619764,1.928,-2.11832090656953
118.299111843109,4,5.85981,-54,8.99891373181307,8.49369377362523,1.928,-2.11786973798231
118.919189929962,4,5.89662,-55,9.00654522493793,8.48907247065256,1.928,-2.11802792463648
119.326191902161,4,5.89662,-55,9.01160294937947,8.48600119279817,1.928,-2.11851971481097
119.686282873154,4,5.92117,-55,9.01605810135358,8.48310026932788,1.928,-2.11805223375883
120.240461826324,4,5.95798,-55,9.02291879150672,8.47852723026344,1.928,-2.11683171282894
121.404109954834,4,6.0132,-55,9.0383637562678,8.46909472425341,1.928,-2.1160005319586
121.691878795624,4,6.03161,-55,9.04197545013203,8.46687397463633,1.928,-2.11528975604746
122.149259805679,4,6.03775,-55,9.04763501626147,8.46339624469333,1.928,-2.11435933755805
122.920034885406,4,6.01934,-56,9.05716986873824,8.45753274948502,1.928,-2.11334253239544
123.352733850479,4,6.00707,-56,9.06267886272266,8.45413231923588,1.928,-2.11339697887686
123.726256847382,4,6.03775,-56,9.06695120270502,8.45120297300883,1.928,-2.11386613291248
124.381553888321,4,6.02548,-56,9.07244386020973,8.44608885308179,1.928,-2.11643864338937
125.286056995392,4,5.96412,-57,9.0833592214299,8.4390284497288,1.928,-2.11403708487145
125.678261995316,4,5.87821,-58,9.08877316267341,8.43566856541835,1.928,-2.11288376288119
126.017817020416,4,5.90276,-57,9.09346033125921,8.43275971519565,1.928,-2.1118852639395
126.597358942032,4,5.86594,-58,9.10038462107388,8.42848056563727,1.928,-2.11122315937656
127.292969942093,4,5.79231,-59,9.10906190806877,8.42316625204404,1.928,-2.11055565401161
127.692016839981,4,5.74322,-59,9.114276715965,8.41999159775053,1.928,-2.11016125677576
128.044413805008,4,5.74936,-59,9.11906857607736,8.41676896262604,1.928,-2.11159212469191
129.12605881691,4,5.54074,-60,9.13349129778364,8.40748702175334,1.928,-2.11522616034601
129.800915002823,4,5.43643,-61,9.14220648815905,8.40216999798434,1.928,-2.11622943963521
130.347934961319,4,5.22781,-62,9.14899704696559,8.39802987545468,1.928,-2.11614095834705
130.821759939194,4,5.16031,-62,9.15409694073015,8.39489987308792,1.928,-2.1139413420049
131.140914916992,4,4.97623,-62,9.15771473671803,8.39268578954905,1.928,-2.11263960528441
131.786913871765,4,4.85965,-62,9.16623165376978,8.38751255104354,1.928,-2.11118068893758
132.383416891098,4,4.71852,-62,9.17497256102294,8.38283406769289,1.928,-2.10951190074432
133.104031801224,4,4.41786,-62,9.18516071019621,8.37712548571896,1.928,-2.10983401632467
133.677091836929,4,4.31355,-62,9.19261368330414,8.3726778980232,1.928,-2.11166710692914
134.004705905914,4,4.22152,-62,9.19642801446735,8.37037183516594,1.928,-2.1127228947433
134.797217845917,4,4.08652,-62,9.20670255461273,8.3641853240459,1.928,-2.11505488814268
135.109504938126,4,4.04357,-61,9.21107725730866,8.36155828551819,1.928,-2.11590470370016
135.873358011246,4,3.68769,-62,9.22192140271579,8.35499209492913,1.928,-2.11358238095031
136.212174892426,4,3.87177,-61,9.22816818313684,8.35113348580879,1.928,-2.11286662179998
136.885149002075,4,3.66928,-61,9.24245226423735,8.34223991750561,1.928,-2.11241171085589
137.428772926331,4,3.62633,-61,9.25012720721979,8.33762540915826,1.928,-2.1130933221332
138.03591299057,4,3.61406,-61,9.25807240352469,8.33280611208249,1.928,-2.11475747507767
138.742420911789,4,3.55884,-61,9.26640202831804,8.32773355391072,1.928,-2.11680767744852
139.038652896881,4,3.58338,-60,9.26950444745556,8.3258496921771,1.928,-2.11732941610709
139.623431921005,4,3.43612,-61,9.27642634751913,8.32161348829259,1.928,-2.11840928787267
140.076133966446,4,3.41771,-61,9.28241590227648,8.31792473398124,1.928,-2.11928476646465
141.139319896698,4,0.316,-61,9.29624031234221,8.30850671664014,1.928,-2.11524727163917
141.599227905273,4,3.40544,-60,9.3018061898579,8.30514586922895,1.928,-2.11423172342311
142.301295995712,4,3.29499,-59,9.3111221687873,8.29951411572901,1.928,-2.11463147106775
142.820904016495,4,3.31953,-59,9.31789165781323,8.2954351361743,1.928,-2.11565019414605
143.328243970871,4,3.28885,-59,9.32360333589099,8.29202607177187,1.928,-2.11649946983929
143.960021018982,4,3.14159,-58,9.331432206029,8.2873080297188,1.928,-2.11795778254028
144.25807094574,4,3.17227,-58,9.33524758030181,8.28500169585343,1.928,-2.11871401367417
144.978338003159,4,3.17841,-58,9.34165291118721,8.28090233004981,1.928,-2.11720586590311
145.484935998917,4,3.15386,-59,9.34703657112543,8.27753049793455,1.928,-2.11548666020797
146.111513853073,4,3.04955,-58,9.3551426302699,8.27256759882163,1.928,-2.11320331468936
146.58811879158,4,3.09251,-58,9.36202623815986,8.26839444885191,1.928,-2.11202719087815
146.998128890991,4,2.96365,-58,9.36774459267177,8.26492188457666,1.928,-2.11140352355721
147.877207994461,4,2.94524,-58,9.37938612609052,8.25782636660651,1.928,-2.1113819506957
148.406018972397,4,2.87775,-58,9.38644404293775,8.25351462104166,1.928,-2.1114717787283
149.503399848938,4,2.68753,-58,9.39898422681776,8.2475055880891,1.928,-2.11236639728966
150.019994974136,4,2.54641,-59,9.40488760859396,8.2438830583628,1.928,-2.11195169691695
150.503314971924,4,2.65685,-59,9.41044745229813,8.24045121844741,1.928,-2.11159312184474
151.193525791168,4,2.5955,-60,9.41857896838716,8.23543901536682,1.928,-2.11066879470762
151.289450883865,4,2.50959,-60,9.41975769912057,8.2347182256121,1.928,-2.11041529166584
152.329142808914,4,2.20893,-60,9.43279463682822,8.2267293241477,1.928,-2.11035282621501
153.305151939392,4,1.95736,-61,9.44281611486857,8.22016895150733,1.928,-2.11220497967929
153.825956821442,4,1.90214,-62,9.44957848273067,8.21592865955914,1.928,-2.1139257168943
154.400169849396,4,1.60761,-62,9.45765017542835,8.21095331338529,1.928,-2.11555172501499
154.842633962631,4,1.54625,-62,9.46357404776261,8.20730951202227,1.928,-2.11450062846796
155.558468818665,4,1.23332,-62,9.47235381529781,8.20190375966297,1.928,-2.11224627783253
156.507014989853,4,0.754719,-63,9.4840219583098,8.19473593589427,1.928,-2.11011531926859
157.019690990448,4,0.392699,-63,9.49022693099643,8.19092213282295,1.928,-2.11058815677087
157.666118860245,4,0.0122718,-63,9.49723843350647,8.18659141580284,1.928,-2.11325202558294
158.354303836823,4,5.96412,-61,9.50608444016863,8.18116318444198,1.928,-2.11400594660528
158.894969940186,4,5.7555,-61,9.51304039459841,8.17688673841683,1.928,-2.11403140802135
159.003371953964,4,5.67573,-61,9.5144353714791,8.17602869603361,1.928,-2.11400640371877
159.583827018738,4,5.42416,-61,9.52215071460147,8.1712911526132,1.928,-2.11269850622826
160.444242954254,4,5.18486,-60,9.53386867836035,8.16411966188052,1.928,-2.10992147298433
161.09357380867,4,4.9701,-60,9.54289584429415,8.15859297731763,1.928,-2.10929384197647
161.249072790146,4,4.92101,-60,9.54539929788474,8.15703771823717,1.928,-2.10945523678671
162.060772895813,4,4.74307,-59,9.55782994178548,8.14936163244056,1.928,-2.1109882431521
162.494838953018,4,4.55899,-58,9.56361032406476,8.14585852587735,1.928,-2.11274748993275
163.128165960312,4,4.46082,-58,9.57203278127486,8.14073044692771,1.928,-2.11361428818512
163.392477989197,4,4.424,-58,9.57554585610074,8.1385874381104,1.928,-2.11368726990955
164.123788833618,4,4.26447,-57,9.58509436883231,8.13274949431824,1.928,-2.11451517798403
164.922269821167,4,4.15402,-57,9.59499024900977,8.12670915311373,1.928,-2.11348366594339
165.292416810989,4,4.0313,-57,9.59975145328929,8.12393043538801,1.928,-2.11242001638662
165.800063848495,4,3.90245,-57,9.60677536949017,8.1200784109222,1.928,-2.11028687282209
166.279907941818,4,3.80427,-57,9.61376770451175,8.1159830745481,1.928,-2.11055089410468
166.687119007111,4,3.71223,-56,9.61985989018396,8.11230402735644,1.928,-2.11179702299217
167.193242788315,4,3.57111,-56,9.62697782163511,8.10799582633366,1.928,-2.1133938216961
167.690123796463,4,3.41157,-56,9.63379710015944,8.10386647620515,1.928,-2.11496626592619
167.973980903625,4,3.35021,-56,9.63752604144063,8.10161036630971,1.928,-2.11584327006952
168.630165815353,4,3.18454,-57,9.64591750243851,8.09653213315786,1.928,-2.11684276466723
169.085078001022,4,3.08023,-57,9.65128793812368,8.09327976720238,1.928,-2.11552569085055
169.683682918549,4,2.9207,-57,9.66170510196402,8.08755621716061,1.928,-2.11403075509849
170.342404842377,4,2.71208,-57,9.67356444405136,8.08105707460284,1.928,-2.11297065123584
170.689616918564,4,2.65685,-57,9.67789458801206,8.07842594016097,1.928,-2.11289014953794
171.217873811722,4,2.54641,-58,9.68449662313553,8.07442368328793,1.928,-2.11335297058416
172.17293381691,4,2.31938,-59,9.69744571445032,8.06656974807206,1.928,-2.11528519904858
172.500048875809,4,2.23348,-58,9.70234779119635,8.06358708724121,1.928,-2.11598208242028
173.006880998611,4,2.03099,-58,9.70939571580199,8.05931347338675,1.928,-2.11674946536044
173.595710992813,4,1.85918,-58,9.71804868200703,8.05406403902057,1.928,-2.11725068669551
174.215970993042,4,1.71806,-59,9.7289974875743,8.04740210628454,1.928,-2.1168462647303
174.680512905121,4,1.62602,-59,9.73536005778497,8.04356822369106,1.928,-2.1159196155127
175.189186811447,4,1.42967,-59,9.74209619608032,8.03951271469005,1.928,-2.1148891744477
175.879854917526,4,1.22105,-59,9.75220647919402,8.03338093732742,1.928,-2.11427515558971
176.29488992691,4,1.16583,-59,9.75750452438747,8.03019640356221,1.928,-2.11504126087831
176.916451931,4,0.96334,-60,9.76545164001456,8.0254172219513,1.928,-2.11624516263777
177.634022951126,4,0.60132,-60,9.7750676657219,8.01960582010399,1.928,-2.11705279175577
177.917085886002,4,0.490874,-60,9.77754225878504,8.01812509345427,1.928,-2.11755979793289
178.66641497612,4,0.276117,-60,9.7845714542082,8.01389062705335,1.928,-2.11791613108193
178.98030090332,4,0.104311,-61,9.78800173504665,8.01179731536129,1.928,-2.11706429074009
180.025007009506,4,5.85981,-62,9.80148331831944,8.003641201014,1.928,-2.1147228002535
180.21368598938,4,5.79845,-62,9.80402123325336,8.00210539643256,1.928,-2.11437402450139
180.697095870972,4,5.57142,-64,9.81046478931517,7.9981993209712,1.928,-2.11353994522994
181.51070690155,4,5.23394,-64,9.82136372244794,7.99157660880211,1.928,-2.11591834386606
181.97132897377,4,4.85352,-64,9.82696521215983,7.98814526893237,1.928,-2.11720941980158
182.344452857971,4,4.65717,-63,9.83104895954714,7.98562242054643,1.928,-2.11759056955773
182.871086835861,4,4.424,-63,9.83717294941293,7.98186205923717,1.928,-2.11824434929827
183.858191967011,4,3.76746,-63,9.84907530359818,7.97458880762176,1.928,-2.11735911420176
184.279019832611,4,3.67542,-63,9.85415491862187,7.97149056404735,1.928,-2.11602295051285
184.959638834,4,3.36249,-62,9.86268522977779,7.96631115887902,1.928,-2.1160632258252
185.239045858383,4,3.21522,-62,9.86614789007526,7.96419561290837,1.928,-2.11637658812403
185.828936815262,4,2.89002,-60,9.87340090754248,7.95974489764439,1.928,-2.11747314116008
186.311990976334,4,2.67526,-60,9.88009934194366,7.9556417208252,1.928,-2.11931591409203
186.789511919022,4,2.52186,-59,9.88676400609414,7.95155747079479,1.928,-2.12107893688995
187.221035003662,4,2.32551,-59,9.89236610862761,7.94810963132646,1.928,-2.12156275483602
187.55087184906,4,2.24575,-58,9.89664810394375,7.94547425784553,1.928,-2.12193256352241
188.015442848206,4,1.9819,-57,9.90297001019968,7.94155485057002,1.928,-2.12183322617139
188.366230010986,4,1.90827,-57,9.90775114437946,7.93858996684188,1.928,-2.12174199897975
188.905613899231,4,1.78555,-56,9.91475564624117,7.9342559414676,1.928,-2.12047930297276
189.340991020203,4,1.70579,-56,9.92033183455464,7.93081022659465,1.928,-2.11962001637973
189.986503839493,4,1.52784,-56,9.92826413494361,7.92593350013073,1.928,-2.11994005155392
190.393467903137,4,1.38672,-56,9.93386828086353,7.92284271216641,1.928,-2.12045571140703
190.856122016907,4,1.28854,-56,9.94052919651747,7.91932116249691,1.928,-2.12119277994251
191.137769937515,4,1.14742,-56,9.9442978108032,7.91711370813774,1.928,-2.12078089931683
191.492796897888,4,1.19037,-55,9.94885360648231,7.91428785514968,1.928,-2.11967659123977
191.814621925354,4,1.12287,-55,9.95298970608303,7.91172206549012,1.928,-2.1187065217703
192.387105941772,4,0.981748,-56,9.96059077628074,7.90699671101553,1.928,-2.11816648125892
192.990942955017,4,0.779262,-56,9.96835889510076,7.90215470710545,1.928,-2.11804132347415
193.348325967789,4,0.693359,-56,9.97284396432005,7.89935312106443,1.928,-2.11816790115673
193.905725002289,4,0.521553,-56,9.98016399484198,7.89479449701424,1.928,-2.11922760259038
194.126257896423,4,0.478602,-55,9.98310621021211,7.89296407453176,1.928,-2.11976917851692
194.732095003128,4,0.368155,-56,9.99015793993604,7.8885021386742,1.928,-2.11969712030538
195.430110931396,4,0.190214,-56,9.99818425901647,7.88341000859367,1.928,-2.11868306199928
195.718659877777,4,0.159534,-56,10.0018767132094,7.88109564984025,1.928,-2.11830785535289
196.314404010773,4,6.2341,-57,10.009532623698,7.87631858583307,1.928,-2.11826347113306
196.702870845795,4,6.17274,-57,10.0145420280805,7.87320424858015,1.928,-2.11862263597558
197.157155990601,4,5.97025,-57,10.0205746399134,7.86941922652723,1.928,-2.11875824705384
197.424529790878,4,5.91503,-56,10.0241561749668,7.8671661153845,1.928,-2.11878755052246
198.023902893066,4,5.69414,-57,10.0320686356018,7.86222240792714,1.928,-2.11814878715724
198.421890974045,4,5.57755,-57,10.0372824793405,7.8589766727709,1.928,-2.11748179093121
198.931396007538,4,5.35052,-57,10.0453488708585,7.85431406882328,1.928,-2.11818566722077
199.439999818802,4,5.19713,-57,10.0531280527906,7.84976045681182,1.928,-2.11914948212322
199.696449995041,4,5.09282,-57,10.0564680930537,7.84767839433009,1.928,-2.11973320878602
200.141757011414,4,5.01919,-57,10.0622494896258,7.84407442203524,1.928,-2.1207553113793
200.630924940109,4,4.90874,-58,10.0681842227975,7.84037361201026,1.928,-2.12207103052585
201.20459485054,4,4.7308,-58,10.0753628098368,7.83588301122296,1.928,-2.12228511098036
201.556470870972,4,4.52831,-58,10.0799987683747,7.83296836691999,1.928,-2.12100163727404
202.031653881073,4,4.41786,-58,10.0860633535491,7.82916342629402,1.928,-2.11952996627389
202.447962999344,4,4.30742,-58,10.0911723529335,7.82596650786735,1.928,-2.11851322481224
202.845138788223,4,4.1847,-58,10.0969670353368,7.82236982254773,1.928,-2.11861567418653
203.344367980957,4,3.95153,-60,10.1053082002374,7.81722087789857,1.928,-2.11997660109136
203.822620868683,4,3.66315,-59,10.1119688600168,7.8130797544674,1.928,-2.11970311399832
204.178411006927,4,3.6386,-59,10.1166968456076,7.81013417760374,1.928,-2.11923031543924
204.638371944427,4,3.51588,-60,10.1225060102489,7.80650624359442,1.928,-2.1188370623746
205.053936958313,4,3.38089,-60,10.1276728680788,7.80327695745078,1.928,-2.11854044646215
205.36710691452,4,3.2275,-60,10.1318561683991,7.80065836361187,1.928,-2.11843237603856
205.9784719944,4,3.08023,-62,10.1402482297617,7.79540328613859,1.928,-2.11827286327211
206.412889957428,4,2.84093,-62,10.1456943722659,7.79201398774523,1.928,-2.11737927290007
206.590226888657,4,2.77344,-61,10.1479175818956,7.79063041748053,1.928,-2.11701449384432
207.271349906921,4,2.57709,-62,10.155503511531,7.78624003354265,1.928,-2.1155792976938
207.630405902863,4,2.41142,-63,10.1594964613049,7.78394652267511,1.928,-2.11504809117709
223.017452001572,4,0.13499,-63,10.356653948768,7.66436870044547,1.928,-2.10413825452458
223.78337597847,4,6.14819,-63,10.3673322255513,7.6577600450833,1.928,-2.10763870307806
224.105427980423,4,5.96412,-63,10.3720414249204,7.65473438448865,1.928,-2.10937325817901
224.50141787529,4,5.89662,-62,10.3773155607158,7.65155232172989,1.928,-2.10934887122923
224.701522827148,4,5.85367,-63,10.3799154809495,7.65001236897609,1.928,-2.10906387997285
225.425812005997,4,5.63278,-62,10.3890147653615,7.64466401984478,1.928,-2.10599129421471
225.493180990219,4,5.63278,-62,10.3898424968726,7.64418005029794,1.928,-2.10558334082706
225.935765981674,4,5.55915,-62,10.3954846420564,7.64088184394616,1.928,-2.10377017983664
226.768207788467,4,5.27076,-62,10.4067649487632,7.63429508632818,1.928,-2.10327620614841
227.231557846069,4,5.14804,-62,10.4128834827049,7.63073569571339,1.928,-2.10254198207541
227.612915992737,4,5.03759,-62,10.4178871911246,7.62787204488149,1.928,-2.10210107211296
227.990466833115,4,4.89033,-62,10.4227673370875,7.62518796460189,1.928,-2.10203896116434
228.455694913864,4,4.81056,-62,10.4287538863706,7.62183839203007,1.928,-2.10179903499007
228.748315811157,4,4.77375,-62,10.4324625718819,7.61964255645014,1.928,-2.10130331959995
229.259490966797,4,4.53445,-62,10.4390177101039,7.61576798736348,1.928,-2.10052547845511
229.714251995087,4,4.37491,-62,10.4450872585885,7.61220069613147,1.928,-2.10010748124815
230.203537940979,4,4.21538,-62,10.4516077658071,7.60839152477625,1.928,-2.09950620364996
