1.63229417800903,4,2.74276,-63,7.99666365581336,9.66326552532594,1.928,2.9911362134515
2.13631701469421,4,2.74889,-63,7.99559900588887,9.65602878327162,1.928,2.99263247821024
2.44882106781006,4,2.65072,-63,7.99495574452899,9.65140639911775,1.928,2.99390182609233
3.18845105171204,4,2.66913,-63,7.99363676753921,9.64165380215261,1.928,3.00035559261214
3.49825119972229,4,2.71821,-63,7.99324323346805,9.63865586844203,1.928,3.00571473074964
4.25500512123108,4,2.52186,-63,7.99123293124428,9.62722423477721,1.928,3.01687327816706
4.82890319824219,4,2.53414,-63,7.99007653814748,9.61870849184943,1.928,3.01872949335676
5.32161808013916,4,2.54641,-63,7.98914531713567,9.61132818260963,1.928,3.0187187964195
5.70424818992615,4,2.63845,-62,7.9884070789172,9.60547149274308,1.928,3.01833053780089
5.97760510444641,4,2.69367,-62,7.98792026270068,9.60162540717363,1.928,3.01796021144201
6.8099250793457,4,2.81025,-62,7.98638046094553,9.58987170301997,1.928,3.01610244548976
7.22941708564758,4,2.77957,-62,7.98561185460006,9.5841114107919,1.928,3.01502365049554
8.20877909660339,4,2.81025,-62,7.9844497595333,9.57431780753614,1.928,3.0221851005846
8.50295901298523,4,2.71821,-62,7.98398796521269,9.57098029403719,1.928,3.02744115957917
9.13439798355103,4,2.71208,-62,7.98299762868714,9.56206720025791,1.928,3.03639491111633
9.62395000457764,4,2.6139,-62,7.98235781007452,9.55580272644371,1.928,3.04474849134577
10.2024531364441,4,2.6814,-63,7.98179283252701,9.54955233688821,1.928,3.05505174248709
10.5625591278076,4,2.71208,-64,7.98155642183367,9.54634537443933,1.928,3.06134746203818
11.0772831439972,4,2.75503,-63,7.98248377961843,9.54648761603507,1.928,3.06936833334274
12.1101331710815,4,2.77344,-64,7.98278234083377,9.53904752257517,1.928,3.08697488686723
12.5086240768433,4,2.46664,-64,7.98256050529437,9.53345044127326,1.928,3.09360720068636
13.1390151977539,4,2.55868,-64,7.98233587585839,9.52520379291975,1.928,3.10370857142605
13.6512961387634,4,2.50959,-65,7.98224778297292,9.51876629066803,1.928,3.11235597636238
14.185378074646,4,2.63231,-65,7.98224557775678,9.51157923780136,1.928,3.12247691258915
14.4138560295105,4,2.62618,-64,7.98232068079882,9.50769347171314,1.928,3.12755779665071
15.2251501083374,4,2.71208,-64,7.98240800459363,9.49633674416879,1.928,-0.878104141410979
15.9724149703979,4,2.58936,-64,7.98240464913701,9.48541424662314,1.928,-3.13125122275765
16.6299750804901,4,2.5955,-65,7.98248059371141,9.47701898736577,1.928,-3.12354602811812
17.0987961292267,4,2.66299,-64,7.98257800022799,9.47068398640133,1.928,-3.117577987957
17.2857410907745,4,2.55254,-64,7.98262504348489,9.46787799448953,1.928,-3.1150929970923
18.0575680732727,4,2.75503,-64,7.98445756493873,9.44476008165158,1.928,-3.10404760576452
18.6296021938324,4,2.78571,-64,7.98507641163348,9.43510594077311,1.928,-3.09560415264087
19.2667820453644,4,2.82866,-64,7.98547728657994,9.42610451729278,1.928,-3.08582657242137
19.8859651088715,4,2.78571,-64,7.98590917961955,9.41703153144684,1.928,-3.07640383788187
20.4681131839752,4,2.77344,-63,7.98631886419314,9.40939672254235,1.928,-3.0675920060219
20.8763949871063,4,2.85934,-63,7.9866102366019,9.40454245821234,1.928,-3.0612284326145
21.1423959732056,4,2.89002,-64,7.98671002037447,9.40048884884238,1.928,-3.05671676326961
21.8850431442261,4,3.06183,-64,7.98714868726981,9.38948111957576,1.928,-3.04488963694166
22.4549100399017,4,3.02501,-63,7.98789078192913,9.38207825533277,1.928,-3.03685096578394
22.9351370334625,4,3.06796,-64,7.98867986929025,9.37486272676033,1.928,-3.02882502316494
23.8790271282196,4,3.26431,-63,7.98992282472349,9.36324630945189,1.928,-3.0157679383483
24.3235740661621,4,3.32567,-63,7.99049524379933,9.35795636764756,1.928,-3.00955028286933
24.8985331058502,4,3.4668,-63,7.99185959143728,9.33676803974067,1.928,-3.00463310672415
25.5587830543518,4,3.38089,-62,7.99311146447123,9.32633676210773,1.928,-2.99527671741986
25.8802981376648,4,3.4852,-62,7.99374221197317,9.32249396581695,1.928,-2.9910446294089
26.513514995575,4,3.57111,-62,7.99505680621781,9.31473004938704,1.928,-2.98341153544139
27.159823179245,4,3.64474,-62,7.99645779445633,9.30673264684024,1.928,-2.97445839676265
27.8593261241913,4,3.57111,-62,7.9962548761986,9.29991851657503,1.928,-2.96257186316072
28.401319026947,4,3.74905,-62,7.98886503972354,9.30567151630643,1.928,-2.95356123736105
29.0024631023407,4,3.75518,-62,7.99045239930087,9.29713390594497,1.928,-2.9447287795629
29.3080961704254,4,3.81041,-62,7.99127899118495,9.29321825521272,1.928,-2.93986472602915
30.2350981235504,4,3.792,-62,7.99376946889444,9.28187854041257,1.928,-2.92376500087346
30.5481519699097,4,3.90245,-63,7.99469462700273,9.27782014996263,1.928,-2.91828598370358
31.572722196579,4,3.96994,-62,7.98279246750341,9.25201627864871,1.928,-2.90126403495267
32.193656206131,4,3.96994,-62,7.97564621863607,9.23941897014816,1.928,-2.8899109261238
32.8504931926727,4,3.97608,-62,7.97740040959176,9.23267963507846,1.928,-2.87873378335312
33.4185299873352,4,3.91472,-62,7.97932611933745,9.22560674306793,1.928,-2.86949627954609
33.9244949817657,4,4.01289,-62,7.98103229329841,9.21956333111458,1.928,-2.86111883097778
34.5976359844208,4,3.97608,-61,7.9834168121526,9.21163945606593,1.928,-2.84949459080471
35.5807151794434,4,4.04357,-62,7.98629542219107,9.20606396818623,1.928,-2.83273803734973
35.8735291957855,4,4.03744,-62,7.98730980931223,9.20296878697037,1.928,-2.82874117869284
36.6455640792847,4,4.1847,-62,7.99049013294907,9.19350717283787,1.928,-2.81474135321897
37.278548002243,4,4.12334,-61,7.99351708809748,9.18486905605615,1.928,-2.80545266697252
37.8356370925903,4,4.13561,-62,7.99565943840197,9.178949198037,1.928,-2.79703551460421
38.3556590080261,4,4.25219,-61,8.01155260118333,9.17644777396673,1.928,-2.78896982614474
38.4393441677094,4,4.19697,-61,8.01535782798834,9.17630445092323,1.928,-2.7876548372206
39.4247341156006,4,4.29515,-61,8.0318507167393,9.16630234572287,1.928,-2.77337599337292
40.0539569854736,4,4.41786,-62,8.03525421901961,9.15751969340058,1.928,-2.76575178905634
40.6084740161896,4,4.52831,-62,8.03823373476022,9.15000603896701,1.928,-2.75729961568756
41.0921981334686,4,4.59581,-62,8.04089708779972,9.14349675962604,1.928,-2.74977359600279
41.5701081752777,4,4.63262,-62,8.04373801605155,9.13662478607357,1.928,-2.74289453815839
41.9475231170654,4,4.76761,-62,8.04717931221748,9.12772488219616,1.928,-2.74133031262842
42.52303814888,4,4.8167,-61,8.05113096575026,9.11798488048063,1.928,-2.73475897459439
43.1126999855042,4,4.93942,-62,8.05409700024051,9.11139857297471,1.928,-2.72421686916262
43.9469821453094,4,5.10509,-62,8.05890199801934,9.10105213631707,1.928,-2.70987146819678
44.5294141769409,4,5.22781,-62,8.06217698841246,9.0941031717524,1.928,-2.69974966165552
44.8575971126556,4,5.25235,-62,8.0637644142457,9.09086952653654,1.928,-2.69419140994883
45.3346130847931,4,5.27689,-62,8.06611066477409,9.08618779913217,1.928,-2.68744406456327
46.1841351985931,4,5.43643,-63,8.07110578226633,9.07654681339243,1.928,-2.67695906888125
46.5526871681213,4,5.42416,-63,8.07367990871512,9.07161324921513,1.928,-2.67147305749217
47.1508421897888,4,5.57755,-63,8.07716941205022,9.06496014148966,1.928,-2.66257045217255
47.8492901325226,4,5.5346,-62,8.08125073026178,9.05730031291473,1.928,-2.65277957384922
48.2958881855011,4,5.63891,-62,8.08409345466733,9.05213422233906,1.928,-2.64668286433059
48.6778130531311,4,5.73709,-62,8.08663058611104,9.04758633526984,1.928,-2.64150332627954
49.4377691745758,4,5.85367,-63,8.09649779808821,9.01792600404973,1.928,-2.63921626506858
49.9715790748596,4,5.85981,-62,8.1004837984904,9.0102338740524,1.928,-2.63141417841756
50.4847722053528,4,5.91503,-62,8.10365066178838,9.00479552826869,1.928,-2.62364226629737
51.0731961727142,4,5.97639,-62,8.10691042701023,8.99930889330621,1.928,-2.61483263389254
51.4204320907593,4,5.95798,-63,8.1088580381899,8.99610296801521,1.928,-2.60929512657172
52.2951831817627,4,6.0807,-62,8.11421708781704,8.98738894801939,1.928,-2.59487481698491
52.6796011924744,4,6.16047,-63,8.11708507348062,8.98666311498902,1.928,-2.58606499058968
53.0268630981445,4,6.18501,-63,8.11989485098254,8.98765834095757,1.928,-2.57688576688901
53.8382651805878,4,6.24023,-63,8.12595054694331,8.98118790292688,1.928,-2.56186891725565
54.3669791221619,4,6.14819,-64,8.12989195119481,8.97554703941486,1.928,-2.55403340385075
54.7484681606293,4,6.24637,-64,8.13280508810003,8.97138943952122,1.928,-2.54857924405415
55.4569671154022,4,6.20955,-64,8.13911428484161,8.96234122024213,1.928,-2.53839763613884
56.0613219738007,4,6.19115,-63,8.14027216187658,8.94818945559222,1.928,-2.53703984003265
56.6584091186523,4,6.25864,-65,8.14241043162447,8.94206384603775,1.928,-2.5306904686977
73.250993013382,4,2.69367,-64,8.29670014050668,8.7634976313061,1.928,-2.27744858489995
73.4904010295868,4,2.69981,-63,8.29832195134429,8.76211378952282,1.928,-2.27271248339491
74.5349400043488,4,2.94524,-64,8.30813110640966,8.75399464172739,1.928,-2.25333682517536
74.9554371833801,4,3.06796,-64,8.31240181161666,8.75053066794733,1.928,-2.24644041110199
75.3812410831451,4,3.15386,-64,8.31644964983749,8.7473022483044,1.928,-2.2403641760736
75.7853071689606,4,3.16614,-63,8.32037389934971,8.7441936207769,1.928,-2.23450796981869
76.0300750732422,4,3.23977,-64,8.32305808756674,8.74214410510091,1.928,-2.23062718554603
76.2298781871796,4,3.28885,-64,8.32524918024996,8.74047109321101,1.928,-2.22745931603114
77.0067451000214,4,3.52202,-63,8.33292400615763,8.73462080113522,1.928,-2.21540704552097
77.1919159889221,4,3.55884,-63,8.33443787984929,8.73347089707617,1.928,-2.21263327694721
77.5926539897919,4,3.7061,-63,8.33771413304635,8.73098232958831,1.928,-2.20663041937214
78.157350063324,4,3.74905,-63,8.33840161889361,8.7293431363176,1.928,-2.19619917100563
78.6830141544342,4,3.84722,-63,8.33996387495202,8.72740862433991,1.928,-2.18684613491057
78.982362985611,4,3.8595,-63,8.34296160417268,8.72535807120339,1.928,-2.18238942217787
79.6371781826019,4,4.07425,-63,8.34956064217625,8.72087089180399,1.928,-2.17261519013365
79.9991421699524,4,4.09266,-63,8.35326878256827,8.71838808491096,1.928,-2.16717551289552
80.419173002243,4,4.14788,-63,8.35765834729523,8.71546776508648,1.928,-2.16061489613097
80.8687031269073,4,4.29515,-62,8.36289449802703,8.71209845932484,1.928,-2.15204937215025
81.2858390808105,4,4.36264,-62,8.36777256216519,8.7089635615552,1.928,-2.14420599613597
81.7123620510101,4,4.41786,-62,8.37303640529729,8.70563774762438,1.928,-2.13769071203722
82.3283941745758,4,4.4915,-62,8.38130359597951,8.69884906459443,1.928,-2.12777348456238
82.4972081184387,4,4.47922,-62,8.38396409820064,8.69580876604174,1.928,-2.12475439291145
83.1596829891205,4,4.59581,-62,8.39344755368815,8.68573793408894,1.928,-2.11331219409415
83.5868110656738,4,4.65717,-62,8.39745443002304,8.68334082909761,1.928,-2.10682797494395
83.7787580490112,4,4.71239,-61,8.39925507921308,8.68226359466352,1.928,-2.10391403326345
84.4070160388947,4,4.7492,-61,8.40576856959667,8.67842547157413,1.928,-2.09442016256826
84.744677066803,4,4.70625,-61,8.40931854248962,8.67633896021833,1.928,-2.08931984354301
85.1563131809235,4,4.8167,-60,8.41359106901209,8.67387608819122,1.928,-2.08303927794146
85.7096080780029,4,4.89033,-60,8.4195493402956,8.67046763416613,1.928,-2.07474581362984
85.7696352005005,4,4.92101,-59,8.42027773828257,8.67006054547082,1.928,-2.07390255847527
86.0126390457153,4,4.93942,-59,8.42322646386386,8.66841255512599,1.928,-2.07048886418955
86.6791670322418,4,5.00691,-59,8.43300244846779,8.66406127272523,1.928,-2.05943055344361
87.0866410732269,4,5.11736,-59,8.44052740312102,8.66155614778339,1.928,-2.05111526300567
87.3775691986084,4,5.22781,-58,8.44525512944745,8.6597187579887,1.928,-2.04574326694581
87.8455321788788,4,5.23394,-58,8.4512557373106,8.65664195905604,1.928,-2.03850740647249
88.3095901012421,4,5.35052,-58,8.45710560390415,8.65368545745369,1.928,-2.03177762646377
88.8973062038422,4,5.44256,-58,8.46436834085037,8.65007700808136,1.928,-2.02386978606822
89.2605571746826,4,5.45484,-58,8.46861892649722,8.64800841997574,1.928,-2.01856676085886
89.5305550098419,4,5.52233,-58,8.47177830944437,8.64647087608684,1.928,-2.01462511874016
90.0128920078278,4,5.54687,-58,8.47808102039273,8.64352738370352,1.928,-2.00738096145984
90.3901851177216,4,5.6021,-58,8.48326673943183,8.64114856887227,1.928,-2.00163580743997
90.83589220047,4,5.69414,-58,8.49348105884066,8.63579413052592,1.928,-1.99467319892501
91.3987410068512,4,5.74322,-57,8.50571762756523,8.62943479320949,1.928,-1.98583614598185
91.6576151847839,4,5.79845,-57,8.50871459117539,8.62813232902431,1.928,-1.98177323531465
92.1950399875641,4,5.81072,-58,8.51505432561216,8.6253961097928,1.928,-1.9737029398869
92.7037131786346,4,5.93957,-58,8.52141394002642,8.62270802534966,1.928,-1.96717286158112
92.9934229850769,4,5.96412,-58,8.52521079360172,8.62112456314956,1.928,-1.96309113438053
93.7176911830902,4,0.122718,-58,8.53510742069997,8.61705626996523,1.928,-1.95209783014351
94.1924660205841,4,0.116583,-58,8.54158249585867,8.61446134381467,1.928,-1.94520658758331
94.803239107132,4,6.13592,-60,8.54864591305342,8.61288269296195,1.928,-1.9345607951407
95.1314890384674,4,6.10524,-59,8.55203910774313,8.61259409650638,1.928,-1.92827289054818
95.602382183075,4,0.19635,-58,8.55812821699264,8.61032036901955,1.928,-1.92146851117728
96.0390501022339,4,0.19635,-59,8.56386394870814,8.60808445892036,1.928,-1.91529206555551
96.5172581672668,4,0.257709,-59,8.57009500220924,8.60574622105236,1.928,-1.90832195049396
96.9548871517181,4,0.306796,-60,8.57538356340069,8.60376499551093,1.928,-1.90201632455834
97.3712401390076,4,0.362019,-60,8.58014205662929,8.60198472007226,1.928,-1.89606543500789
97.7974071502686,4,0.515418,-60,8.58577220987153,8.59998984108771,1.928,-1.88975736794184
98.2132320404053,4,0.60132,-60,8.59142642331808,8.5980068467984,1.928,-1.88355649120473
98.6278131008148,4,0.613592,-60,8.59689980218742,8.59669340115304,1.928,-1.87913034662722
99.0338540077209,4,0.687223,-60,8.60223918782474,8.59532595886778,1.928,-1.87459099517642
99.4295601844788,4,0.883573,-60,8.6073791884473,8.59363898430447,1.928,-1.869266481711
99.7133810520172,4,0.779262,-60,8.61108357973198,8.59242557120842,1.928,-1.86541716787763
100.108294010162,4,0.859029,-61,8.61670228196241,8.59064736769354,1.928,-1.8592671089756
100.455394029617,4,0.981748,-60,8.62163978700784,8.58908633634109,1.928,-1.8538807215249
100.847506999969,4,1.0247,-60,8.62715443228423,8.58745077325424,1.928,-1.84909239538247
101.141960144043,4,1.04924,-60,8.63129559761888,8.5862225642184,1.928,-1.84549665182361
101.631024122238,4,0.975612,-60,8.63786564393686,8.58432281834707,1.928,-1.83895678226416
102.124447107315,4,1.15969,-60,8.64368838631768,8.5853574307948,1.928,-1.83422771188869
102.447604179382,4,1.22105,-61,8.64688358957121,8.58836316107912,1.928,-1.83264733507731
102.7996301651,4,1.28854,-60,8.65101231402316,8.58965385771509,1.928,-1.82961319865206
103.164175033569,4,1.29468,-61,8.6562120832987,8.58816175000994,1.928,-1.82459931484821
103.546614170074,4,1.30082,-61,8.66143102157382,8.58669220393694,1.928,-1.81913637215461
103.798869132996,4,1.28241,-61,8.66467770289135,8.58580232126318,1.928,-1.81536479910373
104.239159107208,4,1.3315,-61,8.67030628090471,8.58427958977316,1.928,-1.80851527992796
104.536362171173,4,1.35604,-61,8.67404811691498,8.58329760529639,1.928,-1.80349052871416
104.662962198257,4,1.35604,-61,8.67564203231386,8.58287930792187,1.928,-1.80135012803568
105.674419164658,4,1.48489,-61,8.6890530340923,8.57944185819126,1.928,-1.78694171278337
106.003807067871,4,1.48489,-61,8.69406365749138,8.57780499392296,1.928,-1.78247216396187
106.443360090256,4,1.5033,-61,8.70028727561173,8.57592397949702,1.928,-1.77608725393024
106.682924032211,4,1.51557,-61,8.70313218170406,8.57525730776773,1.928,-1.77211032604015
107.029107093811,4,1.55852,-61,8.70724322735211,8.57429393048129,1.928,-1.76636344668296
107.43529510498,4,1.60148,-61,8.71141611444737,8.57332158498314,1.928,-1.75968791113417
107.693717002869,4,1.60148,-61,8.71406951285273,8.57270331739354,1.928,-1.7554410016199
107.932455062866,4,1.68738,-61,8.71742296391904,8.57198967747296,1.928,-1.75218149569231
108.24186706543,4,1.68738,-61,8.72199747194749,8.57102872080096,1.928,-1.74812510715982
108.596451044083,4,1.76101,-61,8.72717190080946,8.56996420659036,1.928,-1.74262978228948
108.89092206955,4,1.88373,-61,8.73140430834876,8.56911520329052,1.928,-1.73725836537267
109.533029079437,4,1.94509,-61,8.73998715417866,8.56668566250992,1.928,-1.72587113506471
109.7737159729,4,2.00031,-61,8.74305870510671,8.5656446335041,1.928,-1.72167609738782
110.136739015579,4,2.00645,-61,8.74791694378074,8.56472576913483,1.928,-1.71638676660392
110.538853168488,4,2.15984,-61,8.7533434647361,8.56384959445165,1.928,-1.71072836986987
110.915899991989,4,2.21507,-61,8.75822172865264,8.56315863694271,1.928,-1.70397984502687
111.118705034256,4,2.15371,-61,8.76084563756293,8.56278698637288,1.928,-1.70034996464937
111.458482027054,4,2.24575,-62,8.76529795297964,8.56217675359668,1.928,-1.69511373541953
111.88748717308,4,2.29484,-61,8.77096939602487,8.56141729470077,1.928,-1.68925242765032
112.17041516304,4,2.39915,-61,8.77474359193336,8.56094642133554,1.928,-1.68562756772608
112.488838195801,4,2.41755,-61,8.77900428116797,8.56042797463664,1.928,-1.68164024129634
112.812534093857,4,2.46664,-61,8.78240709685632,8.56020267160119,1.928,-1.67691580628737
113.396193981171,4,2.60163,-61,8.78763111117321,8.56013570004309,1.928,-1.66743406072548
113.865661144257,4,2.84093,-62,8.79506804005753,8.55932864318658,1.928,-1.66003715118942
114.194588184357,4,2.72435,-61,8.80004793006113,8.55881528756924,1.928,-1.65528678236963
114.522402048111,4,2.84707,-61,8.80475360361664,8.55836178742347,1.928,-1.65103460895989
114.725298166275,4,2.77344,-61,8.80767767921672,8.5580822546397,1.928,-1.64838148596937
115.156903028488,4,2.86548,-62,8.81423844195226,8.55752166364539,1.928,-1.64211025924188
115.339948177338,4,2.89616,-62,8.81702088463684,8.55728391502164,1.928,-1.63945060980254
115.862818002701,4,2.93297,-62,8.82518294881134,8.55665644390472,1.928,-1.63225743545303
116.236144065857,4,2.95138,-63,8.83157106014108,8.55604965900087,1.928,-1.62669782558701
116.505784988403,4,2.91456,-63,8.83677214984465,8.55543095684887,1.928,-1.62216732918367
116.885987997055,4,3.0066,-63,8.8432266018722,8.55476671680912,1.928,-1.61598698217338
117.278231143951,4,3.0066,-63,8.8479807035002,8.55453235968661,1.928,-1.61006109493284
117.670148134232,4,2.99433,-63,8.85300445802682,8.55430905382445,1.928,-1.60406095363296
118.03551697731,4,2.96979,-64,8.85792320480006,8.55411021086979,1.928,-1.5983991621344
161.250187158585,4,0.0245437,-65,9.52876028960696,8.49620741974268,1.928,-1.87049166920025
161.478422164917,4,0.0306796,-64,9.53215135445481,8.49518919115566,1.928,-1.873922129797
161.968924045563,4,6.27091,-65,9.53952920788397,8.49293490154434,1.928,-1.88127953594522
162.384364128113,4,6.17274,-63,9.54612008756394,8.49077495866691,1.928,-1.88745397419638
163.001125097275,4,6.03161,-63,9.55578088391639,8.48752833158136,1.928,-1.89664955471639
163.284151077271,4,5.9273,-64,9.56017706415455,8.48602653087888,1.928,-1.9008780013696
163.699782133102,4,5.70027,-64,9.56683582825133,8.4837165010795,1.928,-1.90696032736112
164.417052030563,4,5.64505,-64,9.577724314929,8.47986814441682,1.928,-1.91762784951655
164.721360206604,4,5.74936,-63,9.58197555205001,8.47833079667564,1.928,-1.92227126718377
165.212635993958,4,5.65732,-62,9.59146799214291,8.4752414905876,1.928,-1.92968835292204
165.565210103989,4,5.54074,-64,9.59917927644618,8.4728167357427,1.928,-1.93498428065499
166.104506015778,4,5.33212,-63,9.60818555209418,8.4692942813713,1.928,-1.94367370703704
166.58145403862,4,5.35052,-63,9.61557286769949,8.46624855051861,1.928,-1.95139018462871
166.92519402504,4,5.25849,-63,9.62059587774878,8.46411232785396,1.928,-1.95690172792771
167.468384027481,4,5.18486,-64,9.62868314107685,8.46061848848935,1.928,-1.96504238822297
167.662980079651,4,5.04373,-63,9.63162826884947,8.45932905435381,1.928,-1.96777679135087
