43.9604470729828,840.088786640131,931.962223372218,192.8,-65,3.36862530717959,3.36862530717959
44.2973279953003,840.405302197361,931.594101216907,192.8,-65,3.26431530717959,3.26431530717959
44.6894631385803,840.773588973903,931.165591445459,192.8,-64,3.06796530717959,3.06796530717959
45.0581860542297,841.109018035379,930.778219979807,192.8,-64,3.00660530717959,3.00660530717959
45.4313201904297,841.442369735363,930.39492954884,192.8,-64,2.75502530717959,2.75502530717959
45.8239450454712,841.803224255399,929.980504589899,192.8,-63,2.66912530717959,2.66912530717959
46.2479510307312,842.215221317665,929.508394077266,192.8,-63,2.52800530717959,2.52800530717959
46.5309472084045,842.490202327102,929.193291283534,192.8,-62,2.45436530717959,2.45436530717959
46.9734580516815,842.953478132585,928.699340455801,192.8,-61,2.24574530717959,2.24574530717959
47.359001159668,843.359351261903,928.268896531659,192.8,-61,2.12916530717959,2.12916530717959
47.8631930351257,843.864620088596,927.70319251557,192.8,-61,1.90213530717959,1.90213530717959
48.1996490955353,844.1998807467,927.325478732712,192.8,-60,1.79168530717959,1.79168530717959
48.4968891143799,844.503462917412,926.982791301121,192.8,-60,1.76714530717959,1.76714530717959
48.8301501274109,844.845859676773,926.596112281889,192.8,-60,1.60761530717959,1.60761530717959
49.065357208252,845.087514533206,926.323204141483,192.8,-60,1.65669530717959,1.65669530717959
49.4526541233063,845.492484708274,925.86312077473,192.8,-60,1.52784530717959,1.52784530717959
49.7376642227173,845.791024668464,925.523752045368,192.8,-60,1.37444530717959,1.37444530717959
50.0959770679474,846.167790991466,925.095209824452,192.8,-59,1.31922530717959,1.31922530717959
50.4051370620728,846.495270232482,924.722316344162,192.8,-59,1.28854530717959,1.28854530717959
50.966334104538,847.116487099896,924.026175033624,192.8,-59,1.19036530717959,1.19036530717959
51.3755390644073,847.64007124597,923.467779363013,192.8,-59,1.08605530717959,1.08605530717959
51.5460259914398,847.858211935505,923.235135159529,192.8,-59,1.09832530717959,1.09832530717959
51.8362011909485,848.190026721267,922.871927377707,192.8,-59,1.06151530717959,1.06151530717959
52.1084611415863,848.449964354033,922.573801376671,192.8,-59,0.951065307179586,0.951065307179586
52.6004030704498,848.923015846772,922.031328401941,192.8,-59,0.834485307179587,0.834485307179587
52.7975342273712,849.129044794538,921.795433423241,192.8,-59,0.736315307179586,0.736315307179586
53.0055902004242,849.346491665312,921.546465375277,192.8,-58,0.760855307179586,0.760855307179586
53.5585942268372,849.925437636002,920.883219464031,192.8,-58,0.644275307179586,0.644275307179586
53.7801630496979,850.158450516169,920.61587637994,192.8,-58,0.595185307179587,0.595185307179587
54.2040560245514,850.604237615989,920.104410670286,192.8,-58,0.539965307179586,0.539965307179586
54.4790210723877,850.85563483812,919.814187744259,192.8,-58,0.472465307179586,0.472465307179586
54.7505512237549,851.100398494658,919.531432782253,192.8,-58,0.411105307179586,0.411105307179586
55.0569021701813,851.376550433783,919.212417565044,192.8,-58,0.380425307179586,0.380425307179586
55.3335490226746,851.696199055011,918.8932467686,192.8,-58,0.288385307179587,0.288385307179587
55.6531851291656,852.080319664301,918.517931216256,192.8,-58,0.227025307179586,0.227025307179586
56.1210532188416,852.605412271926,917.980507851959,192.8,-58,0.128855307179586,0.128855307179586
56.3922200202942,852.864216848464,917.683662120798,192.8,-58,0.110445307179586,0.110445307179586
56.6703450679779,853.129662451704,917.379199212021,192.8,-59,0.0245453071795865,0.0245453071795865
57.1063442230225,853.550890003377,916.894773353001,192.8,-58,6.17273830717959,-0.110447
57.4646902084351,853.899779250496,916.492872665506,192.8,-59,6.07456430717959,-0.208621
57.8150160312653,854.2516001763,916.0881493592,192.8,-58,5.97025330717959,-0.312932
58.012992143631,854.465082611271,915.843299987512,192.8,-58,5.87821430717959,-0.404971
58.3571820259094,854.836230894177,915.417618952512,192.8,-58,5.76776730717959,-0.515418
58.7537610530853,855.248135952603,914.943222864757,192.8,-59,5.65732130717959,-0.625864
59.1717891693115,855.6652683526,914.460590335835,192.8,-59,5.47324330717959,-0.809942
59.3571491241455,855.850231133384,914.246583812613,192.8,-59,5.39961230717959,-0.883573
59.6677460670471,856.112908901941,913.923559148378,192.8,-59,5.28302530717959,-1.00016
60.118889093399,856.481319157431,913.464249410401,192.8,-59,5.14190530717959,-1.14128
60.4091172218323,856.759173114458,913.136845307384,192.8,-59,5.14190530717959,-1.14128
60.689610004425,857.060578800274,912.794735316731,192.8,-59,4.95782530717959,-1.32536
61.1876261234283,857.59456413038,912.188809190116,192.8,-60,4.89033530717959,-1.39285
61.5936751365662,858.024011863492,911.702389015264,192.8,-60,4.69398530717959,-1.5892
61.9743962287903,858.426914280183,911.246022479576,192.8,-61,4.58967530717959,-1.69351
62.8215742111206,859.351090943735,910.197716801349,192.8,-60,4.16629530717959,-2.11689
63.1687791347504,859.725846422974,909.773813062538,192.8,-61,4.04970530717959,-2.23348
63.7520740032196,860.287331765355,909.137290262064,192.8,-62,3.58951530717959,-2.69367
64.0390260219574,860.382778604871,909.024920224052,192.8,-62,3.49133530717959,-2.79185
64.3778631687164,860.495483630998,908.892232037265,192.8,-62,3.35634530717959,-2.92684
65.2311360836029,861.321308767472,907.961318758279,192.8,-62,2.89615530717959,-3.38703
65.7861120700836,861.972622013842,907.229460871816,192.8,-61,2.66299530717959,-3.62019
65.9585270881653,862.180530938794,906.995894234284,192.8,-62,2.53413530717959,-3.74905
66.6328430175781,862.948645475759,906.134207656477,192.8,-62,2.25801530717959,-4.02517
67.3086140155792,863.699556723453,905.290866178219,192.8,-61,2.06780530717959,-4.21538
67.5377330780029,863.960582195843,904.996604543196,192.8,-61,1.92667530717959,-4.35651
68.0810470581055,864.472608102738,904.366355328002,192.8,-61,1.75487530717959,-4.52831
68.6712481975555,864.757456051994,903.853085156908,192.8,-61,1.55238530717959,-4.7308
69.2133991718292,865.265235477455,903.236509807202,192.8,-61,1.46034530717959,-4.82284
69.6292459964752,865.705591953028,902.733586413732,192.8,-61,1.37444530717959,-4.90874
69.8644840717316,865.957214191251,902.44737238743,192.8,-61,1.25786530717959,-5.02532
70.6340022087097,866.775009118105,901.51817464076,192.8,-61,1.09832530717959,-5.18486
71.1088662147522,867.260365597817,900.968290999005,192.8,-62,0.926525307179586,-5.35666
71.5883181095123,867.769528734824,900.393177484974,192.8,-62,0.920385307179586,-5.3628
72.2553751468658,868.457641896769,899.59351474658,192.8,-62,0.791535307179586,-5.49165
72.5166220664978,868.536201850692,899.395420431392,192.8,-63,0.625865307179586,-5.65732
73.1167640686035,868.760253630156,898.92152740116,192.8,-62,0.644275307179586,-5.63891
73.5934212207794,869.191845024072,898.435575259156,192.8,-63,0.312935307179586,-5.97025
74.0592751502991,869.625958102013,897.948412868904,192.8,-63,0.288385307179587,-5.9948
74.4914960861206,870.053612232932,897.471699921112,192.8,-64,0.0613553071795865,-6.22183
74.9839420318604,870.559887964396,896.910454848046,192.8,-65,6.28318530717959,-6.28318530717959
75.2640511989594,870.86383371971,896.576018230266,192.8,-64,6.13592330717959,-6.43044730717959
75.8874471187592,871.536273120771,895.834291887324,192.8,-65,5.93957330717959,-6.62679730717959
76.3298161029816,872.008572713604,895.31108889393,192.8,-65,5.85367030717959,-6.71270030717959
76.817883014679,872.738579493497,894.51283246694,192.8,-65,5.60209830717959,-6.96427230717959
77.2009811401367,873.39991744502,893.792812415492,192.8,-65,5.56528230717959,-7.00108830717959
77.7045290470123,874.020914854972,893.109793807209,192.8,-64,5.16644530717959,-7.39992530717959
78.393883228302,874.744038551448,892.307416596485,192.8,-65,5.01304530717959,-7.55332530717959
78.8605561256409,875.208424223344,891.78800892555,192.8,-65,4.82897530717959,-7.73739530717959
79.2758681774139,875.632545674689,891.316245139829,192.8,-65,4.68170530717959,-7.88466530717959
79.7572841644287,876.131762456384,890.762729529492,192.8,-64,4.38718530717959,-8.17918530717959
80.2819151878357,876.704645606248,890.130297545906,192.8,-64,4.25219530717959,-8.31417530717959
80.6116201877594,877.070556012138,889.726887005252,192.8,-64,4.11720530717959,-8.44916530717959
81.0394160747528,877.540340690941,889.181927958891,192.8,-64,3.97607530717959,-8.59029530717959
81.6024529933929,878.155289488912,888.450225128079,192.8,-63,3.66314530717959,-8.90322530717959
82.2531571388245,878.88028343784,887.633684971853,192.8,-64,3.35634530717959,-9.21002530717959
82.787994146347,879.460583829215,886.978382484524,192.8,-64,3.17227530717959,-9.39409530717959
83.2672820091248,879.970778010216,886.401043006778,192.8,-63,2.98205530717959,-9.58431530717959
83.6033680438995,880.312302958669,886.016322349201,192.8,-63,2.87774530717959,-9.68862530717959
84.1556160449982,880.86552833383,885.394025254644,192.8,-63,2.74275530717959,-9.82361530717959
84.6144812107086,881.353447642869,884.83755977874,192.8,-63,2.58322530717959,-9.98314530717959
84.9924600124359,881.757363928002,884.376388472016,192.8,-62,2.44209530717959,-10.1242753071796
85.5169579982758,882.247683480548,883.805535939361,192.8,-63,2.23961530717959,-10.3267553071796
86.1867752075195,882.923270880502,883.024120850094,192.8,-62,2.07394530717959,-10.4924253071796
86.6729300022125,883.464006429279,882.404085082687,192.8,-62,1.92054530717959,-10.6458253071796
87.118753194809,883.934122200074,881.865359979082,192.8,-62,1.72419530717959,-10.8421753071796
87.6909210681915,884.532558075218,881.180854986276,192.8,-62,1.58306530717959,-10.9833053071796
88.3024930953979,885.171153826245,880.457253640228,192.8,-62,1.34990530717959,-11.2164653071796
88.7361872196198,885.640538017263,879.923813131312,192.8,-62,1.23945530717959,-11.3269153071796
89.0464119911194,885.98379634714,879.533020730782,192.8,-62,1.17809530717959,-11.3882753071796
90.2075071334839,887.184152491013,878.287034744465,192.8,-62,0.662675307179586,-11.9036953071796
90.6871252059937,887.611488344514,877.787990418958,192.8,-62,0.693355307179586,-11.8730153071796
90.9424240589142,887.844347982803,877.516513265536,192.8,-62,0.625865307179586,-11.9405053071796
91.2576870918274,888.179403623322,877.12982728386,192.8,-62,0.472465307179586,-12.0939053071796
92.1569452285767,889.104237256014,876.064206209735,192.8,-61,0.386565307179586,-12.1798053071796
92.6030580997467,889.541395618676,875.561748251283,192.8,-62,0.128855307179586,-12.4375153071796
92.9137830734253,889.858548807091,875.195052235977,192.8,-62,0.0859053071795861,-12.4804653071796
94.1662290096283,891.257676775962,873.654801599191,192.8,-62,6.04388430717959,-12.8056716143592
94.4420192241669,891.581307690514,873.303648472768,192.8,-62,5.95184530717959,-12.8977106143592
94.7442700862885,891.922313363467,872.911658202992,192.8,-62,5.85980630717959,-12.9897496143592
95.5939271450043,892.814281460731,871.878823894597,192.8,-62,5.52846630717959,-13.3210896143592
96.086168050766,893.310304926467,871.301438210985,192.8,-62,5.54687430717959,-13.3026816143592
96.6147890090942,893.916228002947,870.603230257124,192.8,-62,5.24007530717959,-13.6094806143592
97.0881941318512,894.402608443523,870.042865829867,192.8,-62,5.13576530717959,-13.7137906143592
98.0615251064301,895.35634357373,868.886210678886,192.8,-63,4.84124530717959,-14.0083106143592
98.5168130397797,895.880134640026,868.196273733684,192.8,-63,4.58353530717959,-14.2660206143592
99.0513970851898,896.409312190858,867.566302072557,192.8,-63,4.46081530717959,-14.3887406143592
99.4396181106567,896.784805264937,867.129822768199,192.8,-63,4.22765530717959,-14.6219006143592
100.006203174591,897.410324049318,866.402924423395,192.8,-63,3.87176530717959,-14.9777906143592
100.671303033829,898.114394477406,865.584534335454,192.8,-62,3.61405530717959,-15.2355006143592
101.223916053772,898.679444356877,864.928331766804,192.8,-61,3.38089530717959,-15.4686606143592
101.86355304718,899.316103586046,864.190953929787,192.8,-61,3.16613530717959,-15.6834206143592
102.523652076721,900.077161819501,863.259124702532,192.8,-60,2.90842530717959,-15.9411306143592
103.113197088242,900.704320343974,862.513049856579,192.8,-60,2.74889530717959,-16.1006606143592
103.318338155746,900.905571780926,862.281283761316,192.8,-59,2.70594530717959,-16.1436106143592
104.245548009872,901.772524530108,861.28102393689,192.8,-59,2.42982530717959,-16.4197306143592
104.700923204422,902.184528866628,860.806019562401,192.8,-59,2.33165530717959,-16.5179006143592
105.549919128418,902.94834211233,859.926740206872,192.8,-59,2.26415530717959,-16.5854006143592
106.522641181946,903.997266660704,858.767755958636,192.8,-58,2.10462530717959,-16.7449306143592
106.709257125854,904.251820881294,858.500701307571,192.8,-58,2.10462530717959,-16.7449306143592
107.424528121948,905.02456846447,857.652921754892,192.8,-58,2.00031530717959,-16.8492406143592
108.321056127548,905.894917025093,856.658980912739,192.8,-58,1.88986530717959,-16.9596906143592
108.894440174103,906.469544541108,856.004561063108,192.8,-58,1.76714530717959,-17.0824106143592
109.717647075653,907.246153146799,855.123805393614,192.8,-58,1.58920530717959,-17.2603506143592
110.09646320343,907.58463349241,854.740283526386,192.8,-59,1.61374530717959,-17.2358106143592
110.844231128693,908.226286889104,853.937929622749,192.8,-58,1.55238530717959,-17.2971706143592
111.361577033997,908.67947420447,853.368406782546,192.8,-58,1.44194530717959,-17.4076106143592
111.897766113281,909.191542079525,852.786626696778,192.8,-58,1.32535530717959,-17.5242006143592
112.516300201416,909.811900603106,852.081862322009,192.8,-58,1.23945530717959,-17.6101006143592
113.0381731987,910.341109281311,851.481685623752,192.8,-58,1.17196530717959,-17.6775906143592
113.368079185486,910.673792572247,851.105658452626,192.8,-58,1.09832530717959,-17.7512306143592
113.852849006653,911.160693182495,850.553880418605,192.8,-59,1.09219530717959,-17.7573606143592
114.605642080307,911.909235960562,849.698878098036,192.8,-59,0.926525307179586,-17.9230306143592
115.086465120316,912.542562651203,848.958390490178,192.8,-60,0.846755307179587,-18.0028006143592
115.413848161697,912.973782457489,848.454206902882,192.8,-60,0.834485307179587,-18.0150706143592
116.37317109108,913.877094274396,847.414216420281,192.8,-60,0.748585307179586,-18.1009706143592
116.789187192917,914.322117322624,846.902316980275,192.8,-61,0.668815307179586,-18.1807406143592
117.623977184296,915.15642872089,845.941946522955,192.8,-61,0.558365307179586,-18.2911906143592
118.135135173798,915.657323682747,845.366878047204,192.8,-61,0.435655307179586,-18.4139006143592
118.478808164597,916.017821258697,844.955748789239,192.8,-61,0.380425307179586,-18.4691306143592
119.199871063232,916.634595576135,844.162606635798,192.8,-62,0.343615307179586,-18.5059406143592
120.88920211792,918.182496866289,842.259694008632,192.8,-62,6.24636980717959,-18.8863714215388
121.508682012558,918.788323899921,841.556589990735,192.8,-62,6.12978730717959,-19.0029539215388
121.929322004318,919.197117020543,841.088191554834,192.8,-61,5.92116630717959,-19.2115749215388
122.5560131073,919.832742195389,840.360388964337,192.8,-62,5.79844730717959,-19.3342939215388
123.176959991455,920.425023849238,839.69978352701,192.8,-62,5.68800030717959,-19.4447409215388
123.748483181,920.618353036905,839.588923433383,192.8,-62,5.57141830717959,-19.5613229215388
124.203050136566,920.947828715456,839.245311202827,192.8,-63,5.37506830717959,-19.7576729215388
124.717079162598,921.457010404095,838.658157376253,192.8,-62,5.30757330717959,-19.8251679215388
125.500298023224,922.300671351907,837.68034939436,192.8,-63,5.06827530717959,-20.0644659215388
125.998156070709,922.843317702195,837.053184147958,192.8,-62,4.92101530717959,-20.2117259215388
126.569268226624,923.467535786603,836.333530933963,192.8,-62,4.83510530717959,-20.2976359215388
127.175724029541,924.154000531295,835.545314630038,192.8,-61,4.67557530717959,-20.4571659215388
127.629831075668,924.857475559683,834.788747416682,192.8,-60,4.47922530717959,-20.6535159215388
128.111801147461,925.787244567126,833.824955316222,192.8,-60,4.50376530717959,-20.6289759215388
129.29537820816,926.962536481049,832.493618222541,192.8,-59,4.23992530717959,-20.8928159215388
129.862152099609,927.517109068111,831.855222693057,192.8,-59,4.17856530717959,-20.9541759215388
130.468514204025,928.174045639271,831.11175913542,192.8,-59,4.03743530717959,-21.0953059215388
131.082377195358,928.828292705276,830.365225624384,192.8,-59,4.07425530717959,-21.0584859215388
131.450893163681,929.211566206853,829.923572715282,192.8,-59,4.08038530717959,-21.0523559215388
131.993105173111,929.876691313496,829.190110009017,192.8,-58,3.89017530717959,-21.2425659215388
132.876047134399,930.918378825225,828.038925643408,192.8,-58,3.81654530717959,-21.3161959215388
133.603238105774,931.674192203161,827.170430692849,192.8,-58,3.74904530717959,-21.3836959215388
134.322676181793,932.460106068673,826.265865967053,192.8,-58,3.75518530717959,-21.3775559215388
134.713201999664,932.818650060344,825.851948385935,192.8,-57,3.80427530717959,-21.3284659215388
135.548926115036,933.649965383795,824.89419761729,192.8,-57,3.65700530717959,-21.4757359215388
136.05634522438,934.164895387462,824.274423017377,192.8,-57,3.60792530717959,-21.5248159215388
136.409655094147,934.511784530274,823.827162802976,192.8,-58,3.53429530717959,-21.5984459215388
136.806171178818,934.900572111535,823.338067521241,192.8,-58,3.57724530717959,-21.5554959215388
137.588340997696,935.6611708711,822.44438606049,192.8,-58,3.43611530717959,-21.6966259215388
137.901630163193,935.941046716467,822.109936268991,192.8,-58,3.48520530717959,-21.6475359215388
138.571309089661,936.550916731782,821.384151307073,192.8,-58,3.44225530717959,-21.6904859215388
139.328375101089,937.276521193289,820.531163072493,192.8,-58,3.39930530717959,-21.7334359215388
139.993426084518,937.909771675386,819.794332585889,192.8,-58,3.36248530717959,-21.7702559215388
140.383809089661,938.371961206383,819.293374047181,192.8,-58,3.23363530717959,-21.8991059215388
140.739139080048,938.817522868074,818.818581536082,192.8,-58,3.38702530717959,-21.7457159215388
141.476046085358,939.599347565384,817.934911925331,192.8,-59,3.31339530717959,-21.8193459215388
141.990812063217,940.124911593471,817.327171128659,192.8,-59,3.19067530717959,-21.9420659215388
142.561089038849,940.735934126814,816.623956869471,192.8,-59,3.20295530717959,-21.9297859215388
146.777302503586,940.682420422675,816.62994733641,192.8,-59,3.36862530717959,-21.7641159215388
147.195548534393,940.612513918479,816.691652518884,192.8,-59,3.36248530717959,-21.7702559215388
148.111351490021,940.243096075306,816.984275104916,192.8,-58,3.52815530717959,-21.6045859215388
149.136016607285,939.484111330904,817.505337735978,192.8,-57,3.69382530717959,-21.4389159215388
149.236982584,939.387097796837,817.568528569724,192.8,-57,3.72450530717959,-21.4082359215388
150.128395557404,938.637144260304,817.999248382081,192.8,-57,3.84722530717959,-21.2855159215388
150.403961658478,938.487956720873,817.990141646897,192.8,-57,3.85335530717959,-21.2793859215388
151.325279474258,937.825211639459,818.198491491629,192.8,-57,3.95767530717959,-21.1750659215388
151.653681516647,937.652804316104,818.277911166911,192.8,-57,4.00062530717959,-21.1321159215388
152.4065284729,937.555501176692,818.320216879699,192.8,-57,3.97607530717959,-21.1566659215388
152.512503623962,937.541804216357,818.326172079844,192.8,-57,3.99448530717959,-21.1382559215388
153.279446601868,937.442679209768,818.369269908797,192.8,-57,4.02516530717959,-21.1075759215388
153.919733524323,937.359924106407,818.405250388518,192.8,-57,4.00675530717959,-21.1259859215388
154.525152683258,937.281675553584,818.439271498442,192.8,-57,4.06198530717959,-21.0707559215388
155.269599676132,937.176059574245,818.484035897525,192.8,-57,4.08038530717959,-21.0523559215388
155.411816596985,937.150914892906,818.494136752422,192.8,-56,4.03130530717959,-21.1014359215388
156.111118555069,937.027274718509,818.543804172906,192.8,-56,4.11106530717959,-21.0216759215388
156.424565553665,936.971855680821,818.56606652138,192.8,-57,4.09266530717959,-21.0400759215388
157.278374671936,936.820897847708,818.626707702203,192.8,-56,4.14788530717959,-20.9848559215388
157.858531475067,936.718323148056,818.66791292343,192.8,-57,4.14174530717959,-20.9909959215388
158.138842582703,936.668762705914,818.687821818992,192.8,-56,4.15401530717959,-20.9787259215388
158.969467639923,936.549586334655,818.730062280147,192.8,-57,4.15401530717959,-20.9787259215388
159.525455474854,936.477426277583,818.753729454829,192.8,-56,4.15401530717959,-20.9787259215388
159.784427642822,936.443815027036,818.764753328289,192.8,-56,4.19083530717959,-20.9419059215388
160.388101577759,936.365465928618,818.790450394972,192.8,-56,4.16015530717959,-20.9725859215388
161.137200593948,936.268242528455,818.82233788631,192.8,-57,4.20310530717959,-20.9296359215388
161.516288518906,936.219041800342,818.838474822365,192.8,-56,4.22765530717959,-20.9050859215388
162.217735528946,936.116584394582,818.855468382125,192.8,-56,4.26446530717959,-20.8682759215388
162.953627586365,936.003484156213,818.866973780654,192.8,-56,4.27060530717959,-20.8621359215388
163.204902648926,935.964865354467,818.87090237277,192.8,-56,4.25219530717959,-20.8805459215388
163.930797576904,935.853301588345,818.8822514699,192.8,-56,4.28287530717959,-20.8498659215388
164.506909608841,935.764758156626,818.891258767176,192.8,-56,4.28900530717959,-20.8437359215388
164.983134508133,935.691566512438,818.898704366297,192.8,-56,4.33196530717959,-20.8007759215388
166.458608388901,936.822520441332,818.767770320602,192.8,-57,4.13561530717959,-20.9971259215388
167.068514347076,937.608372940887,818.659916803504,192.8,-58,3.97607530717959,-21.1566659215388
167.993352413177,938.840882465965,818.472673567942,192.8,-58,3.81040530717959,-21.3223359215388
168.68690943718,939.84261274281,818.361506317236,192.8,-58,3.60178530717959,-21.5309559215388
169.375924348831,940.945654567801,818.24384266564,192.8,-59,3.52815530717959,-21.6045859215388
169.553262472153,941.213939151619,818.196701584214,192.8,-59,3.50361530717959,-21.6291259215388
170.126263380051,942.11754537868,818.030237813551,192.8,-60,3.30112530717959,-21.8316159215388
171.037223339081,943.590209465251,817.734187462229,192.8,-60,3.09250530717959,-22.0402359215388
172.341175317764,945.313506245148,817.296657845707,192.8,-61,2.90229530717959,-22.2304459215388
172.495790481567,945.435329016951,817.248949474236,192.8,-61,2.95137530717959,-22.1813659215388
173.238917350769,946.526590432861,816.967094392002,192.8,-61,2.85320530717959,-22.2795359215388
173.575626373291,947.096169399147,816.827800473286,192.8,-61,2.79184530717959,-22.3408959215388
174.451638460159,948.561098803114,816.47097792482,192.8,-62,2.71207530717959,-22.4206659215388
174.833260536194,949.171645585011,816.322443876513,192.8,-62,2.70594530717959,-22.4267959215388
175.652643442154,950.364709036605,816.03889840369,192.8,-62,2.54027530717959,-22.5924659215388
175.80266046524,950.550618269888,815.998922545434,192.8,-62,2.50959530717959,-22.6231459215388
176.501568317413,951.527690834402,815.766163104213,192.8,-63,2.23961530717959,-22.8931259215388
177.178340435028,952.511044393931,815.515203965597,192.8,-64,2.04939530717959,-23.0833459215388
177.699380397797,953.259775836941,815.32417175568,192.8,-64,1.99417530717959,-23.1385659215388
178.159279346466,953.94430159619,815.152710582842,192.8,-65,1.84077530717959,-23.2919659215388
178.824340343475,954.956458109886,814.899856362752,192.8,-65,1.46648530717959,-23.6662559215388
179.499143362045,956.540113273803,814.398187964774,192.8,-65,1.16582530717959,-23.9669159215388
179.896675348282,957.195160224512,814.22023864281,192.8,-65,1.08605530717959,-24.0466859215388
180.735666513443,958.360353153481,813.939994559392,192.8,-66,0.555305307179586,-24.5774359215388
181.808904409409,959.916869419136,813.558600310274,192.8,-65,6.02547630717959,-25.3904502287183
182.325953483582,960.623207052309,813.38610522512,192.8,-64,5.81071930717959,-25.6052072287183
182.852957487106,961.365675956108,813.064509821255,192.8,-64,5.46710730717959,-25.9488192287183
183.419104337692,962.144786541672,812.754331193313,192.8,-64,5.17258530717959,-26.2433412287183
183.98431634903,962.903537130434,812.568575889609,192.8,-64,4.90873530717959,-26.5071912287183
184.499258518219,963.708991593296,812.368640384643,192.8,-63,4.87192530717959,-26.5440012287183
185.003021478653,964.409834459937,812.197806470589,192.8,-64,4.43627530717959,-26.9796512287183
185.422357320786,964.976802414575,812.061401405652,192.8,-63,4.22151530717959,-27.1944112287183
186.120182514191,966.046953210665,811.804286800107,192.8,-63,4.01289530717959,-27.4030312287183
187.372821331024,968.343817228373,811.208446027036,192.8,-63,3.58337530717959,-27.8325512287183
187.94778752327,969.176593833432,811.008257621448,192.8,-62,3.27044530717959,-28.1454812287183
188.519250392914,969.985772374845,810.814537635338,192.8,-62,3.26431530717959,-28.1516112287183
188.788768529892,970.358398399097,810.725781486848,192.8,-63,3.10477530717959,-28.3111512287183
189.638530492783,971.570901591816,810.438185171882,192.8,-63,2.90229530717959,-28.5136312287183
189.932820320129,972.129661665992,810.206775505191,192.8,-63,2.83479530717959,-28.5811312287183
191.042430400848,973.964284635507,809.629875235983,192.8,-64,2.66299530717959,-28.7529312287183
