97.8741250038147,895.140747041552,869.170194164629,192.8,-63,1.85304530717959,1.85304530717959
99.0750801563263,896.432053511045,867.539866730816,192.8,-64,1.48489530717959,1.48489530717959
99.5634260177612,896.921491133447,866.970983842719,192.8,-63,1.38058530717959,1.38058530717959
100.037703037262,897.445100391054,866.362511783714,192.8,-63,1.25786530717959,1.25786530717959
100.646497011185,898.088755149513,865.614341186609,192.8,-63,1.02469530717959,1.02469530717959
100.919277191162,898.370698795929,865.286569244309,192.8,-62,0.895845307179586,0.895845307179586
101.962545156479,899.419708594719,864.068502032737,192.8,-62,0.497005307179586,0.497005307179586
102.361605167389,899.887290229501,863.492871765902,192.8,-62,0.349745307179586,0.349745307179586
103.067759990692,900.659744768327,862.564384183768,192.8,-62,0.0552253071795858,0.0552253071795858
103.593996047974,901.17600299001,861.969848542191,192.8,-62,6.14205930717959,-0.141126
104.203497171402,901.734170468999,861.325319496131,192.8,-60,5.92730130717959,-0.355884
104.875062227249,902.340506627765,860.626583404471,192.8,-61,5.64504930717959,-0.638136
105.955809116364,903.318505951833,859.499742132999,192.8,-60,5.20326530717959,-1.07992
106.42939209938,903.870069878715,858.90119901117,192.8,-60,5.03145530717959,-1.25173
107.013429164886,904.653936111454,858.07650158691,192.8,-60,4.84737530717959,-1.43581
107.403373003006,905.005495753685,857.674719138646,192.8,-59,4.63875530717959,-1.64443
108.169427156448,905.738966078115,856.836980097048,192.8,-59,4.41172530717959,-1.87146
108.538986206055,906.11905890162,856.403150012289,192.8,-59,4.31355530717959,-1.96963
109.14635014534,906.71106300621,855.730582039811,192.8,-59,4.12334530717959,-2.15984
109.767910003662,907.29106415242,855.072918088167,192.8,-58,3.92699530717959,-2.35619
110.296709060669,907.763557466327,854.537550169906,192.8,-58,3.82881530717959,-2.45437
110.770833015442,908.164833344262,854.019299498912,192.8,-58,3.74291530717959,-2.54027
111.427093029022,908.742042872223,853.297320103093,192.8,-57,3.56497530717959,-2.71821
112.015463113785,909.303944318355,852.658922172958,192.8,-58,3.44225530717959,-2.84093
112.507948160172,909.803407072354,852.091511297278,192.8,-58,3.25203530717959,-3.03115
112.777195215225,910.07721536365,851.780454622679,192.8,-57,3.17840530717959,-3.10478
113.616849184036,910.924656833942,850.822110161407,192.8,-57,3.09864530717959,-3.18454
114.117381095886,911.423278385045,850.253999627241,192.8,-57,2.96365530717959,-3.31953
114.65580701828,911.975311816977,849.621621993758,192.8,-56,2.81638530717959,-3.4668
114.940568208694,912.350391310557,849.183077841013,192.8,-56,2.75502530717959,-3.52816
115.65721821785,913.21037267129,848.181159541523,192.8,-56,2.62617530717959,-3.65701
116.184732198715,913.691750755866,847.62741743116,192.8,-56,2.60776530717959,-3.67542
116.765493154526,914.296771204666,846.931472017617,192.8,-56,2.39300530717959,-3.89018
117.465509176254,915.005892225887,846.115325620433,192.8,-55,2.29483530717959,-3.98835
117.945061206818,915.461442104658,845.590650013789,192.8,-55,2.25188530717959,-4.0313
118.513700008392,916.054421240207,844.914008360888,192.8,-55,2.14143530717959,-4.14175
118.897262096405,916.431022328508,844.467966507239,192.8,-54,2.15370530717959,-4.12948
119.616616010666,916.914951189092,843.742073216362,192.8,-54,1.95122530717959,-4.33196
119.94203710556,917.226719316845,843.367203258866,192.8,-54,1.93281530717959,-4.35037
120.545160055161,917.845448703519,842.651949310185,192.8,-54,1.88986530717959,-4.39332
121.114457130432,918.403096973583,842.002947377734,192.8,-54,1.78555530717959,-4.49763
121.936853170395,919.20443607946,841.079805318432,192.8,-54,1.69965530717959,-4.58353
122.361865997314,919.627626053763,840.595102401566,192.8,-54,1.67510530717959,-4.60808
123.076328992844,920.382455177866,839.731354981032,192.8,-54,1.57079530717959,-4.71239
123.547179222107,920.550257933226,839.627970975353,192.8,-54,1.40512530717959,-4.87806
123.993842124939,920.740593553154,839.484280751931,192.8,-54,1.38058530717959,-4.9026
124.614388227463,921.355287853204,838.775456930296,192.8,-53,1.30081530717959,-4.98237
125.653869152069,922.467751570752,837.486591064829,192.8,-53,1.11673530717959,-5.16645
126.407269001007,923.289790807886,836.538358482112,192.8,-54,1.03083530717959,-5.25235
127.127720117569,924.099663524348,835.607705765363,192.8,-54,0.914255307179586,-5.36893
127.307126045227,924.302738247573,835.374530195897,192.8,-54,0.865165307179586,-5.41802
127.885217189789,925.350141199599,834.278053633475,192.8,-54,0.766995307179586,-5.51619
128.366263151169,926.118810782811,833.465643188793,192.8,-54,0.650405307179586,-5.63278
128.88334608078,926.576008640814,832.938765443341,192.8,-54,0.546095307179586,-5.73709
129.526790142059,927.188966662106,832.232963407104,192.8,-54,0.478605307179587,-5.80458
130.161969184875,927.839489098895,831.489938189998,192.8,-54,0.362015307179586,-5.92117
130.784862995148,928.518864297594,830.721785511381,192.8,-54,0.227025307179586,-6.05616
131.526524066925,929.290225813506,829.83293184404,192.8,-54,0.251575307179587,-6.03161
131.806250095367,929.627645801789,829.459264785644,192.8,-54,0.171805307179587,-6.11138
132.944766998291,930.985727628716,827.961584194767,192.8,-54,6.19114650717959,-6.37522410717959
133.657757997513,931.736520220675,827.098743516156,192.8,-54,6.01320430717959,-6.55316630717959
134.272052049637,932.41362776279,826.319522389674,192.8,-54,5.92116630717959,-6.64520430717959
134.690615177155,932.797912969142,825.875888116705,192.8,-54,5.92116630717959,-6.64520430717959
135.19992017746,933.288335735523,825.310420617684,192.8,-54,5.84753430717959,-6.71883630717959
135.993551015854,934.10324234283,824.353915139087,192.8,-54,5.73708830717959,-6.82928230717959
136.36777806282,934.470668533402,823.880175559234,192.8,-54,5.71254430717959,-6.85382630717959
136.777967214584,934.873017098614,823.370414710322,192.8,-54,5.63891330717959,-6.92745730717959
137.571306228638,935.645952916201,822.462571416344,192.8,-53,5.57141830717959,-6.99495230717959
137.944931030273,935.979729403627,822.063710712662,192.8,-54,5.47324330717959,-7.09312730717959
138.633140087128,936.610231688415,821.314325769524,192.8,-53,5.39961230717959,-7.16675830717959
138.97199511528,936.935297951667,820.931657925547,192.8,-53,5.37506830717959,-7.19130230717959
139.523040056229,937.461877924969,820.315487767601,192.8,-53,5.25848530717959,-7.30788530717959
140.254705190659,938.210072963549,819.465882887015,192.8,-53,5.15417530717959,-7.41219530717959
140.661266088486,938.719874990158,818.922635554067,192.8,-53,5.11735530717959,-7.44901530717959
141.133576154709,939.259911857224,818.328609817876,192.8,-53,5.08054530717959,-7.48582530717959
141.914877176285,940.043551256363,817.42080719945,192.8,-53,5.00691530717959,-7.55945530717959
142.444619178772,940.611142644774,816.767577022259,192.8,-53,4.97623530717959,-7.59013530717959
146.47652053833,940.732693740692,816.585572005423,192.8,-53,4.91487530717959,-7.65149530717959
147.297129631042,940.595535444481,816.706639104872,192.8,-53,4.90260530717959,-7.66376530717959
147.764895677567,940.407576040646,816.855571855201,192.8,-53,4.92101530717959,-7.64535530717959
148.356835603714,940.127429858506,817.066163944111,192.8,-54,4.91487530717959,-7.65149530717959
148.908005475998,939.729376430887,817.338630545114,192.8,-54,4.92101530717959,-7.64535530717959
149.274537563324,939.354076497487,817.589223946275,192.8,-54,4.94555530717959,-7.62081530717959
150.271235466003,938.553444766485,818.005430684783,192.8,-55,5.03759530717959,-7.52877530717959
150.396873474121,938.491454081355,817.990958151289,192.8,-55,5.08667530717959,-7.47969530717959
151.440794467926,937.730265544391,818.242518347564,192.8,-56,5.11735530717959,-7.44901530717959
152.313098669052,937.567576689721,818.314966656643,192.8,-56,5.11735530717959,-7.44901530717959
152.661255598068,937.522578484017,818.334531093906,192.8,-56,5.09895530717959,-7.46741530717959
153.29475569725,937.440700556563,818.370130192799,192.8,-56,5.08667530717959,-7.47969530717959
153.912388563156,937.360873419909,818.404837643518,192.8,-56,5.11735530717959,-7.44901530717959
154.562557697296,937.276841071269,818.441373447274,192.8,-56,5.11735530717959,-7.44901530717959
155.13707947731,937.199489825375,818.474623745362,192.8,-56,5.12963530717959,-7.43673530717959
156.200242519379,937.011517144313,818.550134138609,192.8,-57,5.14190530717959,-7.42446530717959
156.70057964325,936.923054973519,818.585670224313,192.8,-57,5.14190530717959,-7.42446530717959
157.242719650269,936.827201838489,818.624175329838,192.8,-57,5.12349530717959,-7.44287530717959
157.764338493347,936.73497695054,818.661222934398,192.8,-57,5.10508530717959,-7.46128530717959
158.311795473099,936.638183747449,818.700105674102,192.8,-57,5.12963530717959,-7.43673530717959
158.753730535507,936.577586231037,818.720878827894,192.8,-57,5.12349530717959,-7.44287530717959
160.078003644943,936.405712644687,818.777250210573,192.8,-58,5.22167530717959,-7.34469530717959
160.703991651535,936.324467467284,818.803897138024,192.8,-58,5.12963530717959,-7.43673530717959
161.076750516891,936.276088169558,818.819764659985,192.8,-58,5.18485530717959,-7.38151530717959
161.732807636261,936.190940408757,818.847691563183,192.8,-59,5.20939530717959,-7.35697530717959
162.33638548851,936.098348922988,818.857323430099,192.8,-58,5.13576530717959,-7.43060530717959
162.989580631256,935.997958484471,818.867535893135,192.8,-59,5.10508530717959,-7.46128530717959
163.272747516632,935.954438185656,818.871963102035,192.8,-58,5.20326530717959,-7.36310530717959
164.115640640259,935.824892809754,818.885141422424,192.8,-59,5.23394530717959,-7.33242530717959
164.660935640335,935.741085689039,818.893666906873,192.8,-59,5.12349530717959,-7.44287530717959
165.084689617157,935.675958371377,818.900292142643,192.8,-59,5.17258530717959,-7.39378530717959
166.656972408295,937.075112326705,818.733762292604,192.8,-60,4.77374530717959,-7.79262530717959
166.94955945015,937.447685501839,818.683600431891,192.8,-60,4.71852530717959,-7.84784530717959
168.299780368805,939.231333197705,818.41104662043,192.8,-59,4.18469530717959,-8.38167530717959
168.751218318939,939.949245737942,818.354497992265,192.8,-58,3.93926530717959,-8.62710530717959
169.078414440155,940.491782032244,818.318840448796,192.8,-58,3.86563530717959,-8.70073530717959
169.726098537445,941.475412832389,818.150757266802,192.8,-58,3.64473530717959,-8.92163530717959
170.385313510895,942.540835694382,817.949292823355,192.8,-58,3.19681530717959,-9.36955530717959
170.716298341751,943.075664066518,817.841551480493,192.8,-58,3.14772530717959,-9.41864530717959
172.005966424942,945.049391940624,817.400090587916,192.8,-56,2.69366530717959,-9.87270530717959
172.770421504974,945.76513199667,817.152422900281,192.8,-57,2.46050530717959,-10.1058653071796
172.962198495865,946.076832108617,817.076559380972,192.8,-57,2.30097530717959,-10.2653953071796
173.627844333649,947.185837526589,816.80583328153,192.8,-57,2.01871530717959,-10.5476553071796
174.329558372498,948.362835029905,816.51895375995,192.8,-57,1.81623530717959,-10.7501353071796
174.596021413803,948.795583473995,816.414237362846,192.8,-57,1.73646530717959,-10.8299053071796
175.332255363464,949.947242998221,816.131770205613,192.8,-57,1.42966530717959,-11.1367053071796
176.09460234642,950.912408486603,815.921127192476,192.8,-57,1.11673530717959,-11.4496353071796
176.378890514374,951.34217785682,815.812892698945,192.8,-57,1.04310530717959,-11.5232653071796
177.225323438644,952.57720260777,815.498141422304,192.8,-58,0.724035307179586,-11.8423353071796
177.587807416916,953.09370766116,815.365768793929,192.8,-58,0.503145307179587,-12.0632253071796
178.019372463226,953.736060490724,815.204871168027,192.8,-57,0.374295307179586,-12.1920753071796
178.671419382095,954.723309855734,814.958088490321,192.8,-57,6.25864160717959,-12.5909143143592
179.386667490005,956.263530006191,814.487371957187,192.8,-57,6.02547630717959,-12.8240796143592
179.995116472244,957.32920241875,814.188161335635,192.8,-57,5.82299130717959,-13.0265646143592
180.468155384064,957.98129345102,814.031619126849,192.8,-57,5.54687430717959,-13.3026816143592
180.778972387314,958.421716999174,813.925161972909,192.8,-57,5.44869930717959,-13.4008566143592
181.607892513275,959.625646710527,813.630251377292,192.8,-56,5.08667530717959,-13.7628806143592
182.079915523529,960.287096073574,813.468187064138,192.8,-56,4.89646530717959,-13.9530906143592
182.548617362976,960.932281717086,813.280151940184,192.8,-56,4.60807530717959,-14.2414806143592
183.296968460083,961.985022749451,812.793343282111,192.8,-56,4.16629530717959,-14.6832606143592
183.702433347702,962.515404233799,812.663831524305,192.8,-56,3.89631530717959,-14.9532406143592
184.429350376129,963.599643731719,812.39578347085,192.8,-55,3.60178530717959,-15.2477706143592
184.987725496292,964.389478641406,812.202730923038,192.8,-55,3.31339530717959,-15.5361606143592
185.234372377396,964.717715104713,812.12332439594,192.8,-55,3.17227530717959,-15.6772806143592
185.90523648262,965.679182716294,811.896542912744,192.8,-54,2.89001530717959,-15.9595406143592
186.571883440018,967.046148071726,811.53291598052,192.8,-53,2.62003530717959,-16.2295206143592
187.023226499558,967.845330564312,811.327617765966,192.8,-53,2.55867530717959,-16.2908806143592
187.654515504837,968.750105602219,811.110923199466,192.8,-52,2.33165530717959,-16.5179006143592
188.180533409119,969.515062473258,810.926780394163,192.8,-52,2.15984530717959,-16.6897106143592
188.688904523849,970.220330037707,810.758668121672,192.8,-51,1.98190530717959,-16.8676506143592
189.218203544617,970.967313120729,810.581232150579,192.8,-51,1.81009530717959,-17.0394606143592
189.805567502975,971.884174839483,810.310574314102,192.8,-50,1.66283530717959,-17.1867206143592
190.238300323486,972.718971343083,809.957598620907,192.8,-51,1.57079530717959,-17.2787606143592
190.928121328354,973.796467672364,809.66658519667,192.8,-50,1.33763530717959,-17.5119206143592
191.387560367584,974.464076904106,809.522060359116,192.8,-50,1.23945530717959,-17.6101006143592
192.071438312531,975.406650449881,809.31773818777,192.8,-49,1.15355530717959,-17.6960006143592
192.53786945343,976.005763074942,809.186399318057,192.8,-49,1.04924530717959,-17.8003106143592
192.946816444397,976.585355209096,809.057860739918,192.8,-49,0.932665307179586,-17.9168906143592
193.41513133049,977.296914274038,808.895462322983,192.8,-49,0.760855307179586,-18.0887006143592
194.108237504959,978.392924005695,808.636279986317,192.8,-48,0.539965307179586,-18.3095906143592
194.422734498978,978.817139531566,808.534799270169,192.8,-48,0.478605307179587,-18.3709506143592
194.765032529831,979.273655078548,808.426428687751,192.8,-48,0.441785307179586,-18.4077706143592
195.352497339249,980.037622858988,808.248250898702,192.8,-48,0.282255307179586,-18.5673006143592
195.819550514221,980.668871686506,808.099866576793,192.8,-48,0.171805307179587,-18.6777506143592
196.313833475113,981.353819078634,807.939008367752,192.8,-48,0.0552253071795858,-18.7943306143592
196.703945398331,981.910498633837,807.808502752184,192.8,-48,6.28318530717959,-18.8495559215388
197.348499536514,983.064632361106,807.550456239223,192.8,-47,6.13592330717959,-18.9968179215388
197.794109344482,983.776116279849,807.389588550804,192.8,-47,6.07456430717959,-19.0581769215388
198.217166423798,984.359882618964,807.254873241777,192.8,-47,5.97025330717959,-19.1624879215388
198.716555356979,985.082601073274,807.089305097723,192.8,-46,5.81685530717959,-19.3158859215388
199.161665439606,985.738788333472,806.938215261587,192.8,-47,5.71868030717959,-19.4140609215388
199.667503356934,986.499422624307,806.76192790517,192.8,-47,5.52846630717959,-19.6042749215388
200.164749383926,987.196796774709,806.606711827842,192.8,-46,5.43642830717959,-19.6963129215388
200.657353401184,987.917678995202,806.433999276834,192.8,-46,5.35052530717959,-19.7822159215388
201.199644327164,988.735386730297,806.228430105072,192.8,-45,5.18485530717959,-19.9478859215388
201.684357404709,989.411753988039,806.074832759689,192.8,-45,5.12963530717959,-20.0031059215388
202.267122507095,990.268400230297,805.884824041139,192.8,-45,5.06213530717959,-20.0706059215388
202.544022321701,990.68349137273,805.793551610203,192.8,-45,4.95782530717959,-20.1749159215388
203.065802335739,991.432088948505,805.630352609226,192.8,-45,4.85965530717959,-20.2730859215388
203.552474498749,992.152618123473,805.473580617587,192.8,-45,4.73693530717959,-20.3958059215388
204.070720434189,992.817524260419,805.341511001027,192.8,-45,4.60194530717959,-20.5307959215388
204.669864416122,993.218879129047,805.307426692335,192.8,-44,4.45467530717959,-20.6780659215388
205.200162410736,993.948246791859,805.146358000131,192.8,-44,4.34423530717959,-20.7885059215388
205.752204418182,994.732991916699,804.969842059264,192.8,-44,4.25219530717959,-20.8805459215388
206.219509363174,995.383538106452,804.822160002319,192.8,-44,4.16015530717959,-20.9725859215388
206.421206474304,995.647746833164,804.761730724312,192.8,-44,4.11106530717959,-21.0216759215388
206.925054311752,996.313244945133,804.610114751352,192.8,-44,3.98221530717959,-21.1505259215388
207.419451475143,996.982730162454,804.459360659427,192.8,-44,3.87790530717959,-21.2548359215388
207.957911491394,997.732512510358,804.223869663203,192.8,-44,3.81654530717959,-21.3161959215388
208.445454359055,998.468983915235,804.021985900586,192.8,-43,3.76132530717959,-21.3714159215388
208.950448513031,999.286747166848,803.846118239629,192.8,-43,3.66314530717959,-21.4695959215388
209.475714445114,1000.02816665663,803.687134995376,192.8,-43,3.58951530717959,-21.5432259215388
209.946318387985,1000.7236797286,803.541906189422,192.8,-43,3.52815530717959,-21.6045859215388
210.375425338745,1001.36669644745,803.408617905685,192.8,-43,3.47906530717959,-21.6536759215388
210.855726480484,1002.06959248974,803.260458445789,192.8,-43,3.40543530717959,-21.7273059215388
211.275359392166,1002.56874116622,803.194673945809,192.8,-43,3.33180530717959,-21.8009359215388
211.728034496307,1003.03776586326,803.162154900147,192.8,-43,3.25817530717959,-21.8745659215388
212.164632320404,1003.62676852065,803.031943059855,192.8,-43,3.18454530717959,-21.9481959215388
212.668882369995,1004.28508804862,802.885869322529,192.8,-43,3.06182530717959,-22.0709159215388
213.111640453339,1004.83744076526,802.763124274386,192.8,-43,3.03114530717959,-22.1015959215388
213.647330522537,1005.6061312968,802.590029217388,192.8,-43,2.96365530717959,-22.1690859215388
214.209056377411,1006.42960687073,802.405812980729,192.8,-43,2.90842530717959,-22.2243159215388
214.766523361206,1007.1641927285,802.216159875174,192.8,-43,2.89001530717959,-22.2427259215388
215.249472379684,1007.67182195944,802.04116137714,192.8,-43,2.85933530717959,-22.2734059215388
215.835120439529,1008.45679503521,801.85425584895,192.8,-43,2.84706530717959,-22.2856759215388
216.245036363602,1009.03495868851,801.721426076506,192.8,-43,2.79184530717959,-22.3408959215388
216.739972352982,1009.75119220776,801.558283997121,192.8,-43,2.75502530717959,-22.3777159215388
217.407240390778,1010.64915863049,801.346446055276,192.8,-43,2.67526530717959,-22.4574759215388
217.804307460785,1011.19842206496,801.218664984933,192.8,-43,2.66299530717959,-22.4697459215388
218.166539430618,1011.7024399523,801.101753619312,192.8,-44,2.62617530717959,-22.5065659215388
218.654046535492,1012.56444782584,800.925772748012,192.8,-44,2.66299530717959,-22.4697459215388
219.136827468872,1013.33733021867,800.762240021674,192.8,-44,2.65071530717959,-22.4820259215388
219.675597429276,1014.1201075987,800.590251388242,192.8,-44,2.58322530717959,-22.5495159215388
220.177468538284,1014.90933837201,800.421928718889,192.8,-44,2.59549530717959,-22.5372459215388
220.603227376938,1015.54313950897,800.283993098028,192.8,-44,2.60163530717959,-22.5311059215388
221.150698423386,1016.32957753739,800.111132462079,192.8,-44,2.62617530717959,-22.5065659215388
221.620813369751,1016.98675434312,799.966683698838,192.8,-44,2.62617530717959,-22.5065659215388
222.085587501526,1017.50475578906,799.932014173543,192.8,-44,2.60776530717959,-22.5249759215388
222.550305366516,1018.02525612842,799.897961351183,192.8,-45,2.63231530717959,-22.5004259215388
222.993892431259,1018.67376570272,799.750457212716,192.8,-45,2.68139530717959,-22.4513459215388
223.443736314774,1019.30970763683,799.608044904623,192.8,-45,2.70594530717959,-22.4267959215388
223.899343490601,1019.94848708783,799.466385259152,192.8,-45,2.73662530717959,-22.3961159215388
224.344162464142,1020.65699782308,799.311278854947,192.8,-45,2.73048530717959,-22.4022559215388
224.878085374832,1021.51643817672,799.12492100809,192.8,-45,2.74889530717959,-22.3838459215388
225.161987543106,1021.97682499063,799.025760771249,192.8,-45,2.76730530717959,-22.3654359215388
225.620675325394,1022.68167799945,798.838185640157,192.8,-46,2.84093530717959,-22.2918059215388
225.986508369446,1023.23239184421,798.680472144727,192.8,-46,2.86547530717959,-22.2672659215388
226.469291448593,1024.03586540369,798.503153841944,192.8,-46,2.88388530717959,-22.2488559215388
226.875053405762,1024.6753467771,798.360730305345,192.8,-46,2.92069530717959,-22.2120459215388
227.373230457306,1025.41199446996,798.194812460503,192.8,-46,2.94524530717959,-22.1874959215388
227.7679874897,1025.97190593705,798.06960469366,192.8,-47,2.95751530717959,-22.1752259215388
228.262117385864,1026.7064928731,797.909363768598,192.8,-47,3.00046530717959,-22.1322759215388
228.649293422699,1027.34009980084,797.777084427543,192.8,-47,3.03728530717959,-22.0954559215388
229.112909317017,1028.01714547407,797.562633301751,192.8,-47,3.08023530717959,-22.0525059215388
229.591972351074,1028.67574813691,797.332936176232,192.8,-48,3.12318530717959,-22.0095559215388
229.848902463913,1029.02283609946,797.267454632782,192.8,-48,3.12932530717959,-22.0034159215388
230.337220430374,1029.69598952161,797.142171084638,192.8,-48,3.19067530717959,-21.9420659215388
230.754102468491,1030.31645980357,797.032395573215,192.8,-48,3.27044530717959,-21.8622959215388
231.300637483597,1031.12183673148,796.890146459151,192.8,-48,3.38702530717959,-21.7457159215388
231.767018318176,1031.80793536192,796.771442407758,192.8,-48,3.46066530717959,-21.6720759215388
232.159696340561,1032.39049115721,796.675620146103,192.8,-48,3.49747530717959,-21.6352659215388
232.786037445068,1032.99589600598,796.614992517401,192.8,-49,3.58951530717959,-21.5432259215388
233.246336460114,1033.50698367887,796.558190123785,192.8,-49,3.63246530717959,-21.5002759215388
234.395558357239,1035.20565738279,796.290758056704,192.8,-50,3.75518530717959,-21.3775559215388
234.884998321533,1035.99899961964,796.165093608508,192.8,-50,3.87176530717959,-21.2609759215388
235.358723402023,1036.76357309958,796.043910447568,192.8,-50,3.97607530717959,-21.1566659215388
235.929600477219,1037.6234493442,795.903372376047,192.8,-50,4.12334530717959,-21.0093959215388
236.341120481491,1038.48119568309,795.682132975533,192.8,-50,4.21537530717959,-20.9173659215388
236.78715634346,1039.28285334575,795.499399099781,192.8,-50,4.33196530717959,-20.8007759215388
237.356590509415,1040.06506892632,795.376254839959,192.8,-50,4.43627530717959,-20.6964659215388
237.851249456406,1040.78882090649,795.272658968287,192.8,-50,4.53444530717959,-20.5982959215388
238.192712545395,1041.2703672644,795.203642957716,192.8,-51,4.65102530717959,-20.4817159215388
238.749826431274,1042.0464967961,795.092917256467,192.8,-51,4.75534530717959,-20.3773959215388
239.174530506134,1042.70612232345,795.001853909329,192.8,-51,4.77988530717959,-20.3528559215388
239.597647428513,1043.31296072643,794.907847870336,192.8,-51,4.85965530717959,-20.2730859215388
240.124705314636,1043.99547513979,794.786318790747,192.8,-50,4.93328530717959,-20.1994559215388
240.486460447311,1044.44317344951,794.730616791747,192.8,-51,5.12349530717959,-20.0092459215388
240.886849403381,1044.95646195557,794.666667381265,192.8,-50,5.18485530717959,-19.9478859215388
241.336453437805,1045.62442197954,794.583016312843,192.8,-50,5.28302530717959,-19.8497159215388
241.695679426193,1046.15530186068,794.516920241746,192.8,-51,5.36893230717959,-19.7638089215388
242.02024435997,1046.63180780907,794.458031299068,192.8,-51,5.39961230717959,-19.7331289215388
242.419731378555,1047.18710646229,794.388661460774,192.8,-51,5.49778730717959,-19.6349539215388
242.878917455673,1047.77298475794,794.314153025349,192.8,-51,5.57755430717959,-19.5551869215388
243.361245393753,1048.65713833942,794.135599312704,192.8,-51,5.72481630717959,-19.4079249215388
243.765097379684,1049.41262015959,793.983382169904,192.8,-51,5.76776730717959,-19.3649739215388
244.18349146843,1050.03636929107,793.895817387985,192.8,-50,5.85980630717959,-19.2729349215388
244.622145414352,1050.65508600388,793.808232420724,192.8,-50,5.98252530717959,-19.1502159215388
244.971490383148,1051.12634047703,793.741053591573,192.8,-50,6.02547630717959,-19.1072649215388
245.595242500305,1052.07626229056,793.606848712581,192.8,-50,6.13592330717959,-18.9968179215388
245.915930509567,1052.54663546263,793.539872573641,192.8,-51,6.20955420717959,-18.9231870215388
246.439615488052,1053.2422226298,793.439157348393,192.8,-51,6.27091350717959,-18.8618277215388
246.66791343689,1053.52848161925,793.37381010568,192.8,-51,0.0245453071795865,-18.8250106143592
247.163390398026,1054.13221550086,793.209841471925,192.8,-50,0.110445307179586,-18.7391106143592
247.551202535629,1054.59243747709,793.130134378437,192.8,-50,0.184075307179587,-18.6654806143592
247.917591333389,1055.02457978382,793.065313032427,192.8,-50,0.214755307179586,-18.6348006143592
248.216350317001,1055.462268932,793.002734433976,192.8,-49,0.276115307179587,-18.5734406143592
248.585180521011,1056.00743406953,792.924929312407,192.8,-50,0.349745307179586,-18.4998106143592
249.003834486008,1056.60275600074,792.840292568316,192.8,-49,0.404975307179586,-18.4445806143592
249.399153470993,1057.18529489977,792.758513937058,192.8,-50,0.460195307179586,-18.3893606143592
249.713724374771,1057.70222213241,792.68819320541,192.8,-50,0.497005307179586,-18.3525506143592
250.059876441956,1058.30339134049,792.638917268939,192.8,-50,0.521555307179586,-18.3280006143592
250.473827362061,1059.13962264618,792.681923450375,192.8,-49,0.589045307179586,-18.2605106143592
250.778913497925,1059.71095988754,792.675105044237,192.8,-50,0.674955307179586,-18.1746006143592
251.18151640892,1060.36237158305,792.578289728024,192.8,-50,0.705635307179587,-18.1439206143592
251.469723463058,1060.82001747681,792.509420404988,192.8,-50,0.766995307179586,-18.0825606143592
251.784980535507,1061.30890422632,792.434677142322,192.8,-50,0.785395307179586,-18.0641606143592
252.058910369873,1061.7303455466,792.37034572304,192.8,-50,0.803805307179586,-18.0457506143592
252.37185049057,1062.19353530446,792.300192711169,192.8,-50,0.840625307179586,-18.0089306143592
252.680443525314,1062.65029084199,792.231014202572,192.8,-50,0.908115307179586,-17.9414406143592
253.054150342941,1063.22727175371,792.145404184635,192.8,-49,0.969475307179586,-17.8800806143592
253.30735039711,1063.6194471867,792.087304120489,192.8,-49,1.02469530717959,-17.8248606143592
253.609094381332,1064.24259943541,792.004439353786,192.8,-49,1.12287530717959,-17.7266806143592
253.957730531693,1065.04812952118,791.901215738005,192.8,-49,1.19036530717959,-17.6591906143592
254.192925453186,1065.53496306112,791.837283113394,192.8,-49,1.18423530717959,-17.6653206143592
254.458701372147,1065.91974894025,791.781702930852,192.8,-49,1.26399530717959,-17.5855606143592
254.736449480057,1066.32186795201,791.723619073599,192.8,-49,1.29467530717959,-17.5548806143592
254.961636543274,1066.63926370771,791.677744825267,192.8,-49,1.29467530717959,-17.5548806143592
255.308284521103,1067.10728324337,791.610031360534,192.8,-50,1.37444530717959,-17.4751106143592
255.652009487152,1067.5877506293,791.540942939898,192.8,-50,1.47262530717959,-17.3769306143592
255.943557500839,1068.03932939688,791.477114017941,192.8,-50,1.54011530717959,-17.3094406143592
256.205063343048,1068.44437583999,791.419862261078,192.8,-50,1.58920530717959,-17.2603506143592
256.574692487717,1068.9910568762,791.341565579374,192.8,-50,1.66283530717959,-17.1867206143592
256.697400331497,1069.17161858265,791.315666829559,192.8,-51,1.69351530717959,-17.1560406143592
257.006313323975,1069.65906430551,791.247458092598,192.8,-50,1.77328530717959,-17.0762706143592
257.279212474823,1070.15760929225,791.1809854277,192.8,-50,1.85304530717959,-16.9965106143592
257.486793518066,1070.53682809205,791.130422921061,192.8,-50,1.85304530717959,-16.9965106143592
257.804221391678,1070.98860557624,791.070688929865,192.8,-51,1.87145530717959,-16.9781006143592
258.169798374176,1071.44078591842,791.011244997242,192.8,-51,1.92667530717959,-16.9228806143592
258.430203437805,1071.77732550199,790.966303372503,192.8,-51,1.99417530717959,-16.8553806143592
258.758786439896,1072.22215175736,790.905965553705,192.8,-51,2.05553530717959,-16.7940206143592
258.992294311523,1072.53826802471,790.863086416451,192.8,-51,2.10462530717959,-16.7449306143592
259.371416330338,1073.08293360419,790.789393741148,192.8,-51,2.18438530717959,-16.6651706143592
259.636459350586,1073.4678682175,790.737335917252,192.8,-52,2.25801530717959,-16.5915406143592
259.969345331192,1073.97865934935,790.668567348601,192.8,-52,2.27642530717959,-16.5731306143592
260.319142341614,1074.53602896467,790.593749265102,192.8,-52,2.32551530717959,-16.5240406143592
260.706879377365,1075.33802431858,790.383827278852,192.8,-53,2.41755530717959,-16.4320006143592
260.920345544815,1075.84572650054,790.222631836078,192.8,-52,2.44209530717959,-16.4074606143592
261.180131435394,1076.43342294927,790.045615062895,192.8,-52,2.52186530717959,-16.3276906143592
261.405079364777,1076.77533417322,789.998350864291,192.8,-53,2.55867530717959,-16.2908806143592
261.759479522705,1077.31400724346,789.923887233993,192.8,-53,2.60163530717959,-16.2479206143592
262.056482315063,1077.77606205114,789.860067621509,192.8,-53,2.63844530717959,-16.2111106143592
262.423702478409,1078.35044661678,789.78074784816,192.8,-53,2.71821530717959,-16.1313406143592
262.718900442123,1078.80884362862,789.716496081897,192.8,-53,2.77343530717959,-16.0761206143592
262.97883939743,1079.21168171357,789.659800351423,192.8,-53,2.79184530717959,-16.0577106143592
263.296886444092,1079.6764618794,789.5931865286,192.8,-54,2.82866530717959,-16.0208906143592
263.583649396896,1080.04930958498,789.537656019259,192.8,-54,2.89001530717959,-15.9595406143592
263.89755654335,1080.4574500305,789.476869144393,192.8,-54,2.99433530717959,-15.8552206143592
264.213129520416,1081.00589694515,789.372499076363,192.8,-54,3.06182530717959,-15.7877306143592
264.607274532318,1081.69634115588,789.240437921773,192.8,-55,3.10477530717959,-15.7447806143592
265.002291440964,1082.20352829709,789.164271657352,192.8,-55,3.17227530717959,-15.6772806143592
265.401240348816,1082.72836021087,789.087097845316,192.8,-55,3.26431530717959,-15.5852406143592
265.7807264328,1083.36638255976,788.993935289946,192.8,-55,3.33794530717959,-15.5116106143592
266.015209436417,1083.76061413519,788.936370502384,192.8,-55,3.36248530717959,-15.4870706143592
266.222838401794,1084.08802176576,788.88759675567,192.8,-55,3.39930530717959,-15.4502506143592
266.521085500717,1084.55746379336,788.817623321367,192.8,-55,3.47906530717959,-15.3704906143592
266.97337937355,1085.28841710059,788.709845915966,192.8,-56,3.41770530717959,-15.4318506143592
267.189218521118,1085.64287154672,788.657921448857,192.8,-56,3.49747530717959,-15.3520806143592
267.581323385239,1086.36337597448,788.472184607579,192.8,-56,3.62019530717959,-15.2293606143592
268.000488519669,1087.21814453451,788.172724873963,192.8,-57,3.61405530717959,-15.2355006143592
268.213373422623,1087.58578993423,788.071941387954,192.8,-57,3.65700530717959,-15.1925506143592
268.604075431824,1088.13301034709,787.985391220613,192.8,-57,3.72450530717959,-15.1250506143592
268.885701417923,1088.51845453858,787.923959653827,192.8,-57,3.77359530717959,-15.0759606143592
269.391188383102,1089.16712424414,787.818277510786,192.8,-58,3.84108530717959,-15.0084706143592
269.649163484573,1089.50761606259,787.76472690105,192.8,-58,3.90858530717959,-14.9409706143592
270.012128353119,1089.9967683431,787.689792934674,192.8,-58,3.92085530717959,-14.9287006143592
270.17018532753,1090.2097749897,787.657162129237,192.8,-58,3.90858530717959,-14.9409706143592
270.505367517471,1090.7149275537,787.579945034245,192.8,-58,4.04357530717959,-14.8059806143592
270.767996311188,1091.11482840369,787.518828111889,192.8,-59,4.04970530717959,-14.7998506143592
271.088853359222,1091.562522944,787.472519555234,192.8,-59,4.14788530717959,-14.7016706143592
271.480221509933,1092.07544014693,787.439044958832,192.8,-59,4.28287530717959,-14.5666806143592
271.708057403564,1092.40932753762,787.401400993551,192.8,-59,4.38718530717959,-14.4623706143592
271.950057506561,1092.82463989278,787.33020458981,192.8,-59,4.41786530717959,-14.4316906143592
272.387996435165,1093.58072167513,787.200123706852,192.8,-60,4.47922530717959,-14.3703306143592
272.787699460983,1094.29116690675,787.075795791319,192.8,-61,4.58967530717959,-14.2598806143592
273.246196508408,1095.11204390557,786.925811657941,192.8,-62,4.63875530717959,-14.2108006143592
273.607310533524,1095.76304579608,786.802121298745,192.8,-63,4.73079530717959,-14.1187606143592
273.818695545197,1096.1177123375,786.733825933474,192.8,-63,4.81669530717959,-14.0328606143592
274.076010465622,1096.50210089749,786.658057034629,192.8,-63,4.87805530717959,-13.9715006143592
274.453642368317,1097.0834733781,786.540069674113,192.8,-64,5.01304530717959,-13.8365106143592
274.692484378815,1097.61016102134,786.402862511001,192.8,-64,5.11122530717959,-13.7383306143592
