2.83088898658752,3,5.31371,-66,8.97004685105686,1.76054380067707,1.528,-2.15085257155823
2.96192097663879,3,5.30144,-65,8.96822073154161,1.76183767786495,1.528,-2.15130290818663
3.17580699920654,3,5.39348,-66,8.96510979292762,1.76402906343317,1.528,-2.15207222439675
3.32784104347229,3,5.58369,-65,8.96289848162606,1.76558673983709,1.528,-2.15261906824068
3.49358797073364,3,5.69414,-66,8.96048771859453,1.76728491263033,1.528,-2.15321523528512
3.54720306396484,3,5.74322,-66,8.95970789548209,1.76783423015999,1.528,-2.15340808080085
3.74207806587219,3,5.7555,-65,8.95685973095257,1.76982564360639,1.528,-2.15395279563269
3.97401189804077,3,5.7555,-64,8.95343833983964,1.77218381357666,1.528,-2.15424177368685
4.24495601654053,3,6.06229,-65,8.94944148526061,1.77493861772874,1.528,-2.15457935662341
4.41725707054138,3,6.16047,-65,8.94689977200819,1.77669047586686,1.528,-2.15479403519293
4.65038585662842,3,6.09604,-65,8.94371156775305,1.77892516130623,1.528,-2.15457000668052
4.75535297393799,3,6.22183,-64,8.9423754473804,1.77987759429578,1.528,-2.15426527747272
4.95357704162598,3,0.00613592,-64,8.93985226467353,1.78167620653004,1.528,-2.1536898147501
5.15358090400696,3,0.214757,-64,8.93730642706283,1.78349096796629,1.528,-2.15310918511959
5.44037103652954,3,0.349748,-63,8.93434335753678,1.78640664034537,1.528,-2.15274214866102
5.68214392662048,3,0.417243,-64,8.93389693898451,1.78980002461096,1.528,-2.15382199894287
5.82577800750732,3,0.552233,-63,8.9336317276185,1.79181598938641,1.528,-2.15446352373363
5.98494505882263,3,0.613592,-63,8.93333783559202,1.79404996593908,1.528,-2.15517442471661
6.21674990653992,3,0.717903,-63,8.9325120478863,1.79707905105147,1.528,-2.15599670521783
6.30043196678162,3,0.699495,-62,8.93148173306579,1.79775950503234,1.528,-2.15590138081514
6.49692797660828,3,0.846757,-63,8.92906242418989,1.79935729662262,1.528,-2.15567754711993
6.85190987586975,3,1.03697,-63,8.92469179671291,1.80224380354886,1.528,-2.15527317804234
7.03310585021973,3,1.12901,-62,8.92236571674016,1.80378144359278,1.528,-2.15518930354681
7.10848188400269,3,1.17196,-62,8.92119179054414,1.80456041249053,1.528,-2.15542007536312
7.30611395835876,3,1.19037,-62,8.91811381658323,1.80660282877849,1.528,-2.1560251471674
7.47732400894165,3,1.31922,-62,8.91544734617727,1.80837218831749,1.528,-2.15654932511045
7.64750385284424,3,1.3315,-62,8.91279692048139,1.81013090125011,1.528,-2.1570703489652
7.81499290466309,3,1.44194,-62,8.91018840188989,1.81186180636055,1.528,-2.15758313467122
8.0100998878479,3,1.49717,-62,8.90773580837462,1.81348132417683,1.528,-2.15814812506993
8.22725605964661,3,1.60761,-62,8.90506157832792,1.81524626492398,1.528,-2.15877390000923
8.39061594009399,3,1.68124,-61,8.90304983766635,1.81657397533195,1.528,-2.1592446511669
8.57475399971008,3,1.63829,-61,8.90078221834111,1.8180705607701,1.528,-2.15977527842066
8.69170784950256,3,1.80396,-61,8.89936431029935,1.81900921673086,1.528,-2.16007052982539
8.89983105659485,3,1.90827,-61,8.89721633425363,1.82048001006306,1.528,-2.15989469992784
8.98371386528015,3,1.9635,-61,8.89635060540857,1.8210728044824,1.528,-2.15982383274362
9.18061900138855,3,1.96963,-62,8.89431840764673,1.82246432042774,1.528,-2.15965748027197
9.34792494773865,3,2.06167,-61,8.89259169408081,1.82364666080086,1.528,-2.15951613424998
9.51700592041016,3,2.09849,-61,8.89084666101045,1.82484154517094,1.528,-2.15937328862254
9.65314483642578,3,2.14144,-61,8.88996907331185,1.82525706075252,1.528,-2.15862306683297
9.78109002113342,3,2.31324,-61,8.88934621797803,1.82543833954371,1.528,-2.15767483930984
9.9522819519043,3,2.30097,-62,8.88851283134116,1.82568089237086,1.528,-2.15640610144476
10.113420009613,3,2.41142,-62,8.88772838838652,1.82590920039497,1.528,-2.15521187485708
10.1924629211426,3,2.49732,-61,8.88734359626512,1.82602119213179,1.528,-2.154626071926
10.2969200611115,3,2.49118,-61,8.88683508406957,1.8261691919499,1.528,-2.15385191903129
10.5170660018921,3,2.55254,-61,8.88454496957029,1.82749374340305,1.528,-2.15311220208331
10.6972570419312,3,2.6814,-61,8.88204005910409,1.82910186101071,1.528,-2.15296819155128
10.7965199947357,3,2.69367,-61,8.88066016358135,1.82998773470431,1.528,-2.15288885957872
10.9642679691315,3,2.74276,-61,8.87832822933724,1.8314848039882,1.528,-2.1527547936727
11.0977449417114,3,2.72435,-61,8.87647271051933,1.83267602120841,1.528,-2.15264811750372
11.3513329029083,3,2.84093,-61,8.87271317508942,1.8350956218475,1.528,-2.15284461829645
11.4503610134125,3,2.89002,-61,8.8711746638741,1.83608749161814,1.528,-2.15304126080709
11.7985558509827,3,3.0066,-61,8.86576507199167,1.83957502593463,1.528,-2.15373267970524
11.9339909553528,3,3.08637,-61,8.86366093786289,1.84093154970576,1.528,-2.15400161646286
12.1398830413818,3,3.19068,-61,8.86060284337243,1.84292524984166,1.528,-2.15469402623033
12.1965489387512,3,3.17227,-61,8.8597832459428,1.8434632146858,1.528,-2.1549290529506
12.3987078666687,3,3.27658,-61,8.8568592838176,1.845382435967,1.528,-2.1557675246242
12.5457079410553,3,3.40544,-60,8.85473312172159,1.84677799971483,1.528,-2.15637722017244
12.8260679244995,3,3.52202,-60,8.85067808452162,1.84943963258044,1.528,-2.15754003750111
12.988597869873,3,3.52816,-61,8.84858045103106,1.85083050905084,1.528,-2.15786018469173
13.0959198474884,3,3.58338,-60,8.84723913986193,1.85172261346907,1.528,-2.15801034088093
13.2898409366608,3,3.67542,-60,8.84481551211469,1.85333456531977,1.528,-2.15828165950927
13.362144947052,3,3.7061,-60,8.84391185585653,1.85393558599194,1.528,-2.15838282140458
13.5677409172058,3,3.71837,-60,8.8413423153279,1.85564458425511,1.528,-2.15867047457759
13.7146430015564,3,3.76132,-61,8.8395389043283,1.85687143432168,1.528,-2.15883759947074
13.9205780029297,3,3.83495,-60,8.83852721864678,1.85885850117463,1.528,-2.15728376643835
14.074490070343,3,3.96381,-60,8.83777110320367,1.86034359873156,1.528,-2.15612245994438
14.2155730724335,3,3.98835,-60,8.83707801241206,1.86170490863565,1.528,-2.15505795207785
14.3911440372467,3,4.01289,-60,8.8362154944816,1.86339899289619,1.528,-2.15373322358179
14.5668489933014,3,4.0988,-60,8.8353012650304,1.86509301306012,1.528,-2.15243853771673
14.7316150665283,3,4.1847,-60,8.83299898509229,1.86664316168396,1.528,-2.15210337044671
14.9842410087585,3,4.2706,-60,8.82946903728659,1.86901991163633,1.528,-2.15158947856512
15.1998109817505,3,4.35037,-60,8.826456873348,1.87104803241647,1.528,-2.15115096596401
15.4220368862152,3,4.44854,-60,8.82341506092899,1.87310579947654,1.528,-2.15081973619517
15.798150062561,3,4.66944,-60,8.81884150385451,1.87628944598218,1.528,-2.15135503958992
15.8813538551331,3,4.62035,-61,8.81782974112438,1.87699373256435,1.528,-2.15147345945772
16.0863099098206,3,4.72466,-60,8.81533746413749,1.87872860299259,1.528,-2.15176516333504
16.3141739368439,3,4.75534,-60,8.81257993493403,1.8806453819629,1.528,-2.15215730592265
16.6466739177704,3,4.9701,-60,8.8085718126623,1.88342822333291,1.528,-2.15280940457204
16.8466279506683,3,5.11122,-60,8.80616146602003,1.88510172825552,1.528,-2.15320155423301
17.0140328407288,3,5.09895,-60,8.80410111942363,1.88652656970589,1.528,-2.15341339009544
17.1310448646545,3,5.18486,-60,8.80249564920028,1.88761521047378,1.528,-2.15310686624286
17.3465559482574,3,5.33825,-60,8.79953871694735,1.88962025357679,1.528,-2.15254231496512
17.6064438819885,3,5.39961,-60,8.79597290956265,1.89203816406368,1.528,-2.15186151441136
17.902862071991,3,5.66346,-59,8.79156437166287,1.8950547028919,1.528,-2.15140261118192
18.0711669921875,3,5.688,-59,8.78834247706687,1.8973120682829,1.528,-2.1518104459409
18.2840640544891,3,5.80458,-59,8.78426694621648,1.90016751932807,1.528,-2.15232633592196
18.5013370513916,3,5.84753,-59,8.7801076459788,1.90308166196295,1.528,-2.15285282962294
18.6593699455261,3,5.97639,-59,8.77708239082282,1.90520125529059,1.528,-2.15323577331357
18.805526971817,3,6.03775,-59,8.775000144887,1.90664074401432,1.528,-2.15348074960841
19.0146870613098,3,6.14206,-59,8.77206317923531,1.90866955232841,1.528,-2.15382478692851
19.1652929782867,3,6.17274,-60,8.76994841438616,1.91013039764195,1.528,-2.15407251132083
19.5318930149078,3,0.0245437,-60,8.76491591369304,1.91361315054605,1.528,-2.15463887556704
19.8465669155121,3,0.239301,-59,8.76140741973764,1.91608718944509,1.528,-2.15486700633993
20.0719549655914,3,0.312932,-58,8.75889442895638,1.91785924236148,1.528,-2.1550304070858
20.1242909431458,3,0.343612,-59,8.75831090277087,1.91827071990709,1.528,-2.1550683493714
20.3281428813934,3,0.392699,-59,8.75604503498449,1.91987282557553,1.528,-2.15507155553127
20.5695810317993,3,0.484738,-58,8.7533999938677,1.92176688010386,1.528,-2.15427834479727
20.8200640678406,3,0.619728,-59,8.75065586280029,1.92373189071997,1.528,-2.15345541837683
20.8416328430176,3,0.60132,-59,8.75041956916945,1.92390109528117,1.528,-2.15338455723098
21.0275089740753,3,0.693359,-59,8.74838322980697,1.92535927215647,1.528,-2.152773887616
21.3171808719635,3,0.779262,-59,8.74520001734652,1.92759817268165,1.528,-2.15204915650291
21.5616528987885,3,0.987884,-58,8.7425111211654,1.92947951258394,1.528,-2.15149303716072
21.7119810581207,3,1.00016,-58,8.74085769349602,1.93063636626681,1.528,-2.15115107412239
21.9036118984222,3,1.0247,-58,8.73874998636338,1.93211106564674,1.528,-2.15071515669562
22.0132019519806,3,1.10447,-58,8.73766219208708,1.93322198539201,1.528,-2.14963265828031
22.1735320091248,3,1.14742,-58,8.73609898899354,1.93491152697442,1.528,-2.14784883424353
22.4116370677948,3,1.31922,-58,8.73377748689386,1.93742065348987,1.528,-2.14519968950735
22.5903449058533,3,1.36831,-58,8.7320351021516,1.93930385822939,1.528,-2.14321139521763
22.8639500141144,3,1.49103,-59,8.72908352127684,1.94198616476109,1.528,-2.14120554449456
23.0109329223633,3,1.50944,-59,8.7272093461302,1.94322294762283,1.528,-2.14118308893981
23.1953749656677,3,1.59534,-58,8.72485753055059,1.94477492914818,1.528,-2.14115491050429
23.4598360061646,3,1.69965,-58,8.72148539486993,1.9470002279015,1.528,-2.14111450703531
23.7106268405914,3,1.76715,-58,8.71819545138585,1.9491833349178,1.528,-2.14146958187355
24.0083758831024,3,1.85305,-58,8.71409539219856,1.95192868567949,1.528,-2.14272008195872
24.089457988739,3,1.86532,-58,8.71297887666139,1.95267629117502,1.528,-2.14306061430485
24.2964370250702,3,1.93282,-58,8.71012873718712,1.95458471059513,1.528,-2.14392989435485
24.5204720497131,3,2.02485,-58,8.70704091720954,1.9566463994584,1.528,-2.14460138522001
24.7415149211884,3,2.12303,-58,8.7039884241974,1.95867216997961,1.528,-2.14469824583236
25.085765838623,3,2.24575,-58,8.69923448885047,1.96182709352807,1.528,-2.14484909600202
25.2951228618622,3,2.31938,-59,8.69636676401608,1.96372463294257,1.528,-2.14486000296963
25.4524290561676,3,2.33165,-59,8.69427183198394,1.9650963614214,1.528,-2.14466151503788
25.7083089351654,3,2.49732,-59,8.69086414065139,1.96732766400125,1.528,-2.1443386474726
25.961333990097,3,2.62004,-58,8.68749446856155,1.96953407218015,1.528,-2.14401938210574
26.092836856842,3,2.62004,-58,8.68601802858155,1.97050229481385,1.528,-2.14340342439559
26.4534058570862,3,2.74889,-58,8.68342753994998,1.97221035730111,1.528,-2.13932766403598
26.738184928894,3,2.80412,-59,8.68138155999184,1.9735593929902,1.528,-2.13610860956558
26.9397790431976,3,2.89002,-58,8.67946471038722,1.97481771400439,1.528,-2.13455894156803
27.1248610019684,3,2.94524,-59,8.67682836484191,1.97654047445974,1.528,-2.13450021109796
27.555114030838,3,3.13546,-59,8.67069975207191,1.98054531052727,1.528,-2.13436368259566
27.7709369659424,3,3.20295,-59,8.66774936491736,1.98247872860761,1.528,-2.13438457035623
28.0256459712982,3,3.34408,-59,8.66479741762162,1.98443743971815,1.528,-2.13479173550047
28.2650229930878,3,3.44225,-59,8.66202316018559,1.98627824794373,1.528,-2.13517439169854
28.4016518592834,3,3.49134,-58,8.66043970140083,1.98732892331293,1.528,-2.13539279980678
28.6400330066681,3,3.60792,-59,8.65777283895838,1.98909245221478,1.528,-2.13562213508032
28.9295358657837,3,3.61406,-59,8.65472599161333,1.99109476944984,1.528,-2.13559683504305
29.2217519283295,3,3.7061,-59,8.65165058939772,1.99311585228193,1.528,-2.13557129789535
29.4192750453949,3,3.81041,-59,8.64956300104543,1.99449409777983,1.528,-2.13551141976505
29.8421909809113,3,3.9454,-59,8.64505768767849,1.99749411887294,1.528,-2.13521036131029
30.1523180007935,3,4.1172,-59,8.64175281802728,1.99969552832004,1.528,-2.13498818029015
30.3541069030762,3,4.19084,-59,8.63921691349803,2.0016475396099,1.528,-2.13434565342002
30.4581398963928,3,4.20924,-59,8.63790951881003,2.00265390604122,1.528,-2.13401439638443
30.7333018779755,3,4.30742,-59,8.63445152628676,2.00531569412031,1.528,-2.13313823835589
31.3695209026337,3,4.58967,-59,8.62738219571112,2.0102269882163,1.528,-2.13097827040707
31.648323059082,3,4.61421,-60,8.62453745294999,2.01203936465283,1.528,-2.12999506438364
32.0086760520935,3,4.77375,-60,8.62033100587222,2.0147081027266,1.528,-2.12941085497233
32.1415209770203,3,4.80443,-59,8.61858525546713,2.01581207905612,1.528,-2.12944833083076
32.5779459476471,3,5.00078,-59,8.61285007913515,2.01943888555586,1.528,-2.12957144731731
32.7858729362488,3,5.04986,-60,8.61001455854068,2.02122590828174,1.528,-2.12986361378343
33.0474669933319,3,5.12963,-60,8.60632415221437,2.02354468719234,1.528,-2.13050983085688
33.2309370040894,3,5.25235,-60,8.6037358713645,2.02517097181217,1.528,-2.13096305771815
33.6044659614563,3,5.46711,-61,8.59860496740611,2.02840118730946,1.528,-2.13187613941753
33.9521749019623,3,5.58983,-61,8.5941841025567,2.03120106838076,1.528,-2.13270136752275
34.2091498374939,3,5.69414,-61,8.59091685421382,2.03327032566458,1.528,-2.13331125388009
34.5117030143738,3,5.82299,-61,8.58778417878467,2.03520937802806,1.528,-2.13367228190622
34.8035340309143,3,5.92117,-61,8.58522576762762,2.03675714610373,1.528,-2.13378889456946
34.9425530433655,3,5.96412,-61,8.58400702194146,2.03749445357685,1.528,-2.1338444451325
35.1789338588715,3,6.09911,-62,8.58179681351388,2.03884314520109,1.528,-2.13385258775519
35.6231319904327,3,0.0490874,-62,8.57515226384069,2.04309377941118,1.528,-2.1323087991341
35.9767220020294,3,0.220893,-62,8.5698630781619,2.04647736365624,1.528,-2.13107991454939
36.0317330360413,3,0.220893,-62,8.56912844596703,2.04694749359209,1.528,-2.1309452472524
36.4559769630432,3,0.306796,-62,8.56438341784121,2.04998610781778,1.528,-2.13049619096289
36.7899289131165,3,0.46633,-62,8.560648275639,2.05237801276114,1.528,-2.13014270747372
37.1499290466309,3,0.66268,-62,8.55638328199682,2.05511666700302,1.528,-2.12987478655614
37.4559299945831,3,0.687223,-63,8.55271022319542,2.05747663426426,1.528,-2.12966972842521
37.7501640319824,3,0.730175,-64,8.54915826694949,2.05976173392519,1.528,-2.12963685883909
37.9994690418243,3,0.865165,-63,8.54604314953816,2.06178112689823,1.528,-2.13046997163514
38.2758059501648,3,0.981748,-64,8.54259026299123,2.0640194806772,1.528,-2.13139341803723
38.5260288715363,3,0.889709,-64,8.5394636760864,2.06604630881608,1.528,-2.13222959825596
38.9080328941345,3,0.920388,-64,8.53279666034958,2.07023898398427,1.528,-2.13279745514707
39.3111178874969,3,1.03084,-65,8.52571297248473,2.07469130881731,1.528,-2.13337840542682
39.5681669712067,3,1.10447,-64,8.52230018504118,2.07687883317007,1.528,-2.13321157863529
39.8315889835358,3,1.20264,-64,8.51907392303175,2.07896060104769,1.528,-2.13290871807116
40.2155148983002,3,1.28854,-64,8.5143372451342,2.08201603282203,1.528,-2.13240305771958
40.5048089027405,3,1.23946,-64,8.51044262313868,2.08451947543225,1.528,-2.13141664690849
40.7977030277252,3,1.42967,-64,8.50649953450215,2.08705407214534,1.528,-2.1304179607036
41.034285068512,3,1.42353,-64,8.50331454758348,2.08910136504678,1.528,-2.12961128279407
41.3721129894257,3,1.46035,-65,8.49895352858284,2.09191851693321,1.528,-2.1291377937686
41.6079430580139,3,1.66284,-65,8.49591049059127,2.09388437333484,1.528,-2.12881194633765
41.9460279941559,3,1.79783,-64,8.49158530353572,2.09668018721104,1.528,-2.12836501971011
42.1704828739166,3,1.74874,-64,8.48894503553424,2.09839728458263,1.528,-2.12819357373599
42.5530450344086,3,1.97577,-64,8.48444494789078,2.10132391500809,1.528,-2.12790136025265
42.6034719944,3,2.05553,-64,8.48385177438072,2.10170968519296,1.528,-2.12786284249225
43.227306842804,3,2.24575,-64,8.47790598123698,2.10540717601069,1.528,-2.13172673214454
43.5212299823761,3,2.35619,-64,8.47533245737942,2.10697335927117,1.528,-2.13425754191318
43.7305629253387,3,2.4421,-64,8.47286848938721,2.10849796136139,1.528,-2.13466402438741
44.1385478973389,3,2.66913,-63,8.46746402294669,2.11185983492477,1.528,-2.13412408711814
44.397136926651,3,2.69981,-63,8.4640421907129,2.11398847257981,1.528,-2.1337684069921
44.7400329113007,3,2.92684,-63,8.45970222194019,2.1166921277674,1.528,-2.13256401374417
45.0048370361328,3,3.04955,-63,8.4563506468734,2.1187800467803,1.528,-2.13163391157252
45.3341488838196,3,3.12932,-63,8.45233545026924,2.12127662408696,1.528,-2.13049447246786
45.5946278572083,3,3.28885,-63,8.44937739177435,2.12310885434873,1.528,-2.12961777709304
45.9231538772583,3,3.41157,-63,8.44564657553317,2.12541973306527,1.528,-2.1285120554352
46.1482489109039,3,3.42998,-63,8.44310186184036,2.12699580129683,1.528,-2.12784583527212
46.5133759975433,3,3.60792,-63,8.43899520178545,2.12953901209226,1.528,-2.12693278090458
46.9660768508911,3,3.73678,-63,8.43371873480765,2.13293263386677,1.528,-2.12630770884541
47.4238460063934,3,3.96381,-63,8.42679592519156,2.13842885811469,1.528,-2.13002899548409
47.6786160469055,3,4.07425,-63,8.42294305641447,2.14148776511503,1.528,-2.13210006632033
48.0344619750977,3,4.26447,-63,8.41841106304774,2.1444340493927,1.528,-2.13337767585849
48.2884769439697,3,4.30128,-63,8.41531830406688,2.14631498955055,1.528,-2.13401904561724
48.5444450378418,3,4.47309,-63,8.41220176481467,2.14821039228619,1.528,-2.13466534687791
48.9416499137878,3,4.71239,-63,8.40714690505283,2.15134305891409,1.528,-2.1345994973876
49.2620089054108,3,4.85965,-63,8.40305783785345,2.15388029795431,1.528,-2.13448698984606
49.4268200397491,3,4.86579,-63,8.40102199465595,2.15514190551178,1.528,-2.13437294112966
49.8309328556061,3,5.01305,-63,8.39674755034289,2.1577730634556,1.528,-2.13349905473677
50.1539969444275,3,5.04373,-63,8.39333038710769,2.15987651726926,1.528,-2.13280043469757
50.4084229469299,3,5.22167,-63,8.39030348487459,2.16175123362944,1.528,-2.13235677443263
50.5515649318695,3,5.26462,-63,8.38849227731201,2.16287630127973,1.528,-2.13214151485231
50.9865920543671,3,5.3812,-63,8.38298778179639,2.16629552829918,1.528,-2.13148731297116
51.2886738777161,3,5.58983,-64,8.37570424195473,2.16682782863015,1.528,-2.13181473185322
51.5334379673004,3,5.60823,-62,8.36816755099223,2.16638893379295,1.528,-2.13244931228663
51.7921168804169,3,5.73095,-63,8.36020239960919,2.16592508781107,1.528,-2.1331199685789
52.1332969665527,3,5.9948,-62,8.35243548957926,2.16698433721417,1.528,-2.13392434467317
52.4175188541412,3,6.02548,-63,8.3485521438871,2.16944523641892,1.528,-2.13451870024772
52.7867050170898,3,6.17274,-62,8.34350792471153,2.17264178803749,1.528,-2.1352907303537
53.0823729038239,3,6.20955,-63,8.33979954727399,2.17502942967432,1.528,-2.13564821957421
53.2326159477234,3,6.27091,-62,8.33793990471355,2.17622982454035,1.528,-2.13581038745626
53.6493978500366,3,0.147262,-62,8.33278116096179,2.1795597814076,1.528,-2.13626024947063
53.99276304245,3,0.269981,-62,8.32788673448767,2.18265453630829,1.528,-2.13591439392238
54.2469699382782,3,0.509282,-62,8.32422155737914,2.18496841074549,1.528,-2.13561204766259
54.8483910560608,3,0.76699,-62,8.31566365718338,2.19037543607589,1.528,-2.13448101118284
55.1754899024963,3,0.852893,-62,8.31105431002157,2.19328943536584,1.528,-2.13370061295611
55.3067760467529,3,0.908117,-62,8.30920427776677,2.19445901372209,1.528,-2.13338738814567
55.6994678974152,3,0.987884,-61,8.3060814992674,2.19587746581678,1.528,-2.13112248212346
55.8829529285431,3,1.19651,-62,8.30476821816289,2.19641442311567,1.528,-2.12998387387521
56.4661118984222,3,1.42353,-61,8.29904793341129,2.19951872919409,1.528,-2.12866776405144
56.7358348369598,3,1.53398,-62,8.29553428864398,2.20173900778939,1.528,-2.12935140045665
57.0797710418701,3,1.68738,-62,8.29105581731348,2.20456890236323,1.528,-2.13022498939638
57.36781001091,3,1.77328,-61,8.28775502174806,2.20664078634891,1.528,-2.13138619234914
57.6408469676971,3,1.91441,-61,8.28462614241911,2.20860475983539,1.528,-2.13248691605153
57.8051998615265,3,1.95736,-61,8.28274273301474,2.20978696143075,1.528,-2.13314948982148
58.2520339488983,3,2.15371,-61,8.27712356541976,2.21330570208373,1.528,-2.13405635865582
58.8130478858948,3,2.40528,-62,8.2697386480639,2.217920503321,1.528,-2.13465637394427
59.1379799842834,3,2.54027,-61,8.26501308566469,2.2208439778111,1.528,-2.13446750883589
59.3795728683472,3,2.63845,-61,8.26149954466795,2.22301763389818,1.528,-2.13432708421654
59.6086039543152,3,2.66299,-60,8.2582263006501,2.22500606485566,1.528,-2.13417725128836
59.9292390346527,3,2.90843,-60,8.25423261683474,2.22705188590447,1.528,-2.13379672103803
60.3971929550171,3,2.93297,-60,8.24840399697154,2.23003767890986,1.528,-2.13324135254163
60.4943609237671,3,2.99433,-60,8.24722931086119,2.23070983494681,1.528,-2.13311721278666
61.0000610351563,3,3.0741,-60,8.24121934898272,2.23435980190367,1.528,-2.13244547619688
61.3429598808289,3,3.23977,-60,8.23706445976157,2.23688956322365,1.528,-2.13230034224708
61.6199479103088,3,3.35021,-60,8.23340595780463,2.2391409490433,1.528,-2.13335963192346
61.9508759975433,3,3.43612,-59,8.22903500698402,2.24183076493291,1.528,-2.13462520541085
62.2852869033813,3,3.4852,-60,8.22454937394516,2.24459030321447,1.528,-2.13551169510552
62.6124460697174,3,3.66315,-59,8.2200506975103,2.2473565193329,1.528,-2.13574868260164
63.0622279644012,3,3.68155,-60,8.21370882612538,2.25126358000789,1.528,-2.13622409770002
63.1457960605621,3,3.81654,-59,8.21243209072442,2.25205471081894,1.528,-2.13640619942124
63.7031788825989,3,3.85336,-60,8.20391651584029,2.25733139826695,1.528,-2.13762078220978
63.9430458545685,3,3.87177,-59,8.20044188387916,2.25973063733786,1.528,-2.13717388804851
64.1365158557892,3,3.96381,-59,8.197719307017,2.26171985227415,1.528,-2.13640538098242
64.607146024704,3,4.0988,-59,8.19109643628541,2.26655876557116,1.528,-2.13453593038005
65.01740193367,3,4.14175,-59,8.18590994965586,2.26979584510589,1.528,-2.1337082831734
65.2633140087128,3,4.19084,-58,8.18280458253619,2.2717303821271,1.528,-2.13321692761649
65.4981620311737,3,4.25219,-58,8.17985641342338,2.27356741697834,1.528,-2.13279397758143
65.9405338764191,3,4.29515,-58,8.17496242719136,2.27663310288425,1.528,-2.13374348161819
66.6026740074158,3,4.44241,-58,8.1670990190129,2.28152680464478,1.528,-2.13484726064284
66.9887089729309,3,4.47309,-58,8.16196200962182,2.2846930704331,1.528,-2.13516482122338
67.0919270515442,3,4.4915,-58,8.16058847539168,2.28553966698586,1.528,-2.13524973061215
67.5854849815369,3,4.58967,-58,8.1536218009268,2.28987722499318,1.528,-2.13638108856649
67.9984030723572,3,4.66944,-58,8.14771114932079,2.29356575186332,1.528,-2.13747713657811
68.2682049274445,3,4.74307,-58,8.14637111545508,2.29357177339468,1.528,-2.13509949855567
68.6372029781342,3,4.75534,-57,8.14475798648787,2.29337069083644,1.528,-2.13157831953585
68.8185889720917,3,4.82284,-57,8.14396503107645,2.29327184597906,1.528,-2.12984743625552
69.200404882431,3,4.85965,-57,8.13857046815649,2.29647803946783,1.528,-2.12929598766176
69.5537710189819,3,4.93942,-57,8.13336971767541,2.29963609584049,1.528,-2.12895838758945
69.8835499286652,3,5.00691,-57,8.12901191015347,2.30227914536154,1.528,-2.12814488552321
70.5426359176636,3,5.1235,-57,8.12076902835867,2.30727357535583,1.528,-2.12608233499066
70.6506190299988,3,5.15418,-57,8.11920287731646,2.30821745552761,1.528,-2.12609219274702
71.1127789020538,3,5.22781,-57,8.1124998646913,2.31225719405702,1.528,-2.12613438322775
71.5755438804626,3,5.28917,-58,8.10586592344067,2.31630708904912,1.528,-2.12673603342006
71.6728489398956,3,5.28303,-58,8.1044962284684,2.31716023238951,1.528,-2.12704374267174
72.1712958812714,3,5.3812,-58,8.09747994099556,2.32153047470836,1.528,-2.12861998892476
72.5055160522461,3,5.4487,-58,8.09219218211226,2.32507020203388,1.528,-2.1291744122062
72.8515629768372,3,5.47938,-58,8.0864666887342,2.32899706849431,1.528,-2.12953250987306
73.2425999641418,3,5.52233,-59,8.08036343921902,2.3330524245244,1.528,-2.12961227244971
73.5056929588318,3,5.60823,-59,8.0767953836653,2.33521999440136,1.528,-2.1291889438247
73.8200068473816,3,5.61437,-58,8.07253267261528,2.33780956284478,1.528,-2.12868319844588
74.485631942749,3,5.65119,-59,8.0636815350792,2.34327558676866,1.528,-2.12732294112548
74.8060989379883,3,5.66346,-59,8.05941919632849,2.34591575349037,1.528,-2.12671163399718
75.0860450267792,3,5.69414,-59,8.05554658297821,2.34829788778571,1.528,-2.12672479496014
75.4232890605927,3,5.688,-59,8.05088134277681,2.35116758524179,1.528,-2.12674064964222
75.544704914093,3,5.71868,-59,8.04920174561854,2.35220074441137,1.528,-2.12674635770393
76.0819458961487,3,5.74322,-60,8.04220217895107,2.35653449253717,1.528,-2.12706881626425
76.178946018219,3,5.73095,-60,8.04095154389642,2.35730972666402,1.528,-2.12713607922526
76.6582849025726,3,5.76163,-60,8.03418207709667,2.3610794466851,1.528,-2.12738709064832
76.910698890686,3,5.81686,-60,8.03012479155965,2.36301337872194,1.528,-2.12745124953106
77.353658914566,3,5.79231,-59,8.02317419165497,2.36643987036571,1.528,-2.12774459202036
77.7029240131378,3,5.82913,-60,8.01864732004134,2.36932522217925,1.528,-2.12899265475496
77.970862865448,3,5.95185,-61,8.01517452877285,2.37153872091301,1.528,-2.12995010655328
78.3843698501587,3,5.9273,-60,8.00982239589944,2.3749698071321,1.528,-2.13128281219199
78.6984350681305,3,5.94571,-60,8.00576069000998,2.37758253367335,1.528,-2.13222978294711
79.0543279647827,3,5.95185,-61,8.00117199423582,2.3805482645584,1.528,-2.13281073751393
79.3863830566406,3,5.97639,-61,7.99692228547108,2.38332677019706,1.528,-2.13223708536662
79.4862868785858,3,6.02548,-61,7.99564369598951,2.38416272585443,1.528,-2.13206449339803
80.0093078613281,3,6.08684,-61,7.98903995773735,2.38846857306596,1.528,-2.13190355193464
80.1379299163818,3,6.13592,-61,7.98744951630969,2.38950115053277,1.528,-2.13214090868762
80.4166779518127,3,6.16047,-62,7.98400273244948,2.3917389389135,1.528,-2.13265530513824
80.9475810527802,3,6.24637,-62,7.9780011290793,2.39559785372139,1.528,-2.13355853660033
81.3577878475189,3,0.0552233,-62,7.97371097156534,2.3983310214859,1.528,-2.13420929082998
81.4397559165955,3,0.079767,-62,7.97285370656641,2.39887716671556,1.528,-2.13433932540847
82.2648260593414,3,0.233165,-62,7.96239684388354,2.40571836648584,1.528,-2.13592598164107
82.6095168590546,3,0.0981748,-62,7.95762670317163,2.40880472999856,1.528,-2.13651463784127
82.7162659168243,3,0.214757,-63,7.95611288086459,2.40978018592176,1.528,-2.13668787454895
83.2602310180664,3,0.417243,-62,7.94858221927516,2.41463821922515,1.528,-2.1371478976916
83.4989018440247,3,0.429515,-63,7.94561382820224,2.41656350098529,1.528,-2.13657567772573
83.9149079322815,3,0.460194,-63,7.94043988725783,2.4199192899914,1.528,-2.13557829151958
84.1935489177704,3,0.380427,-62,7.93686707641567,2.42222121608982,1.528,-2.1352566327377
84.5198218822479,3,0.478602,-62,7.93266183943064,2.42492759467818,1.528,-2.13494996094298
84.8036849498749,3,0.411107,-62,7.92900321122471,2.42728219040597,1.528,-2.13468315122878
85.142128944397,3,0.490874,-62,7.92575225960662,2.429000565883,1.528,-2.13230769076559
85.530161857605,3,0.478602,-63,7.92203772373302,2.43095822668125,1.528,-2.1295605770114
85.5724220275879,3,0.570641,-62,7.92163317836565,2.43117143302351,1.528,-2.12926139235396
86.0586030483246,3,0.724039,-62,7.91524188369223,2.435065693564,1.528,-2.12892405284297
86.4387769699097,3,0.552233,-62,7.90995654875156,2.43834948154489,1.528,-2.12917424621294
86.8399848937988,3,0.650408,-62,7.90413826921522,2.44198233174049,1.528,-2.12971400901203
87.018914937973,3,0.791534,-62,7.90152095843428,2.44361815097857,1.528,-2.12998050671571
87.4825649261475,3,0.613592,-62,7.89494708019913,2.44773447080961,1.528,-2.13095046113903
87.5617060661316,3,0.705631,-61,7.89390044650811,2.44839269369745,1.528,-2.13121730825572
88.040992975235,3,0.736311,-61,7.88756192488924,2.4523789594181,1.528,-2.13283336192626
88.4210050106049,3,0.613592,-61,7.88268075695992,2.45544568748346,1.528,-2.13328214130764
88.7665128707886,3,0.60132,-61,7.8782858962298,2.45820595330023,1.528,-2.13344171917517
89.0680539608002,3,0.632,-60,7.87534174900392,2.4600108859653,1.528,-2.1331602505596
89.4131669998169,3,0.650408,-60,7.87328169063066,2.46118925606928,1.528,-2.13222006164685
90.0547540187836,3,0.552233,-60,7.86681176773196,2.46519288364133,1.528,-2.13011273752687
90.359983921051,3,0.66268,-60,7.86223802818597,2.46812467857897,1.528,-2.1289065531649
90.633975982666,3,0.638136,-59,7.85813237432248,2.47075642773994,1.528,-2.12782381213078
90.9968359470367,3,0.656544,-59,7.85305815086267,2.47397036366729,1.528,-2.12844776216967
91.3722040653229,3,0.693359,-59,7.84781266679258,2.47729235652245,1.528,-2.12911392541154
91.6718800067902,3,0.693359,-59,7.8432739849724,2.48018230967591,1.528,-2.12964069293312
92.0148730278015,3,0.656544,-59,7.83782515968827,2.48366219573718,1.528,-2.1302399353053
92.2263028621674,3,0.693359,-59,7.83446636182144,2.48580728816903,1.528,-2.13060932391595
92.6736009120941,3,0.699495,-58,7.82703223583967,2.49054170360355,1.528,-2.13062886006041
92.8769040107727,3,0.699495,-58,7.82362870410069,2.49270828015083,1.528,-2.13058060102829
93.3970229625702,3,0.748583,-58,7.81682070589419,2.49796628415198,1.528,-2.13013515113267
93.9647109508514,3,0.809942,-58,7.81077340528529,2.50331383000147,1.528,-2.129338414728
94.2898478507996,3,0.859029,-58,7.80709419236856,2.50570550942604,1.528,-2.12862778793411
94.5950858592987,3,0.840621,-58,7.80364015308934,2.50795081429499,1.528,-2.12796065262162
94.9657928943634,3,0.871301,-57,7.79902079189139,2.51094312676339,1.528,-2.12718729487016
95.1349380016327,3,0.895845,-57,7.79678622931442,2.51238777050373,1.528,-2.12684544735406
95.6123208999634,3,0.969476,-57,7.790479561763,2.51646502835028,1.528,-2.12588064168717
95.9008738994598,3,1.01243,-57,7.78636497715306,2.51912678021209,1.528,-2.12646260417017
96.3385369777679,3,1.10447,-57,7.78011564743085,2.52316955647683,1.528,-2.12737814383318
96.5843060016632,3,1.17196,-57,7.77673574838455,2.52535859005418,1.528,-2.12787856762955
97.0216188430786,3,1.20264,-57,7.77098005331046,2.52909158455945,1.528,-2.12874165713928
97.2420358657837,3,1.27014,-56,7.76807903360173,2.53097311068149,1.528,-2.12917667665402
97.7980709075928,3,1.33763,-56,7.77859385294909,2.55382160690365,1.528,-2.13042051197685
98.1841309070587,3,1.46035,-56,7.78504097885323,2.56860407661766,1.528,-2.13092096662694
98.5626890659332,3,1.49103,-56,7.78078114262471,2.57129425066208,1.528,-2.12956405985937
98.6550259590149,3,1.49717,-56,7.77974209477128,2.57195043071603,1.528,-2.12923308679174
99.2963259220123,3,1.60761,-55,7.77131613248991,2.57723175658706,1.528,-2.12693476494271
99.5974750518799,3,1.63829,-55,7.76695705985041,2.57995263877844,1.528,-2.12585561140777
99.7278399467468,3,1.63216,-55,7.76507005441023,2.58113048551829,1.528,-2.12538845502851
100.253437995911,3,1.78555,-54,7.75833924590521,2.58531198449207,1.528,-2.12603806936095
100.567373037338,3,1.85918,-54,7.75436711767076,2.58777843234884,1.528,-2.12656505749314
100.932307958603,3,1.90214,-54,7.7496512632872,2.5907141858907,1.528,-2.12737219356173
101.027435064316,3,1.92054,-54,7.7484147385067,2.59148449834438,1.528,-2.12759691461135
101.786599874496,3,2.09849,-54,7.73698530507735,2.5990512517608,1.528,-2.13058736740861
102.014556884766,3,2.18439,-54,7.73278629108585,2.60202061359195,1.528,-2.132073426858
102.444470882416,3,2.22734,-54,7.72546907905334,2.60707306895982,1.528,-2.13420417630147
102.778867959976,3,2.31938,-54,7.72100014245791,2.60989071467106,1.528,-2.13449681012904
103.009471893311,3,2.35619,-54,7.71791831421873,2.61183379440279,1.528,-2.13469861366201
103.424504995346,3,2.43596,-54,7.71307838724171,2.6148885321488,1.528,-2.13406490936201
103.552325963974,3,2.51573,-54,7.7116720740658,2.61577656709156,1.528,-2.13375084822372
104.047857046127,3,2.57095,-54,7.70627432893076,2.6191842069806,1.528,-2.13226489944045
104.483563899994,3,2.6139,-54,7.70172569992827,2.62205271175695,1.528,-2.12998034027929
104.857750892639,3,2.65685,-54,7.69768347592172,2.62459766440592,1.528,-2.12824539536999
105.088896989822,3,2.67526,-54,7.69470588945836,2.62645797798868,1.528,-2.12797692445936
105.57285785675,3,2.64458,-55,7.68847158421278,2.63035299929875,1.528,-2.12741481497
106.008847951889,3,2.6814,-55,7.67082960682184,2.62140876893789,1.528,-2.12629353201161
106.130195856094,3,2.73662,-54,7.66514830401578,2.61812087211778,1.528,-2.12594202283397
106.604887962341,3,2.71208,-55,7.64648409765443,2.60875086264358,1.528,-2.12511722863809
106.946990013123,3,2.73662,-55,7.64250730218725,2.61129021224918,1.528,-2.12598715264654
107.114657878876,3,2.71208,-55,7.6405582322913,2.61253477458899,1.528,-2.12641351168628
107.73556303978,3,2.74889,-55,7.63209322653774,2.61792196818162,1.528,-2.12648346923921
107.82705783844,3,2.68753,-55,7.63074856071853,2.61877652216018,1.528,-2.12637607876597
108.206284046173,3,2.69367,-56,7.62521999678693,2.62228874023558,1.528,-2.12574997343808
108.790549039841,3,2.63231,-56,7.61697823239793,2.6275167779038,1.528,-2.12367007753218
109.02299785614,3,2.58936,-56,7.61380837299056,2.62952907467613,1.528,-2.12298437465113
109.438350915909,3,2.49732,-56,7.60862888246694,2.63282422651726,1.528,-2.12238880646651
109.71292090416,3,2.50346,-56,7.60520496968053,2.63500249337007,1.528,-2.121995104902
110.219863891602,3,2.52186,-56,7.59721998433131,2.63996018062708,1.528,-2.11935232329009
110.487093925476,3,2.44823,-56,7.59281060055479,2.64268620991342,1.528,-2.11772863994788
110.968351840973,3,2.35006,-56,7.58648036509951,2.6466019153881,1.528,-2.11737389031252
111.140099048615,3,2.26416,-57,7.5845379248437,2.64780398227018,1.528,-2.11775239580134
111.604681968689,3,2.27029,-57,7.57907191301319,2.65118008597755,1.528,-2.11856431274524
111.83293390274,3,2.22734,-57,7.57609059035399,2.65301277285123,1.528,-2.11866692040847
112.249431848526,3,2.26416,-57,7.5706504841466,2.65635692991753,1.528,-2.11885415159725
112.582223892212,3,2.21507,-57,7.56643120929041,2.65895144026394,1.528,-2.11880879363787
112.975973844528,3,2.07394,-57,7.56145695996016,2.66201031772565,1.528,-2.11872779532502
113.413120031357,3,2.0494,-57,7.55609046120576,2.66531427589725,1.528,-2.11798638993512
113.881398916245,3,1.896,-58,7.55041651991465,2.66880942373257,1.528,-2.11687997138336
114.144058942795,3,1.84691,-58,7.54606860204009,2.6713981401563,1.528,-2.11657701571466
114.524410009384,3,1.77328,-58,7.53932544786324,2.67538780252169,1.528,-2.11626016333441
114.610142946243,3,1.71192,-58,7.53780550888565,2.67628709136746,1.528,-2.11618874330303
115.143512964249,3,1.48489,-59,7.53101086776486,2.6803566899375,1.528,-2.11664972762524
115.331330060959,3,1.40513,-59,7.52908984533945,2.68151947221111,1.528,-2.11697247707761
115.679165840149,3,1.23946,-59,7.52542557071647,2.6837400997608,1.528,-2.11758806454006
116.194886922836,3,1.04311,-59,7.51880561925,2.68778076825024,1.528,-2.11869971676745
116.406934976578,3,1.05538,-59,7.51608370643423,2.68944216220477,1.528,-2.11915679269312
116.852777957916,3,0.791534,-59,7.51054942561653,2.69281740908482,1.528,-2.11941178047327
117.42444896698,3,0.546097,-58,7.50351354663386,2.69712901850714,1.528,-2.11943785164036
117.709776878357,3,0.509282,-58,7.5000419798805,2.69929076099466,1.528,-2.1191787265146
118.077605962753,3,0.441786,-58,7.49556662654355,2.70207756077196,1.528,-2.11884467662339
118.421274900436,3,0.325204,-58,7.4909820956264,2.70574585934416,1.528,-2.11884158777563
118.746067047119,3,0.282252,-58,7.48663058066439,2.70926231245606,1.528,-2.11885307945247
119.103606939316,3,0.190214,-57,7.48165400161046,2.71280920419269,1.528,-2.11871917295571
119.32420706749,3,0.19635,-58,7.47844463508022,2.71475608162743,1.528,-2.11852733683032
119.721487045288,3,0.0736311,-59,7.4726648693365,2.71826222385161,1.528,-2.1181818581025
120.146386861801,3,0.0184078,-58,7.46714423250193,2.72162552827964,1.528,-2.11890573684628
120.469786882401,3,6.22796,-58,7.46304351475699,2.72412624401289,1.528,-2.11962402753562
120.784486055374,3,6.12979,-58,7.45886698986221,2.72667496985924,1.528,-2.12053568090176
121.057455062866,3,6.14206,-57,7.45504518900495,2.7290090454693,1.528,-2.12155394618207
121.546913862228,3,6.03161,-57,7.44823497408809,2.73317808537651,1.528,-2.12324238001596
121.984735965729,3,5.89662,-57,7.44234534090502,2.73683061216601,1.528,-2.12410117441349
122.269806861877,3,5.83526,-57,7.43851053449379,2.73920881344175,1.528,-2.12466034510532
122.542675018311,3,5.76163,-57,7.43561420227883,2.74091008431434,1.528,-2.12601182955086
122.676354885101,3,5.64505,-57,7.4342340619096,2.74171473544097,1.528,-2.12671482239811
123.261780977249,3,5.49779,-58,7.42755064755319,2.74573036214826,1.528,-2.12870463656894
123.555449008942,3,5.37507,-58,7.42353478224059,2.74825492469226,1.528,-2.12857325989646
123.907361984253,3,5.33212,-57,7.41892626227493,2.75149395640518,1.528,-2.12843023941034
124.224779844284,3,5.19713,-58,7.42152105260791,2.76149569368866,1.528,-2.12877863083966
124.337501049042,3,5.22781,-58,7.42244251270596,2.76504750352114,1.528,-2.12890235135632
124.7462849617,3,5.04373,-58,7.42578419154136,2.77792815648668,1.528,-2.12935102431884
125.139055967331,3,4.98237,-58,7.42082860762725,2.78197220542054,1.528,-2.12941444724312
125.345109939575,3,4.91487,-58,7.41792012197524,2.78377880849831,1.528,-2.12943382100266
125.759602069855,3,4.83511,-58,7.41222030960659,2.78732845228613,1.528,-2.1294999298374
126.17738699913,3,4.7492,-58,7.40678629101262,2.79073207043073,1.528,-2.12962253856018
126.407422065735,3,4.64489,-58,7.4037942854576,2.79260612445165,1.528,-2.12969004771079
126.681259870529,3,4.57126,-58,7.40001029545813,2.79494424160709,1.528,-2.13080050850671
127.06694483757,3,4.58967,-57,7.39457737540084,2.79828721737384,1.528,-2.13284369789142
127.442008018494,3,4.45468,-57,7.38940419629733,2.80152179693839,1.528,-2.13401454527486
127.771123886108,3,4.41173,-58,7.38502391094995,2.80433652063723,1.528,-2.13386250910427
128.05273604393,3,4.29515,-58,7.38127586435015,2.80674497459676,1.528,-2.13373241743054
128.266530036926,3,4.28287,-57,7.37835430992147,2.80861508063948,1.528,-2.13338976217013
129.145042896271,3,4.0988,-58,7.36651335072661,2.81617856389616,1.528,-2.13169647102018
129.445340871811,3,4.01903,-58,7.3627308534792,2.81858656632597,1.528,-2.13112698723386
129.758394002914,3,4.00062,-58,7.35878769467314,2.82109684865139,1.528,-2.13053331462551
129.925636053085,3,3.9454,-59,7.35700888199335,2.82222332659688,1.528,-2.12999847719426
130.419846057892,3,3.80427,-59,7.35190557502926,2.82545183377727,1.528,-2.12831625503184
130.757201910019,3,3.71223,-59,7.34821135762352,2.82775788129368,1.528,-2.12727083489812
131.095881938934,3,3.66315,-58,7.34402441484846,2.83030507081462,1.528,-2.12645493825469
131.42742395401,3,3.58338,-59,7.33992571599959,2.83279857581774,1.528,-2.12565623743338
131.697535991669,3,3.42998,-59,7.3362369934046,2.83509204201703,1.528,-2.12541702542282
131.803988933563,3,3.45452,-59,7.33472802198964,2.83603730957301,1.528,-2.12538777663768
132.418524980545,3,3.27658,-59,7.32604256383531,2.84148471600725,1.528,-2.12525705472346
132.849910020828,3,3.10478,-59,7.32002531438145,2.84527913538558,1.528,-2.12528396549919
133.225400924683,3,2.96979,-59,7.31498002695546,2.84844440808069,1.528,-2.12477027526703
133.492995023727,3,2.85934,-59,7.31168188691708,2.85048750367968,1.528,-2.12357360498761
133.914072036743,3,2.70594,-59,7.30649204543393,2.8537024497312,1.528,-2.12169056515744
134.182216882706,3,2.56482,-58,7.30357440633353,2.85550380154332,1.528,-2.12078691796444
134.658706903458,3,2.41755,-59,7.29843936666349,2.85867330258284,1.528,-2.11921896692015
135.027988910675,3,2.24575,-58,7.29386058833799,2.86058268336437,1.528,-2.12056360151304
135.127547979355,3,2.25188,-58,7.29254420763334,2.86102264704877,1.528,-2.12127620226782
135.460543870926,3,2.12917,-58,7.28814130017143,2.86249419656493,1.528,-2.12365964284053
135.785748958588,3,2.0494,-58,7.28359408463909,2.86467753116811,1.528,-2.12530999928727
136.285660982132,3,1.91441,-57,7.27617031688944,2.86934234366605,1.528,-2.1266592252108
136.837401866913,3,1.77942,-57,7.26788690278172,2.8745221033926,1.528,-2.1274219537035
137.129351854324,3,1.70579,-57,7.26348177862653,2.87727059966037,1.528,-2.12764785750633
137.575132846832,3,1.54625,-57,7.256637211807,2.88154725661947,1.528,-2.1274915045371
137.904450893402,3,1.46035,-56,7.25155350164467,2.88472507387388,1.528,-2.12726024556501
138.20265007019,3,1.35604,-56,7.24755698157262,2.88721898826177,1.528,-2.12660740820068
138.47758102417,3,1.35604,-55,7.24449430395124,2.88912508509364,1.528,-2.12555097826166
138.878138065338,3,1.28241,-55,7.24003217603034,2.89190214782922,1.528,-2.12401182654211
139.134929895401,3,1.20878,-55,7.23697844593386,2.89370792062001,1.528,-2.12351465927301
139.497601032257,3,1.11674,-55,7.23262355755109,2.89626378103839,1.528,-2.12291911898135
139.731790065765,3,1.06151,-55,7.22981145866106,2.89791418665476,1.528,-2.12253455844938
140.220927000046,3,0.969476,-55,7.22344149053989,2.90183986319844,1.528,-2.12394851279933
140.424306869507,3,0.944932,-55,7.22076535385394,2.90349868495458,1.528,-2.12465943640911
140.787575006485,3,0.865165,-55,7.21593277020204,2.90650361932722,1.528,-2.12580928764798
141.081038951874,3,0.834486,-55,7.2119673915009,2.90898020441207,1.528,-2.12659809954014
141.357023954391,3,0.779262,-55,7.20823819386686,2.91130928214588,1.528,-2.12733992917702
141.710783004761,3,0.748583,-56,7.20340971047833,2.91430110773743,1.528,-2.12740285844754
142.148300886154,3,0.638136,-55,7.19741173250412,2.91800477719691,1.528,-2.1269986231378
142.409219026566,3,0.570641,-55,7.19380987132751,2.92022676856357,1.528,-2.12631200327294
142.877241849899,3,0.447922,-55,7.18731237891499,2.92423199673996,1.528,-2.1244249246129
143.181114912033,3,0.374291,-55,7.18325406374205,2.92661230936184,1.528,-2.12339626943746
143.430758953094,3,0.349748,-56,7.18040820890027,2.92789734484709,1.528,-2.1231498242759
143.894172906876,3,0.220893,-56,7.17512545174529,2.93028275477893,1.528,-2.12269234839856
144.318246841431,3,0.141126,-56,7.1698847657144,2.93338323574019,1.528,-2.12285628074805
144.64785695076,3,0.0306796,-56,7.1657454673899,2.93594207470443,1.528,-2.12307829765818
144.962884902954,3,6.26478,-57,7.16167813359468,2.93846126710276,1.528,-2.12348780821348
145.44101691246,3,6.17274,-57,7.15522890888726,2.94246742823161,1.528,-2.12459934424923
145.745334863663,3,6.08684,-57,7.15107519709962,2.94505032760395,1.528,-2.12524393670322
146.016269922256,3,6.06843,-57,7.14724632000743,2.94743830218618,1.528,-2.12564982473419
146.308635950089,3,5.95798,-57,7.14311457865099,2.95001516561166,1.528,-2.12608781851756
146.705220937729,3,5.85981,-57,7.13770881587431,2.95337758102971,1.528,-2.12541669088027
147.069030046463,3,5.78618,-58,7.13287531389565,2.95637814151054,1.528,-2.12400232977257
147.299082994461,3,5.68186,-58,7.12982054129856,2.95826330279108,1.528,-2.12310718435338
147.814132928848,3,5.46097,-59,7.12325540838811,2.96047661920439,1.528,-2.12097491896366
148.108492851257,3,5.33825,-59,7.11950332167748,2.96174156771557,1.528,-2.11975629251064
148.444035053253,3,5.1419,-59,7.1147923587774,2.96458362593639,1.528,-2.11953452685979
148.892730951309,3,4.87192,-59,7.10846822634884,2.96846317881193,1.528,-2.11930390614724
149.323709011078,3,4.79829,-60,7.10252034384123,2.97209315812244,1.528,-2.11882103557002
149.466093063354,3,4.71239,-60,7.10056876070146,2.97328216892996,1.528,-2.11863373710245
149.730773925781,3,4.50377,-60,7.09694091965977,2.97549244740523,1.528,-2.11828556384053
150.63356590271,3,4.08652,-61,7.08555936943048,2.98237358034388,1.528,-2.11787545998515
150.843227863312,3,3.95153,-61,7.08248227013453,2.98424232663255,1.528,-2.11828931512319
151.161608934402,3,3.80427,-60,7.07774745347748,2.98711902616452,1.528,-2.11898163285287
151.316107988358,3,3.81041,-61,7.07544981470248,2.9885149865295,1.528,-2.11931759011913
151.891456842422,3,3.49748,-60,7.06684645443363,2.99401486943339,1.528,-2.12078310692714
152.03182888031,3,3.44839,-60,7.06474392984107,2.99537914310563,1.528,-2.12115661630013
152.510378837585,3,3.2459,-61,7.05760792785442,2.99988706983667,1.528,-2.12112135233738
152.811310052872,3,3.13546,-61,7.05313744993253,3.00264575083278,1.528,-2.12040338792429
153.142235040665,3,3.03115,-60,7.04835584892139,3.00559566681845,1.528,-2.11969067953885
153.446378946304,3,2.86548,-60,7.04485245836374,3.0077518665571,1.528,-2.11954484960483
153.548796892166,3,2.90843,-59,7.04367272055603,3.00847794899376,1.528,-2.11949574258013
153.916280031204,3,2.86548,-59,7.03943973434284,3.01108318629643,1.528,-2.1193195429558
154.152652025223,3,2.65072,-59,7.03645138113963,3.01290073927441,1.528,-2.11947157120516
154.631923913956,3,2.58322,-59,7.03020225840768,3.01668742310147,1.528,-2.11996953107259
154.822134017944,3,2.45437,-59,7.02772214990847,3.01819025592236,1.528,-2.12016715793199
