2.07086491584778,3,3.21522,-63,8.97791490054898,1.75470027853965,1.528,-2.14895687776247
2.29419684410095,3,3.12932,-63,8.9756028860585,1.75641738871679,1.528,-2.1495139245286
2.42423295974731,3,3.19682,-64,8.97425670422945,1.75741718457813,1.528,-2.1498382677529
2.60889792442322,3,3.2459,-63,8.97234498440706,1.75883699988482,1.528,-2.15029886925397
2.77486801147461,3,3.3134,-63,8.97062680085287,1.76011307772915,1.528,-2.1507128409641
2.94644784927368,3,3.12318,-63,8.96844578574955,1.7616791467576,1.528,-2.15124725364894
3.05795001983643,3,3.36249,-63,8.96682400418672,1.76282155075606,1.528,-2.15164831037181
3.31470704078674,3,3.33794,-63,8.96308951363283,1.76545217441018,1.528,-2.15257182718655
3.49981188774109,3,3.41771,-62,8.96039719269893,1.76734868024705,1.528,-2.15323762178886
3.67863583564758,3,3.50361,-62,8.95779560426026,1.76918059945409,1.528,-2.15387374975969
4.05708885192871,3,3.66928,-62,8.95221282328148,1.77302849231994,1.528,-2.15434528345192
4.23902606964111,3,3.66928,-62,8.94952896136288,1.77487832543515,1.528,-2.15457196820361
4.33250188827515,3,3.69383,-62,8.94815004509112,1.7758287338615,1.528,-2.15468843443852
4.54442000389099,3,3.73678,-62,8.94506040097125,1.777963666159,1.528,-2.15487763530923
4.71718788146973,3,3.74291,-63,8.94286124863777,1.7795312982933,1.528,-2.15437607425072
5.02962803840637,3,3.87177,-63,8.93888421592872,1.78236626528442,1.528,-2.15346903170304
5.16787886619568,3,3.83495,-63,8.93712442912807,1.78362070241286,1.528,-2.15306767681868
5.36794090270996,3,3.93926,-63,8.93457785102218,1.78543599169979,1.528,-2.1524868783033
5.57500100135803,3,3.92699,-62,8.93409477170912,1.78829622856245,1.528,-2.15334345762254
5.78148984909058,3,3.99449,-63,8.93371350293895,1.79119438644381,1.528,-2.1542657158639
5.95300102233887,3,4.17856,-62,8.93339681826172,1.79360161794298,1.528,-2.15503175042097
6.27253890037537,3,4.20311,-62,8.93182515959741,1.79753269479344,1.528,-2.15593315452968
6.43410396575928,3,4.25219,-62,8.92983592939848,1.79884644820239,1.528,-2.15574911157821
6.63157200813293,3,4.37491,-62,8.9274046526105,1.80045214379759,1.528,-2.15552417061554
7.04698491096497,3,4.62035,-64,8.92214956059387,1.80392487587633,1.528,-2.15523179578069
7.09481000900269,3,4.55899,-64,8.92140471992508,1.80441912135508,1.528,-2.15537821745063
7.34012389183044,3,4.79829,-64,8.91758413692481,1.80695430230475,1.528,-2.15612927222846
7.5837459564209,3,4.80443,-64,8.91378990274722,1.80947199926486,1.528,-2.1568751473232
7.82094502449036,3,4.92101,-64,8.91009570200856,1.81192331816992,1.528,-2.15760135772481
8.09439206123352,3,5.056,-64,8.90669776897237,1.81416641035348,1.528,-2.15839102827294
8.15439200401306,3,5.06827,-64,8.90595888299712,1.8146540609828,1.528,-2.15856392900259
24.3838078975677,3,4.89647,-64,8.70892562417132,1.95539030073016,1.528,-2.14429683855248
24.5623068809509,3,4.9701,-64,8.70646319882774,1.95702979914605,1.528,-2.14461971717228
24.7562680244446,3,5.04373,-64,8.7037846911193,1.95880737633787,1.528,-2.14470471061725
24.9917418956757,3,5.04373,-64,8.7005329131195,1.96096540126611,1.528,-2.14480789486928
25.3129439353943,3,5.04986,-63,8.69612943110014,1.96388003479559,1.528,-2.14483751645508
25.5384709835052,3,5.14804,-63,8.69312596490298,1.96584665712732,1.528,-2.14455294789418
25.7608280181885,3,5.1419,-63,8.69016471549646,1.96778563656986,1.528,-2.14427237923559
25.8208808898926,3,5.09895,-63,8.6893649587856,1.96830930466008,1.528,-2.14419660491308
26.2355189323425,3,5.41188,-64,8.68499293686745,1.97117819845671,1.528,-2.14179059038335
26.4298038482666,3,5.51006,-64,8.68359710731569,1.97209855150011,1.528,-2.13959445383734
26.753839969635,3,5.62051,-63,8.6812690871918,1.9736335529646,1.528,-2.13593164983128
26.996248960495,3,5.66959,-63,8.67866034125314,1.97534334135934,1.528,-2.13454102245366
27.1457920074463,3,5.81686,-63,8.67653021928835,1.97673530224722,1.528,-2.13449356924157
27.5038590431213,3,5.90276,-63,8.67142983867483,1.98006822423229,1.528,-2.13437994690117
27.6183860301971,3,5.78618,-63,8.66979849267979,1.98113425230826,1.528,-2.13434360503495
28.0816240310669,3,6.08684,-64,8.66414866049611,1.98486791074709,1.528,-2.13488121924192
28.3438320159912,3,6.14819,-64,8.6611098038568,1.98688428897694,1.528,-2.13530037188182
28.3807990550995,3,6.24637,-64,8.66068137475209,1.98716856534214,1.528,-2.13535946555144
28.6643600463867,3,0.0859029,-64,8.65751681117128,1.98926070772374,1.528,-2.13562000910818
29.1172850131989,3,0.337476,-64,8.6527500422459,1.99239331743271,1.528,-2.13558042739706
29.3783490657806,3,0.632,-64,8.64999898452944,1.99420378286903,1.528,-2.13554055347969
29.4708459377289,3,0.539961,-63,8.64901361756028,1.99485992406303,1.528,-2.13547470832466
29.6872918605804,3,0.674952,-64,8.64670782431025,1.99639531745812,1.528,-2.13532062835367
30.1009058952332,3,0.871301,-64,8.6423016038712,1.99932935404591,1.528,-2.13502619158342
30.1945099830627,3,1.05538,-64,8.64122258649461,2.00010367378691,1.528,-2.13485383453572
30.6507840156555,3,1.33763,-64,8.63548853782919,2.00451745498505,1.528,-2.13340098790855
30.7252109050751,3,1.50944,-64,8.63455320648122,2.0052374258396,1.528,-2.1331640012568
31.0960810184479,3,1.82237,-63,8.63017222481653,2.00844946967334,1.528,-2.13194256618083
31.4132480621338,3,2.07394,-62,8.62693602799837,2.01051124022685,1.528,-2.13082406497639
31.739718914032,3,2.27643,-62,8.62360490027508,2.01263349095378,1.528,-2.12967275355129
31.8765270709991,3,2.40528,-62,8.62206761069476,2.01360990987371,1.528,-2.12937357544126
32.3003668785095,3,2.64458,-61,8.61649781933041,2.01713213035188,1.528,-2.12949314162439
32.4777050018311,3,2.73049,-60,8.61416737200021,2.01860585688359,1.528,-2.12954316911627
32.7085008621216,3,2.78571,-60,8.61110607566084,2.02054007949894,1.528,-2.12967248117184
32.9295790195465,3,2.99433,-60,8.60798724245848,2.02249972405184,1.528,-2.130218611621
33.4247879981995,3,3.2275,-59,8.60100114205527,2.02688927383308,1.528,-2.13144192877315
33.6130568981171,3,3.33181,-58,8.59849573993025,2.02847036471084,1.528,-2.13189652854635
33.8774189949036,3,3.41157,-57,8.5951345692353,2.03059910615098,1.528,-2.13252394707608
34.2153379917145,3,3.57724,-57,8.59083817635919,2.03332015497252,1.528,-2.13332594041295
34.4750480651855,3,3.57724,-57,8.58810552376053,2.0350149731946,1.528,-2.13365763496672
34.7816588878632,3,3.72451,-56,8.58541754165736,2.03664112811337,1.528,-2.13378015348799
35.244283914566,3,3.90245,-55,8.58081927295178,2.03946849493273,1.528,-2.13362546687106
35.5594038963318,3,3.98835,-55,8.57610554224675,2.04248395060353,1.528,-2.13253028297099
35.9054589271545,3,4.12334,-54,8.57092906878011,2.04579543088242,1.528,-2.13132758583902
36.1582560539246,3,4.19084,-54,8.56771332782341,2.04785370489542,1.528,-2.13081132439969
36.4282009601593,3,4.31969,-54,8.56469408325447,2.04978716435124,1.528,-2.13052559147519
36.6757929325104,3,4.37491,-53,8.56192484886416,2.05156052265166,1.528,-2.13026351881995
36.9608299732208,3,4.41786,-53,8.55865311815443,2.05365828059813,1.528,-2.13000150610656
37.3644690513611,3,4.55899,-53,8.55380806758033,2.05677126118248,1.528,-2.12973101846433
37.5018858909607,3,4.62035,-53,8.55215859513415,2.05783105934574,1.528,-2.12963893234343
37.8938329219818,3,4.7492,-53,8.54736309459821,2.06092546483895,1.528,-2.13011696307257
38.0678679943085,3,4.83511,-53,8.54518849054861,2.06233516455715,1.528,-2.13069854322537
38.4738988876343,3,4.98237,-52,8.54011505096494,2.06562405126401,1.528,-2.13205539334659
38.7647569179535,3,5.11736,-52,8.53531454692564,2.06865641158085,1.528,-2.13259095721285
39.2299630641937,3,2.1353,-52,8.52713916161724,2.07379490324265,1.528,-2.13326144022574
39.4298548698425,3,5.39348,-52,8.52399416298224,2.07578578218636,1.528,-2.13337059830367
39.6890940666199,3,5.47324,-53,8.52081913002079,2.07783449416643,1.528,-2.13307254679049
39.9991960525513,3,5.58369,-52,8.5170211548728,2.08028516390124,1.528,-2.13271601750288
40.3489320278168,3,5.74936,-52,8.51254111635442,2.08317057498965,1.528,-2.1319481430068
40.6775438785553,3,5.89049,-52,8.50811717765458,2.08601425960369,1.528,-2.13082766944963
40.9385089874268,3,6.05616,-51,8.5046039335587,2.08827255449852,1.528,-2.1299378521677
41.151437997818,3,6.05002,-52,8.50180101273646,2.09007899177202,1.528,-2.12944270136382
41.5554468631744,3,0,-52,8.49658787628795,2.09344677018566,1.528,-2.12888448055827
41.7409498691559,3,0.0613592,-52,8.49419423455206,2.09499310511239,1.528,-2.12862817024849
42.0245559215546,3,0.0859029,-52,8.49066157768866,2.09728093199269,1.528,-2.12830503751225
42.3058848381042,3,0.184078,-52,8.48735229906193,2.09943312019049,1.528,-2.12809014928974
42.6810019016266,3,0.319068,-51,8.4829397882683,2.1023027950423,1.528,-2.12780362261482
43.0140700340271,3,0.460194,-51,8.47977303401649,2.10427093365525,1.528,-2.12989066779292
43.3053379058838,3,0.546097,-51,8.47722275907639,2.10582296819694,1.528,-2.13239861451824
43.6290988922119,3,0.742447,-51,8.47421255595727,2.10766187848087,1.528,-2.13479830436519
43.9516348838806,3,0.877437,-51,8.46994000901936,2.11031963623678,1.528,-2.13437145236197
44.2682030200958,3,1.03697,-51,8.46574651664653,2.11292821773166,1.528,-2.13395249836431
44.6475179195404,3,1.13515,-51,8.46087316646337,2.1159626685477,1.528,-2.13288896485586
44.9815969467163,3,1.27014,-51,8.45664479223193,2.1185968040737,1.528,-2.131715540428
45.2337920665741,3,1.38672,-50,8.4534751251225,2.12057070608084,1.528,-2.13083224390624
45.4975728988647,3,1.49103,-51,8.45047956996656,2.12242616188638,1.528,-2.12994443544851
45.7570550441742,3,1.52784,-51,8.44753283167817,2.12425138037845,1.528,-2.12907109510291
46.025927066803,3,1.69965,-50,8.44447945980623,2.12614264803047,1.528,-2.12816615120057
46.2856888771057,3,1.78555,-50,8.44155604604142,2.12795310854288,1.528,-2.12750214627723
46.5736689567566,3,1.88986,-50,8.43831707437104,2.12995896917124,1.528,-2.12678200942869
46.8781409263611,3,1.98804,-50,8.43489261499465,2.13207970035865,1.528,-2.12602063216632
47.2433369159698,3,2.12917,-50,8.42952575102617,2.13626156827475,1.528,-2.12856160507938
47.6240658760071,3,2.2887,-50,8.42376801467808,2.14083280623801,1.528,-2.13165661830803
47.7840909957886,3,2.34392,-50,8.42145945463759,2.14258009239389,1.528,-2.13274550691464
48.1998229026794,3,2.528,-49,8.41639771125145,2.14565852057489,1.528,-2.13379520045832
48.4479348659515,3,2.63231,-49,8.41337682430893,2.14749574992178,1.528,-2.1344216655471
48.681843996048,3,2.72435,-49,8.41046307186636,2.14928539943017,1.528,-2.134690739169
49.1202490329742,3,2.9207,-49,8.40486726309115,2.15275756161137,1.528,-2.13453677479093
49.2945518493652,3,3.03728,-49,8.40264245920582,2.15413803764649,1.528,-2.13447556102179
49.6810500621796,3,3.14159,-49,8.39833291370888,2.15679718422809,1.528,-2.13382317346937
49.9453630447388,3,3.27045,-49,8.39553718172307,2.1585181125838,1.528,-2.13325160159672
50.2240719795227,3,3.38703,-48,8.39258917865427,2.16033277225059,1.528,-2.1326488987471
50.5734310150146,3,3.52816,-48,8.38821560086957,2.16304816436236,1.528,-2.13210863222962
50.7898650169373,3,3.60179,-48,8.38547701301746,2.1647492927496,1.528,-2.13178315475045
51.2463479042053,3,3.82882,-48,8.37700752865245,2.16690372477687,1.528,-2.1317049966602
51.3803369998932,3,3.89631,-49,8.37288178288534,2.16666346435942,1.528,-2.13205237955676
51.7622840404511,3,4.06812,-48,8.36112100207141,2.16597858209392,1.528,-2.13304262334191
52.0184869766235,3,4.1847,-48,8.35400414737543,2.165990269462,1.528,-2.13368425775337
52.4380860328674,3,4.37491,-48,8.34827113292913,2.1696233147302,1.528,-2.13456170966347
52.655827999115,3,4.44241,-48,8.34529610755792,2.17150860595857,1.528,-2.13501704458701
52.9096620082855,3,4.51604,-48,8.34193728705654,2.17364952371042,1.528,-2.13546180056
53.2697649002075,3,4.64489,-48,8.33748009125849,2.17652663303599,1.528,-2.13585048493291
53.6136069297791,3,4.78602,-48,8.33322416528905,2.17927382316413,1.528,-2.13622161781366
53.7631509304047,3,4.88419,-48,8.33119730186692,2.18056453164967,1.528,-2.13618748786444
54.1967239379883,3,5.09282,-48,8.32494600857649,2.18451105519161,1.528,-2.1356718087883
54.4238920211792,3,5.18486,-48,8.32167067941759,2.186578813499,1.528,-2.1354016217028
54.6622068881989,3,5.2953,-48,8.31828729060508,2.18871679209453,1.528,-2.13492521267125
54.9689500331879,3,5.41802,-49,8.31396478791158,2.19144945017767,1.528,-2.13419337943791
55.3140640258789,3,5.58983,-49,8.30910157845656,2.1945239395579,1.528,-2.13337000035586
55.5869460105896,3,5.67573,-49,8.30688686669657,2.19554817765608,1.528,-2.13182073171723
55.8899528980255,3,5.7739,-49,8.30471811637749,2.19643490808211,1.528,-2.12994043587408
56.3352479934692,3,5.97025,-49,8.30075268005747,2.1984414966508,1.528,-2.12833607802563
56.5236549377441,3,6.05616,-49,8.29829832790831,2.19999240629107,1.528,-2.12881361192319
56.8630659580231,3,6.22796,-49,8.2938768657893,2.20278633634173,1.528,-2.1296738788736
57.1753258705139,3,0.0490874,-49,8.28996080244208,2.20525623477482,1.528,-2.13061021001268
57.4626400470734,3,0.153398,-49,8.2866683126688,2.20732290527866,1.528,-2.13176849103036
57.7389838695526,3,0.263845,-49,8.28350153816321,2.20931066527602,1.528,-2.13288254606156
58.0933330059052,3,0.386563,-48,8.2791874528002,2.21201433120881,1.528,-2.13385650363946
58.4058690071106,3,0.49701,-48,8.27512295830724,2.21455747860105,1.528,-2.13425008597397
58.584764957428,3,0.564505,-48,8.27279643719584,2.21601317896126,1.528,-2.13447537293448
58.9365360736847,3,0.724039,-49,8.26794273088656,2.21903154950149,1.528,-2.13458459707124
59.3667769432068,3,0.920388,-48,8.26168563875655,2.22290250658109,1.528,-2.13433452178211
59.5640790462494,3,0.99402,-48,8.2588162287966,2.2246776702782,1.528,-2.13421984095107
59.9560558795929,3,1.14742,-48,8.25389859848745,2.22722299152954,1.528,-2.13376489476154
60.1946730613709,3,1.19037,-47,8.25092649207935,2.2287454950952,1.528,-2.13348170349058
60.4869430065155,3,1.30695,-47,8.24731746864264,2.23065629500833,1.528,-2.13312706622811
60.7678890228271,3,1.40513,-47,8.24397858298707,2.23268406532734,1.528,-2.13275387722803
61.0795440673828,3,1.50944,-47,8.24027473777361,2.23493348269733,1.528,-2.13233989650684
61.3844408988953,3,1.61988,-47,8.23651657187611,2.23722672499932,1.528,-2.1324589787567
61.7678039073944,3,1.75487,-47,8.23145305227403,2.24034273706214,1.528,-2.13392507993794
62.0437150001526,3,1.86532,-47,8.22780877466863,2.24258536943469,1.528,-2.13498025106829
62.5888319015503,3,2.0494,-46,8.22037540949393,2.2471568553793,1.528,-2.13573157697489
62.7952909469604,3,2.12303,-46,8.21753644749035,2.2489025204805,1.528,-2.13588113173984
63.1751918792725,3,2.2212,-46,8.21198298772804,2.25233299809562,1.528,-2.13647025531613
63.4358370304108,3,2.33165,-46,8.20800090716339,2.25480049968164,1.528,-2.13703822243311
63.7758159637451,3,2.47278,-46,8.20280678213589,2.25801904625177,1.528,-2.13777906435463
64.0817139148712,3,2.60777,-46,8.1984904989093,2.26115639107229,1.528,-2.13662306681777
64.4715118408203,3,2.7673,-45,8.19300512749558,2.2651642054701,1.528,-2.1350747003602
64.7422199249268,3,2.90229,-45,8.18938493624092,2.26763104785715,1.528,-2.13425812282293
65.1169788837433,3,3.03728,-46,8.18465249620799,2.27057919540027,1.528,-2.13350931902025
65.5410220623016,3,3.18454,-46,8.17938225033073,2.27386444174329,1.528,-2.13288597207206
65.7524878978729,3,3.23977,-46,8.17704279112022,2.27532992341592,1.528,-2.13333986095913
66.0568020343781,3,3.33181,-45,8.17367614559278,2.27743885410236,1.528,-2.13399303883236
66.436420917511,3,3.45452,-45,8.16931136701354,2.2801631937862,1.528,-2.13471049731189
66.7700560092926,3,3.59565,-45,8.16487164845751,2.28289967485983,1.528,-2.13498495264081
67.0564329624176,3,3.68769,-45,8.16106079910704,2.28524854382312,1.528,-2.13522053241884
67.424350976944,3,3.81654,-45,8.15592832850262,2.28843784241623,1.528,-2.13595337515489
67.7036280632019,3,3.87177,-46,8.15193066021171,2.29093257698896,1.528,-2.13669468705642
68.1423139572144,3,4.01903,-45,8.14692146625072,2.29364037667945,1.528,-2.13630081829796
68.4513149261475,3,4.07425,-45,8.14557062330467,2.2934719890546,1.528,-2.13335216388941
68.8870439529419,3,4.21538,-45,8.14318243245137,2.29367751225837,1.528,-2.12959536743111
69.085972070694,3,4.27674,-45,8.14025466038414,2.295455345913,1.528,-2.12940531484827
69.4248440265656,3,4.39946,-45,8.1352672314677,2.2984838668409,1.528,-2.12908156227276
69.7178890705109,3,4.54058,-46,8.13107039555301,2.30103157845272,1.528,-2.12868484807593
70.0778188705444,3,4.67557,-46,8.1265979435418,2.30374215542921,1.528,-2.12751167647829
70.375256061554,3,4.74307,-46,8.12290201849471,2.3059821100032,1.528,-2.12654219613924
70.7312269210815,3,4.83511,-46,8.11803376735195,2.30892204894446,1.528,-2.12609955142501
71.0385739803314,3,4.89033,-46,8.11357610812399,2.31160856898271,1.528,-2.12612760907554
71.4153099060059,3,5.01919,-46,8.10812142454697,2.31490220271527,1.528,-2.12622932311475
71.6214849948883,3,5.056,-46,8.10521924264302,2.31670988779413,1.528,-2.12688131369658
72.0018899440765,3,5.20326,-46,8.09986454937872,2.3200451711899,1.528,-2.12808427398386
72.2937870025635,3,5.30144,-46,8.09569532918785,2.3226675460794,1.528,-2.12895530990154
72.6378679275513,3,5.41802,-47,8.09000236410845,2.32657210279698,1.528,-2.1293113731048
73.023090839386,3,5.57142,-47,8.08362868737836,2.3309435299786,1.528,-2.12971001102395
73.3052899837494,3,5.60823,-47,8.07951323994675,2.33356891489408,1.528,-2.12951140134961
73.6910679340363,3,5.71868,-47,8.0742813364533,2.33674726126253,1.528,-2.12889066703683
73.9518768787384,3,5.7739,-47,8.07074608001359,2.33889582768388,1.528,-2.12846801846374
74.2469480037689,3,5.87208,-47,8.06684064967265,2.34131705143921,1.528,-2.12783499541397
74.6117520332336,3,6.0132,-47,8.06201226558382,2.3443104727104,1.528,-2.12705237271826
74.9509298801422,3,6.09297,-47,8.05741568828685,2.34714815775728,1.528,-2.12671844286054
75.2715730667114,3,6.22796,-47,8.05298009466827,2.34987659427372,1.528,-2.12673351709543
75.7084219455719,3,0.104311,-47,8.04701807130638,2.35354925388483,1.528,-2.1268098029106
75.9461050033569,3,0.147262,-47,8.04395359306019,2.35544883930636,1.528,-2.12697461988099
76.128308057785,3,0.214757,-47,8.04160442563577,2.3569050233069,1.528,-2.12710096525751
76.6240890026093,3,0.355884,-47,8.03473173970207,2.36081744636189,1.528,-2.12737839869447
76.8023128509521,3,0.374291,-47,8.03186698150211,2.36218295234124,1.528,-2.1274236998407
77.2249858379364,3,0.515418,-47,8.02507296422202,2.36542136569839,1.528,-2.12753113535492
77.4800539016724,3,0.613592,-47,8.02153596933738,2.36748404571206,1.528,-2.12819625144437
77.7418758869171,3,0.638136,-47,8.01814245960029,2.3696470117314,1.528,-2.12913184525039
78.1206479072571,3,0.754719,-47,8.01323314483073,2.37277612637892,1.528,-2.1304853479205
78.4223589897156,3,0.840621,-47,8.00933109440203,2.37528584096049,1.528,-2.13139735720402
78.7627029418945,3,0.895845,-47,8.00492953397476,2.37811718179713,1.528,-2.13242356370813
79.134917974472,3,0.987884,-47,8.00014058686118,2.38122260987588,1.528,-2.13267151172506
79.443806886673,3,1.07379,-47,7.99618736358679,2.38380727008834,1.528,-2.13213788103513
79.7457499504089,3,1.18423,-47,7.99232303469717,2.38633381018881,1.528,-2.1316162498627
80.108216047287,3,1.27014,-47,7.98781693516616,2.38926260768204,1.528,-2.13208607526513
80.5361790657043,3,1.39285,-48,7.98252507356661,2.3926982934924,1.528,-2.13287583027571
80.8711998462677,3,1.50944,-48,7.9787999637433,2.39508893321073,1.528,-2.13343736505017
81.1007058620453,3,1.55239,-48,7.97639966962161,2.39661810935342,1.528,-2.13380145460796
81.5181028842926,3,1.61375,-48,7.9719985865049,2.39942545107494,1.528,-2.13446904446087
81.8736529350281,3,1.72419,-48,7.96742674490382,2.40242180429978,1.528,-2.13516276082812
82.060478925705,3,1.76101,-49,7.96502444223344,2.40399625678119,1.528,-2.13552727841796
82.3180210590363,3,1.8101,-48,7.9617128357894,2.40616666063894,1.528,-2.13602977080344
82.6719708442688,3,1.91441,-49,7.95674103506406,2.40937542458901,1.528,-2.1366159907057
83.1528239250183,3,2.01258,-49,7.94992199482843,2.41376938361408,1.528,-2.13739633861999
83.4625630378723,3,2.06167,-49,7.94606578033066,2.4162703673759,1.528,-2.1366628010276
83.6934750080109,3,2.15371,-49,7.94319388751328,2.41813306091006,1.528,-2.13610918313509
84.0497229099274,3,2.2212,-50,7.93872080784132,2.42102820388699,1.528,-2.13539181825643
84.2855188846588,3,2.29484,-50,7.93568170236272,2.42298409127796,1.528,-2.13517018795717
84.8337578773499,3,2.42983,-50,7.92870421381447,2.42744480623291,1.528,-2.13449083134682
84.9857130050659,3,2.49118,-50,7.92724958779212,2.42821143346091,1.528,-2.13341505141383
85.4957489967346,3,2.66299,-50,7.92236714889739,2.43078461071624,1.528,-2.12980420594132
85.7294600009918,3,2.74276,-50,7.91981776633376,2.43222268955595,1.528,-2.12870744301379
86.065477848053,3,2.8348,-51,7.91514630738583,2.43512507529283,1.528,-2.12892857716517
86.3729898929596,3,2.89002,-51,7.91087114787767,2.43778123948429,1.528,-2.12913095157976
86.7567498683929,3,3.01887,-52,7.90535579492675,2.44122137817078,1.528,-2.12959003909272
86.937835931778,3,3.04955,-52,7.90270694683551,2.4428769082278,1.528,-2.12985974796294
87.3519558906555,3,3.20909,-52,7.8966743716802,2.44664818551557,1.528,-2.13051007520901
87.6753339767456,3,3.3134,-52,7.89239772871162,2.44933774568278,1.528,-2.13160043743896
87.8885960578918,3,3.44839,-52,7.88957735893695,2.45111146265155,1.528,-2.13231951188576
88.1650018692017,3,3.49134,-52,7.88593711747323,2.45340047577736,1.528,-2.13316390250588
88.6177370548248,3,3.60179,-52,7.8801783249312,2.45701738179002,1.528,-2.13337300488474
88.9569518566132,3,3.68769,-53,7.87600494278144,2.45963153374368,1.528,-2.13346292520451
89.3056130409241,3,3.81041,-53,7.87392370472038,2.46082201880092,1.528,-2.13251307010565
89.646635055542,3,3.93313,-54,7.871888066604,2.46198642031982,1.528,-2.13158402634057
89.9591588973999,3,4.0313,-53,7.86824421974216,2.46427467316833,1.528,-2.13049050307225
90.3731038570404,3,4.1847,-53,7.86204143155625,2.46825069821738,1.528,-2.12885470679761
90.7285180091858,3,4.35037,-53,7.85680769004875,2.47159576063355,1.528,-2.12797158015361
91.0045120716095,3,4.51604,-54,7.85295088285774,2.47403829706318,1.528,-2.12846138493565
91.2762079238892,3,4.58967,-54,7.84915413988566,2.47644279450471,1.528,-2.12894356171343
91.684711933136,3,4.68785,-54,7.84307013556313,2.48031249786895,1.528,-2.12966311156415
91.8671100139618,3,4.76761,-55,7.84017253936234,2.4821630443821,1.528,-2.12998177886039
92.1661460399628,3,4.89647,-54,7.83542201979044,2.48519695829566,1.528,-2.13050422406075
92.6385068893433,3,5.04986,-54,7.82761975084095,2.49016771084528,1.528,-2.130637190497
93.0069198608398,3,5.12963,-54,7.82145208665044,2.49409384334863,1.528,-2.13054973854206
93.333310842514,3,5.21553,-55,7.81749307127457,2.49734643488416,1.528,-2.13021710809619
93.4675090312958,3,5.27076,-55,7.81607685382385,2.49865203653399,1.528,-2.13004448040693
93.9312410354614,3,5.32598,-55,7.81115214711694,2.50306762814621,1.528,-2.12941156735592
94.1986680030823,3,5.42416,-55,7.80812597336149,2.50503479820946,1.528,-2.12882707273649
94.3787949085236,3,5.47324,-55,7.80608767737831,2.50635979642905,1.528,-2.12843338316964
94.8990108966827,3,5.54074,-56,7.79990304355827,2.51037275144202,1.528,-2.12732226336198
95.2450890541077,3,5.63278,-56,7.79533103250945,2.51332855460928,1.528,-2.12662282865529
95.3718659877777,3,5.67573,-55,7.7936561925086,2.51441133794604,1.528,-2.12636660853416
95.707897901535,3,5.76163,-55,7.78912045436664,2.51734422458257,1.528,-2.12605892108867
96.2517468929291,3,5.95798,-55,7.7813549108818,2.52236786012091,1.528,-2.12719658918769
96.613529920578,3,6.06229,-56,7.77635111763463,2.52560805158012,1.528,-2.12793624454973
96.7159159183502,3,6.10524,-56,7.77500356383052,2.52648204001792,1.528,-2.12813831563535
97.2561728954315,3,6.13592,-56,7.76789296901775,2.53109378734359,1.528,-2.12920457778299
97.7776370048523,3,0.0184078,-56,7.7781393239917,2.5529127964189,1.528,-2.13037424256203
98.1775889396667,3,0.110447,-56,7.78511459425168,2.56855758698201,1.528,-2.13094441570503
98.4403300285339,3,0.19635,-56,7.78215802342409,2.57042472216614,1.528,-2.13000264453131
98.8955309391022,3,0.276117,-56,7.77703574225108,2.57365954790137,1.528,-2.12837101889685
99.2887718677521,3,0.349748,-56,7.77142547589482,2.57716350571176,1.528,-2.12696183453565
99.62584400177,3,0.386563,-57,7.76654642504854,2.58020895222214,1.528,-2.12575395262971
99.919921875,3,0.46633,-56,7.76255912780972,2.58269169681129,1.528,-2.12547821138265
100.18643784523,3,0.435651,-57,7.75918697921023,2.58478559413661,1.528,-2.12592559932861
100.644415855408,3,0.546097,-57,7.75339231743335,2.58838372347099,1.528,-2.12669438568348
100.980160951614,3,0.613592,-57,7.74902923856316,2.59110168592223,1.528,-2.12748523783798
101.302031993866,3,0.730175,-57,7.74484534673876,2.59370810677847,1.528,-2.12824560154205
101.733273029327,3,0.754719,-58,7.73796759629412,2.59835661772241,1.528,-2.13023972790379
102.061428070068,3,0.871301,-58,7.73192291442263,2.60263115638006,1.528,-2.1323789816981
102.401633024216,3,0.846757,-59,7.7260415711145,2.60671211512519,1.528,-2.13416668851449
102.842480897903,3,0.96334,-59,7.72015000887325,2.61042672031752,1.528,-2.13455247837126
103.192748069763,3,0.957204,-59,7.7156282256724,2.61327840315076,1.528,-2.13463434522717
103.526494979858,3,1.06151,-59,7.71195627198496,2.61559710657936,1.528,-2.13381431596584
103.868263959885,3,1.06765,-59,7.70819605779719,2.61797154326118,1.528,-2.13297457616373
104.090112924576,3,1.14128,-59,7.70583319216064,2.61946240134014,1.528,-2.1320433375041
104.53203701973,3,1.22105,-60,7.70121965730738,2.62237183773408,1.528,-2.12972617923321
104.751282930374,3,1.23332,-60,7.69893080575734,2.6238152576305,1.528,-2.12857659838713
105.208447933197,3,1.20264,-60,7.69316585363248,2.62742014973417,1.528,-2.12783806877014
105.275155067444,3,1.15969,-61,7.69230654316882,2.62795702312039,1.528,-2.12776058995784
105.739794969559,3,1.21491,-61,7.68342621055803,2.62869870485262,1.528,-2.12707289934539
105.944619894028,3,1.22105,-61,7.67383665542103,2.62314901512168,1.528,-2.12647958179919
106.340167045593,3,1.27627,-62,7.65531780948929,2.612431745381,1.528,-2.12533379807202
106.753216028214,3,1.38058,-61,7.64475984496822,2.60985186982758,1.528,-2.1254944089132
107.011452913284,3,1.44808,-62,7.64175794751785,2.61176870642871,1.528,-2.12615107398047
107.382566928864,3,1.42353,-62,7.63728108214935,2.6146250132135,1.528,-2.12689779245713
107.727895975113,3,1.52171,-62,7.63220590660199,2.61785035842117,1.528,-2.12649246832675
108.121171951294,3,1.55852,-62,7.62642607244278,2.62152352405506,1.528,-2.12603086729789
108.45173406601,3,1.51557,-62,7.62175762739172,2.6244850415086,1.528,-2.12487620811431
108.581079006195,3,1.44808,-62,7.61993306057106,2.62564242767209,1.528,-2.12441575949175
109.595694065094,3,1.78555,-61,7.60666679905141,2.63407248882215,1.528,-2.12216319461289
109.980977058411,3,1.69965,-62,7.60116169593992,2.63752328199725,1.528,-2.12080379401776
110.086298942566,3,1.73033,-61,7.59942385008266,2.63859767672952,1.528,-2.12016386074981
110.585984945297,3,1.73033,-62,7.59117886608199,2.64369500302054,1.528,-2.11712778045897
110.981293916702,3,1.71806,-61,7.58633399178005,2.64669249759222,1.528,-2.11740241273665
111.13174200058,3,1.69965,-61,7.58463244205155,2.64774549089315,1.528,-2.1177339781013
111.534152030945,3,1.88986,-60,7.57999314289202,2.65061378500997,1.528,-2.11853260693679
111.869377851486,3,2.0494,-60,7.57561457611718,2.65330538963351,1.528,-2.11868330330763
112.236366033554,3,1.88373,-60,7.57082114386257,2.65625202150704,1.528,-2.1188482780315
112.632124900818,3,1.86532,-60,7.56580080906515,2.65933910017258,1.528,-2.1187985285001
112.897739887238,3,2.08621,-60,7.56244529077104,2.66140255107758,1.528,-2.11874388883439
113.509348869324,3,2.02485,-60,7.55492449623327,2.66603251032031,1.528,-2.11775902676549
113.764412879944,3,2.12917,-60,7.5518339912619,2.66793626138267,1.528,-2.11715637829607
114.207885980606,3,2.11689,-60,7.54493702757003,2.67206764881032,1.528,-2.11652384444571
114.28689789772,3,2.12917,-60,7.54353624396322,2.67289643805221,1.528,-2.11645802337617
114.780132055283,3,2.1353,-60,7.53479181214249,2.67807017865295,1.528,-2.11604713346268
115.048238992691,3,2.11689,-60,7.53198534473808,2.67976684541746,1.528,-2.11648600652272
115.532449007034,3,2.08008,-60,7.52703276953349,2.68276460670355,1.528,-2.11731808475041
115.786076068878,3,2.09235,-59,7.52405323875407,2.68457774011898,1.528,-2.11781851273753
116.104661941528,3,2.14757,-60,7.51996377434075,2.68707385660522,1.528,-2.11850523412014
116.472039937973,3,2.0494,-60,7.51525185716166,2.68994984788769,1.528,-2.11928269411713
116.714194059372,3,2.00031,-60,7.51226105214718,2.69177365251417,1.528,-2.11936479464694
117.44690990448,3,2.03099,-60,7.50324026581987,2.69729919030235,1.528,-2.11941745337919
117.716078042984,3,1.87759,-60,7.49996531400677,2.6993385007872,1.528,-2.11917300401073
118.134253978729,3,1.85918,-60,7.49482755755636,2.7026383469747,1.528,-2.11883143250645
118.485061883926,3,1.84691,-60,7.49012748748432,2.7064364669801,1.528,-2.11884384466333
118.724151849747,3,1.69351,-60,7.48692419709027,2.70902504143586,1.528,-2.11885230405698
119.150523900986,3,1.5892,-60,7.48097143751709,2.71322326367097,1.528,-2.11867837348648
119.247266054153,3,1.62602,-60,7.47956399940266,2.71407704882763,1.528,-2.11859424552165
119.795554876328,3,1.47876,-60,7.47159278802664,2.71891269275113,1.528,-2.11812651813064
120.173169851303,3,1.49717,-59,7.4668046237409,2.72183262982251,1.528,-2.11896522345966
120.386021852493,3,1.30082,-59,7.46410565675658,2.72347852442463,1.528,-2.11943798041984
120.840229034424,3,1.28854,-59,7.45808654021676,2.72715161125171,1.528,-2.1207436207727
121.064620018005,3,1.13515,-59,7.45494487347116,2.72907031083855,1.528,-2.12158067385024
121.518465995789,3,1.00629,-60,7.44861765805226,2.73294075931772,1.528,-2.12318657911389
121.965795040131,3,0.914253,-59,7.44260013640993,2.73667259767197,1.528,-2.12406402151358
122.235147953033,3,0.79767,-59,7.4389767701132,2.73891967181999,1.528,-2.12459236115361
122.54873085022,3,0.742447,-59,7.43555168053724,2.74094653581662,1.528,-2.12604367583122
122.905096054077,3,0.736311,-59,7.43187248773252,2.74309158330701,1.528,-2.12791772160441
123.255676031113,3,0.552233,-59,7.42763413175569,2.74567788003688,1.528,-2.12870736770554
123.595463037491,3,0.472466,-58,7.42298759653453,2.74859891146238,1.528,-2.12855535903782
123.783963918686,3,0.429515,-58,7.42040987588232,2.75021938837106,1.528,-2.12847103042232
124.10759806633,3,0.349748,-58,7.4205631287387,2.75780333259281,1.528,-2.12865001448799
124.457725048065,3,0.282252,-58,7.42342530576753,2.76883572404939,1.528,-2.12903430678837
124.718736886978,3,0.257709,-58,7.42555899476769,2.77706012528639,1.528,-2.12932078810867
125.194314002991,3,0.116583,-58,7.42004863138062,2.78245668691928,1.528,-2.12941964275517
125.494866847992,3,0.0859029,-57,7.41580627862306,2.78509182027244,1.528,-2.12944790155788
125.58017206192,3,0.0490874,-58,7.41460218152146,2.78583974403413,1.528,-2.12945592218803
126.046263933182,3,6.19728,-57,7.4084917742135,2.78966383456302,1.528,-2.12958405744103
126.231214046478,3,6.20955,-57,7.40608617677763,2.79117058963567,1.528,-2.12963833536152
126.774020910263,3,6.03775,-57,7.39870362458326,2.79574826026073,1.528,-2.1312919157118
127.101804971695,3,6.02548,-56,7.3940863209443,2.79858937222446,1.528,-2.13302837155537
127.350344896317,3,5.88435,-56,7.39062416370236,2.80073785915937,1.528,-2.13405688935928
127.74355506897,3,5.8414,-56,7.3853908312283,2.80410074165911,1.528,-2.13387524461111
127.986144065857,3,5.82913,-56,7.38216215363156,2.80617545474895,1.528,-2.13376317981648
128.430884838104,3,5.70641,-55,7.3760911739616,2.8100621341512,1.528,-2.13307129097085
128.693027019501,3,5.57755,-55,7.3724815234186,2.81237015169277,1.528,-2.13256333662883
129.023536920547,3,5.45484,-56,7.36804381731697,2.81520424269319,1.528,-2.13192689442876
129.252420902252,3,5.37507,-55,7.36516083740605,2.81703959700452,1.528,-2.13149283983251
129.668719053268,3,5.25849,-55,7.35991722360049,2.82037777122088,1.528,-2.13070337381346
129.894671916962,3,5.19099,-54,7.35732862358089,2.82202104834505,1.528,-2.13010387480968
130.398874044418,3,5.13577,-54,7.35212213604861,2.82531483069067,1.528,-2.12838764085065
130.702045917511,3,5.056,-54,7.34889322535889,2.82734305681588,1.528,-2.12740370836366
130.913264989853,3,4.98237,-54,7.34628202276827,2.82893162112957,1.528,-2.12689487135693
131.199266910553,3,4.92101,-54,7.34274631480414,2.83108262217239,1.528,-2.12620587883541
131.564275979996,3,4.81056,-54,7.33812595527632,2.83390873638637,1.528,-2.12545363966174
131.839554071426,3,4.76148,-54,7.33422388583849,2.83635311644831,1.528,-2.12537800483564
132.368813037872,3,4.65717,-53,7.32673597953582,2.84104745476498,1.528,-2.12525395357989
132.921457052231,3,4.55285,-53,7.31902732813846,2.84590845586975,1.528,-2.12528842876503
133.254988908768,3,4.45468,-52,7.31461535032278,2.84867031395934,1.528,-2.12463795896667
133.678249835968,3,4.30742,-52,7.30939859174826,2.85190193431524,1.528,-2.12274515275822
133.933948993683,3,4.25833,-52,7.30624994076953,2.85385238116079,1.528,-2.12160387504413
134.188657045364,3,4.17856,-52,7.30350500196137,2.85554664001076,1.528,-2.12076572578973
134.61737704277,3,4.0988,-52,7.29888477048087,2.85839838594092,1.528,-2.11935496808576
134.875881910324,3,4.0313,-52,7.29587176344196,2.85991050395184,1.528,-2.11947488539009
135.083256959915,3,4.00062,-52,7.29312982825186,2.86082691962427,1.528,-2.12095918630633
135.568783044815,3,3.89631,-52,7.28671015018295,2.86297251869441,1.528,-2.1244343720343
135.890182971954,3,3.82268,-52,7.28204322403985,2.86565203281603,1.528,-2.12559185903758
136.204454898834,3,3.73064,-51,7.27737623927952,2.86858458803219,1.528,-2.12644005594186
136.489706993103,3,3.69383,-51,7.27313314067621,2.87124880966356,1.528,-2.12715291586276
136.815232992172,3,3.60792,-51,7.26822140064034,2.87431339960047,1.528,-2.12740479996716
137.084754943848,3,3.54043,-51,7.26415468472709,2.87685075226429,1.528,-2.12761334950117
137.567728996277,3,3.37476,-50,7.25675150566579,2.88147581175245,1.528,-2.12749670378715
137.719173908234,3,3.3134,-51,7.25441363792374,2.88293720829394,1.528,-2.12739035372516
138.240109920502,3,3.17841,-50,7.24713968608956,2.88747869747591,1.528,-2.12646346767013
138.35044002533,3,3.15386,-50,7.24591063007339,2.88824361630454,1.528,-2.12603952113291
138.823740005493,3,3.06183,-50,7.24063815988964,2.89152500597586,1.528,-2.12422085262016
139.164164066315,3,2.96979,-50,7.23662740738032,2.89391394324688,1.528,-2.12346665400073
139.403557062149,3,2.91456,-50,7.23375282026674,2.8956010228634,1.528,-2.12307354807067
139.738612890244,3,2.8532,-49,7.22972953143819,2.89796226929838,1.528,-2.12252335472659
140.122904062271,3,2.79185,-49,7.22473130737643,2.90104036134896,1.528,-2.12360586914955
140.3812520504,3,2.74276,-48,7.2213318827893,2.90314751809214,1.528,-2.1245089363252
140.587606906891,3,2.73662,-48,7.21861660028252,2.90483060465493,1.528,-2.12523025913783
140.925662994385,3,2.70594,-48,7.21406688113899,2.90766896401983,1.528,-2.12618045912827
141.350350856781,3,2.69367,-48,7.20832836289631,2.91125296690078,1.528,-2.12732199232708
141.754222869873,3,2.65685,-48,7.20281418886601,2.91466883419749,1.528,-2.12736272311119
142.008210897446,3,2.62004,-48,7.19933224067628,2.91681888963705,1.528,-2.1271280562933
142.486338853836,3,2.56482,-47,7.19273922804355,2.92088674173099,1.528,-2.12600105437675
142.695953845978,3,2.54027,-47,7.18982917376181,2.92268057705453,1.528,-2.12515588196469
143.033640861511,3,2.46664,-47,7.18514111430862,2.92557042233982,1.528,-2.12379432024374
143.457924842834,3,2.44823,-47,7.18009852724907,2.92803718047928,1.528,-2.12312300648343
143.806385993958,3,2.41142,-47,7.17612619187957,2.92983087418222,1.528,-2.12277901043081
144.071249008179,3,2.3746,-47,7.17298660539831,2.93146573484468,1.528,-2.12268990934682
144.612050056458,3,2.30097,-47,7.16619513629688,2.93566409756193,1.528,-2.12305417905317
144.814172029495,3,2.25802,-47,7.16365685509536,2.93723321685014,1.528,-2.1231903232267
145.185791969299,3,2.19666,-47,7.15867147909101,2.94032895553772,1.528,-2.12400601078503
145.645256996155,3,2.12303,-46,7.15247404167942,2.94417871019555,1.528,-2.1250741508057
146.001731872559,3,2.06167,-46,7.14745177295155,2.94731016633941,1.528,-2.12562804527015
146.188760042191,3,2.03713,-46,7.14480867508886,2.94895860016543,1.528,-2.12590823232274
146.574679851532,3,1.9635,-46,7.13944316112099,2.95230092732599,1.528,-2.12592418844105
146.887526035309,3,1.87759,-46,7.13528674334034,2.95488116479966,1.528,-2.12470795315611
147.32049703598,3,1.79169,-46,7.12954758518433,2.95835532503282,1.528,-2.12301853194021
147.684898853302,3,1.68738,-47,7.1249027028073,2.959921263536,1.528,-2.12150993766391
147.915318012238,3,1.60761,-47,7.12196564311167,2.96091144035646,1.528,-2.12055602083969
148.488095998764,3,1.46035,-47,7.1141713429501,2.96496458945444,1.528,-2.11951188041552
148.78585100174,3,1.38672,-47,7.10997464296189,2.96753906424461,1.528,-2.1193588403025
149.099324941635,3,1.30695,-47,7.10559585798593,2.97021938729392,1.528,-2.11911620059505
149.449826955795,3,1.21491,-47,7.10079171166229,2.97314633505408,1.528,-2.11865513428121
149.751760005951,3,1.12287,-47,7.09665327452273,2.975667696499,1.528,-2.11825795779481
150.036177873611,3,1.03084,-47,7.09299167275684,2.97788587061222,1.528,-2.11806928133568
150.445562839508,3,0.969476,-47,7.08789837812155,2.98096126015128,1.528,-2.11793645720277
150.809705972672,3,0.834486,-48,7.08298079225344,2.98393944302585,1.528,-2.11821642197303
151.078742027283,3,0.76699,-48,7.07897981195534,2.98637029071957,1.528,-2.11880143926031
151.338306903839,3,0.742447,-48,7.07511968265527,2.98871556255482,1.528,-2.11936586152772
151.711875915527,3,0.619728,-48,7.06953625876242,2.99226952517334,1.528,-2.12030526846005
152.014972925186,3,0.515418,-49,7.0649964022046,2.99521532033763,1.528,-2.12111176507958
152.316366910934,3,0.417243,-49,7.06049006832579,2.9981085337863,1.528,-2.12158422774536
152.671321868896,3,0.319068,-49,7.05521704172626,3.00136245842842,1.528,-2.12073737299876
152.906269073486,3,0.251573,-50,7.05172678801519,3.00351625423113,1.528,-2.12017683383472
153.245715856552,3,0.153398,-50,7.04716386806444,3.00632928437263,1.528,-2.11964106289267
153.505348920822,3,0.079767,-50,7.04417319158219,3.00816992866943,1.528,-2.1195165748726
153.865557909012,3,0.0184078,-51,7.04002399528201,3.01072359656083,1.528,-2.11934386303453
154.204531908035,3,6.19115,-51,7.03577493054314,3.01331063753428,1.528,-2.11952547401101
154.427667856216,3,6.08684,-52,7.03286550906678,3.01507361447092,1.528,-2.11975731057349
154.726974010468,3,5.91503,-52,7.02896292071075,3.01743840531363,1.528,-2.12006828740396
