15.0641629695892,3,2.1353,-65,8.82835228598318,1.86977183170804,1.528,-2.15142690125232
15.2333369255066,3,2.11076,-66,8.82598841460401,1.87136345047893,1.528,-2.15108276746402
15.7907118797302,3,2.09849,-66,8.81893195257008,1.87622648476128,1.528,-2.15134445318995
16.0063879489899,3,2.1353,-65,8.81630931961172,1.87805209579389,1.528,-2.15165141433703
16.2553560733795,3,2.18439,-66,8.81328895509057,1.88015310890085,1.528,-2.15204195238423
16.4455308914185,3,2.2212,-65,8.81099649203063,1.88174476719117,1.528,-2.15241492305823
16.6763439178467,3,2.21507,-65,8.80821415553469,1.88367654486193,1.528,-2.15286759334824
16.8612880706787,3,2.22734,-65,8.80598474554817,1.8852244253707,1.528,-2.15323030564657
17.0684099197388,3,2.33165,-65,8.80335503557469,1.88703247587744,1.528,-2.15327094429209
17.2486300468445,3,2.28256,-65,8.80088231492591,1.88870918371462,1.528,-2.15279884094904
17.4994008541107,3,2.36233,-65,8.79744159960073,1.89104227150361,1.528,-2.15214192355391
17.7115368843079,3,2.39301,-65,8.79453097496272,1.89301591423761,1.528,-2.15158621354168
17.8443958759308,3,2.33165,-66,8.79268360169438,1.89427053349641,1.528,-2.15126093649438
18.0565519332886,3,2.50346,-64,8.78862225604916,1.89711604591999,1.528,-2.15177503087985
18.2188370227814,3,2.45437,-64,8.78551560027084,1.89929267120264,1.528,-2.15216827844673
18.3484959602356,3,2.54641,-65,8.7830335134167,1.90103170294159,1.528,-2.15248246665611
18.6139290332794,3,2.54027,-65,8.77795227525302,1.90459178562969,1.528,-2.15312566136038
18.7468929290771,3,2.63231,-65,8.7758234672042,1.90607200628961,1.528,-2.15338430530597
18.9692718982697,3,2.6814,-65,8.77270088585629,1.90822903492098,1.528,-2.15375008572226
19.2570960521698,3,2.74276,-65,8.7686593421001,1.91102086790329,1.528,-2.15422351375916
19.3531248569489,3,2.79185,-65,8.76731093331957,1.91195232685418,1.528,-2.15438146689797
19.5995240211487,3,2.73049,-66,8.76416185377216,1.91414488114048,1.528,-2.15468790636907
29.0726029872894,3,2.01258,-66,8.65322029429256,1.99208427872114,1.528,-2.13558433221833
29.1708199977875,3,2.05553,-66,8.65218661801527,1.99276358673729,1.528,-2.13557574890404
29.6311240196228,3,2.2212,-67,8.64730617897937,1.99599688199264,1.528,-2.1353606121944
29.8643660545349,3,2.23961,-66,8.64482145714845,1.99765142126575,1.528,-2.13519457568284
30.124410867691,3,2.35619,-67,8.64205120596062,1.99949609028648,1.528,-2.13500945924942
30.3035268783569,3,2.39915,-66,8.63985255853264,2.00115825215069,1.528,-2.13450670799045
30.6906628608704,3,2.528,-65,8.63498737575804,2.0049032242479,1.528,-2.13327400753792
30.9404380321503,3,2.62618,-65,8.63184842222305,2.00731943221944,1.528,-2.13247868501413
31.4445009231567,3,2.7673,-65,8.6266171411171,2.01071440203023,1.528,-2.13071385061651
31.7180058956146,3,2.90843,-65,8.62382644788702,2.01249234368488,1.528,-2.12974932530657
31.9054658412933,3,2.82866,-65,8.62168731863625,2.01385039867994,1.528,-2.12938173913482
32.2725639343262,3,3.09251,-65,8.61686318519664,2.0169010805599,1.528,-2.12948529834998
32.5840139389038,3,3.14773,-65,8.61277033805207,2.01948931216206,1.528,-2.12957315911158
32.8644769191742,3,3.19682,-66,8.60890566241706,2.02192265674739,1.528,-2.13005778958534
33.0537898540497,3,3.21522,-65,8.60623495322624,2.02360073325184,1.528,-2.13052545025051
33.3967700004578,3,3.37476,-65,8.60139640254884,2.02664092131695,1.528,-2.13137271577686
33.5900099277496,3,3.46066,-65,8.59878876530094,2.02828478197607,1.528,-2.13184183047716
33.9815309047699,3,3.63247,-65,8.59381086245323,2.03143745377962,1.528,-2.13277103900873
34.2924790382385,3,3.71223,-65,8.58985738437688,2.03394132322798,1.528,-2.13350902158298
34.3649048805237,3,3.76746,-65,8.58907112212582,2.03443081285759,1.528,-2.13361362288653
34.8412239551544,3,3.90858,-65,8.58489534927858,2.03695704007732,1.528,-2.13380395507432
35.4067649841309,3,4.00062,-65,8.57838879551172,2.04102331370325,1.528,-2.13306077195563
35.7112150192261,3,4.23992,-65,8.57383467149035,2.04393666619731,1.528,-2.13200267092711
35.9860899448395,3,4.28287,-64,8.56972294753795,2.04656700765822,1.528,-2.13104735672781
36.2314689159393,3,4.3381,-64,8.56689446615605,2.04837808634171,1.528,-2.13073382960467
36.4844398498535,3,4.36264,-65,8.56406506985821,2.05018997103717,1.528,-2.13046606339352
36.761137008667,3,4.44241,-64,8.56097030357556,2.05217179297843,1.528,-2.13017318330368
37.1558849811554,3,4.44241,-65,8.55631179039566,2.05516260088193,1.528,-2.1298707953502
37.1973350048065,3,4.54672,-65,8.55581424823048,2.05548227537787,1.528,-2.12984301875528
37.7374620437622,3,4.77375,-65,8.5493169809067,2.05965884667967,1.528,-2.12959441208309
38.0402848720551,3,4.66944,-64,8.54553314733848,2.0621117387893,1.528,-2.13060636757227
38.3347229957581,3,4.79829,-64,8.5418540823799,2.06449671403861,1.528,-2.13159030354956
38.6117689609528,3,4.79216,-64,8.53800310877319,2.06696656429969,1.528,-2.1323704617891
38.9141819477081,3,4.92101,-64,8.5326885988318,2.07030690411123,1.528,-2.13280631753206
39.3016698360443,3,4.96089,-64,8.52587900954522,2.07458694920383,1.528,-2.13336478832813
39.5972838401794,3,5.00078,-63,8.52194357608747,2.07710893756411,1.528,-2.13317810249833
39.8927419185638,3,5.03146,-63,8.51832495224795,2.07944387962657,1.528,-2.13283840954897
40.1939198970795,3,5.2094,-63,8.51462796794718,2.08182915772129,1.528,-2.13247669057177
40.4144940376282,3,5.056,-63,8.51165848746629,2.08373792421381,1.528,-2.1317245950788
40.7469470500946,3,5.22167,-62,8.50718283710729,2.08661484881138,1.528,-2.13059102424551
41.0889890193939,3,5.25849,-63,8.50260682437454,2.08955842319167,1.528,-2.12952898738878
41.2838928699493,3,5.2094,-62,8.50009187865327,2.09118312263992,1.528,-2.12925968789119
41.5846750736237,3,5.25849,-63,8.49621072949172,2.09369041369119,1.528,-2.12884409581283
41.8228678703308,3,5.47938,-64,8.49313720399077,2.09567596556349,1.528,-2.12851498379016
42.1349439620972,3,5.41802,-64,8.48936308058536,2.0981254091298,1.528,-2.12822071951853
42.5225019454956,3,5.47938,-63,8.48480422696018,2.10109025799093,1.528,-2.12792469006235
42.815505027771,3,5.688,-63,8.48151162384518,2.10321287068897,1.528,-2.12818093422694
43.2008929252625,3,5.688,-63,8.4781372554642,2.10526642820989,1.528,-2.13149929649371
43.4376208782196,3,5.688,-63,8.47606451959327,2.10652784423093,1.528,-2.13353763010953
43.7799079418182,3,5.88435,-63,8.47221482931669,2.10890457365786,1.528,-2.13459871998828
44.031270980835,3,5.91503,-63,8.46888509120871,2.11097585278252,1.528,-2.13426606000766
44.4500720500946,3,6.03775,-63,8.46337220099879,2.11440585373186,1.528,-2.1335824768322
44.6985239982605,3,6.06843,-63,8.46022759229869,2.11636483963019,1.528,-2.13270981030299
44.9614729881287,3,6.06843,-64,8.45689949731966,2.11843813133483,1.528,-2.13178622413656
45.2571759223938,3,6.20955,-64,8.45320957273471,2.12073519002253,1.528,-2.13075354074654
45.6012179851532,3,0.0368155,-65,8.44930255278179,2.12315520984411,1.528,-2.12959559666667
45.9105870723724,3,0.276117,-64,8.44578928702909,2.1253313371387,1.528,-2.12855435159284
46.2344250679016,3,0.343612,-64,8.44213262073342,2.12759604198235,1.528,-2.12763033902601
46.545793056488,3,0.472466,-64,8.43863060040161,2.12976480584266,1.528,-2.12685171724665
46.6986119747162,3,0.411107,-64,8.4369118143403,2.13082923172835,1.528,-2.12646957090409
46.9007380008698,3,0.282252,-65,8.434638461012,2.13223709521085,1.528,-2.12596412483414
47.3955919742584,3,0.435651,-65,8.42722320886283,2.13808962491242,1.528,-2.12979931344674
47.7210729122162,3,0.760854,-66,8.42230098433096,2.14199752521967,1.528,-2.13244520570708
47.9186570644379,3,0.699495,-66,8.41982104561319,2.14357653257822,1.528,-2.13308527668241
48.3462438583374,3,0.785398,-66,8.41461496306299,2.14674274429868,1.528,-2.13416490297397
48.6610760688782,3,0.97868,-66,8.41072815401486,2.14912091771754,1.528,-2.1346980327006
50.9647469520569,3,1.64443,-66,8.38326419276363,2.16612383012175,1.528,-2.13152016404247
51.3228600025177,3,2.09235,-65,8.37465159465555,2.16676652832378,1.528,-2.13190336350638
51.5616438388824,3,2.03713,-65,8.36729904557625,2.16633835688259,1.528,-2.13252243941179
51.7333879470825,3,2.24575,-65,8.36201076055728,2.1660303966645,1.528,-2.13296770673349
52.2348508834839,3,2.40528,-64,8.3510479505365,2.16786362893775,1.528,-2.13413671092391
52.5141310691834,3,2.49118,-64,8.34723212370049,2.17028174104277,1.528,-2.13472073257207
52.7789599895477,3,2.6139,-64,8.34361374562348,2.17257472869776,1.528,-2.1352745342038
52.8957948684692,3,2.63231,-64,8.34210892843656,2.17353872960635,1.528,-2.13544683278089
53.3997168540955,3,2.66913,-64,8.33587160291859,2.17756490844781,1.528,-2.13599075121468
53.4708769321442,3,2.98206,-63,8.33499081465506,2.17813345518474,1.528,-2.13606755929074
53.8758318424225,3,3.12318,-64,8.32957265868818,2.18159019022211,1.528,-2.13605346847764
54.0662569999695,3,3.30726,-63,8.32682709222329,2.18332350238429,1.528,-2.13582698235512
54.7894899845123,3,3.57111,-63,8.31649366771362,2.18985070881825,1.528,-2.13462153840356
55.0676250457764,3,3.62019,-62,8.31257429878521,2.19232850835764,1.528,-2.13395795884353
55.5390720367432,3,3.87177,-62,8.30722952127098,2.1954080775099,1.528,-2.13211781154528
55.779196023941,3,3.9454,-62,8.30551085085308,2.19611078511918,1.528,-2.13062773275932
56.1252639293671,3,4.05585,-61,8.30303389434998,2.19712353088154,1.528,-2.12848022367289
56.3785610198975,3,4.21538,-61,8.30018844703564,2.19879803653576,1.528,-2.12844585868369
56.7559359073639,3,4.36878,-61,8.29527243467922,2.20190447379166,1.528,-2.12940234837968
56.9366848468781,3,4.36878,-60,8.29291784233729,2.20339234502613,1.528,-2.12986047239362
57.2758510112762,3,4.48536,-61,8.28880883005464,2.20597931898109,1.528,-2.13101546799103
57.5766429901123,3,4.65103,-61,8.28536189079789,2.20814293623763,1.528,-2.13222808354495
57.7257158756256,3,4.68171,-60,8.28365358333842,2.20921522768911,1.528,-2.13282905734864
58.2668879032135,3,4.84738,-60,8.2769303914645,2.21342657070378,1.528,-2.13407506451368
58.8265450000763,3,5.04373,-60,8.26954235642146,2.21804193936624,1.528,-2.13464852881618
59.1516599655151,3,5.13577,-59,8.2648141345446,2.22096705914518,1.528,-2.13445955741727
59.2797360420227,3,5.19713,-59,8.26295149464419,2.2221193834133,1.528,-2.13438511385755
59.5300509929657,3,5.34439,-59,8.2593111066185,2.22437151355741,1.528,-2.13423961958176
59.8559989929199,3,5.49779,-60,8.25514486127473,2.22658457578096,1.528,-2.13388364244221
60.370265007019,3,5.76777,-60,8.24873939916766,2.22986586438864,1.528,-2.13327331067541
60.6484680175781,3,5.72482,-59,8.24539783458079,2.23182212617942,1.528,-2.13291250772268
61.0405340194702,3,5.78004,-59,8.24073835028932,2.23465192178275,1.528,-2.13239171472076
61.3561789989471,3,5.93957,-59,8.23688985954656,2.23699700950981,1.528,-2.13235089632835
61.648432970047,3,6.08684,-58,8.23302972260418,2.23937247839743,1.528,-2.13346856778531
61.7097010612488,3,6.02548,-58,8.23222048390899,2.23987047144063,1.528,-2.13370287630984
62.3058638572693,3,6.27091,-58,8.22426642586642,2.24476428672882,1.528,-2.13552660063556
62.3495469093323,3,6.19728,-58,8.22366575213589,2.24513363833243,1.528,-2.13555824375669
62.7351460456848,3,0.0981748,-59,8.21836348361798,2.24839397964635,1.528,-2.13583756398743
62.9916779994965,3,0.141126,-58,8.2147866733167,2.25059569054385,1.528,-2.13607036355229
63.2741129398346,3,0.220893,-58,8.21047169303877,2.25326947388564,1.528,-2.13668581240335
63.6740920543671,3,0.355884,-57,8.20436089814659,2.25705603617224,1.528,-2.13755739963044
63.8997209072113,3,0.429515,-57,8.20105156754322,2.25928517999639,1.528,-2.13734598464215
64.2258279323578,3,0.570641,-57,8.19646247654383,2.26263813891074,1.528,-2.13605061300033
64.5850560665131,3,0.681087,-57,8.19140729382755,2.26633164160104,1.528,-2.13462367674306
64.9965670108795,3,0.822214,-56,8.18617305216583,2.26963194128187,1.528,-2.13374991331738
65.2113568782806,3,0.957204,-56,8.18346069494729,2.27132164663772,1.528,-2.13332074287141
65.4544999599457,3,0.99402,-56,8.18039029455704,2.27323440058788,1.528,-2.13283492002485
65.8542928695679,3,1.08606,-56,8.17591651661794,2.27603544315058,1.528,-2.13355837448486
66.2375490665436,3,1.19651,-56,8.1716765303451,2.27869145106349,1.528,-2.13438099308062
66.3966610431671,3,1.23332,-55,8.16984045599806,2.27983708257574,1.528,-2.13467778999285
66.7144198417664,3,1.34377,-55,8.16561200500704,2.28244334600475,1.528,-2.13493918514502
67.2858760356903,3,1.52784,-56,8.15791050645052,2.28720086938693,1.528,-2.13558580786396
67.6148838996887,3,1.6567,-55,8.15320097469843,2.29013984051419,1.528,-2.13645912492891
67.8076908588409,3,1.69351,-55,8.15044106955477,2.29186215219148,1.528,-2.13697091089543
68.1131179332733,3,1.79169,-55,8.14704910094108,2.29365628682091,1.528,-2.13657942255284
68.658716917038,3,1.93282,-54,8.14466393515622,2.29335896698623,1.528,-2.13137302189225
68.8804590702057,3,2.01872,-54,8.14327934703518,2.29361866272884,1.528,-2.12960165851749
69.2947390079498,3,2.16598,-55,8.13718208314183,2.29732110974378,1.528,-2.12920586242252
69.6643440723419,3,2.36847,-55,8.1317423323632,2.30062429448118,1.528,-2.12885274795127
69.968906879425,3,2.47891,-54,8.12795127314575,2.30292195566925,1.528,-2.12786666918691
70.4649300575256,3,2.58322,-54,8.12178773831119,2.30665743132655,1.528,-2.12624990862898
70.8683409690857,3,2.73049,-54,8.11604511093578,2.31012056256742,1.528,-2.12611206853856
71.163293838501,3,2.80412,-54,8.11176721290295,2.31269874501679,1.528,-2.12613899472602
71.4304099082947,3,2.9207,-54,8.10790887242135,2.31503459528014,1.528,-2.1262770740789
71.8670918941498,3,3.06796,-54,8.10176200684221,2.31886329987444,1.528,-2.12765800008492
72.1013638973236,3,3.17227,-54,8.09846432441172,2.32091733078005,1.528,-2.12839884196103
72.3232870101929,3,3.25204,-54,8.09520723902918,2.32300230585419,1.528,-2.12898583721779
72.6900889873505,3,3.39317,-53,8.08913834448906,2.32716469621042,1.528,-2.12936541271142
73.219703912735,3,3.58338,-53,8.08067395445519,2.33286378859591,1.528,-2.12964911324045
73.4847159385681,3,3.65701,-53,8.07707987308601,2.33504716898165,1.528,-2.12922269680682
73.811940908432,3,3.73678,-53,8.07264206252244,2.33774310920804,1.528,-2.12869617690944
74.2397840023041,3,3.8595,-53,8.0669354692138,2.34125826679694,1.528,-2.12785036451542
74.627995967865,3,4.03744,-52,8.06179726808056,2.34444376328705,1.528,-2.12701752422185
74.9803540706635,3,4.13561,-52,8.05700865094074,2.34739853586993,1.528,-2.12671982616503
75.3544778823853,3,4.28901,-52,8.05183323708091,2.35058205297657,1.528,-2.12673741465733
75.7149839401245,3,4.39332,-52,8.04693346666629,2.35360169796438,1.528,-2.12681435320573
75.8892450332642,3,4.44854,-52,8.04468669597065,2.35499440906104,1.528,-2.12693519137441
76.3643128871918,3,4.55285,-52,8.038561585004,2.3587911961689,1.528,-2.12726461849112
76.6453430652618,3,4.62649,-52,8.03439010332269,2.36098028960597,1.528,-2.12738380107698
76.8734879493713,3,4.70012,-52,8.03072291773777,2.36272827791565,1.528,-2.12744179121047
77.2832000255585,3,4.8167,-52,8.02413723326965,2.36586738805746,1.528,-2.12754593230522
77.4726939201355,3,4.86579,-52,8.02163136304156,2.36742324336977,1.528,-2.12816995131097
77.8016400337219,3,4.95783,-51,8.01736784850749,2.37014073581111,1.528,-2.12934540625261
78.1445460319519,3,5.00691,-51,8.01292396130401,2.37297469904883,1.528,-2.13055969441508
78.637974023819,3,5.1235,-51,8.00654261352685,2.37707955478188,1.528,-2.13204748055413
78.9010808467865,3,5.16031,-51,8.0031399364036,2.37926835551566,1.528,-2.1328408013441
79.1708149909973,3,5.21553,-51,7.99968116952503,2.38152298190833,1.528,-2.13260949671275
79.4511940479279,3,5.27076,-51,7.99609282119097,2.38386908293116,1.528,-2.13212511911393
79.9609508514404,3,5.43029,-51,7.98963790333704,2.38808036313764,1.528,-2.13181431480616
80.3072240352631,3,5.50392,-51,7.98535615541592,2.39086024320431,1.528,-2.13245332091226
80.6470949649811,3,5.61437,-51,7.98115357284597,2.39358872599449,1.528,-2.13308051241747
80.8433699607849,3,5.62664,-50,7.97909102326217,2.39490350540489,1.528,-2.13339321557259
81.1744139194489,3,5.70641,-50,7.97562879215111,2.39710921893294,1.528,-2.13391838546022
81.5330109596252,3,5.74322,-50,7.97180689096483,2.3995510870002,1.528,-2.13449813171832
81.8330039978027,3,5.79845,-50,7.96794942940875,2.40207924050633,1.528,-2.13508345038222
82.0733230113983,3,5.85981,-50,7.96485928651154,2.40410449869399,1.528,-2.13555233860977
82.3413870334625,3,5.89662,-50,7.96141238432354,2.40636357444244,1.528,-2.13607536033116
82.8773529529572,3,6.01934,-50,7.95382848460136,2.41125217365475,1.528,-2.13694929313541
83.0315749645233,3,6.06843,-50,7.95164144214663,2.41266142988439,1.528,-2.13719957088111
83.4773879051209,3,6.12979,-50,7.94588140084724,2.41638995487217,1.528,-2.13662725799465
83.7010028362274,3,6.17274,-50,7.94310026258871,2.41819378550973,1.528,-2.13609113495686
83.9355499744415,3,6.24023,-50,7.94018315854611,2.42008580279038,1.528,-2.13552880164744
84.3215138912201,3,6.27705,-50,7.93521777323175,2.42328266371776,1.528,-2.13513635538609
84.5903210639954,3,0.0306796,-50,7.93175319605906,2.42551237336582,1.528,-2.13488369706903
85.0776948928833,3,0.190214,-49,7.92636906964433,2.42867549032258,1.528,-2.13276385740281
85.2518498897552,3,0.202485,-49,7.92470193017903,2.42955411787862,1.528,-2.13153091150832
85.7218070030212,3,0.312932,-49,7.91992416147366,2.43215658606666,1.528,-2.12870240655746
85.9833168983459,3,0.398835,-49,7.91628854285646,2.43441540236729,1.528,-2.12887450684703
86.3885259628296,3,0.484738,-49,7.91065515901504,2.43791543374805,1.528,-2.12914117590461
86.7420890331268,3,0.558369,-49,7.90557024724177,2.44108734547389,1.528,-2.12956820330237
87.0108509063721,3,0.570641,-49,7.9016389155775,2.44354442776406,1.528,-2.12996849617878
87.2610218524933,3,0.589049,-50,7.89797952390081,2.445831547562,1.528,-2.13034109980149
87.5179629325867,3,0.638136,-50,7.89447894509087,2.44802887872472,1.528,-2.13106981569921
87.9756569862366,3,0.760854,-50,7.88842598683396,2.45183555502227,1.528,-2.13261306284687
88.3520090579987,3,0.809942,-50,7.88355838562656,2.45489447811482,1.528,-2.13325027451601
88.5463659763336,3,0.846757,-50,7.88108616520424,2.45644719751647,1.528,-2.13334004110642
88.8241059780121,3,0.859029,-50,7.87755331178113,2.45866606522088,1.528,-2.13346831939558
89.1594820022583,3,0.926524,-50,7.8747959941901,2.46032306214684,1.528,-2.13291117381901
89.596519947052,3,0.957204,-50,7.87218721510667,2.46181530494913,1.528,-2.13172055456187
89.8757438659668,3,1.01243,-50,7.86949415831358,2.46347345492247,1.528,-2.13082013626258
90.2243180274963,3,1.07379,-50,7.86427092357984,2.46682158023579,1.528,-2.12944266734651
90.4512269496918,3,1.13515,-50,7.86087079042423,2.46900108632105,1.528,-2.12854598588932
90.9393780231476,3,1.24559,-50,7.85386108166521,2.47346186333566,1.528,-2.12834579198364
91.2442848682404,3,1.23946,-50,7.84960024031805,2.47616027673718,1.528,-2.12888690808408
91.4947259426117,3,1.25786,-50,7.84608827414143,2.47838496710371,1.528,-2.12933118744713
91.9244148731232,3,1.31922,-50,7.83926218799548,2.48274443924562,1.528,-2.13008189605706
92.2765128612518,3,1.38672,-50,7.83366872019094,2.4863167010878,1.528,-2.13069704569778
92.5651178359985,3,1.42967,-51,7.82884836946002,2.48938561257507,1.528,-2.13065461120876
92.9575209617615,3,1.49717,-51,7.82227908201833,2.49356740525251,1.528,-2.13056146459578
93.1888718605042,3,1.52784,-51,7.81901736164497,2.4959412015131,1.528,-2.13040290917093
93.7458279132843,3,1.63216,-51,7.81313970496131,2.50135977495283,1.528,-2.12968646107812
94.1776628494263,3,1.68124,-51,7.80836366533881,2.50488028608297,1.528,-2.12887298209036
94.4997630119324,3,1.68738,-50,7.80471881580448,2.50724962752482,1.528,-2.12816899246068
94.8575139045715,3,1.73033,-51,7.80045125702496,2.51001833167272,1.528,-2.1274061300721
95.0534729957581,3,1.74874,-50,7.79786245703628,2.51169198974664,1.528,-2.12701009066156
95.5400838851929,3,1.81623,-50,7.79143387922736,2.51584806252198,1.528,-2.12602663493798
95.9295878410339,3,1.91441,-50,7.78595497480784,2.51939201629715,1.528,-2.12652267035737
96.148973941803,3,1.94509,-50,7.78282239143921,2.52141852701958,1.528,-2.12698160026652
96.4103119373322,3,1.94509,-51,7.77909078284815,2.52383255529329,1.528,-2.12752828860332
96.8822309970856,3,2.03099,-51,7.77281460711861,2.52790174055325,1.528,-2.12846655845416
97.2343719005585,3,2.08008,-51,7.76817990291705,2.53090768946042,1.528,-2.12916155089652
97.8055250644684,3,2.18439,-51,7.77875966220227,2.55415313514912,1.528,-2.13043739076311
98.0648920536041,3,2.23961,-51,7.78452898628346,2.56568864268871,1.528,-2.13102468722646
98.3457028865814,3,2.25802,-51,7.78322284297173,2.56975226675814,1.528,-2.13034182678456
98.6348578929901,3,2.33165,-52,7.77996904182366,2.5718071089926,1.528,-2.12930537736225
99.1561739444733,3,2.39301,-51,7.77334480396883,2.57596548356166,1.528,-2.12743699286566
99.5125069618225,3,2.43596,-51,7.76818695573875,2.57918495214034,1.528,-2.1261600905035
99.8611929416656,3,2.42983,-51,7.76330220782148,2.58223028972818,1.528,-2.12537962585762
100.156708955765,3,2.4421,-52,7.75956313015116,2.58455202748737,1.528,-2.12587569482652
100.509552955627,3,2.49118,-51,7.75509869824882,2.58732416570831,1.528,-2.126467997615
100.917434930801,3,2.48505,-52,7.74984459269947,2.59059374830928,1.528,-2.12733705865046
101.281383991241,3,2.55868,-52,7.74511374307776,2.59354090508085,1.528,-2.12819682426887
101.592206001282,3,2.57709,-52,7.74056607933179,2.59651908244233,1.528,-2.1293201071833
102.132469892502,3,2.62618,-52,7.7306143097606,2.60355654523167,1.528,-2.13284210573804
102.334872961044,3,2.6139,-52,7.72693376338961,2.60614959165145,1.528,-2.13410826619525
102.733237981796,3,2.63231,-52,7.7216099488618,2.60950623430042,1.528,-2.13445687893328
103.017920017242,3,2.66299,-52,7.71780541212497,2.61190497869763,1.528,-2.13470600668966
103.437288045883,3,2.68753,-52,7.7129377454316,2.61497734226872,1.528,-2.13403350090497
103.566088914871,3,2.69367,-53,7.71152065118586,2.61587218505975,1.528,-2.13371703211301
104.033067941666,3,2.74276,-53,7.70642872207119,2.61908684193709,1.528,-2.13234244374296
104.538104057312,3,2.75503,-53,7.70115631953139,2.6224117804757,1.528,-2.12969436769257
104.693760871887,3,2.76117,-53,7.69953131617207,2.62343655736896,1.528,-2.12887820609543
105.10933303833,3,2.77957,-53,7.69444263560228,2.62662245170932,1.528,-2.12795318845594
105.701568841934,3,2.79798,-53,7.68521589293911,2.62973443401733,1.528,-2.1271836291909
105.994369983673,3,2.77344,-53,7.67150744070772,2.62180104654639,1.528,-2.12633547042608
106.259974002838,3,2.79185,-53,7.65907231157002,2.61460455958818,1.528,-2.1255660937239
106.678945064545,3,2.82252,-53,7.64562321433706,2.60930057251186,1.528,-2.12530554686377
107.025699853897,3,2.90843,-53,7.64159233269993,2.61187445839057,1.528,-2.12618730222189
107.302332878113,3,2.95138,-54,7.63837658770728,2.61392784555775,1.528,-2.12689074643903
107.642435073853,3,2.89616,-53,7.633461894423,2.61705216055361,1.528,-2.12659277661492
107.9427318573,3,2.9207,-53,7.62904854168347,2.61985690808901,1.528,-2.12624030834176
108.3397128582,3,2.95138,-54,7.62333782201461,2.62348266912549,1.528,-2.12527498684317
108.79731297493,3,2.94524,-54,7.61688281891269,2.62757730199444,1.528,-2.12364599893591
108.96587395668,3,3.01274,-54,7.61452071322489,2.62907588932441,1.528,-2.12306628370729
109.501680850983,3,2.96979,-54,7.60783915240269,2.63332664668066,1.528,-2.12229799867401
109.91358089447,3,3.00047,-54,7.60227375489367,2.63683576976659,1.528,-2.12121329150999
110.177826881409,3,2.96365,-54,7.59791360887668,2.6395313586147,1.528,-2.11960773916613
110.628144025803,3,2.95138,-55,7.59048322733615,2.64412507027936,1.528,-2.1168716228866
110.823839902878,3,2.98206,-54,7.58811477773338,2.64559046945407,1.528,-2.11705540733675
111.147393941879,3,2.97592,-54,7.58445542047851,2.6478550395754,1.528,-2.11776847266907
111.590437889099,3,2.92684,-55,7.57925796268421,2.65106571701152,1.528,-2.11855790950609
111.933887958527,3,2.98206,-55,7.57477197452142,2.65382335600643,1.528,-2.11871230298014
112.132094860077,3,2.90229,-55,7.57218308637352,2.65541480445682,1.528,-2.11880140429307
112.464863061905,3,2.89616,-55,7.56791383050247,2.65803971342664,1.528,-2.1188329359373
112.744289875031,3,2.8532,-55,7.56438382718471,2.66021046259331,1.528,-2.11877545504036
113.434727907181,3,2.87161,-55,7.55582864752419,2.6654755531251,1.528,-2.11793533626722
113.839428901672,3,2.8348,-55,7.55092505319761,2.66849616723028,1.528,-2.11697913537353
114.130712032318,3,2.78571,-55,7.54630522626185,2.67125813879676,1.528,-2.11658813439086
114.395177841187,3,2.7673,-55,7.54161657443369,2.67403223193665,1.528,-2.11636782050615
114.719009876251,3,2.77957,-55,7.53587543281044,2.6774290424007,1.528,-2.11609805144245
115.101646900177,3,2.66913,-55,7.53143908036826,2.68009749565742,1.528,-2.11657778396575
115.526236057281,3,2.69981,-55,7.52709631654818,2.68272614211238,1.528,-2.11730740826693
115.702462911606,3,2.69981,-55,7.52512652247599,2.68392263203588,1.528,-2.11763828207479
116.125619888306,3,2.62004,-55,7.51969475181062,2.68723806186653,1.528,-2.11855040960161
116.492528915405,3,2.52186,-55,7.51499880123145,2.69010416238631,1.528,-2.11928964075051
116.737814903259,3,2.52186,-55,7.51196931505869,2.6919515549348,1.528,-2.11937280311604
117.315880060196,3,2.4421,-55,7.50483449769476,2.69630646309191,1.528,-2.11953645023693
117.604789018631,3,2.45437,-55,7.50131936056707,2.6984953368248,1.528,-2.11927407292576
118.100457906723,3,2.41142,-54,7.49528035210357,2.70227244433884,1.528,-2.11883023674621
118.379199028015,3,2.33779,-54,7.49154582165935,2.70529031313092,1.528,-2.11884009906252
118.512487888336,3,2.31938,-54,7.48976003811784,2.70673340229562,1.528,-2.11884481504018
118.895834922791,3,2.25802,-54,7.4846240138232,2.71088381629428,1.528,-2.11885837848462
119.283792972565,3,2.23961,-54,7.47903259323181,2.71439941234484,1.528,-2.11856248134019
119.668529033661,3,2.23961,-53,7.47343532070219,2.71779484988098,1.528,-2.1182279109305
120.137480020523,3,2.12917,-53,7.46725717140037,2.72155665543889,1.528,-2.11888595422181
120.335386991501,3,2.15371,-53,7.46474770765255,2.72308698643616,1.528,-2.1193255173806
120.74250292778,3,2.12303,-53,7.45945478975387,2.7263159848043,1.528,-2.12037906985797
121.107877016068,3,2.04326,-52,7.45433923829743,2.72944018837545,1.528,-2.12174203685501
121.580669879913,3,1.97577,-52,7.44778088426417,2.73345969463725,1.528,-2.12330859293358
121.772207021713,3,1.99418,-52,7.44520430465086,2.73505759144514,1.528,-2.12368429581149
122.025631904602,3,1.93282,-52,7.44179520404187,2.73717178615225,1.528,-2.12418139238993
122.461621999741,3,1.92054,-52,7.43645101148325,2.74042220678817,1.528,-2.12558558965647
122.682802915573,3,1.88373,-51,7.43416749102372,2.7417535476803,1.528,-2.12674873116395
123.097902059555,3,1.83464,-51,7.42979166662919,2.7443215517477,1.528,-2.12877795019035
123.336511850357,3,1.8101,-51,7.42652871432006,2.74637279762903,1.528,-2.12867120462409
123.629832029343,3,1.77942,-51,7.4225176058399,2.74889436980357,1.528,-2.12853998356859
124.128594875336,3,1.73033,-51,7.42073477099294,2.75846493546369,1.528,-2.12867306016129
124.257779836655,3,1.70579,-51,7.4217908170792,2.7625355131053,1.528,-2.12881485096448
124.595296859741,3,1.69965,-51,7.42454991169548,2.77317056871711,1.528,-2.12918530282904
125.074465036392,3,1.66897,-51,7.42174031922319,2.78140589663572,1.528,-2.12940837422666
125.301704883575,3,1.65056,-51,7.41853279146773,2.7833982494297,1.528,-2.12942973994026
125.595205068588,3,1.63216,-51,7.41438998816395,2.78597154773497,1.528,-2.12945733563255
125.95192193985,3,1.59534,-51,7.40971885568541,2.7888952474317,1.528,-2.12955637058472
126.30494093895,3,1.52784,-51,7.40512723049573,2.79177122927434,1.528,-2.12965997223611
126.710892915726,3,1.5033,-51,7.39959287196651,2.79520108996897,1.528,-2.13095749135167
126.921794891357,3,1.46035,-51,7.39662201836461,2.79702911090301,1.528,-2.13207475729317
127.233814954758,3,1.41126,-51,7.39222677300743,2.79973358631643,1.528,-2.13372770240598
127.506054878235,3,1.4174,-51,7.38855178063198,2.80206954996913,1.528,-2.13398495861481
127.879539966583,3,1.4174,-51,7.38358097423539,2.80526373606825,1.528,-2.133812425935
128.296190977097,3,1.3315,-51,7.37794588412666,2.80887622888296,1.528,-2.13333228800375
128.54394197464,3,1.30695,-51,7.3745343975889,2.81105753997614,1.528,-2.13285221953758
128.957937955856,3,1.23332,-51,7.36887008963177,2.81467822360803,1.528,-2.13205129602263
129.400094985962,3,1.16583,-51,7.36330076221193,2.81822375268107,1.528,-2.13121279133674
129.608557939529,3,1.14128,-51,7.3606750017597,2.81989535668643,1.528,-2.13081746309022
130.004112958908,3,1.07379,-51,7.35619851446515,2.82273598973903,1.528,-2.12973135271493
130.246710062027,3,1.03697,-51,7.35369341041268,2.82432079474448,1.528,-2.1289055858963
130.585533857346,3,1.00016,-51,7.35019465114551,2.82653421625645,1.528,-2.12775227679269
130.873053073883,3,0.951068,-51,7.3467791438757,2.82862919003759,1.528,-2.12699174381608
131.16943192482,3,0.914253,-51,7.34311515077701,2.83085823526874,1.528,-2.12627775276548
131.592980861664,3,0.840621,-52,7.33771906331884,2.83416362641436,1.528,-2.12544575276918
131.847431898117,3,0.79767,-52,7.33411221757384,2.83642306899119,1.528,-2.12537584034064
132.216598987579,3,0.724039,-52,7.32887927073904,2.83970115286744,1.528,-2.12527440877203
132.601975917816,3,0.66268,-52,7.32348366644892,2.84309833197988,1.528,-2.12526849880837
132.802109956741,3,0.66268,-52,7.32069206191013,2.84485869083484,1.528,-2.12528098362294
133.345803022385,3,0.564505,-52,7.31349605185828,2.84936368468956,1.528,-2.12423184182468
133.434393882751,3,0.521553,-52,7.31240415534541,2.85004008075948,1.528,-2.12383566698373
133.735677957535,3,0.472466,-52,7.30869078097162,2.85234040116802,1.528,-2.12248833645873
134.274673938751,3,0.343612,-52,7.30257801474107,2.85611880442372,1.528,-2.12048267625682
134.63068985939,3,0.251573,-52,7.29874130086244,2.85848693970759,1.528,-2.11931116056868
134.835515975952,3,0.208621,-52,7.29640548616392,2.85973212195766,1.528,-2.11918596348993
135.10484290123,3,0.128854,-53,7.29284441661618,2.86092231053539,1.528,-2.12111368913844
135.62636089325,3,0.00613592,-53,7.28594884968367,2.86322696223906,1.528,-2.12484648937124
135.815957069397,3,0,-53,7.2831454897099,2.86495941111139,1.528,-2.12539152876503
136.157144069672,3,6.1666,-53,7.27807881211475,2.86814311805993,1.528,-2.12631236748037
136.482372999191,3,6.09297,-53,7.27324380056704,2.87117976545817,1.528,-2.12714724099656
136.724488973618,3,5.9948,-53,7.26959060319321,2.87345911082817,1.528,-2.12733458445163
137.274598836899,3,5.81072,-53,7.26127658039412,2.87864719641246,1.528,-2.12770255032381
137.459624052048,3,5.70641,-53,7.25842033070984,2.88043263248961,1.528,-2.12757261896562
137.853319883347,3,5.55915,-53,7.25234281531314,2.8842316754474,1.528,-2.12729615159856
138.059112071991,3,5.46097,-53,7.24916598412627,2.88621750639322,1.528,-2.12715163692496
138.343204975128,3,5.33825,-53,7.24599122713247,2.8881934556876,1.528,-2.12606732201721
138.850910902023,3,5.17258,-53,7.24033548136053,2.89171338185368,1.528,-2.12411644768449
139.127574920654,3,5.08054,-53,7.23706676311939,2.8936560877419,1.528,-2.12352673683684
139.356804847717,3,5.01305,-53,7.23431421226849,2.89527154493644,1.528,-2.12315031962646
139.885192871094,3,4.82897,-53,7.22785918645835,2.89910152395739,1.528,-2.12277493883888
140.159693002701,3,4.73693,-53,7.22424722685567,2.90134042199376,1.528,-2.12373446656875
140.431930065155,3,4.65103,-52,7.22066504543309,2.9035608618201,1.528,-2.12468608363718
140.573543071747,3,4.62035,-52,7.21880165667612,2.90471589617482,1.528,-2.12518109836064
140.977042913437,3,4.54672,-52,7.21337261923773,2.90810256665887,1.528,-2.12631856499034
141.258316040039,3,4.5099,-52,7.20957196677954,2.91047627164396,1.528,-2.12707460875891
141.769677877426,3,4.41173,-51,7.20260231456592,2.91479966368334,1.528,-2.12734844378677
142.08781003952,3,4.35651,-51,7.19824100778904,2.91749271103737,1.528,-2.12705451236465
142.378103017807,3,4.30128,-50,7.19424185032669,2.91996048515002,1.528,-2.1264374637274
142.921766996384,3,4.17243,-50,7.18669424281772,2.92461303236977,1.528,-2.1242453982104
143.093335866928,3,4.15402,-50,7.18431237727824,2.92608127801985,1.528,-2.12355362862526
143.44387793541,3,4.08652,-50,7.18025865708569,2.92796487442935,1.528,-2.12313687339711
143.78478884697,3,4.00676,-50,7.17637239180912,2.92971970349238,1.528,-2.12280033083708
144.172744035721,3,3.96994,-50,7.17171201403852,2.93225366404892,1.528,-2.12275827379248
144.541182994843,3,3.93313,-50,7.16708509658967,2.93511394029002,1.528,-2.12300644481928
144.907352924347,3,3.8595,-50,7.16242716984694,2.93799597707892,1.528,-2.1233587104034
145.304295063019,3,3.78586,-50,7.1570730647102,2.94132186644573,1.528,-2.12428150051673
145.529032945633,3,3.77973,-50,7.15404171546682,2.94320489488057,1.528,-2.12480395927322
145.979022979736,3,3.68769,-50,7.14777269693963,2.94711001409949,1.528,-2.1255940250594
146.287399053574,3,3.66315,-50,7.14341470026315,2.94982798729171,1.528,-2.12605600350567
146.666965961456,3,3.59565,-50,7.13821706456592,2.95306206839618,1.528,-2.12556541269431
146.858985900879,3,3.55884,-50,7.13566592240136,2.95464577652204,1.528,-2.12481890710195
147.290348052979,3,3.4668,-50,7.12993492291389,2.9582034890571,1.528,-2.12314192366031
147.625982046127,3,3.39317,-50,7.12565369148614,2.95966808121787,1.528,-2.12175384851687
148.070386886597,3,3.30113,-50,7.11998904297551,2.96157781552108,1.528,-2.11991404814589
148.407588005066,3,3.22136,-50,7.11530606073091,2.96426849434903,1.528,-2.1195532599132
148.770879030228,3,3.16614,-50,7.11018566501706,2.96740961230315,1.528,-2.11936653559625
149.17946600914,3,3.11705,-51,7.10449740662396,2.97088862372782,1.528,-2.11901077938465
149.517534971237,3,3.03115,-51,7.09986367359026,2.97371174642445,1.528,-2.11856606807379
149.758250951767,3,2.90843,-51,7.09656430655046,2.97572190063635,1.528,-2.11824941930904
150.058241844177,3,2.86548,-51,7.09271716755446,2.97805161999219,1.528,-2.11806212272459
150.381937980652,3,2.81639,-51,7.08868995616979,2.98048329627461,1.528,-2.1179571001609
150.702409029007,3,2.71821,-51,7.0845764629834,2.98296997248992,1.528,-2.11798310541251
151.093384981155,3,2.64458,-52,7.07876204868924,2.9865025956283,1.528,-2.11883328027569
151.432467937469,3,2.63845,-52,7.07371936312952,2.98956634492215,1.528,-2.11957061413064
151.747297048569,3,2.54027,-52,7.06900571290417,2.99261378261931,1.528,-2.12039951889192
151.971760988235,3,2.50959,-52,7.06564364051145,2.99479534418857,1.528,-2.12099678446294
152.503784894943,3,2.33779,-53,7.05770588404342,2.9998266221884,1.528,-2.12113708422533
152.764592885971,3,2.22734,-54,7.05383145591327,3.00221748764845,1.528,-2.12051484616329
153.107399940491,3,2.12917,-54,7.04875710950482,3.00534870663777,1.528,-2.11970738215976
153.362313985825,3,2.06781,-54,7.0458207907331,3.00715589589172,1.528,-2.11958515679959
153.694202899933,3,2.01872,-54,7.04199780935384,3.00950879126984,1.528,-2.11942602377885
153.838791847229,3,1.98804,-55,7.04033230975544,3.01053384107222,1.528,-2.11935669673908
154.257087945938,3,1.85305,-55,7.03508966370634,3.01372587803434,1.528,-2.11958007933689
154.590035915375,3,1.76715,-56,7.03074842698189,3.01635646981483,1.528,-2.11992600975889
154.850105047226,3,1.67511,-56,7.02735744169372,3.01841125249382,1.528,-2.12019621961985
