5.92206192016602,804.521066720947,970.40328307618,63.3,-59,5.87207830717959,5.87207830717959
6.02678084373474,804.632309481031,970.288904614134,63.3,-59,5.66959330717959,5.66959330717959
6.18911981582642,804.804761934792,970.111591084496,63.3,-59,5.52846630717959,5.52846630717959
6.38417601585388,805.011969852167,969.898542407033,63.3,-59,5.65732130717959,5.65732130717959
6.54814982414246,805.186158990041,969.71944323977,63.3,-59,5.58369030717959,5.58369030717959
6.72437000274658,805.369964835274,969.527788224693,63.3,-58,5.44869930717959,5.44869930717959
6.9838240146637,805.638409417346,969.246135598024,63.3,-59,5.43029230717959,5.43029230717959
7.12487697601318,805.784350129458,969.093014292364,63.3,-58,5.22167530717959,5.22167530717959
7.35615801811218,806.029752439905,968.840795284476,63.3,-57,5.18485530717959,5.18485530717959
7.47563290596008,806.179720871674,968.706136473074,63.3,-58,5.14803530717959,5.14803530717959
7.84436297416687,806.642561817342,968.290544932398,63.3,-58,5.01304530717959,5.01304530717959
8.06943988800049,806.922002984085,968.036609223257,63.3,-58,4.97623530717959,4.97623530717959
8.20127201080322,807.060759084441,967.885820073548,63.3,-58,4.89646530717959,4.89646530717959
8.44244289398193,807.314596544976,967.609969608305,63.3,-57,4.83510530717959,4.83510530717959
8.62446689605713,807.506180660912,967.401771151692,63.3,-58,4.76147530717959,4.76147530717959
8.96941590309143,807.85855171254,967.016562722522,63.3,-58,4.68170530717959,4.68170530717959
9.11761379241943,808.007126879197,966.853524486545,63.3,-57,4.62034530717959,4.62034530717959
9.42801880836487,808.318322114057,966.512035910238,63.3,-57,4.53444530717959,4.53444530717959
9.56036901473999,808.448475886473,966.368770242622,63.3,-58,4.41786530717959,4.41786530717959
9.8054039478302,808.689310597901,966.103649677942,63.3,-57,4.35650530717959,4.35650530717959
9.9545738697052,808.835923550737,965.94225222566,63.3,-58,4.26446530717959,4.26446530717959
10.2076489925385,809.081162295463,965.672563871492,63.3,-57,4.14788530717959,4.14788530717959
10.4373979568481,809.290738947889,965.443154400264,63.3,-58,4.14174530717959,4.14174530717959
10.6679108142853,809.501012422452,965.212982164689,63.3,-58,4.03130530717959,4.03130530717959
10.7938098907471,809.615857366661,965.087269125477,63.3,-59,4.00675530717959,4.00675530717959
11.0825898647308,809.877787203386,964.866293560199,63.3,-58,3.84108530717959,3.84108530717959
11.227607011795,810.008609932408,964.787375424256,63.3,-58,3.77359530717959,3.77359530717959
11.4505159854889,810.209700361039,964.666068661261,63.3,-58,3.74904530717959,3.74904530717959
11.833832025528,810.56323037825,964.388414000525,63.3,-57,3.58337530717959,3.58337530717959
12.0892817974091,810.807025939716,964.130194747833,63.3,-57,3.49133530717959,3.49133530717959
12.1639268398285,810.878265502364,964.054740434725,63.3,-58,3.46066530717959,3.46066530717959
12.4439108371735,811.149472898586,963.767022465454,63.3,-58,3.28271530717959,3.28271530717959
12.7041959762573,811.430462180625,963.465617845882,63.3,-58,3.19067530717959,3.19067530717959
12.913192987442,811.656083667614,963.223603780578,63.3,-58,3.12932530717959,3.12932530717959
12.9767789840698,811.724727554096,963.149972557561,63.3,-58,3.03728530717959,3.03728530717959
13.2043378353119,811.966062990577,962.889447083339,63.3,-58,2.87774530717959,2.87774530717959
13.4001228809357,812.168131830445,962.66913993844,63.3,-58,2.97592530717959,2.97592530717959
13.6180198192596,812.393022252478,962.42395138376,63.3,-58,2.58935530717959,2.58935530717959
13.8568768501282,812.646196509566,962.148557874897,63.3,-57,2.58935530717959,2.58935530717959
14.013885974884,812.823742486536,961.956458948994,63.3,-57,2.44209530717959,2.44209530717959
14.2275350093842,813.06533689462,961.695061720576,63.3,-58,2.37460530717959,2.37460530717959
14.4467389583588,813.313212802068,961.426868115796,63.3,-58,2.30710530717959,2.30710530717959
14.5733578205109,813.428669172957,961.325168301358,63.3,-58,2.19666530717959,2.19666530717959
14.8565979003906,813.653878171332,961.161131989393,63.3,-57,2.15984530717959,2.15984530717959
14.9453988075256,813.724485280888,961.109703627589,63.3,-57,2.01258530717959,2.01258530717959
15.2430508136749,813.965604189402,960.924534858341,63.3,-57,1.80396530717959,1.80396530717959
15.3533058166504,814.07263013366,960.805064036845,63.3,-58,1.85304530717959,1.85304530717959
15.7291438579559,814.437460936553,960.397811047569,63.3,-57,1.65056530717959,1.65056530717959
15.8650789260864,814.569414849134,960.25051365678,63.3,-57,1.56466530717959,1.56466530717959
16.104957818985,814.804354674518,959.988651299417,63.3,-57,1.53398530717959,1.53398530717959
16.3239028453827,815.020291230762,959.748252000438,63.3,-58,1.34376530717959,1.34376530717959
16.6326448917389,815.324790928037,959.409256533263,63.3,-57,1.25786530717959,1.25786530717959
16.7707250118256,815.4576418929,959.261600944629,63.3,-57,1.14128530717959,1.14128530717959
17.1687479019165,815.832514742482,958.845563433673,63.3,-57,0.981745307179586,0.981745307179586
17.3300569057465,815.984441597531,958.676953541832,63.3,-58,0.865165307179586,0.865165307179586
17.6505129337311,816.297242706,958.331717408531,63.3,-57,0.736315307179586,0.736315307179586
17.8691449165344,816.513616791177,958.093405395273,63.3,-57,0.595185307179587,0.595185307179587
18.2960679531097,816.924789567146,957.685300581188,63.3,-57,0.374295307179586,0.374295307179586
18.592099905014,817.195026420673,957.477395731832,63.3,-58,0.233165307179586,0.233165307179586
18.842052936554,817.423199495702,957.301852358781,63.3,-57,0.306795307179586,0.306795307179586
19.0882549285889,817.636010806567,957.074632481175,63.3,-58,0.00613530717958621,0.00613530717958621
19.3759407997131,817.880501898957,956.790119346109,63.3,-58,6.25864160717959,-0.0245436999999997
19.691859960556,818.159753156809,956.465446953073,63.3,-58,6.11751530717959,-0.16567
19.9238638877869,818.394171852364,956.193661789698,63.3,-58,6.00706830717959,-0.276117
20.2804718017578,818.754491451328,955.7759070503,63.3,-57,5.82299130717959,-0.460194
20.5400378704071,818.993217282637,955.497239992791,63.3,-57,5.73095230717959,-0.552233
20.8083479404449,819.2308628036,955.219030180005,63.3,-58,5.54073830717959,-0.742447
21.280749797821,819.704514425559,954.672326650217,63.3,-58,5.37506830717959,-0.908117
21.3899958133698,819.827699412395,954.531844626158,63.3,-57,5.34438930717959,-0.938796
21.7861490249634,820.276686225614,954.025785842958,63.3,-57,5.16644530717959,-1.11674
22.0525398254395,820.658875539268,953.80353857806,63.3,-57,5.08054530717959,-1.20264
22.4527878761292,821.233109062014,953.469615505688,63.3,-58,4.93328530717959,-1.3499
22.799106836319,821.602021938196,953.072594285829,63.3,-57,4.74306530717959,-1.54012
23.0936489105225,821.906539010372,952.727123519525,63.3,-57,4.70011530717959,-1.58307
23.6382279396057,822.461109576617,952.102201032543,63.3,-57,4.43627530717959,-1.84691
23.7941889762878,822.619300859589,951.924262669472,63.3,-57,4.20924530717959,-2.07394
24.3402719497681,823.204855858674,951.260074508334,63.3,-58,4.06198530717959,-2.2212
24.7140870094299,823.611213005855,950.797730925524,63.3,-57,3.99448530717959,-2.2887
25.0918369293213,824.010746567137,950.341939705027,63.3,-57,3.82881530717959,-2.45437
25.3030350208282,824.234123783629,950.087109112548,63.3,-57,3.59565530717959,-2.68753
25.6822769641876,824.5485978915,949.777098478918,63.3,-56,3.56497530717959,-2.71821
26.1009178161621,824.884180915886,949.457629765436,63.3,-57,3.28271530717959,-3.00047
26.6092460155487,825.464811172263,948.810310390972,63.3,-56,3.08023530717959,-3.20295
27.0571608543396,825.986257084138,948.22576487029,63.3,-55,2.78570530717959,-3.49748
27.976334810257,826.982218275711,947.10972567082,63.3,-56,2.36846530717959,-3.91472
28.3344089984894,827.354500233481,946.693579065379,63.3,-54,2.14757530717959,-4.13561
28.7730829715729,827.857198376863,946.130460472072,63.3,-54,1.96349530717959,-4.31969
29.1031939983368,828.297110352901,945.669718458254,63.3,-55,1.77941530717959,-4.50377
29.6653068065643,829.194914646697,944.795907210241,63.3,-55,1.56466530717959,-4.71852
29.7814788818359,829.330196198828,944.651698959196,63.3,-55,1.52170530717959,-4.76148
30.3552470207214,829.920974822965,943.995460099698,63.3,-54,1.23332530717959,-5.04986
30.8011229038239,830.419631808047,943.441208475832,63.3,-54,1.02469530717959,-5.25849
31.0871539115906,830.737908342096,943.087471185938,63.3,-54,0.846755307179587,-5.43643
31.3397250175476,830.961863266687,942.83917333476,63.3,-54,0.785395307179586,-5.49779
31.8143038749695,831.388294680993,942.366361644057,63.3,-54,0.515415307179587,-5.76777
32.1057779788971,831.739456853372,941.97655085389,63.3,-54,0.337475307179586,-5.94571
32.6206228733063,832.273351119086,941.349856913436,63.3,-54,0.0368153071795865,-6.24637
33.0477428436279,832.48705207174,940.994067561411,63.3,-53,6.22796200717959,-6.33840860717959
33.2803130149841,832.621690132557,940.789000257444,63.3,-54,6.19114650717959,-6.37522410717959
33.703449010849,833.084418690532,940.280814737854,63.3,-53,5.93343730717959,-6.63293330717959
34.0641419887543,833.485900597263,939.839367885648,63.3,-53,5.76163230717959,-6.80473830717959
34.4101579189301,833.891791557562,939.391553915366,63.3,-53,5.62664130717959,-6.93972930717959
34.9302978515625,834.458895314841,938.765089889635,63.3,-53,5.43642830717959,-7.12994230717959
35.13858294487,834.663973251665,938.538113298662,63.3,-53,5.36893230717959,-7.19743830717959
35.6576619148254,835.198138528466,937.944820784826,63.3,-53,5.20939530717959,-7.35697530717959
35.949079990387,835.511764940673,937.595289555774,63.3,-53,5.11122530717959,-7.45514530717959
36.3985149860382,835.803097082044,937.00027232804,63.3,-53,4.94555530717959,-7.62081530717959
36.6845128536224,835.938507161266,936.607093664275,63.3,-53,4.84737530717959,-7.71899530717959
37.1110730171204,836.305659595391,936.123767740252,63.3,-53,4.65716530717959,-7.90920530717959
37.5805199146271,836.764221430537,935.623317855004,63.3,-54,4.47308530717959,-8.09328530717959
37.9608340263367,837.142859960403,935.211270043091,63.3,-54,4.35036530717959,-8.21600530717959
38.2953379154205,837.476344226929,934.848594770864,63.3,-54,4.20310530717959,-8.36326530717959
38.708135843277,837.892382746898,934.398454732864,63.3,-54,4.02516530717959,-8.54120530717959
39.2236559391022,838.434080440806,933.810527097318,63.3,-54,3.77359530717959,-8.79277530717959
39.558189868927,838.802207831589,933.409666729778,63.3,-53,3.62633530717959,-8.94003530717959
39.9689919948578,839.268917974627,933.014965869429,63.3,-54,3.43611530717959,-9.13025530717959
40.2248528003693,839.563901563194,932.797764023121,63.3,-54,3.28885530717959,-9.27751530717959
40.567519903183,839.94920373419,932.4460573421,63.3,-54,3.09864530717959,-9.46772530717959
41.1059579849243,840.538920351759,931.809443797316,63.3,-53,2.82252530717959,-9.74384530717959
41.3509650230408,840.797119849246,931.530345645985,63.3,-53,2.71821530717959,-9.84815530717959
41.8212668895721,841.294928851235,930.992256975917,63.3,-53,2.52186530717959,-10.0445053071796
42.1738460063934,841.691270513667,930.563982572909,63.3,-52,2.35005530717959,-10.2163153071796
42.5456998348236,842.108782005609,930.112755421299,63.3,-52,2.20893530717959,-10.3574353071796
43.086000919342,842.658935267147,929.509384720083,63.3,-51,2.06166530717959,-10.5047053071796
43.4741477966309,843.115845175694,929.000452159585,63.3,-51,1.93281530717959,-10.6335553071796
43.9054889678955,843.701371723277,928.339725633832,63.3,-51,1.77328530717959,-10.7930853071796
44.2659108638763,844.123474964786,927.870394396796,63.3,-51,1.64442530717959,-10.9219453071796
44.6633739471436,844.542892504616,927.409601883442,63.3,-50,1.54625530717959,-11.0201153071796
45.1288738250732,845.066786681249,926.837812517439,63.3,-50,1.32535530717959,-11.2410153071796
45.672346830368,845.694926239418,926.153354209076,63.3,-50,1.17809530717959,-11.3882753071796
45.9904007911682,846.069427001909,925.745449484102,63.3,-49,1.04924530717959,-11.5171253071796
46.4370279312134,846.547050587365,925.224794415172,63.3,-50,0.920385307179586,-11.6459853071796
46.8810667991638,847.001397902215,924.753910446021,63.3,-50,0.779265307179586,-11.7871053071796
47.2894608974457,847.417116516989,924.475642655295,63.3,-49,0.601325307179586,-11.9650453071796
47.8177399635315,847.954464541107,923.996010589424,63.3,-49,0.466325307179586,-12.1000453071796
48.2399899959564,848.383643843231,923.518393728267,63.3,-49,0.343615307179586,-12.2227553071796
48.7408490180969,848.861859428755,922.986349074339,63.3,-49,0.184075307179587,-12.3822953071796
49.2202098369598,849.350897034322,922.442806484258,63.3,-49,6.25864160717959,-12.5909143143592
49.5080058574677,849.684176569715,922.072921533739,63.3,-49,6.22796200717959,-12.6215939143592
49.9935169219971,850.277583396572,921.416993267509,63.3,-49,6.06229230717959,-12.7872636143592
50.3392128944397,850.718630234282,920.930972939974,63.3,-48,5.98866130717959,-12.8608946143592
50.7744328975677,851.239758695065,920.468392954301,63.3,-48,5.88435030717959,-12.9652056143592
51.1790778636932,851.701534599705,920.050770297738,63.3,-48,5.79844730717959,-13.0511086143592
51.6102378368378,852.136458939929,919.564224651102,63.3,-48,5.68800030717959,-13.1615556143592
52.0701909065247,852.58417074693,919.063509502378,63.3,-49,5.54073830717959,-13.3088176143592
52.5191349983215,853.009192417717,918.588274300865,63.3,-49,5.43642830717959,-13.4131276143592
52.8814628124237,853.441078587733,918.100886460027,63.3,-49,5.33211730717959,-13.5174386143592
53.3571338653564,854.006062422801,917.461931661345,63.3,-49,5.20326530717959,-13.6462906143592
53.7196140289307,854.365829648221,917.051507556484,63.3,-49,5.09895530717959,-13.7506006143592
54.1362428665161,854.722593710579,916.624267890763,63.3,-49,4.97623530717959,-13.8733206143592
54.7406158447266,855.102733062548,916.112415240851,63.3,-50,4.84124530717959,-14.0083106143592
55.1436820030212,855.491743325661,915.667356423423,63.3,-50,4.69398530717959,-14.1555706143592
55.7259109020233,856.074526008332,915.002435921553,63.3,-51,4.53444530717959,-14.3151106143592
56.0023670196533,856.361456144312,914.675929215093,63.3,-51,4.41172530717959,-14.4378306143592
56.7021279335022,857.093057574816,913.843391774257,63.3,-52,4.16015530717959,-14.6894006143592
56.9982588291168,857.407631846087,913.486364808221,63.3,-52,4.04357530717959,-14.8059806143592
57.5351798534393,857.991864264886,912.826327658805,63.3,-53,3.77972530717959,-15.0698306143592
57.9702038764954,858.499544760101,912.44699014808,63.3,-53,3.55883530717959,-15.2907206143592
58.683091878891,859.28706920431,911.71597646946,63.3,-53,3.19067530717959,-15.6588806143592
59.3475108146667,859.945265690848,910.959814724931,63.3,-53,2.82252530717959,-16.0270306143592
59.8649759292603,860.442108296094,910.390709764713,63.3,-53,2.56481530717959,-16.2847406143592
60.3051929473877,860.882814816137,909.887852325177,63.3,-53,2.30710530717959,-16.5424506143592
60.9191589355469,861.5737862257,909.102427990562,63.3,-52,1.93895530717959,-16.9106006143592
61.2867548465729,862.039205709827,908.551898926968,63.3,-52,1.78555530717959,-17.0640006143592
61.8397619724274,862.817163484104,907.593619814282,63.3,-52,1.50943530717959,-17.3401206143592
62.5074319839478,863.484078961246,906.811540803783,63.3,-51,1.22104530717959,-17.6285106143592
63.0806758403778,864.02548854583,906.177474454373,63.3,-50,1.02469530717959,-17.8248606143592
63.6745088100433,864.600873746166,905.502899433018,63.3,-50,0.754715307179586,-18.0948406143592
64.2792778015137,865.209944162664,904.789661601992,63.3,-49,0.558365307179586,-18.2911906143592
64.9769558906555,865.943425105936,903.960643439135,63.3,-49,0.349745307179586,-18.4998106143592
65.5107319355011,866.535658807167,903.34117863938,63.3,-48,0.184075307179587,-18.6654806143592
66.1012988090515,867.18088970787,902.608344587667,63.3,-48,6.28318530717959,-18.8495559215388
66.4995667934418,867.597561948197,902.130736403071,63.3,-48,6.14819530717959,-18.9845459215388
67.0462758541107,868.171307013433,901.471184391577,63.3,-47,6.00706830717959,-19.1256729215388
67.8518719673157,869.017013670884,900.495657729822,63.3,-47,5.80458330717959,-19.3281579215388
68.2683639526367,869.401867505893,900.048286654849,63.3,-46,5.71254430717959,-19.4201969215388
68.9201438426971,869.944317232337,899.368516675146,63.3,-47,5.57755430717959,-19.5551869215388
69.6219899654388,870.692239051216,898.484516863293,63.3,-46,5.36893230717959,-19.7638089215388
70.3425769805908,871.420428951721,897.643948067205,63.3,-46,5.20939530717959,-19.9233459215388
71.0217859745026,872.074959737392,896.877594127374,63.3,-46,5.07440530717959,-20.0583359215388
71.5598080158234,872.685743447675,896.165598789057,63.3,-46,4.95168530717959,-20.1810559215388
72.0739929676056,873.356777701083,895.325671262138,63.3,-46,4.85965530717959,-20.2730859215388
72.7159090042114,874.276306929139,894.076180334768,63.3,-46,4.74920530717959,-20.3835359215388
73.2467749118805,874.834037080772,893.432195716697,63.3,-46,4.63262530717959,-20.5001159215388
73.7821090221405,875.417120854406,892.749673698204,63.3,-45,4.53444530717959,-20.5982959215388
74.247298002243,875.905990354448,892.171652691974,63.3,-45,4.46081530717959,-20.6719259215388
74.7563378810883,876.40894623522,891.570763816336,63.3,-45,4.35650530717959,-20.7762359215388
75.3084979057312,877.007280683489,890.856821470949,63.3,-45,4.25833530717959,-20.8744059215388
75.9372680187225,877.429198627709,890.457712274314,63.3,-45,4.14788530717959,-20.9848559215388
76.5071799755096,877.88635731905,889.95244095882,63.3,-46,4.08038530717959,-21.0523559215388
77.0840408802032,878.453194835164,889.25094004933,63.3,-46,3.97607530717959,-21.1566659215388
77.4404330253601,878.784447139399,888.839205703769,63.3,-46,3.93312530717959,-21.1996159215388
78.1873269081116,879.546324294137,887.893862408628,63.3,-45,3.84722530717959,-21.2855159215388
78.6646239757538,879.971224223837,887.366997518258,63.3,-45,3.79200530717959,-21.3407359215388
79.1135199069977,880.359802499166,886.889034076794,63.3,-45,3.76132530717959,-21.3714159215388
79.713898897171,881.231901421924,885.880540535785,63.3,-45,3.75518530717959,-21.3775559215388
80.1796388626099,881.774887206958,885.230232376457,63.3,-45,3.71836530717959,-21.4143759215388
80.8121409416199,882.464718292356,884.391445377059,63.3,-45,3.69382530717959,-21.4389159215388
81.1954078674316,882.881573569192,883.88224874143,63.3,-45,3.65087530717959,-21.4818659215388
81.7283408641815,883.379406450203,883.276649658973,63.3,-45,3.64473530717959,-21.4880059215388
82.0044360160828,883.630398644704,882.972017419605,63.3,-45,3.67541530717959,-21.4573259215388
82.6308968067169,884.187742047207,882.301652367368,63.3,-45,3.63860530717959,-21.4941359215388
83.0700387954712,884.63338257575,881.744059679422,63.3,-45,3.65087530717959,-21.4818659215388
83.7134649753571,885.260281499184,880.98199695696,63.3,-45,3.65700530717959,-21.4757359215388
84.3721759319305,885.929356397684,880.196461817153,63.3,-45,3.64473530717959,-21.4880059215388
84.8493778705597,886.456384221863,879.578347962664,63.3,-45,3.65087530717959,-21.4818659215388
85.4501719474792,887.114242542041,878.806077877382,63.3,-46,3.65087530717959,-21.4818659215388
85.919303894043,887.590939110573,878.245410368594,63.3,-46,3.66928530717959,-21.4634559215388
86.5842628479004,888.08868386422,877.675243512348,63.3,-46,3.68155530717959,-21.4511859215388
87.0265638828278,888.41105026751,877.3051938614,63.3,-46,3.70609530717959,-21.4266459215388
87.7144420146942,889.065327386458,876.532506995813,63.3,-46,3.73677530717959,-21.3959659215388
88.1848359107971,889.525446422543,875.991229937329,63.3,-46,3.76745530717959,-21.3652859215388
88.8496859073639,890.166249200062,875.234166747108,63.3,-46,3.77972530717959,-21.3530159215388
89.4776809215546,890.832958073251,874.447103599628,63.3,-46,3.81654530717959,-21.3161959215388
89.9975559711456,891.578057945033,873.527260499647,63.3,-46,3.82881530717959,-21.3039259215388
90.4648540019989,892.282645844364,872.647285799066,63.3,-46,3.84722530717959,-21.2855159215388
91.1963078975677,892.959134248389,871.844412324633,63.3,-46,3.88403530717959,-21.2487059215388
91.6110758781433,893.35362380995,871.376277099625,63.3,-47,3.90244530717959,-21.2302959215388
92.3583519458771,894.076264456372,870.519582091955,63.3,-47,3.99448530717959,-21.1382559215388
92.8771598339081,894.597505250427,869.899460266228,63.3,-46,4.07425530717959,-21.0584859215388
93.4975028038025,895.031009186029,869.362597790727,63.3,-46,4.12334530717959,-21.0093959215388
93.8589768409729,895.09729879064,869.253540699269,63.3,-46,4.15401530717959,-20.9787259215388
94.3952770233154,895.570033064078,868.690419514797,63.3,-46,4.20924530717959,-20.9234959215388
95.13223695755,896.357868290558,867.763634915217,63.3,-46,4.29514530717959,-20.8375959215388
95.6327729225159,896.868943512864,867.161462644495,63.3,-46,4.31355530717959,-20.8191859215388
96.4395267963409,897.626190341925,866.267355201614,63.3,-46,4.43013530717959,-20.7026059215388
96.9249198436737,898.137928726442,865.684056729488,63.3,-46,4.45467530717959,-20.6780659215388
98.6267068386078,900.109712159684,863.478367595571,63.3,-46,4.60807530717959,-20.5246659215388
99.1807730197906,900.653351304764,862.837629877014,63.3,-46,4.66943530717959,-20.4633059215388
99.7580919265747,901.199537401862,862.189066296436,63.3,-46,4.71238530717959,-20.4203559215388
100.35527586937,901.806161678303,861.464056899192,63.3,-47,4.77374530717959,-20.3589959215388
101.023167848587,902.149131939696,860.936273647204,63.3,-47,4.80442530717959,-20.3283159215388
101.806007862091,902.929332285589,859.991108269323,63.3,-47,4.87192530717959,-20.2608159215388
102.226338863373,903.335323704354,859.502285671644,63.3,-46,4.92714530717959,-20.2055959215388
102.821264028549,903.925452906054,858.794718706301,63.3,-46,4.95168530717959,-20.1810559215388
103.548865795136,904.663856126165,857.914039026186,63.3,-47,5.08054530717959,-20.0521959215388
104.216983795166,905.386746479438,857.121904817092,63.3,-47,5.18485530717959,-19.9478859215388
104.935132980347,906.156802817075,856.287317366357,63.3,-47,5.25848530717959,-19.8742559215388
105.562911987305,906.780692566948,855.541644653069,63.3,-48,5.33211730717959,-19.8006239215388
106.317462921143,907.531259176544,854.644748139027,63.3,-48,5.46710730717959,-19.6656339215388
106.937773942947,908.110141142647,853.952935467656,63.3,-49,5.63277730717959,-19.4999639215388
107.490212917328,908.588760359628,853.368151788854,63.3,-49,5.70027230717959,-19.4324689215388
108.12168598175,908.968935199194,852.803896367274,63.3,-49,5.84139930717959,-19.2913419215388
108.856309890747,909.679363331585,851.964126952533,63.3,-50,6.03161230717959,-19.1011289215388
109.536108970642,910.351325674178,851.166211822835,63.3,-51,6.24023380717959,-18.8925074215388
110.018118858337,910.832464443654,850.596808975649,63.3,-51,0.0797653071795859,-18.7697906143592
110.906586885452,911.716414716841,849.552033582458,63.3,-51,0.349745307179586,-18.4998106143592
111.37979388237,912.197807947718,848.991559186255,63.3,-51,0.490875307179587,-18.3586806143592
112.201461791992,913.030023154488,848.012548227071,63.3,-53,0.828345307179586,-18.0212106143592
112.795988798141,913.60520419455,847.327459954177,63.3,-52,1.14741530717959,-17.7021406143592
113.546526908875,914.323432055084,846.474393759981,63.3,-53,1.46648530717959,-17.3830706143592
114.144536972046,914.920014565363,845.773068032999,63.3,-53,1.73646530717959,-17.1130906143592
114.602075815201,915.412050633931,845.165181659285,63.3,-52,1.96349530717959,-16.8860606143592
115.43642783165,916.392279382941,843.834674315903,63.3,-53,2.30710530717959,-16.5424506143592
116.040301799774,916.975598064548,843.142526223988,63.3,-53,2.58935530717959,-16.2602006143592
116.83624792099,917.740878418019,842.235106251529,63.3,-53,2.92683530717959,-15.9227206143592
117.212709903717,918.16961513199,841.728027159285,63.3,-54,3.11091530717959,-15.7386406143592
117.982704877853,918.929416214026,840.833113459869,63.3,-53,3.45452530717959,-15.3950306143592
118.516714811325,919.534665006579,840.253645920451,63.3,-53,3.69382530717959,-15.1557306143592
119.252416849136,920.299468925524,839.400855341784,63.3,-53,4.09879530717959,-14.7507606143592
120.076843976974,921.075409886259,838.481256377181,63.3,-53,4.40559530717959,-14.4439606143592
120.805697917938,921.862534372854,837.545741949207,63.3,-53,4.71852530717959,-14.1310306143592
121.248817920685,922.289167470165,837.036110389717,63.3,-53,4.94555530717959,-13.9040006143592
121.73242688179,922.748355424539,836.489298470761,63.3,-53,5.12963530717959,-13.7199206143592
122.570642948151,923.543230852959,835.54788063076,63.3,-53,5.42415630717959,-13.4253996143592
123.309356927872,924.302184005212,834.645388421171,63.3,-53,5.71868030717959,-13.1308756143592
123.839422941208,924.862988012821,833.975626381244,63.3,-53,5.89048630717959,-12.9590696143592
124.618763923645,925.653451235925,833.030518246776,63.3,-54,6.12978730717959,-12.7197686143592
125.33947300911,926.312830156126,832.29672532323,63.3,-54,0.104315307179586,-12.4620553071796
125.872203826904,926.771684458012,831.810745555995,63.3,-54,0.214755307179586,-12.3516153071796
126.682276964188,927.504331083244,830.947644030084,63.3,-54,0.515415307179587,-12.0509553071796
127.025252819061,927.790505414364,830.608579393543,63.3,-54,0.638135307179586,-11.9282353071796
127.608649015427,928.390408696658,829.902617425471,63.3,-55,0.852895307179586,-11.7134753071796
128.480199813843,929.26515444844,828.878627105788,63.3,-55,1.12900530717959,-11.4373653071796
129.109862804413,929.850027476529,828.028087168441,63.3,-55,1.33149530717959,-11.2348753071796
129.777585983276,930.49961172759,827.227899745452,63.3,-55,1.58920530717959,-10.9771653071796
130.671424865723,931.231503328595,826.373258913381,63.3,-55,1.98190530717959,-10.5844653071796
131.158807992935,931.698084635542,825.829638241096,63.3,-56,2.15984530717959,-10.4065253071796
131.860687017441,932.356684656444,825.062630733349,63.3,-56,2.46664530717959,-10.0997253071796
132.455832004547,933.103243700537,824.065933355052,63.3,-56,2.66912530717959,-9.89724530717959
133.200136899948,934.016743473953,822.867502426182,63.3,-57,3.04341530717959,-9.52295530717959
133.916075944901,934.693524439917,822.081362188025,63.3,-56,3.40543530717959,-9.16093530717959
134.120728969574,934.883961683333,821.860500059567,63.3,-56,3.53429530717959,-9.03207530717959
134.87459897995,935.620985975704,821.004255081779,63.3,-57,3.79200530717959,-8.77436530717959
135.694630861282,936.344925777936,820.171763229794,63.3,-56,4.24605530717959,-8.32031530717959
136.244120836258,936.726903372328,819.861642806625,63.3,-56,4.47308530717959,-8.09328530717959
136.784003973007,937.266368762548,819.268965690955,63.3,-56,4.65102530717959,-7.91534530717959
137.587747812271,938.082265984841,818.318642201931,63.3,-55,4.95168530717959,-7.61468530717959
137.977349996567,938.467991172939,817.86788153559,63.3,-55,5.11735530717959,-7.44901530717959
139.075868844986,939.564999343567,816.589933345806,63.3,-55,5.50392330717959,-7.06244730717959
139.346608877182,939.814093755267,816.296864887767,63.3,-55,5.65118530717959,-6.91518530717959
143.204834222794,939.938124508533,816.056248634364,63.3,-54,5.60209830717959,-6.96427230717959
144.660806179047,938.887516301168,816.541445454395,63.3,-51,5.17258530717959,-7.39378530717959
145.136811256409,938.321090027559,816.896702971623,63.3,-50,5.07440530717959,-7.49196530717959
145.669723272324,937.818284126443,817.142880082481,63.3,-50,5.00077530717959,-7.56559530717959
146.174409151077,937.441192398575,817.235141567544,63.3,-49,4.85965530717959,-7.70671530717959
146.756002187729,937.203433941198,817.171188686267,63.3,-49,4.81669530717959,-7.74967530717959
147.649895191193,937.126473144075,817.196842285308,63.3,-49,4.81056530717959,-7.75580530717959
148.305951356888,937.069989196585,817.215670267805,63.3,-49,4.80442530717959,-7.76194530717959
148.695763349533,937.036427862548,817.226857379151,63.3,-49,4.79215530717959,-7.77421530717959
149.364230155945,936.978875405965,817.246041531345,63.3,-49,4.80442530717959,-7.76194530717959
150.077921152115,936.884409917691,817.275190329286,63.3,-49,4.79215530717959,-7.77421530717959
150.820343255997,936.746617572278,817.315886623918,63.3,-49,4.77374530717959,-7.79262530717959
151.483036279678,936.623622815595,817.352212523163,63.3,-49,4.79215530717959,-7.77421530717959
151.980413198471,936.531310461428,817.379476525036,63.3,-49,4.76147530717959,-7.80489530717959
152.849763154984,936.369960511221,817.427130442914,63.3,-49,4.77988530717959,-7.78648530717959
153.273861169815,936.293091938047,817.448135425948,63.3,-49,4.76761530717959,-7.79875530717959
154.013590335846,936.163769947324,817.478988895816,63.3,-49,4.74920530717959,-7.81716530717959
154.836866140366,936.019842046622,817.51332702441,63.3,-49,4.73079530717959,-7.83557530717959
155.341592311859,935.93160408567,817.534378720678,63.3,-49,4.75534530717959,-7.81102530717959
155.879968166351,935.837483371688,817.556833916399,63.3,-49,4.74920530717959,-7.81716530717959
160.914606332779,936.368871171337,817.507494038507,63.3,-48,4.79829530717959,-7.76807530717959
161.649612188339,936.776855510025,817.444810831941,63.3,-48,4.80442530717959,-7.76194530717959
162.248072385788,937.109046588559,817.39377259341,63.3,-48,4.81056530717959,-7.75580530717959
162.699400186539,937.359567959141,817.35528218745,63.3,-48,4.82283530717959,-7.74353530717959
163.400602340698,938.253545770675,817.217987613789,63.3,-48,4.92101530717959,-7.64535530717959
163.781835317612,938.789960286611,817.135089662757,63.3,-48,4.94555530717959,-7.62081530717959
164.420359373093,939.661472326928,816.999337787286,63.3,-48,5.02532530717959,-7.54104530717959
164.923605203629,940.452755786441,816.879269861871,63.3,-47,5.03145530717959,-7.53491530717959
165.319954395294,941.066333524494,816.780266606588,63.3,-47,5.05600530717959,-7.51036530717959
166.121820211411,941.951973094565,816.503743335651,63.3,-47,5.13576530717959,-7.43060530717959
166.485327243805,942.459909341342,816.415388038943,63.3,-47,5.17258530717959,-7.39378530717959
167.093952178955,943.323565611244,816.265708708972,63.3,-47,5.22167530717959,-7.34469530717959
167.787842273712,944.363786769517,816.087720907879,63.3,-47,5.27075530717959,-7.29561530717959
168.384766340256,945.298965340237,815.931000402447,63.3,-47,5.35052530717959,-7.21584530717959
168.713541269302,945.803674286697,815.846140050313,63.3,-47,5.34438930717959,-7.22198130717959
169.282935380936,946.63406839905,815.705295819242,63.3,-47,5.39961230717959,-7.16675830717959
169.80955529213,947.531666267465,815.587927268607,63.3,-47,5.44869930717959,-7.11767130717959
170.427716255188,948.533908866791,815.448193365591,63.3,-47,5.49778730717959,-7.06858330717959
171.01725435257,949.368081136245,815.30694952258,63.3,-47,5.56528230717959,-7.00108830717959
171.652304410934,950.278642128277,815.154070731944,63.3,-47,5.63891330717959,-6.92745730717959
172.268367290497,951.144127390099,815.009732070217,63.3,-47,5.70640830717959,-6.85996230717959
172.670000314713,951.702956580781,814.916835789169,63.3,-46,5.74936030717959,-6.81701030717959
173.257900238037,952.516226472649,814.777535885618,63.3,-47,5.84139930717959,-6.72497130717959
173.891715288162,953.39495731349,814.655026443933,63.3,-47,5.91503030717959,-6.65134030717959
174.357652187347,954.056301525284,814.569205981668,63.3,-47,5.96411730717959,-6.60225330717959
175.089140176773,955.20295909264,814.371235026862,63.3,-47,6.05615630717959,-6.51021430717959
175.803359270096,956.321331561866,814.176076803149,63.3,-47,6.16046730717959,-6.40590330717959
176.460217237473,957.222441301118,814.017676270254,63.3,-48,6.24023380717959,-6.32613680717959
177.0903673172,958.111705048319,813.860961734787,63.3,-48,0.0429553071795858,-6.24023
177.717192411423,959.005828400665,813.715435020653,63.3,-48,0.147265307179587,-6.13592
178.486114263535,960.073997251797,813.566839391559,63.3,-48,0.263845307179587,-6.01934
178.887689352036,960.656438456638,813.455538886019,63.3,-48,0.349745307179586,-5.93344
179.490353345871,961.571301306357,813.279106488081,63.3,-48,0.460195307179586,-5.82299
180.054664373398,962.468608864745,813.104188132511,63.3,-48,0.558365307179586,-5.72482
180.341328382492,962.868044040209,813.022776800131,63.3,-48,0.607455307179587,-5.67573
181.133896350861,963.969756601059,812.799079664583,63.3,-49,0.816075307179586,-5.46711
181.819986343384,964.914124000309,812.591729169131,63.3,-49,1.03083530717959,-5.25235
182.372885227203,965.653387037615,812.352890341694,63.3,-49,1.18423530717959,-5.09895
182.742664337158,966.201477972579,812.216056078532,63.3,-49,1.26399530717959,-5.01919
183.344980239868,967.167636096399,812.024471101678,63.3,-49,1.40512530717959,-4.87806
184.120542287827,968.422646199197,811.772665850204,63.3,-50,1.61988530717959,-4.6633
184.377411365509,968.809387065892,811.69416418298,63.3,-50,1.64442530717959,-4.63876
184.845875263214,969.514704091392,811.550997098268,63.3,-50,1.78555530717959,-4.49763
185.588623285294,970.4793648851,811.351911247674,63.3,-50,1.95735530717959,-4.32583
186.06303024292,971.132691351594,811.237355670302,63.3,-50,2.07394530717959,-4.20924
186.431217193604,971.658588683312,811.152589324072,63.3,-50,2.15370530717959,-4.12948
187.116627216339,972.761980608395,810.95611521877,63.3,-51,2.33778530717959,-3.9454
187.593680381775,973.548470317608,810.811572077225,63.3,-51,2.47277530717959,-3.81041
188.507585287094,975.00808210598,810.539299778922,63.3,-51,2.74889530717959,-3.53429
188.925862312317,975.661988396658,810.416137859847,63.3,-51,2.90842530717959,-3.37476
189.301846265793,976.243058590078,810.305408088193,63.3,-51,2.98819530717959,-3.29499
189.944883346558,977.300115692289,810.131978779948,63.3,-52,3.20908530717959,-3.0741
190.445662260056,978.363934308047,810.053765470995,63.3,-52,3.37475530717959,-2.90843
190.964160203934,979.238375168285,809.948176145795,63.3,-52,3.51588530717959,-2.7673
191.724238395691,980.27948889721,809.757344567575,63.3,-52,3.83495530717959,-2.44823
192.193639278412,980.988309705731,809.628416423717,63.3,-53,4.02516530717959,-2.25802
192.595651388168,981.618295050427,809.509480227052,63.3,-53,4.28287530717959,-2.00031
193.139280319214,982.491865490177,809.340598985206,63.3,-53,4.47308530717959,-1.8101
193.933611392975,983.679538977816,809.104789091999,63.3,-53,4.79215530717959,-1.49103
194.21762919426,984.06008568507,809.052685434924,63.3,-53,4.95168530717959,-1.3315
194.736699342728,984.737334522467,808.971001056696,63.3,-52,5.12963530717959,-1.15355
195.254613399506,985.429499925865,808.835143130193,63.3,-53,5.28916530717959,-0.99402
196.160766363144,986.782906687115,808.551792372331,63.3,-53,5.66345730717959,-0.619728
196.810568332672,987.79215314361,808.343473986459,63.3,-52,5.85980630717959,-0.423379
197.189156293869,988.358654531596,808.226329919153,63.3,-52,5.99479730717959,-0.288388
197.604727268219,989.004491015925,808.091127754159,63.3,-52,6.12365130717959,-0.159534
198.174057245255,989.879059101273,807.911971390027,63.3,-53,0.0184053071795862,0.0184053071795862
198.602118253708,990.386682832257,807.841525647768,63.3,-52,0.153395307179586,0.153395307179586
199.142779350281,991.067896545318,807.725353539783,63.3,-52,0.306795307179586,0.306795307179586
200.152765274048,992.457716190608,807.42197932471,63.3,-52,0.607455307179587,0.607455307179587
200.580485343933,993.037302894417,807.294935410274,63.3,-51,0.736315307179586,0.736315307179586
201.015167236328,993.63709515225,807.16182361972,63.3,-51,0.852895307179586,0.852895307179586
201.562726259232,994.420871593796,806.988957267535,63.3,-51,0.987885307179586,0.987885307179586
202.122682332993,995.290625180812,806.799637410442,63.3,-51,1.15355530717959,1.15355530717959
202.312544345856,995.614698153854,806.743750302087,63.3,-51,1.18423530717959,1.18423530717959
202.866365194321,996.620358829857,806.597912224674,63.3,-51,1.34376530717959,1.34376530717959
203.269609212875,997.263515235551,806.476116691709,63.3,-51,1.43580530717959,1.43580530717959
203.977918386459,998.298185285733,806.250683004378,63.3,-52,1.66897530717959,1.66897530717959
204.406976222992,998.890510247705,806.119862767378,63.3,-51,1.82850530717959,1.82850530717959
204.877697229385,999.528255732965,805.978758993512,63.3,-51,1.92054530717959,1.92054530717959
205.311058282852,1000.10289849135,805.851351885585,63.3,-51,2.11689530717959,2.11689530717959
205.864789247513,1000.90266991942,805.673580942929,63.3,-51,2.23961530717959,2.23961530717959
206.285843372345,1001.53350637627,805.533165028384,63.3,-52,2.40528530717959,2.40528530717959
206.963277339935,1002.67329487956,805.26174776609,63.3,-51,2.58935530717959,2.58935530717959
207.339614391327,1003.24998191394,805.133121477047,63.3,-51,2.69980530717959,2.69980530717959
207.853982210159,1003.98888646136,804.976647572888,63.3,-52,2.87774530717959,2.87774530717959
208.326391220093,1004.71248875462,804.821559056625,63.3,-52,3.06182530717959,3.06182530717959
208.762119293213,1005.38891701954,804.676232671584,63.3,-52,3.18454530717959,3.18454530717959
209.342271327972,1006.21733164418,804.493706586877,63.3,-52,3.38089530717959,3.38089530717959
209.850684404373,1006.9590136844,804.331555566068,63.3,-52,3.55883530717959,3.55883530717959
210.446717262268,1007.83927715324,804.144398962049,63.3,-52,3.76745530717959,3.76745530717959
211.035357236862,1008.58725233463,804.05677901223,63.3,-52,3.95767530717959,3.95767530717959
211.286096334457,1008.91143328336,804.012887349603,63.3,-52,4.08652530717959,4.08652530717959
211.656876325607,1009.42956221889,803.902295123027,63.3,-52,4.21537530717959,4.21537530717959
212.162570238113,1010.14139216038,803.750432684529,63.3,-51,4.34423530717959,4.34423530717959
212.740624189377,1010.99258497275,803.569373874441,63.3,-51,4.55285530717959,4.55285530717959
213.146156311035,1011.59745089507,803.439907034261,63.3,-51,4.65102530717959,4.65102530717959
213.890802383423,1012.71634524626,803.199415983264,63.3,-51,4.90873530717959,4.90873530717959
214.251720190048,1013.25767735223,803.082854957222,63.3,-50,4.97009530717959,4.97009530717959
214.925334215164,1014.29392032777,802.818789197506,63.3,-50,5.14190530717959,5.14190530717959
215.780692338943,1015.58705193405,802.483124271842,63.3,-50,5.35052530717959,5.35052530717959
216.020941257477,1015.93183353659,802.407572129373,63.3,-50,5.42415630717959,5.42415630717959
216.841120243073,1017.14186295664,802.143602217577,63.3,-51,5.63891330717959,5.63891330717959
217.144809246063,1017.58022307922,802.047605265227,63.3,-50,5.72481630717959,5.72481630717959
217.673790216446,1018.30713456772,801.887023909131,63.3,-50,5.83526330717959,5.83526330717959
218.256857395172,1019.15573913835,801.698962073509,63.3,-51,6.01320430717959,6.01320430717959
218.642402410507,1019.71815739958,801.573448958678,63.3,-51,6.11137930717959,6.11137930717959
219.143777370453,1020.05184120119,801.469096933447,63.3,-52,6.21569010717959,6.21569010717959
219.602420330048,1020.50157113355,801.352087905343,63.3,-52,0.0184053071795862,6.30159061435917
219.946978330612,1021.07216431149,801.229471073489,63.3,-51,0.122715307179586,6.40590061435917
220.69274520874,1022.23170287373,800.979057666729,63.3,-52,0.288385307179587,6.57157061435917
221.102528333664,1022.82993921676,800.849184135848,63.3,-52,0.380425307179586,6.66361061435917
221.641011238098,1023.77919960393,800.644364469016,63.3,-52,0.533825307179586,6.81701061435917
222.122219324112,1024.58875963479,800.470638577606,63.3,-52,0.619725307179587,6.90291061435917
222.799865245819,1025.64882335683,800.260091156764,63.3,-53,0.871305307179586,7.15449061435917
223.153966188431,1026.29578643371,800.260948061502,63.3,-53,0.957205307179586,7.24039061435917
223.524704217911,1026.97314643874,800.261845227071,63.3,-53,1.07992530717959,7.36311061435917
224.177861213684,1028.01650600186,800.066008345761,63.3,-54,1.23332530717959,7.51651061435917
224.700939178467,1028.80134349853,799.900237631823,63.3,-54,1.40512530717959,7.68831061435917
225.033716201782,1029.28070356059,799.799128912851,63.3,-55,1.57079530717959,7.85398061435917
225.690133333206,1030.25850778206,799.592156350204,63.3,-55,1.81009530717959,8.09328061435917
226.198312282562,1031.04951063093,799.426284871477,63.3,-55,1.95122530717959,8.23441061435917
226.824792385101,1032.10493475238,799.21129106896,63.3,-57,2.19052530717959,8.47371061435917
227.609367370605,1033.27502875287,799.125605294459,63.3,-58,2.58322530717959,8.86641061435917
228.067748308182,1034.02437736428,798.995094422292,63.3,-58,2.77957530717959,9.06276061435917
228.72638630867,1035.08891216181,798.773770940437,63.3,-60,3.05568530717959,9.33887061435917
229.352241277695,1036.00438329193,798.577072765168,63.3,-59,3.49747530717959,9.78066061435917
229.769810199738,1036.51437769211,798.469189334361,63.3,-60,3.76745530717959,10.0506406143592
230.269401311874,1037.14303048688,798.336053668649,63.3,-61,3.96380530717959,10.2469906143592
230.94780921936,1038.15271165816,798.120983370375,63.3,-61,4.35036530717959,10.6335506143592
231.613349199295,1039.42729675046,797.777920893125,63.3,-62,4.70625530717959,10.9894406143592
231.897032260895,1039.95822655114,797.635311006309,63.3,-63,4.92714530717959,11.2103306143592
232.623133182526,1040.91846536918,797.426051414829,63.3,-64,5.38734030717959,11.6705256143592
233.162016391754,1041.64171955043,797.272671987071,63.3,-64,5.70640830717959,11.9895936143592
233.687483310699,1042.37755375679,797.117488724186,63.3,-64,6.03774830717959,12.3209336143592
233.84517121315,1042.61223530959,797.0682628375,63.3,-64,6.10524330717959,12.3884286143592
234.634354352951,1043.78014824518,796.824129165003,63.3,-63,0.362015307179586,12.9283859215388
235.443717241287,1045.170725829,796.546406940173,63.3,-63,0.705635307179587,13.2720059215388
235.955107212067,1046.28464371125,796.335381385813,63.3,-63,1.01856530717959,13.5849359215388
236.311530351639,1046.79627138499,796.226242044847,63.3,-62,1.17196530717959,13.7383359215388
236.744624376297,1047.38838668595,796.097863063665,63.3,-63,1.37444530717959,13.9408159215388
237.295408248901,1048.17426764081,795.931901939934,63.3,-63,1.55238530717959,14.1187559215388
237.585721254349,1048.5908974092,795.844228545195,63.3,-63,1.73033530717959,14.2967059215388
237.827498197556,1048.96472989516,795.767497137736,63.3,-64,1.84077530717959,14.4071459215388
244.99703836441,1059.32470551718,793.814063500463,63.3,-65,5.52233130717959,18.0887019215388
245.263062238693,1059.71406495849,793.738091462641,63.3,-63,5.43029230717959,17.9966629215388
245.708299398422,1060.36590188464,793.610956326632,63.3,-63,5.76163230717959,18.3280029215388
246.114223241806,1060.92751963688,793.501517914208,63.3,-62,5.93957330717959,18.5059439215388
246.463484287262,1061.39909670358,793.409662902955,63.3,-62,6.04388430717959,18.6102549215388
247.034536361694,1062.17694128616,793.258046449199,63.3,-62,0.0122753071795865,18.8618312287183
247.297740221024,1062.53735751129,793.187765285298,63.3,-61,0.0859053071795861,18.9354612287183
247.781344413757,1063.19001341441,793.099087605238,63.3,-60,0.190215307179586,19.0397712287183
248.176652193069,1063.71460224783,793.064269762312,63.3,-60,0.331335307179586,19.1808912287183
248.620953321457,1064.3310577324,792.980492379635,63.3,-59,0.435655307179586,19.2852112287183
249.168530225754,1065.12636468964,792.818117209199,63.3,-59,0.503145307179587,19.3527012287183
249.604295253754,1065.83143186362,792.673007979617,63.3,-58,0.625865307179586,19.4754212287183
249.978870391846,1066.44826337139,792.545903305289,63.3,-59,0.668815307179586,19.5183712287183
250.444137334824,1067.14458193624,792.403605817931,63.3,-59,0.785395307179586,19.6349512287183
250.859300374985,1067.75743605869,792.278523296218,63.3,-59,0.883575307179586,19.7331312287183
251.357902288437,1068.4545351797,792.130921961945,63.3,-58,0.957205307179586,19.8067612287183
251.87304019928,1069.18282324038,791.947536734739,63.3,-58,1.06151530717959,19.9110712287183
252.279781341553,1069.77216295106,791.748924611768,63.3,-58,1.11673530717959,19.9662912287183
252.844864368439,1070.59793918237,791.512499004645,63.3,-58,1.22104530717959,20.0706012287183
253.237349271774,1071.17737001818,791.381414651626,63.3,-58,1.26399530717959,20.1135512287183
253.653151273727,1071.82593420645,791.237094474581,63.3,-58,1.35603530717959,20.2055912287183
253.976263284683,1072.35009023236,791.121780148881,63.3,-58,1.37444530717959,20.2240012287183
254.833317279816,1073.78645337971,790.808242499711,63.3,-59,1.58920530717959,20.4387612287183
255.291077375412,1074.47991125644,790.657080238812,63.3,-59,1.58920530717959,20.4387612287183
255.657672405243,1074.9901074173,790.545724381093,63.3,-58,1.70578530717959,20.5553412287183
256.247307300568,1076.07316260121,790.281790103832,63.3,-59,1.84691530717959,20.6964712287183
256.399659395218,1076.38443817191,790.20343452914,63.3,-59,1.87145530717959,20.7210112287183
257.083023309708,1077.52041537672,789.937663381043,63.3,-59,1.97576530717959,20.8253212287183
257.485652208328,1078.07228702569,789.819742088528,63.3,-59,2.03099530717959,20.8805512287183
257.919738292694,1078.68299616585,789.685940843514,63.3,-59,2.15370530717959,21.0032612287183
258.129545211792,1078.97948410746,789.620713496358,63.3,-60,2.15984530717959,21.0094012287183
258.513616323471,1079.53902714692,789.498903023136,63.3,-60,2.12302530717959,20.9725812287183
259.063892364502,1080.39714665416,789.316295191995,63.3,-60,2.25801530717959,21.1075712287183
259.344700336456,1080.82255410864,789.225787219264,63.3,-61,2.27029530717959,21.1198512287183
259.762709379196,1081.4382220846,789.094827336241,63.3,-62,2.30097530717959,21.1505312287183
260.017950296402,1081.8128214467,789.022639349923,63.3,-62,2.46664530717959,21.3162012287183
260.685134410858,1082.74121000127,789.130009504495,63.3,-62,2.48504530717959,21.3346012287183
260.99632525444,1083.21078574358,789.096922385016,63.3,-62,2.51572530717959,21.3652812287183
261.394598245621,1083.851468132,788.964242060608,63.3,-63,2.65071530717959,21.5002712287183
261.627414226532,1084.22598787603,788.886681943405,63.3,-63,2.55254530717959,21.4021012287183
262.158210277557,1085.04802280074,788.718198388856,63.3,-63,2.62617530717959,21.4757312287183
262.560353279114,1085.666807126,788.591575252698,63.3,-64,2.63844530717959,21.4880012287183
262.723287343979,1085.92083191013,788.538407274625,63.3,-64,2.77343530717959,21.6229912287183
