1.08717203140259,1,2.93911,-55,10.6395134774115,7.94500401928118,0.633,0.355294426312049
1.88807797431946,1,3.19068,-55,10.6423708806646,7.93235575662286,0.633,0.357027017447489
2.29182004928589,1,3.38089,-54,10.6444928675349,7.92695027427941,0.633,0.358153345741573
2.78150987625122,1,3.50361,-54,10.6471578067327,7.92029140443546,0.633,0.359181180261407
3.54444408416748,1,3.76132,-54,10.651451833723,7.90956900714173,0.633,0.358586685562214
3.94879388809204,1,3.90245,-54,10.6537477516497,7.90374077076575,0.633,0.357105044279735
4.61702394485474,1,4.12334,-53,10.65748526204,7.89414782743073,0.633,0.354601870654251
5.00411701202393,1,4.20924,-53,10.658510930723,7.88870418097613,0.633,0.354826642341489
5.53094005584717,1,4.37491,-52,10.6603077890066,7.88160487839962,0.633,0.355156055843117
6.33194589614868,1,4.61421,-53,10.6643515973541,7.8712190221012,0.633,0.356396072645906
6.66084599494934,1,4.68171,-52,10.6661934474556,7.86654355645874,0.633,0.357588552519361
7.19056391716003,1,4.82897,-52,10.6691288047073,7.85922813633776,0.633,0.357967434634069
7.9003529548645,1,5.11122,-52,10.6727775821306,7.85009388961434,0.633,0.35718734638564
8.51282906532288,1,5.24621,-51,10.6755965346515,7.84137862185385,0.633,0.357008291758964
8.90876007080078,1,5.33212,-52,10.6772955232181,7.83462103184562,0.633,0.357750914180794
9.41606998443604,1,5.47938,-52,10.6798939998535,7.82751804248141,0.633,0.356545632190706
10.0384290218353,1,5.71254,-51,10.683307450488,7.81876971814158,0.633,0.35450578136143
10.5123538970947,1,5.84753,-51,10.6859481937627,7.81201044356528,0.633,0.35339582368207
11.1499018669128,1,6.09911,-51,10.6892018481383,7.80366514620514,0.633,0.355027807830989
11.9097929000854,1,0.0920388,-50,10.6936032140193,7.79254297940263,0.633,0.356830669255178
12.2980320453644,1,0.220893,-50,10.6972837249776,7.7855444320502,0.633,0.357701165862123
12.8525490760803,1,0.411107,-49,10.7013961994679,7.77642382498677,0.633,0.357946409474249
13.5066249370575,1,0.589049,-49,10.7050316905146,7.76697403536511,0.633,0.356845099335888
14.1192679405212,1,0.742447,-49,10.7082876034855,7.75858183511141,0.633,0.355291459683654
14.7044770717621,1,0.895845,-48,10.7113860786574,7.75049440749923,0.633,0.353855633757328
15.2744309902191,1,1.05538,-48,10.7138257570065,7.74413599580173,0.633,0.352479502688503
15.6405489444733,1,1.13515,-48,10.7160021278287,7.73896737549586,0.633,0.352547461026232
16.2373180389404,1,1.20264,-47,10.719781305848,7.72999129188901,0.633,0.353539531274896
16.7758519649506,1,1.28854,-47,10.7225593041672,7.7225755797092,0.633,0.355095210333636
17.3567180633545,1,1.38672,-47,10.7257102179093,7.71449225782702,0.633,0.35679714118319
17.9918918609619,1,1.51557,-47,10.7291652026154,7.70544228152462,0.633,0.357404654599314
18.6138899326324,1,1.61988,-47,10.7326435572762,7.69618527128108,0.633,0.356929835041745
19.1371278762817,1,1.69351,-47,10.7356428708298,7.68849527314347,0.633,0.355231108299303
19.6133630275726,1,1.73647,-47,10.7384164225941,7.68181233413031,0.633,0.352363784070532
20.0901379585266,1,1.80396,-46,10.7410075824654,7.67495595338058,0.633,0.353091967981047
20.6952838897705,1,1.87146,-46,10.7442802645323,7.66631935875006,0.633,0.354477639294431
21.2876908779144,1,1.92668,-46,10.7474498960681,7.65808171348888,0.633,0.356307875602984
21.8712558746338,1,2.00645,-46,10.7504732511971,7.650323301146,0.633,0.3585364189186
22.3728699684143,1,2.0494,-46,10.7528216764755,7.64416371712992,0.633,0.358376725999664
22.9567348957062,1,2.12303,-46,10.7554570463389,7.63711597488486,0.633,0.359488364225961
23.5067400932312,1,2.18439,-47,10.7581729834858,7.62990582857248,0.633,0.361143429037791
24.2311038970947,1,2.2212,-47,10.7622865599531,7.61924939172078,0.633,0.362806993717973
24.7656800746918,1,2.2887,-47,10.7651478474703,7.61187442314527,0.633,0.362930744403091
25.3682758808136,1,2.35006,-47,10.7682061167179,7.60401111570149,0.633,0.364281797106341
25.9839959144592,1,2.4421,-47,10.7715551798152,7.59535208427853,0.633,0.365977553018138
26.67289686203,1,2.49732,-47,10.7762045920313,7.58655980033586,0.633,0.366222265274992
27.3473739624023,1,2.56482,-47,10.7805244498389,7.57756553580421,0.633,0.366252311509552
28.0243229866028,1,2.66299,-47,10.7843385098321,7.56757523875888,0.633,0.367196971677717
28.6090140342712,1,2.72435,-48,10.7876292037908,7.55882500374575,0.633,0.367643468324739
29.2288489341736,1,2.81025,-48,10.7910327288581,7.54968823512095,0.633,0.367128590194075
30.0176429748535,1,2.93911,-48,10.7958045661561,7.53838121014955,0.633,0.366386432885779
30.5809059143066,1,3.02501,-48,10.8004662468184,7.52923279537403,0.633,0.365626196544328
31.3863348960876,1,3.17841,-49,10.8046558956007,7.51837753672423,0.633,0.365200216919553
31.9258139133453,1,3.27658,-49,10.8076646426247,7.51044678815851,0.633,0.364623926143425
32.5747489929199,1,3.39317,-48,10.8113902054474,7.50064775967321,0.633,0.36475686659105
33.1970129013062,1,3.4852,-48,10.8147985052967,7.49167130578418,0.633,0.36475606207181
33.9897508621216,1,3.62019,-49,10.82096681981,7.48003852140611,0.633,0.363132626233167
34.5532650947571,1,3.71223,-49,10.8239691391506,7.47209843157109,0.633,0.362626905684015
35.2601120471954,1,3.81654,-49,10.8279856688251,7.46100669655899,0.633,0.362648369110079
35.9962520599365,1,3.92699,-49,10.8318828185968,7.44997687449127,0.633,0.361597000289499
36.6825420856476,1,4.08652,-49,10.8353325191895,7.44040039156661,0.633,0.359855162538324
37.0947079658508,1,4.10493,-49,10.8366102311725,7.43516914913016,0.633,0.359972288717422
37.9054000377655,1,4.20924,-49,10.8394166720063,7.42419952710279,0.633,0.361669197337778
38.5709018707275,1,4.31355,-49,10.8429885031499,7.41443926637288,0.633,0.361894855589404
39.276654958725,1,4.47922,-49,10.8463408129579,7.40518004892084,0.633,0.360972141482161
40.0053589344025,1,4.60194,-49,10.8498269084909,7.39556856526627,0.633,0.360399906334138
40.6507039070129,1,4.68785,-49,10.8534983888715,7.38694577491331,0.633,0.360874353112254
41.1099438667297,1,4.77988,-49,10.8563985626102,7.3811677540875,0.633,0.36145279150103
42.0004930496216,1,4.92715,-49,10.8609103025426,7.36867918496208,0.633,0.361370716997622
42.3606278896332,1,4.93328,-49,10.8626690701812,7.36377015411195,0.633,0.362427012149989
43.0701138973236,1,5.03146,-49,10.8666118804622,7.35304186334979,0.633,0.363528450345326
43.6030669212341,1,5.09895,-49,10.8695677717158,7.34509402710394,0.633,0.363512291014648
44.3629279136658,1,5.2094,-49,10.8730278228806,7.334055164461,0.633,0.362826992408239
44.9364268779755,1,5.24008,-49,10.8755921257861,7.32562019345939,0.633,0.363789664352094
45.6377558708191,1,5.28917,-49,10.8793752084722,7.31515522821565,0.633,0.367451201614033
46.4356610774994,1,5.35666,-49,10.883417536126,7.30396200303004,0.633,0.369843118480978
47.1750888824463,1,5.41802,-49,10.8872002662284,7.29370678251452,0.633,0.371272451740331
47.7116899490356,1,5.50392,-49,10.889795537039,7.28666332610493,0.633,0.372422630064214
48.2576220035553,1,5.51006,-49,10.8905513193485,7.28423726489125,0.633,0.375821383110293
49.0069849491119,1,5.57142,-48,10.8941137216283,7.27417390061678,0.633,0.376732651023849
49.7483110427856,1,5.59596,-48,10.8979479352723,7.26360332262536,0.633,0.377497080869612
50.3013339042664,1,5.62051,-48,10.9011536300458,7.2548626038038,0.633,0.375307967610928
50.9253618717194,1,5.62051,-48,10.9047477185521,7.24512479061297,0.633,0.373960178251118
51.5578060150146,1,5.62664,-48,10.9084732761145,7.23441264702951,0.633,0.373561993221492
52.1877319812775,1,5.63278,-48,10.9119927528661,7.22438611314256,0.633,0.373600425486548
52.8296780586243,1,5.67573,-48,10.9153379166981,7.21537354158135,0.633,0.374173312511182
53.6509649753571,1,5.65119,-48,10.9197933678715,7.20325146115127,0.633,0.37476940310939
54.2129108905792,1,5.65119,-48,10.9228591479937,7.19487995217518,0.633,0.374650916924913
54.8327379226685,1,5.63278,-48,10.9258289142218,7.18631079895117,0.633,0.375432617537449
55.3528389930725,1,5.61437,-48,10.926189657702,7.1793340200439,0.633,0.377074721859369
56.1989560127258,1,5.55301,-48,10.9303387340099,7.16615751018261,0.633,0.377648909166518
56.7750859260559,1,5.52847,-48,10.9335938934386,7.15749256245685,0.633,0.377524765757277
57.4399349689484,1,5.51619,-48,10.9371578235346,7.1480217823391,0.633,0.376626443527872
58.2493159770966,1,5.44256,-48,10.9417265682883,7.13588089477381,0.633,0.373574382824578
58.6993510723114,1,5.41188,-48,10.9449331589195,7.12974686942832,0.633,0.37387682090579
59.3756248950958,1,5.33212,-47,10.9491733393307,7.12037438416694,0.633,0.374316970332854
60.013876914978,1,5.28917,-47,10.9525397570652,7.11151317676719,0.633,0.374774425380272
60.6081309318542,1,5.26462,-47,10.9556666902101,7.10330571005386,0.633,0.375514831628374
61.3858668804169,1,5.19099,-47,10.9601963375653,7.09137240742904,0.633,0.375645214174764
61.9892289638519,1,5.1235,-47,10.9634565842678,7.08272546966847,0.633,0.374608551462413
62.878301858902,1,5.06214,-48,10.9676786888668,7.07100660695058,0.633,0.371355533236729
63.1428859233856,1,5.03146,-48,10.9691059946714,7.06738710582058,0.633,0.370601988967095
64.0950379371643,1,4.95783,-48,10.9742869137277,7.05392829662188,0.633,0.370522843233269
64.5461239814758,1,4.90874,-48,10.9763908449375,7.04850616533246,0.633,0.372367089219515
65.4002959728241,1,4.8167,-48,10.9808558738465,7.03683904710841,0.633,0.374509149649507
66.0216989517212,1,4.76148,-49,10.9843927250558,7.02523473481038,0.633,0.374721423613086
66.5572309494019,1,4.71239,-49,10.9875380069907,7.01647567255832,0.633,0.374965042761981
67.2857148647308,1,4.65103,-49,10.9916024258605,7.00624655281844,0.633,0.374167384359041
68.1021249294281,1,4.52218,-49,10.9958426210292,6.99557120995926,0.633,0.373570761128729
68.4430899620056,1,4.52218,-49,10.9976268503851,6.99109667265934,0.633,0.373624598798957
69.4807779788971,1,4.37491,-50,11.0035665176512,6.97613148861704,0.633,0.372872445598742
70.1245269775391,1,4.31969,-50,11.0072911908034,6.96667818337869,0.633,0.372597186821385
70.614021062851,1,4.25219,-50,11.0099200955233,6.95997586920027,0.633,0.372852899926678
71.418760061264,1,4.16016,-50,11.0143651087178,6.94848058133126,0.633,0.372746309356115
71.8501389026642,1,4.12334,-51,11.0169685538079,6.94167882730483,0.633,0.372463271714013
72.6954519748688,1,3.97608,-51,11.0219775018807,6.9302207201984,0.633,0.371308120606424
73.3679850101471,1,3.90858,-52,11.0267196455275,6.92191412802996,0.633,0.369588999887765
74.235729932785,1,3.67542,-52,11.0312734250577,6.90966254357059,0.633,0.370431717261396
75.1261410713196,1,3.4668,-52,11.0361048861425,6.89706196280759,0.633,0.37446070248914
75.9777998924255,1,3.28885,-53,11.039943060108,6.88711524299057,0.633,0.385575867171662
76.4828629493713,1,3.16,-53,11.0424414181058,6.88192935286922,0.633,0.394072500624139
77.4686698913574,1,2.93911,-52,11.0481686596267,6.86965964049832,0.633,0.409716460321467
77.8214340209961,1,2.88388,-53,11.050230266662,6.86490138472624,0.633,0.414897481353907
78.208792924881,1,2.82252,-52,11.0524339594572,6.85981676671591,0.633,0.420528185188591
78.9663119316101,1,2.72435,-53,11.0563809830861,6.85106183721066,0.633,0.43232656038322
79.8315560817719,1,2.57709,-53,11.0614726909933,6.84045562327904,0.633,0.445319984444445
80.5271639823914,1,2.47278,-53,11.0646654054317,6.83500193616476,0.633,0.45879975508881
81.1243669986725,1,2.36233,-53,11.0686454569578,6.82720899527672,0.633,0.46815606021628
81.998596906662,1,2.2028,-53,11.0743927768009,6.81603810053544,0.633,0.481115279561965
83.1274290084839,1,2.08621,-53,11.082808499216,6.80066035668678,0.633,0.497810928001475
83.686518907547,1,2.02485,-53,11.0869199691245,6.79265635540459,0.633,0.505691725742531
84.1695079803467,1,1.96963,-53,11.0901922640613,6.78527031826174,0.633,0.511398875238258
85.2306959629059,1,1.8101,-53,11.0974114148692,6.77257718580811,0.633,0.527592406377723
86.2060029506683,1,1.71806,-53,11.1048545229332,6.76010278018463,0.633,0.541226008518163
86.6508100032806,1,1.65056,-53,11.1082265314458,6.75454932808412,0.633,0.547264954980556
87.7085659503937,1,1.50944,-54,11.1160299221396,6.74395447682229,0.633,0.563620971829376
88.2126669883728,1,1.44194,-54,11.119842731916,6.73952261827455,0.633,0.572182644168186
89.4146950244904,1,1.31309,-54,11.1291748122978,6.72518528124552,0.633,0.591038395119852
90.1002659797668,1,1.23332,-54,11.1349051228331,6.71675309985874,0.633,0.601438038663671
91.0175759792328,1,1.07992,-54,11.1425788832976,6.70561870505159,0.633,0.614749347522382
91.6567680835724,1,0.969476,-54,11.1479875231524,6.69585648069024,0.633,0.624884221359023
92.113420009613,1,0.920388,-54,11.1518546857677,6.68888815577131,0.633,0.632161053623673
93.2517399787903,1,0.632,-55,11.1609955027002,6.6764051725334,0.633,0.648014545374281
93.4932630062103,1,0.625864,-55,11.1628480952657,6.67386924664456,0.633,0.65130821199278
93.7730259895325,1,0.60132,-55,11.1649018909162,6.67106589780235,0.633,0.655552188613686
94.6803679466248,1,0.454058,-55,11.1717299854032,6.66186223662102,0.633,0.669587705772518
95.5292100906372,1,0.319068,-55,11.1788215121551,6.65284915635394,0.633,0.682980021546622
95.9330999851227,1,0.227029,-55,11.1821606665886,6.64890418390179,0.633,0.690567057441607
96.8309118747711,1,0.0368155,-56,11.18984781639,6.63936698057468,0.633,0.704418481914657
97.3320510387421,1,6.20955,-56,11.1946206258062,6.6335952490326,0.633,0.711677075802001
100.311540842056,1,6.05002,-55,11.2012578682904,6.62513118248992,0.633,0.775317159559986
101.059377908707,1,6.06843,-55,11.1945040279647,6.63093719170891,0.633,0.849521088265785
101.539874076843,1,6.05002,-55,11.1881297787909,6.63526066812361,0.633,0.918309185473521
102.262819051743,1,5.96412,-54,11.1788004020918,6.64016516836343,0.633,1.02432096414641
103.221366882324,1,5.84753,-54,11.1700768842493,6.64332404525637,0.633,1.12251846143334
106.053755521774,1,5.90276,-54,11.1817010740169,6.63810584096096,0.633,1.16483221205205
106.441229581833,1,5.94571,-54,11.1864717779957,6.63599668762294,0.633,1.16764441650274
107.413987636566,1,6.02548,-54,11.1996741130525,6.63006622595198,0.633,1.16676592082145
107.94743847847,1,6.06843,-54,11.2077274187424,6.62636946719042,0.633,1.16503214218968
108.752345561981,1,6.17887,-55,11.2167532176897,6.62281295995166,0.633,1.1627139219913
109.38752245903,1,6.1666,-55,11.2258486608328,6.61836724334995,0.633,1.16296893441587
109.994482517242,1,6.20342,-55,11.2343720892626,6.6143154539792,0.633,1.16355131755786
110.758714437485,1,6.21569,-55,11.2449982659613,6.60922999186532,0.633,1.16305988168586
111.186606645584,1,6.26478,-55,11.2513206251172,6.60621702642765,0.633,1.162172273813
112.177568435669,1,0.0674952,-55,11.268309761861,6.59898169000011,0.633,1.15247182959881
112.739775419235,1,0.0981748,-54,11.2782755440862,6.59480893814197,0.633,1.14635221931252
113.422179460526,1,0.16567,-54,11.2888460905242,6.58969216595809,0.633,1.1470599336465
113.987695455551,1,0.190214,-54,11.2962950991153,6.58605127298346,0.633,1.15117209042995
114.47732257843,1,0.19635,-54,11.3028446793741,6.58300322409103,0.633,1.15837714942592
115.164043426514,1,0.257709,-54,11.3111935925614,6.57911674981844,0.633,1.16890696013148
116.087448596954,1,0.276117,-54,11.3218372527323,6.57499784388543,0.633,1.18392744787548
116.522970438004,1,0.276117,-54,11.3269895122395,6.57291994188265,0.633,1.19122578466102
117.166789531708,1,0.349748,-54,11.3347269467163,6.56960985498317,0.633,1.20169414958405
118.368024587631,1,0.46633,-53,11.3502387373389,6.56335858025496,0.633,1.21479130553638
119.035095453262,1,0.533825,-53,11.3599121289906,6.55957025542426,0.633,1.21623114155206
119.986226558685,1,0.60132,-53,11.3702024148463,6.55575606662659,0.633,1.21535959018264
120.328284502029,1,0.638136,-53,11.3749869953283,6.55383337409954,0.633,1.21601525491537
121.126071453094,1,0.711767,-53,11.385851506526,6.54946004287001,0.633,1.21595549482782
121.873504638672,1,0.785398,-53,11.396120050662,6.54535490290955,0.633,1.21454968446483
122.081010580063,1,0.791534,-53,11.3990121450768,6.54420362686364,0.633,1.21410196600253
123.010439634323,1,0.877437,-52,11.4128741087371,6.53913109782216,0.633,1.21195493586469
123.639664411545,1,0.865165,-52,11.419816721931,6.53813906752623,0.633,1.21142657132228
124.229098558426,1,0.908117,-52,11.4277257657739,6.53501621825628,0.633,1.21253546819098
125.21252655983,1,0.951068,-52,11.4407177689668,6.52990605416701,0.633,1.21339081699835
125.521545410156,1,0.981748,-52,11.4449117768751,6.5283003482821,0.633,1.21335886265238
126.488202571869,1,1.01243,-51,11.4587622270743,6.52297648780768,0.633,1.21253748831008
127.074425458908,1,1.09219,-51,11.4657193839236,6.5211678020373,0.633,1.20999182468635
127.54145860672,1,1.08606,-51,11.4720304249298,6.51906128086134,0.633,1.2087678108363
128.084035634995,1,1.11674,-51,11.4803254561665,6.51575365101438,0.633,1.20861333923986
128.938016414642,1,1.17196,-51,11.4926735729121,6.51086137314996,0.633,1.21180727441831
129.738991498947,1,1.15969,-51,11.5033398191836,6.50669499643343,0.633,1.22060458994019
129.894315481186,1,1.15969,-51,11.505427664595,6.50590290662787,0.633,1.2230777181646
130.78201842308,1,1.1781,-50,11.517233252315,6.50104309875368,0.633,1.23775817946848
131.368364572525,1,1.1781,-50,11.5243972001153,6.49830700795848,0.633,1.24676861943823
132.030899524689,1,1.18423,-50,11.5324868089149,6.49541412364733,0.633,1.25610861552296
132.855513572693,1,1.20264,-50,11.5422883183379,6.49193648962389,0.633,1.26111512648068
133.371205568314,1,1.20264,-51,11.5490791001627,6.48958780530195,0.633,1.26087472864198
133.996691465378,1,1.1781,-51,11.5581330623878,6.48662725864154,0.633,1.25925427519151
134.632552623749,1,1.18423,-51,11.5661650297638,6.4844071566932,0.633,1.25549548637133
135.251401424408,1,1.19037,-51,11.5756153051731,6.48124048545953,0.633,1.25116825499967
136.466105461121,1,1.14742,-51,11.5927512445933,6.47525289476235,0.633,1.25095143738566
136.89598441124,1,1.09833,-51,11.5989759922784,6.47307560652982,0.633,1.25284126467751
137.486699581146,1,1.11674,-51,11.6073941398472,6.47019055207177,0.633,1.25430422430355
137.777520418167,1,1.08606,-52,11.6121247775749,6.46823723238197,0.633,1.25335835333968
138.531734466553,1,1.01856,-52,11.6240452852445,6.46360903562109,0.633,1.25063941656943
139.391692638397,1,0.93266,-52,11.6365472506106,6.4592939505032,0.633,1.2480161353721
139.944870471954,1,0.871301,-53,11.6442733447858,6.45659663594583,0.633,1.24758589458165
140.53645658493,1,0.840621,-53,11.6526725511236,6.45362825145922,0.633,1.24874618378874
141.881010532379,1,0.576777,-53,11.6713493335266,6.44493034164671,0.633,1.25358718778834
142.621957540512,1,0.484738,-53,11.6815271228268,6.44115733547566,0.633,1.2525524030963
143.215331554413,1,0.411107,-53,11.6906829303868,6.43782495146281,0.633,1.25184303422228
143.854986429214,1,0.355884,-53,11.6998885684439,6.434423577926,0.633,1.25085517284744
144.57547044754,1,0.233165,-53,11.7099710051045,6.43068938753342,0.633,1.25056702889524
145.814903497696,1,0.0490874,-54,11.7252223653047,6.42467699097667,0.633,1.25533667832637
146.589117527008,1,6.19728,-54,11.7362698987445,6.42054925261816,0.633,1.25890933327548
146.881724596024,1,6.14819,-54,11.7402382196132,6.41904695971786,0.633,1.25984472319454
148.052621603012,1,5.97639,-54,11.7564345166848,6.41295784820859,0.633,1.26030423139732
148.347106456757,1,5.90889,-54,11.7608783876831,6.41130221131452,0.633,1.25935646775962
149.393870592117,1,5.78618,-54,11.7777487987659,6.40753969258368,0.633,1.26106723844134
150.405497550964,1,5.60823,-54,11.7916685188731,6.4023874591302,0.633,1.26434449080279
151.074863433838,1,5.51619,-54,11.8006606619356,6.39909238770795,0.633,1.26573927092157
151.596458435059,1,5.41188,-54,11.8076706881626,6.39653446622291,0.633,1.26638956980723
152.542351484299,1,5.22167,-54,11.8209784321782,6.39127810806203,0.633,1.26630525565036
153.123692512512,1,5.1235,-54,11.8288111616518,6.38810586527189,0.633,1.26571598106879
153.454228639603,1,5.08668,-54,11.8330070012399,6.38663069640618,0.633,1.26511531350671
154.169065475464,1,4.9701,-54,11.8426422960851,6.38327449509771,0.633,1.26453665934219
155.240882635117,1,4.80443,-55,11.8573473851943,6.37816341518201,0.633,1.2659713792383
155.451057434082,1,4.78602,-55,11.8603245971829,6.37712139098599,0.633,1.26624283091961
156.47868347168,1,4.60194,-55,11.8759758340702,6.36979435696373,0.633,1.26941957221748
157.407891511917,1,4.46082,-55,11.8907752928326,6.36466430480513,0.633,1.27008733222786
158.006964445114,1,4.36878,-54,11.8997993364083,6.36161426625216,0.633,1.26774152162281
158.942362546921,1,4.25219,-54,11.9128763124207,6.35711562086081,0.633,1.26551990624104
159.774736642838,1,4.11107,-54,11.9242714860341,6.35299860164527,0.633,1.26552612266117
160.427737474442,1,3.98835,-55,11.9336169139673,6.34962727421902,0.633,1.26512411114278
160.946171522141,1,3.90858,-55,11.9407085280402,6.34725745134194,0.633,1.2657085038792
161.637204647064,1,3.76746,-55,11.9499322177446,6.34418587311999,0.633,1.26650550230997
161.839478492737,1,3.74905,-55,11.9527875027682,6.34322994011064,0.633,1.26637548334171
162.530820608139,1,3.62633,-54,11.9627929095791,6.33987869170243,0.633,1.26535150129579
163.532988548279,1,3.4852,-54,11.9777972331223,6.33495679806032,0.633,1.26230834069375
163.787109613419,1,3.44225,-54,11.9813153534298,6.33384329590475,0.633,1.26207266078966
165.17101764679,1,3.23363,-55,11.9993898517407,6.32784678853978,0.633,1.26411446811663
165.929069519043,1,3.12932,-55,12.009613572629,6.32442161234143,0.633,1.26582794348562
166.604694604874,1,3.0066,-55,12.0198913076387,6.32104513936401,0.633,1.2663567257307
167.079414606094,1,2.94524,-55,12.0262865971058,6.31866185841408,0.633,1.26627095664288
167.92934346199,1,2.8532,-55,12.0368872286365,6.31469118720867,0.633,1.26414170405839
169.38157248497,1,2.65072,-54,12.057112565682,6.3079442987069,0.633,1.26303654961587
169.996812582016,1,2.53414,-54,12.0661047564984,6.30497727742408,0.633,1.26454330472755
170.76836848259,1,2.41142,-55,12.0783445939958,6.30094960968798,0.633,1.26743736204773
171.114141464233,1,2.3746,-55,12.08441656347,6.29895590002598,0.633,1.26902946113033
171.934764623642,1,2.21507,-55,12.0967590308491,6.29498542339306,0.633,1.26996783161949
172.358864545822,1,2.17825,-55,12.1028990287141,6.29300697963656,0.633,1.26962672062699
173.051612615585,1,2.11076,-55,12.1137198395635,6.28949254414241,0.633,1.26747017612237
173.726545572281,1,2.00031,-55,12.1239274421268,6.28615567610323,0.633,1.26622464010127
174.641614437103,1,1.90214,-55,12.138848808846,6.28271912832192,0.633,1.27691751755901
174.886450529099,1,1.82237,-55,12.1430901969648,6.28189880077494,0.633,1.28148674911204
175.585385560989,1,1.75487,-55,12.1526913749484,6.27879405220694,0.633,1.28973880239011
176.498586416245,1,1.5708,-56,12.1648521499243,6.27500786108669,0.633,1.30332593162068
176.998018503189,1,1.50944,-56,12.1713615829158,6.27304235802689,0.633,1.31031275415854
177.47652554512,1,1.37445,-56,12.1780053909614,6.27108346204643,0.633,1.31659355001198
178.020352602005,1,1.29468,-56,12.1838828370192,6.27046769482497,0.633,1.32584563461384
179.245093584061,1,1.04311,-56,12.1985787664502,6.26759214414645,0.633,1.34095136520971
179.736540555954,1,0.987884,-57,12.2060468612331,6.26557716762956,0.633,1.34239566655923
180.198394536972,1,0.840621,-57,12.2122055780303,6.26387273489928,0.633,1.34335797649683
180.99752163887,1,0.650408,-58,12.2234267808143,6.26082722935983,0.633,1.34303927648705
181.861207485199,1,0.392699,-59,12.2371129165703,6.25673665371838,0.633,1.33817352668152
182.405751466751,1,0.208621,-60,12.2453183596873,6.25435838876773,0.633,1.33717341943839
182.75195646286,1,0.0368155,-60,12.2503888809888,6.25292275779919,0.633,1.33713002195362
183.701145410538,1,5.87208,-61,12.2643191056746,6.24900419248972,0.633,1.3375110689956
185.121327638626,1,5.20326,-61,12.2874273720129,6.2419926635922,0.633,1.33405330246298
185.705787420273,1,4.8167,-61,12.2985707953705,6.23784175755948,0.633,1.33308561292332
186.255242586136,1,4.63876,-61,12.3062996341747,6.2357833627351,0.633,1.3346787001054
186.674250602722,1,4.46695,-61,12.3118822914751,6.2342891157197,0.633,1.3361048187441
187.57924747467,1,4.06198,-60,12.3250437453789,6.23080210349101,0.633,1.33836081757688
188.246251583099,1,3.84109,-60,12.334919807348,6.22823127639557,0.633,1.33690374064205
188.962559461594,1,3.54043,-60,12.3455295675941,6.22716369220257,0.633,1.33795378311374
189.645163536072,1,3.3993,-60,12.3557600534997,6.22501441170887,0.633,1.3367623026783
190.228553533554,1,3.22136,-60,12.3644390010328,6.22269948196695,0.633,1.33511820543374
190.70784163475,1,3.0741,-60,12.3712464684298,6.2208785293441,0.633,1.3347131823275
191.096469640732,1,2.94524,-59,12.3761565611982,6.21956197699742,0.633,1.33609448315025
191.9534034729,1,2.73662,-59,12.3882886103598,6.21639238882175,0.633,1.34406477878167
192.672352552414,1,2.528,-59,12.398047512112,6.21408290180471,0.633,1.35503843681528
193.054832458496,1,2.43596,-59,12.4030326957539,6.21290559533826,0.633,1.36086377325895
193.882222414017,1,2.2028,-59,12.4130837961149,6.2105925006193,0.633,1.37346322255848
194.532967567444,1,2.01872,-59,12.4213414018808,6.20876375511773,0.633,1.38288323683846
195.273436546326,1,1.82237,-59,12.4307509936988,6.2067368483932,0.633,1.39345083014492
195.898345470428,1,1.63829,-59,12.4415980242568,6.20364986771654,0.633,1.40167645383151
196.474951505661,1,1.48489,-60,12.4522337612743,6.20081859085998,0.633,1.40889036680657
196.95961856842,1,1.31922,-59,12.4594733744884,6.19953791484936,0.633,1.41500373649601
197.980915546417,1,1.1106,-59,12.4736717164545,6.19711654894037,0.633,1.42234129610294
198.426136493683,1,0.920388,-60,12.4801743905111,6.19603656237982,0.633,1.42376196934669
199.189240455627,1,0.681087,-60,12.4905823053668,6.19464378496812,0.633,1.42435170205633
199.908619642258,1,0.429515,-61,12.4990265007307,6.1943428163871,0.633,1.42427696882705
