120.346621990204,902.436507285634,847.764665305795,192.8,-66,5.78617530717959,5.78617530717959
121.423771858215,903.861052647269,846.894299078469,192.8,-64,5.35052530717959,5.35052530717959
121.936399936676,904.502510880484,846.499933391763,192.8,-64,5.20326530717959,5.20326530717959
122.530128955841,905.230491124759,846.052784477676,192.8,-63,5.04372530717959,5.04372530717959
123.012283802032,905.834435439174,845.680779742397,192.8,-62,4.98236530717959,4.98236530717959
123.401736021042,906.330274372225,845.374722826847,192.8,-62,4.74920530717959,4.74920530717959
123.673038005829,906.650512580983,845.161830761447,192.8,-62,4.84124530717959,4.84124530717959
124.269248008728,907.150251957513,844.696531932667,192.8,-61,4.54671530717959,4.54671530717959
124.981382846832,907.954555669263,844.142071744305,192.8,-61,4.31968530717959,4.31968530717959
125.768054962158,909.00126518351,843.489934019036,192.8,-61,4.10493530717959,4.10493530717959
126.250679016113,909.63210144217,843.099031648152,192.8,-61,4.06811530717959,4.06811530717959
126.591177940369,910.031217050032,842.852531231276,192.8,-61,3.95767530717959,3.95767530717959
127.338615894318,910.965841658281,842.28031114734,192.8,-61,3.73677530717959,3.73677530717959
127.824079990387,911.606099034824,841.880972872185,192.8,-61,3.69382530717959,3.69382530717959
128.0745408535,911.947981427638,841.648992121229,192.8,-60,3.62633530717959,3.62633530717959
128.516397953033,912.551122216153,841.239737196164,192.8,-60,3.42384530717959,3.42384530717959
128.863194942474,913.005819031252,840.95877860723,192.8,-61,3.42384530717959,3.42384530717959
129.592974901199,913.954123355581,840.379275447709,192.8,-61,3.12932530717959,3.12932530717959
130.276156902313,914.822448221564,839.850402836991,192.8,-60,2.96978530717959,2.96978530717959
130.807958841324,915.39483961488,839.499104065192,192.8,-60,2.79184530717959,2.79184530717959
131.320909023285,916.008779763673,839.12443747688,192.8,-60,2.71207530717959,2.71207530717959
131.705570936203,916.515922009197,838.81639552034,192.8,-60,2.62003530717959,2.62003530717959
132.200764894485,917.224347002433,838.426073884094,192.8,-60,2.47277530717959,2.47277530717959
133.186844825745,918.627705379638,837.646193188978,192.8,-60,2.07394530717959,2.07394530717959
133.640267848969,919.218495054164,837.293710066109,192.8,-59,1.83464530717959,1.83464530717959
134.208690881729,919.880296207716,836.893599275044,192.8,-60,1.68124530717959,1.68124530717959
134.707914829254,920.545154502093,836.493656375855,192.8,-60,1.48489530717959,1.48489530717959
135.36002779007,921.462092419749,835.941738498988,192.8,-60,1.24559530717959,1.24559530717959
135.718158960342,921.971419322287,835.633002671079,192.8,-61,1.12900530717959,1.12900530717959
136.205195903778,922.801681378655,835.122786905074,192.8,-61,0.932665307179586,0.932665307179586
137.122960805893,924.580971771468,834.022127096551,192.8,-61,0.472465307179586,0.472465307179586
137.524830818176,925.148336321299,833.681002940036,192.8,-61,0.306795307179586,0.306795307179586
138.051261901855,925.826472361736,833.268883489121,192.8,-61,0.0674953071795859,0.0674953071795859
138.561897993088,926.45114230292,832.888157382651,192.8,-60,6.09910730717959,-0.184078
139.122245788574,927.037991060606,832.531809039948,192.8,-60,5.90889430717959,-0.374291
139.816854000092,927.898545266486,832.003742621086,192.8,-59,5.70027230717959,-0.582913
140.35359287262,928.606296374714,831.549255464019,192.8,-59,5.50392330717959,-0.779262
141.019708871841,929.478318059392,830.93986249231,192.8,-58,5.30757330717959,-0.975612
141.658648014069,930.252530116137,830.471164778664,192.8,-58,5.06213530717959,-1.22105
142.132954835892,930.877983032527,830.093090370965,192.8,-57,4.94555530717959,-1.33763
142.578905820847,931.498489713932,829.717770398054,192.8,-58,4.81056530717959,-1.47262
143.314852952957,932.345257862696,829.211605254726,192.8,-57,4.64489530717959,-1.63829
143.917587995529,933.08890156053,828.763637980451,192.8,-56,4.47922530717959,-1.80396
144.936142921448,934.130700385636,828.112711997231,192.8,-56,4.22151530717959,-2.06167
145.169281005859,934.321822595213,827.988510100229,192.8,-56,4.14788530717959,-2.1353
145.778904914856,935.077886595006,827.523579566386,192.8,-56,3.94539530717959,-2.33779
146.364381790161,935.879480335126,827.035348868818,192.8,-55,3.78586530717959,-2.49732
147.044265985489,936.83537076854,826.455096772725,192.8,-55,3.65087530717959,-2.63231
147.514558792114,937.456264677096,826.077007237544,192.8,-55,3.49133530717959,-2.79185
148.197831869125,938.366541820252,825.521210815264,192.8,-55,3.34407530717959,-2.93911
148.689504861832,938.975133348422,825.194198842729,192.8,-55,3.20295530717959,-3.08023
149.09854388237,939.43818966627,824.98923178224,192.8,-55,3.07409530717959,-3.20909
149.835156917572,940.277537492886,824.51792017482,192.8,-54,2.82252530717959,-3.46066
150.322541952133,940.836166492831,824.174209662418,192.8,-54,2.71821530717959,-3.56497
151.023842811584,941.649389828353,823.671402850254,192.8,-55,2.50345530717959,-3.77973
151.49938082695,942.233732525194,823.314079318092,192.8,-55,2.38687530717959,-3.89631
152.090955018997,942.975219438924,822.85972283956,192.8,-54,2.23347530717959,-4.04971
152.677119970322,943.693531024689,822.413645525588,192.8,-54,2.03712530717959,-4.24606
152.864525794983,943.869015250664,822.29525452824,192.8,-54,2.04326530717959,-4.23992
153.444758892059,944.417144414693,821.926278181739,192.8,-54,1.88986530717959,-4.39332
154.310940980911,945.645554650903,821.168813517734,192.8,-55,1.55852530717959,-4.72466
154.753671884537,946.238299073119,820.80421367295,192.8,-54,1.45421530717959,-4.82897
155.356667995453,947.002999261218,820.333563403016,192.8,-55,1.25172530717959,-5.03146
155.665371894836,947.358484988736,820.11452306733,192.8,-54,1.19650530717959,-5.08668
156.429929971695,948.302578817416,819.534657998473,192.8,-55,0.865165307179586,-5.41802
156.925314903259,948.920935941235,819.155080162574,192.8,-55,0.724035307179586,-5.55915
157.506367921829,949.547432608083,818.768022469865,192.8,-55,0.582915307179587,-5.70027
158.003255844116,950.15720300058,818.393216340553,192.8,-55,0.392695307179586,-5.89049
158.681875944138,951.0298183568,817.857345689968,192.8,-55,0.159535307179587,-6.12365
159.019366979599,951.464120428782,817.590208943806,192.8,-55,0.0122753071795865,-6.27091
159.707225799561,952.384231887589,817.025408137703,192.8,-55,6.03161230717959,-6.53475830717959
160.341130018234,953.248122435793,816.496605767601,192.8,-54,5.82299130717959,-6.74337930717959
160.743313789368,953.789287787598,816.166475847883,192.8,-54,5.74936030717959,-6.81701030717959
161.342283964157,954.689994982501,815.61054450904,192.8,-54,5.54073830717959,-7.02563230717959
161.956221818924,955.643765325682,815.020540623389,192.8,-54,5.35666130717959,-7.20970930717959
162.621924877167,956.53027052397,814.48328858219,192.8,-53,5.12349530717959,-7.44287530717959
162.940791845322,956.954231843375,814.22496527779,192.8,-53,5.08054530717959,-7.48582530717959
163.544898986816,957.755320498852,813.736150395193,192.8,-54,4.96396530717959,-7.60240530717959
163.807578802109,958.097511942789,813.526873648434,192.8,-53,4.90260530717959,-7.66376530717959
164.146806001663,958.539421212099,813.256611677008,192.8,-53,4.79215530717959,-7.77421530717959
164.749046802521,959.287381838595,812.800025750973,192.8,-53,4.62648530717959,-7.93988530717959
165.057607889175,959.664380310402,812.570042127245,192.8,-53,4.54671530717959,-8.01965530717959
165.760687828064,960.623055420041,812.037719606791,192.8,-53,4.45467530717959,-8.11169530717959
166.16828584671,961.209775350482,811.699155145488,192.8,-52,4.33809530717959,-8.22827530717959
166.779280900955,962.123870185451,811.147136836059,192.8,-52,4.21537530717959,-8.35099530717959
167.276016950607,962.812311946893,810.730219525121,192.8,-52,4.16015530717959,-8.40621530717959
167.991325855255,963.775389659916,810.147250780266,192.8,-52,4.07425530717959,-8.49211530717959
168.66085600853,964.627981348185,809.631271555904,192.8,-52,3.95767530717959,-8.60869530717959
169.054529905319,965.092730460265,809.349816888428,192.8,-52,3.90244530717959,-8.66392530717959
169.66260099411,966.126987531019,808.778724763334,192.8,-51,3.80427530717959,-8.76209530717959
170.03936290741,966.904795208364,808.36584270795,192.8,-51,3.74291530717959,-8.82345530717959
170.643754005432,967.732262341193,807.87734842086,192.8,-51,3.66928530717959,-8.89708530717959
171.177294969559,968.398843647942,807.473106220711,192.8,-51,3.59565530717959,-8.97071530717959
171.651709794998,968.992974162506,807.113743783261,192.8,-51,3.53429530717959,-9.03207530717959
171.902766942978,969.339705110017,806.903315087407,192.8,-51,3.52815530717959,-9.03821530717959
172.311412811279,969.952093122694,806.530708571163,192.8,-51,3.49133530717959,-9.07503530717959
173.014457941055,970.949924300396,805.925075122651,192.8,-51,3.44838530717959,-9.11798530717959
173.554600000381,971.732299235648,805.450559363669,192.8,-51,3.41157530717959,-9.15479530717959
173.958864927292,972.445906123208,805.016356650352,192.8,-51,3.35021530717959,-9.21615530717959
174.57222700119,973.395414563772,804.441335065598,192.8,-51,3.28271530717959,-9.28365530717959
174.987135887146,973.934104662477,804.117515736601,192.8,-51,3.25817530717959,-9.30819530717959
175.536980867386,974.718734816893,803.642498601069,192.8,-51,3.11704530717959,-9.44932530717959
175.765043973923,975.052582949532,803.440023319294,192.8,-51,3.06182530717959,-9.50454530717959
176.234591960907,975.675055274446,803.064893252511,192.8,-51,3.01273530717959,-9.55363530717959
176.786721944809,976.368726741766,802.648380278395,192.8,-51,2.90842530717959,-9.65794530717959
177.424605846405,977.236270868628,802.123941200838,192.8,-51,2.81025530717959,-9.75611530717959
177.787468910217,977.640912113393,801.880313104469,192.8,-51,2.79184530717959,-9.77452530717959
178.305114984512,978.093448714548,801.609527974063,192.8,-51,2.74275530717959,-9.82361530717959
179.016831874847,978.840096126477,801.155368956225,192.8,-51,2.65685530717959,-9.90951530717959
179.597374916077,979.564168949913,800.716587501383,192.8,-51,2.57095530717959,-9.99541530717959
180.243963003159,980.442480720395,800.186075041876,192.8,-52,2.43596530717959,-10.1304053071796
180.660421848297,980.997594717496,799.849565645273,192.8,-52,2.35619530717959,-10.2101753071796
181.094357967377,981.57761603162,799.49748624986,192.8,-52,2.28869530717959,-10.2776753071796
181.572016000748,982.218651403666,799.107620191771,192.8,-51,2.21506530717959,-10.3513053071796
182.132555007935,982.872979069169,798.705515152824,192.8,-52,2.19052530717959,-10.3758453071796
182.736346006393,983.55426380912,798.285933260177,192.8,-52,2.12916530717959,-10.4372053071796
183.017976999283,983.89502629223,798.077486355875,192.8,-51,2.06166530717959,-10.5047053071796
183.559381008148,984.54870780229,797.6778787401,192.8,-51,1.98190530717959,-10.5844653071796
184.140280008316,985.246271458253,797.252138978414,192.8,-51,1.90827530717959,-10.6580953071796
184.71914100647,985.967103050188,796.814131009187,192.8,-51,1.84077530717959,-10.7255953071796
185.12290096283,986.471982791164,796.507192378149,192.8,-52,1.75487530717959,-10.8114953071796
185.519237995148,986.9592998766,796.208156893905,192.8,-52,1.66283530717959,-10.9035353071796
186.093495845795,987.701302196722,795.753179274876,192.8,-52,1.60761530717959,-10.9587553071796
186.558884859085,988.358680420664,795.350598812152,192.8,-52,1.55852530717959,-11.0078453071796
187.128654956818,989.116681590634,794.88477414831,192.8,-51,1.46648530717959,-11.0998853071796
187.564990997314,989.683140101179,794.536144683184,192.8,-51,1.46034530717959,-11.1060253071796
187.914737939835,990.159742952806,794.240601724843,192.8,-51,1.38671530717959,-11.1796553071796
188.427223920822,990.857201939945,793.808121427662,192.8,-51,1.35603530717959,-11.2103353071796
188.822769880295,991.368481172898,793.49183737662,192.8,-51,1.32535530717959,-11.2410153071796
189.391776800156,992.095590901147,793.042654969516,192.8,-51,1.27013530717959,-11.2962353071796
189.809917926788,992.609418190446,792.726757308468,192.8,-51,1.25172530717959,-11.3146453071796
190.212265968323,993.125948356073,792.422195336338,192.8,-51,1.19036530717959,-11.3760053071796
190.674033880234,993.790764040489,792.07071491302,192.8,-50,1.15968530717959,-11.4066853071796
191.145617008209,994.439850639749,791.705124902718,192.8,-51,1.12900530717959,-11.4373653071796
191.45737695694,994.839908884861,791.456978175565,192.8,-51,1.11060530717959,-11.4557653071796
191.944947957993,995.472009032829,791.064633816181,192.8,-51,1.10446530717959,-11.4619053071796
192.453895807266,996.147756864796,790.644541913537,192.8,-51,1.05537530717959,-11.5109953071796
192.794202804565,996.588985443164,790.369698650743,192.8,-51,1.01856530717959,-11.5478053071796
193.222196817398,997.126107439563,790.034186886293,192.8,-51,1.00629530717959,-11.5600753071796
193.766988992691,997.831306361727,789.594600555492,192.8,-51,1.01856530717959,-11.5478053071796
194.048666000366,998.207102645836,789.360808707945,192.8,-51,1.03697530717959,-11.5293953071796
194.538764953613,998.809013859171,788.982571994471,192.8,-51,1.01856530717959,-11.5478053071796
194.934423923492,999.232199055608,788.711694909736,192.8,-51,0.975615307179586,-11.5907553071796
195.30410695076,999.657183265877,788.442064619678,192.8,-51,1.01856530717959,-11.5478053071796
195.767309904099,1000.24992696108,788.07054435488,192.8,-51,1.00015530717959,-11.5662153071796
196.182615995407,1000.78331749877,787.73751298897,192.8,-52,0.987885307179586,-11.5784853071796
196.584637880325,1001.30173760845,787.415212184934,192.8,-52,0.981745307179586,-11.5846253071796
197.078146934509,1001.95162949909,787.008502169665,192.8,-51,0.957205307179586,-11.6091653071796
197.529408931732,1002.55610557702,786.628231764272,192.8,-52,0.994015307179586,-11.5723553071796
197.970839977264,1003.13734847555,786.265515498551,192.8,-52,0.987885307179586,-11.5784853071796
198.33828496933,1003.61871986901,785.965850964428,192.8,-52,1.01242530717959,-11.5539453071796
198.867699861526,1004.43194906696,785.49046079843,192.8,-51,1.01242530717959,-11.5539453071796
199.409954786301,1005.27367424015,785.000438581141,192.8,-52,1.06765530717959,-11.4987153071796
199.682822942734,1005.6290612562,784.778902936556,192.8,-52,1.05537530717959,-11.5109953071796
200.049304008484,1006.10637093608,784.481365033305,192.8,-52,1.06765530717959,-11.4987153071796
200.448396921158,1006.59697376988,784.175453149159,192.8,-52,1.07378530717959,-11.4925853071796
200.870793819427,1007.10943845465,783.855887907054,192.8,-52,1.09219530717959,-11.4741753071796
201.305905818939,1007.66975795331,783.50438365713,192.8,-52,1.09832530717959,-11.4680453071796
201.796310901642,1008.31586553046,783.098173430387,192.8,-52,1.12287530717959,-11.4434953071796
202.388506889343,1009.04426998559,782.642308286246,192.8,-52,1.15355530717959,-11.4128153071796
202.778194904327,1009.58485310851,782.30602676535,192.8,-52,1.20877530717959,-11.3575953071796
203.098969936371,1010.12080683021,781.975186159699,192.8,-52,1.22718530717959,-11.3391853071796
203.54056096077,1010.82206527536,781.541492076238,192.8,-52,1.30081530717959,-11.2655553071796
204.015009880066,1011.45254583479,781.148697108238,192.8,-52,1.31308530717959,-11.2532853071796
204.351264953613,1011.89363136818,780.873730394888,192.8,-52,1.37444530717959,-11.1919253071796
204.756072998047,1012.3969426538,780.559160841378,192.8,-52,1.38058530717959,-11.1857853071796
205.203859806061,1012.96060673478,780.206774508852,192.8,-53,1.42966530717959,-11.1367053071796
205.776057958603,1013.74929063657,779.712771592183,192.8,-53,1.44807530717959,-11.1182953071796
206.146916866302,1014.23599628265,779.408909109534,192.8,-53,1.49716530717959,-11.0692053071796
206.518846988678,1014.70227176397,779.118731843976,192.8,-53,1.55852530717959,-11.0078453071796
207.036230802536,1015.3004916668,778.763924666593,192.8,-53,1.61988530717959,-10.9464853071796
207.508437871933,1015.8023029343,778.48291035679,192.8,-53,1.67510530717959,-10.8912653071796
207.978060007095,1016.42487879748,778.094237331592,192.8,-53,1.72419530717959,-10.8421753071796
208.423969984055,1017.02985574826,777.712192590334,192.8,-53,1.77941530717959,-10.7869553071796
208.81728887558,1017.51221913158,777.411955194735,192.8,-54,1.81623530717959,-10.7501353071796
209.363850831985,1018.18039298856,776.995341268954,192.8,-53,1.88986530717959,-10.6765053071796
209.499535799026,1018.34390895055,776.892582708526,192.8,-53,1.91440530717959,-10.6519653071796
209.913708925247,1018.84303511494,776.578916167962,192.8,-53,1.94508530717959,-10.6212853071796
210.332430839539,1019.35195933553,776.261708331972,192.8,-53,1.98190530717959,-10.5844653071796
210.709605932236,1019.81382891647,775.975897947727,192.8,-53,2.06166530717959,-10.5047053071796
211.04025888443,1020.21401065947,775.73530600938,192.8,-53,2.05553530717959,-10.5108353071796
211.315356016159,1020.53853122957,775.552925448984,192.8,-53,2.08007530717959,-10.4862953071796
211.823416948318,1021.14276655561,775.211199978436,192.8,-54,2.17825530717959,-10.3881153071796
212.224774837494,1021.66466781787,774.896673642502,192.8,-54,2.22733530717959,-10.3390353071796
212.590951919556,1022.14082210933,774.60971694119,192.8,-55,2.23347530717959,-10.3328953071796
212.913460016251,1022.55947315429,774.359859167221,192.8,-53,2.11075530717959,-10.4556153071796
213.359730958939,1023.1385505232,774.01504491573,192.8,-54,2.30710530717959,-10.2592653071796
213.639533996582,1023.50041882312,773.799599738312,192.8,-54,2.42982530717959,-10.1365453071796
213.964464902878,1023.91925659751,773.550272723556,192.8,-53,2.52800530717959,-10.0383653071796
214.440958023071,1024.54530643708,773.176816137751,192.8,-54,2.63844530717959,-9.92792530717959
214.825223922729,1025.07886769727,772.856679381637,192.8,-54,2.71207530717959,-9.85429530717959
215.387540817261,1025.85191164713,772.375628226844,192.8,-53,2.73662530717959,-9.82974530717959
215.713182926178,1026.29552411758,772.090448781557,192.8,-54,2.74889530717959,-9.81747530717959
216.121980905533,1026.81941997883,771.763340255214,192.8,-54,2.84706530717959,-9.71930530717959
216.317083835602,1027.05414904325,771.621554416299,192.8,-54,2.85933530717959,-9.70703530717959
216.689999818802,1027.50280565653,771.350547694339,192.8,-54,2.92069530717959,-9.64567530717959
217.237392902374,1028.13255661462,770.971285502124,192.8,-54,3.01273530717959,-9.55363530717959
217.652020931244,1028.61485640406,770.681333312138,192.8,-54,3.07409530717959,-9.49227530717959
217.818696975708,1028.82392091314,770.556503532447,192.8,-54,3.12318530717959,-9.44318530717959
218.407984972,1029.56339766386,770.114961401687,192.8,-54,3.22749530717959,-9.33887530717959
218.770533800125,1030.06593861945,769.813436828332,192.8,-54,3.32567530717959,-9.24069530717959
219.31521987915,1030.82139966744,769.356551020231,192.8,-54,3.47906530717959,-9.08730530717959
219.618163824081,1031.24289522868,769.091122734372,192.8,-54,3.57110530717959,-8.99526530717959
219.902412891388,1031.63838001113,768.842074209208,192.8,-53,3.60178530717959,-8.96458530717959
220.316115856171,1032.18124121631,768.512315959404,192.8,-54,3.65700530717959,-8.90936530717959
220.764918804169,1032.7550732221,768.169656275948,192.8,-54,3.67541530717959,-8.89095530717959
221.220266819,1033.34859745334,767.814721883771,192.8,-54,3.78586530717959,-8.78050530717959
221.44896697998,1033.64794746923,767.63565124363,192.8,-55,3.87790530717959,-8.68846530717959
221.96053981781,1034.30595673625,767.242367893028,192.8,-55,4.00062530717959,-8.56574530717959
222.758293867111,1035.32543481088,766.636439194357,192.8,-54,4.28900530717959,-8.27736530717959
223.149012804031,1035.8379745227,766.335559400566,192.8,-55,4.36877530717959,-8.19759530717959
223.549688816071,1036.39151393942,765.995552293923,192.8,-55,4.42400530717959,-8.14236530717959
224.090339899063,1037.18207997332,765.487613617143,192.8,-55,4.59580530717959,-7.97056530717959
224.455460786819,1037.67184502341,765.190599486136,192.8,-56,4.65102530717959,-7.91534530717959
224.885197877884,1038.23019310418,764.859885622911,192.8,-56,4.70011530717959,-7.86625530717959
225.338902950287,1038.79469540408,764.528836258637,192.8,-56,4.77374530717959,-7.79262530717959
225.641753911972,1039.16679435594,764.311272279638,192.8,-56,4.91487530717959,-7.65149530717959
226.149278879166,1039.83930154838,763.91823422564,192.8,-55,5.00691530717959,-7.55945530717959
226.728390932083,1040.62391674813,763.460095387389,192.8,-55,5.15417530717959,-7.41219530717959
226.933233976364,1040.89441183033,763.302737813487,192.8,-55,5.20939530717959,-7.35697530717959
227.369990825653,1041.47114891341,762.967227284288,192.8,-55,5.31370930717959,-7.25266130717959
227.879620790482,1042.13345635121,762.597599006836,192.8,-56,5.46710730717959,-7.09926330717959
228.282423019409,1042.6541103827,762.311239289516,192.8,-56,5.58369030717959,-6.98268030717959
228.710333824158,1043.19811871066,761.992757436657,192.8,-56,5.65118530717959,-6.91518530717959
229.273312807083,1043.92021857395,761.565956441913,192.8,-56,5.84139930717959,-6.72497130717959
229.582849979401,1044.33334783488,761.323145564969,192.8,-55,5.89048630717959,-6.67588430717959
229.900089979172,1044.75675781069,761.074292343337,192.8,-56,5.95184530717959,-6.61452530717959
230.490737915039,1045.5430214637,760.617017715434,192.8,-56,6.13592330717959,-6.43044730717959
231.014622926712,1046.21959955986,760.223596619716,192.8,-56,6.20955420717959,-6.35681640717959
231.311467885971,1046.59261660836,760.006568518773,192.8,-56,0.0368153071795865,-6.24637
231.666966915131,1047.03269263371,759.745923263957,192.8,-56,0.104315307179586,-6.17887
232.085353851318,1047.50804755106,759.434466760817,192.8,-56,0.128855307179586,-6.15433
232.581254005432,1048.08600001578,759.066166028446,192.8,-56,0.269985307179586,-6.0132
233.158712863922,1048.80947134545,758.64027347211,192.8,-56,0.404975307179586,-5.87821
233.409590959549,1049.13747272865,758.447795486798,192.8,-56,0.404975307179586,-5.87821
233.759145021439,1049.62021958664,758.165608005264,192.8,-56,0.527685307179587,-5.7555
234.327863931656,1050.42158719088,757.696621301899,192.8,-56,0.668815307179586,-5.61437
234.873939990997,1051.21383763138,757.232198629882,192.8,-56,0.865165307179586,-5.41802
235.306521892548,1051.74517548,756.918846466797,192.8,-56,0.951065307179586,-5.33212
235.659590005875,1052.17404342213,756.665814380944,192.8,-56,1.07992530717959,-5.20326
236.1589179039,1052.75265421849,756.31136500141,192.8,-56,1.22718530717959,-5.056
236.577399015427,1053.23423190089,756.014713149054,192.8,-56,1.34376530717959,-4.93942
237.075054883957,1053.93784267039,755.599937094105,192.8,-57,1.48489530717959,-4.79829
237.364347934723,1054.34901443879,755.357802608268,192.8,-57,1.54011530717959,-4.74307
237.729642868042,1054.86088057652,755.061056014448,192.8,-57,1.68124530717959,-4.60194
238.250918865204,1055.58973650399,754.639492913301,192.8,-57,1.85304530717959,-4.43014
238.716661930084,1056.24348180233,754.258336056321,192.8,-57,2.12302530717959,-4.16016
239.000959873199,1056.64253968994,754.025671055777,192.8,-58,2.18438530717959,-4.0988
239.312493801117,1057.05703193504,753.783723260783,192.8,-58,2.25188530717959,-4.0313
239.805702924728,1057.70884713374,753.403187340017,192.8,-58,2.43596530717959,-3.84722
240.152558803558,1058.37635547696,752.99886578157,192.8,-58,2.62003530717959,-3.66315
240.560562849045,1059.17947614982,752.511540089336,192.8,-58,2.74889530717959,-3.53429
240.805530786514,1059.54215900237,752.294868863953,192.8,-59,2.89615530717959,-3.38703
241.252921819687,1060.07391925307,751.982130657107,192.8,-59,2.98205530717959,-3.30113
241.493390798569,1060.35973598835,751.814036458338,192.8,-59,2.98819530717959,-3.29499
241.852670907974,1060.82611163786,751.539723427548,192.8,-59,3.42384530717959,-2.85934
242.158873796463,1061.22441437967,751.305448996686,192.8,-59,3.35021530717959,-2.93297
242.618691921234,1061.82047187408,750.957329552419,192.8,-58,3.52815530717959,-2.75503
242.852770805359,1062.12317362685,750.781419854586,192.8,-59,3.66314530717959,-2.62004
243.288972854614,1062.69154664737,750.449138829062,192.8,-59,3.74291530717959,-2.54027
243.528689861298,1063.01000299401,750.260168034687,192.8,-58,3.80427530717959,-2.47891
244.049467802048,1063.6818839483,749.8651997941,192.8,-59,4.01289530717959,-2.27029
244.301984786987,1063.95748765318,749.712825791746,192.8,-59,4.05584530717959,-2.22734
244.508442878723,1064.18282146587,749.58824468381,192.8,-59,4.08038530717959,-2.2028
244.815522909164,1064.52768533174,749.394952845386,192.8,-59,4.20924530717959,-2.07394
245.275653839111,1065.11398116662,749.048061143083,192.8,-58,4.30741530717959,-1.97577
245.649674892426,1065.59350718505,748.764458922498,192.8,-58,4.46081530717959,-1.82237
245.992623806,1066.05599590143,748.491833994946,192.8,-59,4.54058530717959,-1.7426
246.454879999161,1066.67937817486,748.124366549555,192.8,-59,4.63875530717959,-1.64443
246.758071899414,1067.05835677759,747.900912277363,192.8,-59,4.66330530717959,-1.61988
247.071528911591,1067.4501193123,747.669920216805,192.8,-59,4.78601530717959,-1.49717
247.327538967133,1067.77231056271,747.479915630247,192.8,-59,4.85965530717959,-1.42353
247.584800004959,1068.11763642242,747.275947458906,192.8,-59,4.91487530717959,-1.36831
247.829487800598,1068.44608500563,747.081947921907,192.8,-59,4.95168530717959,-1.3315
248.021402835846,1068.70369581642,746.929789013107,192.8,-59,4.96396530717959,-1.31922
248.37349486351,1069.16209796125,746.649762201264,192.8,-59,5.06213530717959,-1.22105
248.56943488121,1069.41490381448,746.493785759744,192.8,-59,5.12349530717959,-1.15969
248.858383893967,1069.78771179198,746.263770271741,192.8,-59,5.16644530717959,-1.11674
249.219106912613,1070.3063222865,745.954562953384,192.8,-59,5.30143730717959,-0.981748
249.504745960236,1070.72603247729,745.705965378835,192.8,-59,5.35666130717959,-0.926524
249.668480873108,1070.96662007235,745.56346349561,192.8,-59,5.38120430717959,-0.901981
249.940531015396,1071.33140715682,745.346234991673,192.8,-60,5.42415630717959,-0.859029
250.216944932938,1071.69405993657,745.129986482267,192.8,-60,5.43642830717959,-0.846757
250.457398891449,1072.0095335467,744.94187073697,192.8,-60,5.50392330717959,-0.779262
250.725077867508,1072.3620085224,744.733109750688,192.8,-60,5.52846630717959,-0.754719
251.115786790848,1072.87734610408,744.428836517679,192.8,-60,5.65732130717959,-0.625864
251.169196844101,1072.94779294068,744.387242255026,192.8,-61,5.68800030717959,-0.595185
251.540335893631,1073.42869496708,744.103130429852,192.8,-61,5.76163230717959,-0.521553
251.810815811157,1073.76706616754,743.902980672599,192.8,-61,5.90889430717959,-0.374291
251.919760942459,1073.90335685854,743.822363443107,192.8,-61,5.90889430717959,-0.374291
252.276566982269,1074.35278718088,743.558031776302,192.8,-62,5.98252530717959,-0.30066
252.506613016129,1074.68529827292,743.383391167962,192.8,-63,6.08683530717959,-0.19635
252.626933813095,1074.85921128904,743.292049027323,192.8,-62,6.05002030717959,-0.233165
253.001814842224,1075.40106849166,743.007456200904,192.8,-63,6.10524330717959,-0.177942
253.103683948517,1075.54279733233,742.929091756563,192.8,-63,6.17273830717959,-0.110447
253.354031801224,1075.87544490055,742.733582855623,192.8,-63,6.24023380717959,-0.0429515
253.546222925186,1076.13081721282,742.583491392844,192.8,-64,0.171805307179587,0.171805307179587
253.89283490181,1076.58997886069,742.313546438408,192.8,-64,0.306795307179586,0.306795307179586
254.215234994888,1077.00672434072,742.067949830272,192.8,-65,0.374295307179586,0.374295307179586
254.361444950104,1077.19572037168,741.956570615912,192.8,-65,0.392695307179586,0.392695307179586
254.589233875275,1077.4901681929,741.783046511565,192.8,-65,0.490875307179587,0.490875307179587
254.870581865311,1077.83979019565,741.578017087356,192.8,-66,0.662675307179586,0.662675307179586
255.079309940338,1078.09623650893,741.427848044292,192.8,-66,0.766995307179586,0.766995307179586
255.204895019531,1078.25053214241,741.337496081994,192.8,-66,0.711765307179586,0.711765307179586
255.428053855896,1078.52470829649,741.176944853303,192.8,-66,0.803805307179586,0.803805307179586
