96.7539319992065,870.514826867062,867.9536883564,192.8,-63,6.16046730717959,6.16046730717959
97.2838590145111,871.311951560706,867.458007969371,192.8,-63,5.89662230717959,5.89662230717959
97.9780309200287,872.282354209237,866.851448202071,192.8,-62,5.72481630717959,5.72481630717959
98.5180218219757,873.032893196882,866.37978449844,192.8,-62,5.54073830717959,5.54073830717959
99.0174849033356,873.793710470787,865.900006297669,192.8,-61,5.28916530717959,5.28916530717959
99.4116609096527,874.407387185151,865.515309424382,192.8,-61,5.20939530717959,5.20939530717959
99.6265318393707,874.746594307727,865.303463540051,192.8,-60,5.08667530717959,5.08667530717959
100.304790019989,875.748587608265,864.677794837833,192.8,-60,4.92101530717959,4.92101530717959
100.852556943893,876.481321607368,864.220387371497,192.8,-60,4.80442530717959,4.80442530717959
101.281351804733,877.033600082791,863.87754412641,192.8,-60,4.60194530717959,4.60194530717959
101.568181991577,877.401709228141,863.649152852229,192.8,-59,4.52217530717959,4.52217530717959
102.237402915955,878.344066829126,863.065571653701,192.8,-59,4.21537530717959,4.21537530717959
102.576946973801,878.839913053983,862.758717693032,192.8,-60,4.11720530717959,4.11720530717959
103.319799900055,879.433209348854,862.21376136018,192.8,-60,3.87790530717959,3.87790530717959
103.518241882324,879.638256966559,862.067090423028,192.8,-60,3.81040530717959,3.81040530717959
104.081684827805,880.324914001744,861.647314998934,192.8,-59,3.55883530717959,3.55883530717959
104.523497819901,880.878438976885,861.30679149507,192.8,-60,3.35021530717959,3.35021530717959
104.982352972031,881.461326594438,860.947101727233,192.8,-60,3.20295530717959,3.20295530717959
105.80615901947,882.581546498102,860.257079483377,192.8,-60,2.85320530717959,2.85320530717959
106.188030958176,883.075549736351,859.955284929393,192.8,-60,2.75502530717959,2.75502530717959
106.770077943802,883.809162880543,859.49846178768,192.8,-60,2.46050530717959,2.46050530717959
107.166692018509,884.248431078845,859.182496943287,192.8,-60,2.22120530717959,2.22120530717959
107.592824935913,884.723845507197,858.843939220163,192.8,-59,2.07394530717959,2.07394530717959
108.102302789688,885.361934687354,858.457804445394,192.8,-60,1.86532530717959,1.86532530717959
108.448683977127,885.796717814655,858.194743022712,192.8,-60,1.70578530717959,1.70578530717959
109.026032924652,886.574364757504,857.726664592826,192.8,-60,1.44807530717959,1.44807530717959
109.758482933044,887.589023144896,857.111364919586,192.8,-61,1.09219530717959,1.09219530717959
110.252043962479,888.281228423517,856.69066702238,192.8,-61,0.865165307179586,0.865165307179586
110.703825950623,888.909745883746,856.310382788103,192.8,-62,0.693355307179586,0.693355307179586
111.156563997269,889.714160972641,855.763292993735,192.8,-61,0.521555307179586,0.521555307179586
111.750728845596,890.95709184549,854.867259211952,192.8,-62,0.294525307179586,0.294525307179586
112.142172813416,891.446471746629,854.56438509767,192.8,-63,0.0368153071795865,0.0368153071795865
112.548717975616,891.952244148828,854.251996261018,192.8,-62,6.06842830717959,-0.214757
113.70484995842,893.385906361711,853.369729956233,192.8,-63,5.61436930717959,-0.668816
113.95507478714,893.709519166455,853.169990917408,192.8,-63,5.43029230717959,-0.852893
114.402126789093,894.285723878737,852.814678102168,192.8,-63,5.17258530717959,-1.1106
115.115003824234,895.182788855653,852.265181129256,192.8,-63,4.79829530717959,-1.48489
115.609298944473,896.352082569479,851.530245135874,192.8,-63,4.55899530717959,-1.72419
116.21296787262,897.463997846366,850.838038958996,192.8,-62,4.22151530717959,-2.06167
116.76872587204,898.076775233429,850.467552212424,192.8,-62,3.93312530717959,-2.35006
117.22770190239,898.610199893638,850.144146353565,192.8,-61,3.66928530717959,-2.6139
117.952077865601,899.469222678886,849.624143443101,192.8,-61,3.19681530717959,-3.08637
118.359122991562,899.96437391931,849.325321719349,192.8,-61,3.01887530717959,-3.26431
118.960639953613,900.706031531105,848.875968460139,192.8,-60,2.74275530717959,-3.54043
119.485656023026,901.358006318738,848.475562882942,192.8,-59,2.38073530717959,-3.90245
119.831179857254,901.78477932943,848.190473344013,192.8,-59,2.22733530717959,-4.05585
120.439862966537,902.563534863742,847.687323791448,192.8,-58,1.89599530717959,-4.38719
120.864195823669,903.141628072038,847.335348221822,192.8,-58,1.84077530717959,-4.44241
121.381686925888,903.808233206691,846.926776568768,192.8,-57,1.74260530717959,-4.54058
121.744026899338,904.262994415473,846.647154092934,192.8,-57,1.58306530717959,-4.70012
122.342141866684,904.999997275431,846.19436122408,192.8,-56,1.31308530717959,-4.9701
122.941015005112,905.743698135597,845.736787404173,192.8,-56,1.14741530717959,-5.13577
123.456123828888,906.399519304716,845.331981345607,192.8,-56,0.963335307179586,-5.31985
123.880334854126,906.824267461346,845.000050549352,192.8,-56,0.822215307179587,-5.46097
124.328174829483,907.199644038361,844.650543806759,192.8,-56,0.638135307179586,-5.64505
124.822144985199,907.757324111168,844.26594278384,192.8,-55,0.490875307179587,-5.79231
125.047017812729,908.035850949521,844.091014342679,192.8,-55,0.398835307179586,-5.88435
125.600785017014,908.770368164096,843.633228384078,192.8,-55,0.263845307179587,-6.01934
126.080504894257,909.4325665627,843.222268990578,192.8,-55,0.153395307179586,-6.12979
126.513768911362,909.94048210356,842.90857063863,192.8,-55,0.104315307179586,-6.17887
127.136291980743,910.701441572054,842.441271797405,192.8,-56,6.24023380717959,-6.32613680717959
127.71507191658,911.457800334784,841.980818096845,192.8,-55,6.11137930717959,-6.45499130717959
128.171802997589,912.080745541511,841.558906409055,192.8,-56,6.01320430717959,-6.55316630717959
128.604825019836,912.668377565161,841.165263547672,192.8,-56,5.90889430717959,-6.65747630717959
128.88440489769,913.033520082174,840.941827964157,192.8,-56,5.92116630717959,-6.64520430717959
129.505479812622,913.841977268428,840.44755627568,192.8,-56,5.80458330717959,-6.76178730717959
130.095011949539,914.597605081155,839.987487681216,192.8,-57,5.68186530717959,-6.88450530717959
130.626044988632,915.199041299817,839.619273076126,192.8,-58,5.58982630717959,-6.97654430717959
130.944724798203,915.542044148887,839.408758940154,192.8,-58,5.55914630717959,-7.00722430717959
131.758905887604,916.586239360902,838.773684240045,192.8,-58,5.42415630717959,-7.14221430717959
132.283736944199,917.348319517493,838.36126548801,192.8,-59,5.34438930717959,-7.22198130717959
133.139925003052,918.564456097188,837.683788516757,192.8,-60,5.20326530717959,-7.36310530717959
133.454679012299,918.988753634785,837.431586367039,192.8,-61,5.00077530717959,-7.56559530717959
133.929569005966,919.555321376093,837.090072092081,192.8,-61,4.89646530717959,-7.66990530717959
134.817097902298,920.698104622642,836.401808795018,192.8,-62,4.64489530717959,-7.92147530717959
135.235924959183,921.285595885243,836.048724412027,192.8,-63,4.43627530717959,-8.13009530717959
141.690748929977,930.291379138715,830.447706548296,192.8,-64,5.42415630717959,-13.4253996143592
141.952184915543,930.626455516818,830.245229426371,192.8,-63,5.22780530717959,-13.6217506143592
142.710750818253,931.665154336498,829.617530919577,192.8,-63,5.01304530717959,-13.8365106143592
143.120710849762,932.12669096584,829.342058795258,192.8,-61,4.86578530717959,-13.9837706143592
144.02587890625,933.227526105497,828.67984161874,192.8,-59,4.58353530717959,-14.2660206143592
144.315341949463,933.598071356093,828.455852830487,192.8,-59,4.49763530717959,-14.3519206143592
144.83406996727,934.047022900725,828.167090305149,192.8,-58,4.36264530717959,-14.4869106143592
145.414268016815,934.613695075965,827.808212761443,192.8,-58,4.17242530717959,-14.6771306143592
146.014647960663,935.377993147921,827.339560075487,192.8,-57,4.00062530717959,-14.8489306143592
146.437530994415,935.985129773238,826.97129946965,192.8,-57,3.85335530717959,-14.9962006143592
146.840101957321,936.5658276251,826.619233415734,192.8,-57,3.74291530717959,-15.1066406143592
147.739102840424,937.754286879436,825.895242924562,192.8,-56,3.51588530717959,-15.3336706143592
148.673070907593,938.956529142087,825.202433801066,192.8,-56,3.20908530717959,-15.6404706143592
149.401896953583,939.782430425279,824.821735875397,192.8,-55,3.03728530717959,-15.8122706143592
149.983517885208,940.447076729693,824.413884734052,192.8,-55,2.89001530717959,-15.9595406143592
150.337996959686,940.853998722215,824.163173429248,192.8,-55,2.78570530717959,-16.0638506143592
150.779127836227,941.362982425533,823.848167228498,192.8,-55,2.68753530717959,-16.1620206143592
151.533190011978,942.275277364343,823.288674793063,192.8,-54,2.52186530717959,-16.3276906143592
151.98704791069,942.842495844598,822.941208346883,192.8,-55,2.38073530717959,-16.4688206143592
152.691950798035,943.707418406933,822.4042763585,192.8,-54,2.22733530717959,-16.6222206143592
153.241369962692,944.22188692476,822.057188518604,192.8,-54,2.06166530717959,-16.7878906143592
153.524046897888,944.529609166912,821.8569294564,192.8,-54,1.97576530717959,-16.8737906143592
154.260224819183,945.57382848662,821.213036348848,192.8,-54,1.66283530717959,-17.1867206143592
154.740691900253,946.220920992615,820.814903010912,192.8,-54,1.47262530717959,-17.3769306143592
155.097956895828,946.69924051277,820.520686454383,192.8,-53,1.31308530717959,-17.5364706143592
155.673439979553,947.367775732944,820.108798371308,192.8,-53,1.17196530717959,-17.6775906143592
156.399278879166,948.262968392807,819.558938862598,192.8,-54,0.877435307179586,-17.9721206143592
156.790105819702,948.768034274178,819.24933763614,192.8,-53,0.717905307179587,-18.1316506143592
157.312379837036,949.338272884879,818.897244035047,192.8,-53,0.521555307179586,-18.3280006143592
158.077649831772,950.252829864406,818.334536219569,192.8,-53,0.208625307179586,-18.6409306143592
158.593858957291,950.916553245314,817.92701441892,192.8,-53,0.0245453071795865,-18.8250106143592
159.02622795105,951.472949505124,817.584778228924,192.8,-52,6.07456430717959,-19.0581769215388
159.577428817749,952.206300527348,817.134492453999,192.8,-52,5.81685530717959,-19.3158859215388
160.305158853531,953.199720810967,816.526132463028,192.8,-52,5.51005930717959,-19.6226819215388
160.719546794891,953.757307695783,816.185984829949,192.8,-52,5.38734030717959,-19.7454009215388
161.441692829132,954.850038140081,815.511118430192,192.8,-51,5.11735530717959,-20.0153859215388
161.881049871445,955.543660149086,815.081207735736,192.8,-51,4.93941530717959,-20.1933259215388
162.296310901642,956.096656049222,814.746073574429,192.8,-51,4.79215530717959,-20.3405859215388
162.832736968994,956.810611869875,814.31257481781,192.8,-51,4.62034530717959,-20.5123959215388
163.31843996048,957.456178762705,813.918772917179,192.8,-51,4.50376530717959,-20.6289759215388
164.003576993942,958.352837629683,813.370722084554,192.8,-50,4.28287530717959,-20.8498659215388
164.52551484108,959.014271548581,812.96663357268,192.8,-50,4.11106530717959,-21.0216759215388
165.148204803467,959.775610419599,812.502471574462,192.8,-50,3.92085530717959,-21.2118859215388
165.700354814529,960.539577333909,812.083500282548,192.8,-50,3.76745530717959,-21.3652859215388
166.269832849503,961.361697350691,811.607410041465,192.8,-50,3.63860530717959,-21.4941359215388
166.726666927338,962.045155699635,811.194672207363,192.8,-49,3.52815530717959,-21.6045859215388
167.259537935257,962.78951089393,810.744028613536,192.8,-50,3.41157530717959,-21.7211659215388
167.654819965363,963.333332486598,810.414707274715,192.8,-49,3.33180530717959,-21.8009359215388
168.012897968292,963.803728264375,810.130105161411,192.8,-49,3.24590530717959,-21.8868359215388
168.437626838684,964.361681184402,809.792528619132,192.8,-50,3.20908530717959,-21.9236559215388
169.076469898224,965.118631573609,809.334131028995,192.8,-49,3.05568530717959,-22.0770559215388
169.498822927475,965.788875229556,808.958204223419,192.8,-49,2.98819530717959,-22.1445459215388
169.987670898438,966.798079428407,808.422490426729,192.8,-49,2.84093530717959,-22.2918059215388
170.635650873184,967.722156779903,807.883488884228,192.8,-48,2.79184530717959,-22.3408959215388
171.20037984848,968.427753855332,807.455619755464,192.8,-48,2.68753530717959,-22.4452059215388
171.605073928833,968.934570019811,807.149069784134,192.8,-48,2.62003530717959,-22.5127059215388
171.805151939392,969.1934213404,806.992321215305,192.8,-48,2.58935530717959,-22.5433859215388
172.318657875061,969.962950421288,806.524102465033,192.8,-48,2.52800530717959,-22.6047359215388
172.854210853577,970.730971434979,806.057728149548,192.8,-49,2.46050530717959,-22.6722359215388
173.433486938477,971.52246262931,805.578201642828,192.8,-49,2.39914530717959,-22.7335959215388
173.914044857025,972.366789908285,805.064495865073,192.8,-49,2.33778530717959,-22.7949559215388
174.433944940567,973.215878334476,804.549258529276,192.8,-48,2.27642530717959,-22.8563159215388
174.993696928024,973.942623081527,804.112395113913,192.8,-48,2.19052530717959,-22.9422159215388
175.498624801636,974.662587634122,803.67655126017,192.8,-48,2.03099530717959,-23.1017459215388
175.708575963974,974.969922759721,803.490155830419,192.8,-48,2.00031530717959,-23.1324259215388
176.382879018784,975.86047485669,802.953605603923,192.8,-48,1.90827530717959,-23.2244659215388
176.750600814819,976.320277773946,802.677634830739,192.8,-48,1.83464530717959,-23.2980959215388
177.257996797562,977.009676810611,802.260919568954,192.8,-48,1.76100530717959,-23.3717359215388
177.748492956162,977.606838551067,801.900701762523,192.8,-48,1.72419530717959,-23.4085459215388
178.394470930099,978.171565477945,801.562785107499,192.8,-48,1.65669530717959,-23.4760459215388
178.836628913879,978.643162555879,801.275546680822,192.8,-48,1.61988530717959,-23.5128559215388
179.316293954849,979.180200892048,800.948262993263,192.8,-48,1.57079530717959,-23.5619459215388
179.655220985413,979.643189040071,800.668909008652,192.8,-47,1.51557530717959,-23.6171659215388
180.149473905563,980.316532571469,800.262424649018,192.8,-47,1.42966530717959,-23.7030759215388
180.615281820297,980.937425839671,799.886039942223,192.8,-47,1.39285530717959,-23.7398859215388
181.03573179245,981.498937459859,799.545337126686,192.8,-47,1.39899530717959,-23.7337459215388
181.645332813263,982.317045373628,799.047778768221,192.8,-47,1.36217530717959,-23.7705659215388
182.117012023926,982.855967662764,798.71602442167,192.8,-47,1.32535530717959,-23.8073859215388
182.594034910202,983.382072950384,798.391263668399,192.8,-47,1.29467530717959,-23.8380659215388
182.990513801575,983.861796897449,798.097813019804,192.8,-47,1.26399530717959,-23.8687459215388
183.552300930023,984.54020579905,797.683067715762,192.8,-47,1.18423530717959,-23.9485059215388
184.147828817368,985.255336329838,797.246606470757,192.8,-46,1.12287530717959,-24.0098659215388
184.577260971069,985.789282441843,796.922099518314,192.8,-46,1.12900530717959,-24.0037359215388
185.042296886444,986.372119689809,796.568214390418,192.8,-46,1.07992530717959,-24.0528159215388
185.598493814468,987.056749046689,796.148358539531,192.8,-46,1.03697530717959,-24.0957659215388
186.054484844208,987.646197795446,795.786925381083,192.8,-46,1.01856530717959,-24.1141759215388
186.607649803162,988.42756260613,795.308415148184,192.8,-46,1.01242530717959,-24.1203159215388
187.032475948334,988.991820445015,794.961620507932,192.8,-47,0.981745307179586,-24.1509959215388
187.491978883743,989.588354593527,794.594480854711,192.8,-46,0.969475307179586,-24.1632659215388
187.907538890839,990.149930843679,794.246686423911,192.8,-47,0.957205307179586,-24.1755359215388
188.449807882309,990.886393770198,793.790062977925,192.8,-47,0.957205307179586,-24.1755359215388
188.919420003891,991.493410273736,793.414554593437,192.8,-47,0.926525307179586,-24.2062159215388
189.228715896606,991.893203427971,793.16723729547,192.8,-47,0.920385307179586,-24.2123559215388
189.714695930481,992.492405877789,792.798695713944,192.8,-47,0.883575307179586,-24.2491659215388
190.197526931763,993.10472829633,792.433414138416,192.8,-47,0.859025307179587,-24.2737159215388
190.577793836594,993.652205494453,792.143969226293,192.8,-47,0.859025307179587,-24.2737159215388
191.078483819962,994.353703635977,791.758559864505,192.8,-47,0.852895307179586,-24.2798459215388
191.431804895401,994.807094169229,791.477332372451,192.8,-47,0.846755307179587,-24.2859859215388
191.835371017456,995.326519902447,791.155079989598,192.8,-47,0.852895307179586,-24.2798459215388
192.216426849365,995.832461036962,790.840551753221,192.8,-47,0.834485307179587,-24.2982559215388
192.77853679657,996.569324987087,790.38197950007,192.8,-47,0.846755307179587,-24.2859859215388
193.166152000427,997.055772567868,790.078121368707,192.8,-47,0.859025307179587,-24.2737159215388
193.556408882141,997.55036322155,789.769381995797,192.8,-47,0.877435307179586,-24.2553059215388
193.996931791306,998.138082019386,789.403748088825,192.8,-47,0.914255307179586,-24.2184859215388
194.473657846451,998.739377212383,789.02714579344,192.8,-47,0.920385307179586,-24.2123559215388
194.955631971359,999.254882559802,788.697175400218,192.8,-47,0.926525307179586,-24.2062159215388
195.245095968246,999.581669093137,788.489395440199,192.8,-47,0.914255307179586,-24.2184859215388
195.72607588768,1000.19716131465,788.10361683982,192.8,-47,0.938795307179586,-24.1939459215388
196.234611988068,1000.85036799833,787.695827819904,192.8,-47,0.926525307179586,-24.2062159215388
196.644695997238,1001.37918447571,787.367063613685,192.8,-47,0.926525307179586,-24.2062159215388
197.071667909622,1001.94295069259,787.013961927933,192.8,-47,0.926525307179586,-24.2062159215388
197.553691864014,1002.58863313697,786.607768972015,192.8,-47,0.957205307179586,-24.1755359215388
197.882225990295,1003.02125970225,786.337783374547,192.8,-48,0.938795307179586,-24.1939459215388
198.292712926865,1003.55901820466,786.003016595119,192.8,-48,0.975615307179586,-24.1571259215388
198.888952970505,1004.46629577505,785.470756634315,192.8,-48,1.03697530717959,-24.0957659215388
199.183084964752,1004.94163638318,785.198061232808,192.8,-48,1.06151530717959,-24.0712259215388
199.559453010559,1005.46838266094,784.879064266497,192.8,-48,1.10446530717959,-24.0282759215388
200.019567966461,1006.06764233036,784.505507070702,192.8,-48,1.12287530717959,-24.0098659215388
200.54873085022,1006.71870192541,784.099545308776,192.8,-48,1.12287530717959,-24.0098659215388
200.959439992905,1007.21698667182,783.788822462196,192.8,-48,1.17196530717959,-23.9607759215388
201.46083688736,1007.87387928234,783.376051821567,192.8,-49,1.20264530717959,-23.9300959215388
201.885164022446,1008.42656110431,783.028835031758,192.8,-49,1.28854530717959,-23.8441959215388
202.296031951904,1008.93078354541,782.713321583464,192.8,-49,1.33149530717959,-23.8012459215388
202.662760972977,1009.39198508906,782.425082888632,192.8,-49,1.36831530717959,-23.7644259215388
203.167016983032,1010.23450042935,781.905003870303,192.8,-49,1.46034530717959,-23.6723959215388
203.627930879593,1010.93816847015,781.469158758419,192.8,-50,1.56466530717959,-23.5680759215388
204.108611822128,1011.57693057337,781.071204315353,192.8,-50,1.61988530717959,-23.5128559215388
204.487474918365,1012.06298574099,780.767883911882,192.8,-50,1.66283530717959,-23.4699059215388
204.932677984238,1012.61652149831,780.421924063558,192.8,-50,1.77941530717959,-23.3533259215388
205.256094932556,1013.03260452644,780.161677710258,192.8,-50,1.83464530717959,-23.2980959215388
205.745631933212,1013.70735321277,779.739039669454,192.8,-50,1.90213530717959,-23.2306059215388
206.099932909012,1014.17709417717,779.445565662557,192.8,-50,1.96349530717959,-23.1692459215388
206.702116012573,1014.93202957918,778.97574664053,192.8,-51,2.06780530717959,-23.0649359215388
207.0427069664,1015.30737384245,778.760070648226,192.8,-51,2.16598530717959,-22.9667559215388
207.522737979889,1015.81749956257,778.47440024496,192.8,-51,2.26415530717959,-22.8685859215388
207.860370874405,1016.26400130539,778.195934889093,192.8,-52,2.33165530717959,-22.8010859215388
208.342828989029,1016.9235069857,777.779033084041,192.8,-52,2.49732530717959,-22.6354159215388
208.802451848984,1017.49402311176,777.423280941653,192.8,-52,2.58935530717959,-22.5433859215388
209.088887929916,1017.84530620566,777.204631838349,192.8,-52,2.64458530717959,-22.4881559215388
209.653203964233,1018.52909673081,776.776204897597,192.8,-52,2.77343530717959,-22.3593059215388
210.136142015457,1019.11159394907,776.410449288944,192.8,-53,2.90842530717959,-22.2243159215388
210.464238882065,1019.51336481152,776.161828705745,192.8,-53,2.99433530717959,-22.1384059215388
210.962152004242,1020.12187124264,775.787088361634,192.8,-54,3.06182530717959,-22.0709159215388
211.421809911728,1020.66411043376,775.482349936226,192.8,-54,3.25817530717959,-21.8745659215388
211.799818992615,1021.11208121666,775.229692647306,192.8,-54,3.31339530717959,-21.8193459215388
212.079882860184,1021.47625914848,775.010219044146,192.8,-54,3.39930530717959,-21.7334359215388
212.403359889984,1021.89688890242,774.756724475619,192.8,-53,3.39930530717959,-21.7334359215388
212.806892871857,1022.42119253665,774.442198989542,192.8,-54,3.68155530717959,-21.4511859215388
213.271347999573,1023.02386554896,774.083334604937,192.8,-54,3.69996530717959,-21.4327759215388
213.566736936569,1023.40658300139,773.855458609549,192.8,-55,3.81040530717959,-21.3223359215388
214.112765789032,1024.11041727781,773.4364780167,192.8,-55,4.09266530717959,-21.0400759215388
214.433714866638,1024.53524916248,773.182850502514,192.8,-55,4.16629530717959,-20.9664459215388
215.37370300293,1025.83306080803,772.387746623412,192.8,-55,4.52831530717959,-20.6044259215388
215.625760793686,1026.17643157056,772.167008276067,192.8,-56,4.65716530717959,-20.4755759215388
216.100421905518,1026.79348226532,771.779007682158,192.8,-56,4.84124530717959,-20.2914959215388
216.36229300499,1027.10854036392,771.588699860983,192.8,-56,4.87805530717959,-20.2546859215388
216.939582824707,1027.79143080607,771.176664339439,192.8,-56,5.07440530717959,-20.0583359215388
217.055830001831,1027.92458584434,771.096496770007,192.8,-56,5.10508530717959,-20.0276559215388
217.528473854065,1028.46597456266,770.770547273615,192.8,-56,5.30757330717959,-19.8251679215388
218.051066875458,1029.11538630741,770.382473224217,192.8,-56,5.46710730717959,-19.6656339215388
218.30761384964,1029.43717740453,770.190335821565,192.8,-56,5.57141830717959,-19.5613229215388
218.882192850113,1030.22071293211,769.720572240732,192.8,-56,5.85980630717959,-19.2729349215388
219.062139987946,1030.4701436283,769.570913823018,192.8,-56,5.93957330717959,-19.1931679215388
219.455010890961,1031.01589535539,769.234071303227,192.8,-56,6.11137930717959,-19.0213619215388
220.004500865936,1031.78041826226,768.752628499714,192.8,-57,0.165665307179586,-18.6838906143592
220.391346931458,1032.27743042144,768.454877262624,192.8,-56,0.306795307179586,-18.5427606143592
220.757829904556,1032.74600947262,768.175068629204,192.8,-56,0.441785307179586,-18.4077706143592
221.167963981628,1033.28013726891,767.855674642742,192.8,-56,0.650405307179586,-18.1991506143592
221.46416592598,1033.66784166042,767.623750574308,192.8,-56,0.711765307179586,-18.1377906143592
221.891361951828,1034.21843017637,767.294638427382,192.8,-56,0.932665307179586,-17.9168906143592
222.678066015244,1035.22019302147,766.698220022582,192.8,-55,1.19036530717959,-17.6591906143592
223.164312839508,1035.85804489818,766.323777346808,192.8,-55,1.26399530717959,-17.5855606143592
223.557880878448,1036.40349276729,765.987855897013,192.8,-55,1.36831530717959,-17.4812406143592
223.834134817123,1036.80744457192,765.728316862542,192.8,-55,1.44194530717959,-17.4076106143592
224.485289812088,1037.7106012289,765.167643887497,192.8,-55,1.64442530717959,-17.2051306143592
224.754148006439,1038.05992284888,764.960738004895,192.8,-55,1.72419530717959,-17.1253606143592
225.217868804932,1038.64598635466,764.615785529366,192.8,-54,1.81009530717959,-17.0394606143592
225.529523849487,1039.02890247544,764.391896817931,192.8,-54,1.87145530717959,-16.9781006143592
226.157105922699,1039.84996318321,763.912004122509,192.8,-53,2.04326530717959,-16.8062906143592
226.449808835983,1040.24866948391,763.679020962444,192.8,-53,2.10462530717959,-16.7449306143592
227.068331003189,1041.07280735019,763.198958158887,192.8,-53,2.25188530717959,-16.5976706143592
227.36125087738,1041.45960781844,762.973941190835,192.8,-53,2.35619530717959,-16.4933606143592
227.717648983002,1041.92409486188,762.712747825965,192.8,-53,2.47891530717959,-16.3706406143592
228.247089862823,1042.60843945761,762.336358298313,192.8,-53,2.58322530717959,-16.2663306143592
228.659494876862,1043.13368528537,762.030907128067,192.8,-53,2.68753530717959,-16.1620206143592
229.105181932449,1043.69855031754,761.696462287241,192.8,-53,2.78570530717959,-16.0638506143592
229.470535993576,1044.18344598753,761.4112482545,192.8,-53,2.90842530717959,-15.9411306143592
230.03507900238,1044.93656845714,760.969447009813,192.8,-53,3.03114530717959,-15.8184106143592
230.394483804703,1045.41491337016,760.69146543772,192.8,-53,3.11091530717959,-15.7386406143592
230.814734935761,1045.96841918409,760.369737929259,192.8,-53,3.23363530717959,-15.6159206143592
231.404241800308,1046.70919683189,759.938740025085,192.8,-52,3.35634530717959,-15.4932106143592
231.737793922424,1047.11316351672,759.693198070813,192.8,-52,3.46066530717959,-15.3888906143592
232.039774894714,1047.45626251841,759.468396745749,192.8,-52,3.52201530717959,-15.3275406143592
232.523671865463,1048.01385803241,759.108634516772,192.8,-52,3.64473530717959,-15.2048206143592
232.927438020706,1048.5197178576,758.81084533666,192.8,-52,3.74291530717959,-15.1066406143592
233.401465892792,1049.12625171629,758.454354678567,192.8,-52,3.87790530717959,-14.9716506143592
233.874049901962,1049.77890740088,758.072847764756,192.8,-52,4.00062530717959,-14.8489306143592
234.386956930161,1050.50731966952,757.646364331659,192.8,-52,4.14788530717959,-14.7016706143592
234.712150812149,1050.97911291489,757.369795877479,192.8,-52,4.27673530717959,-14.5728206143592
235.119335889816,1051.51780270757,757.052996402534,192.8,-52,4.40559530717959,-14.4439606143592
235.563737869263,1052.05761288925,756.734508395342,192.8,-52,4.55285530717959,-14.2967006143592
236.004559993744,1052.57502296445,756.420785853899,192.8,-52,4.70011530717959,-14.1494406143592
236.392846822739,1053.0218538155,756.145538049651,192.8,-52,4.78601530717959,-14.0635406143592
236.781829833984,1053.52108235755,755.845362611662,192.8,-52,4.91487530717959,-13.9346806143592
237.189234972,1054.10012665403,755.504369859296,192.8,-52,5.02532530717959,-13.8242306143592
237.624693870544,1054.71415515586,755.145901583784,192.8,-52,5.19099530717959,-13.6585606143592
238.207683801651,1055.529212421,754.674585860899,192.8,-53,5.37506830717959,-13.4744876143592
238.635234832764,1056.12918577509,754.324974722203,192.8,-53,5.58369030717959,-13.2658656143592
239.024503946304,1056.6755875832,754.006402953723,192.8,-53,5.71868030717959,-13.1308756143592
239.351163864136,1057.10813750791,753.753887340617,192.8,-53,5.82912730717959,-13.0204286143592
239.792078018188,1057.69084073293,753.4136996483,192.8,-53,6.00706830717959,-12.8424876143592
240.071806907654,1058.21740235459,753.095316966323,192.8,-54,6.11137930717959,-12.7381766143592
240.49672794342,1059.05382265956,752.587785386206,192.8,-54,0.0674953071795859,-12.4988753071796
240.782557010651,1059.51485282074,752.310928143052,192.8,-54,0.196345307179587,-12.3700253071796
241.142673969269,1059.94288080967,752.059196830749,192.8,-54,0.374295307179586,-12.1920753071796
241.429915904999,1060.28429096863,751.858407093695,192.8,-54,0.490875307179587,-12.0754953071796
241.839083909988,1060.80843793603,751.550118777625,192.8,-55,0.619725307179587,-11.9466453071796
242.138433933258,1061.19782660449,751.321087442629,192.8,-55,0.816075307179586,-11.7502953071796
242.451850891113,1061.60471951163,751.082710170599,192.8,-54,0.901985307179586,-11.6643853071796
242.859709024429,1062.1321458632,750.776205800253,192.8,-54,1.17809530717959,-11.3882753071796
243.095071792603,1062.43650788512,750.599331266759,192.8,-54,1.25786530717959,-11.3085053071796
243.536037921906,1063.0197646566,750.254375500944,192.8,-54,1.42353530717959,-11.1428353071796
243.809835910797,1063.38349649384,750.038538401295,192.8,-54,1.61988530717959,-10.9464853071796
244.135486841202,1063.7757673989,749.81329411624,192.8,-54,1.66897530717959,-10.8973953071796
244.500703811646,1064.17437484372,749.592914597897,192.8,-54,1.81009530717959,-10.7562753071796
244.823665857315,1064.53806102325,749.388813894575,192.8,-54,1.92054530717959,-10.6458253071796
245.178239822388,1064.98985686081,749.121501357357,192.8,-54,2.06166530717959,-10.5047053071796
245.52508187294,1065.43180074322,748.860017893595,192.8,-54,2.21506530717959,-10.3513053071796
246.05156493187,1066.135481809,748.444979144168,192.8,-54,2.42368530717959,-10.1426853071796
246.362182855606,1066.55437010154,748.198055519094,192.8,-54,2.52800530717959,-10.0383653071796
246.605095863342,1066.86716539468,748.013643045588,192.8,-54,2.62003530717959,-9.94633530717959
246.891113996506,1067.22463447168,747.802871184153,192.8,-53,2.68139530717959,-9.88497530717959
247.251880884171,1067.67552548658,747.537015632911,192.8,-53,2.79184530717959,-9.77452530717959
247.552702903748,1068.07455193841,747.301395490581,192.8,-53,2.85320530717959,-9.71316530717959
247.759656906128,1068.35234981016,747.137313009324,192.8,-54,2.93297530717959,-9.63339530717959
248.05219578743,1068.74502971823,746.905374970165,192.8,-54,3.00046530717959,-9.56590530717959
248.381285905838,1069.1721501248,746.643560206019,192.8,-54,3.12318530717959,-9.44318530717959
248.554472923279,1069.39559958768,746.505696103448,192.8,-54,3.16613530717959,-9.40023530717959
248.932310819626,1069.88491196494,746.204167528458,192.8,-54,3.33794530717959,-9.22842530717959
249.233063936234,1070.32683035462,745.942415866881,192.8,-54,3.42998530717959,-9.13638530717959
249.465266942978,1070.66802309096,745.740324784587,192.8,-54,3.48520530717959,-9.08116530717959
249.884524822235,1071.25792749337,745.39005064284,192.8,-54,3.62019530717959,-8.94617530717959
250.267293930054,1071.76011740547,745.090596658219,192.8,-54,3.71223530717959,-8.85413530717959
250.391362905502,1071.92289487785,744.993533054321,192.8,-54,3.75518530717959,-8.81118530717959
250.682110786438,1072.30533576596,744.766571317316,192.8,-54,3.82881530717959,-8.73755530717959
250.947803020477,1072.65577873048,744.55965760174,192.8,-54,3.91471530717959,-8.65165530717959
251.215875864029,1073.00936167333,744.350889933748,192.8,-54,4.00062530717959,-8.56574530717959
251.424726009369,1073.28406664982,744.188679443926,192.8,-54,4.08652530717959,-8.47984530717959
251.680614948273,1073.60418449159,743.999326720538,192.8,-54,4.14788530717959,-8.41848530717959
251.98069691658,1073.97958794772,743.777272034695,192.8,-54,4.22765530717959,-8.33871530717959
252.219732999802,1074.27862281572,743.600390089192,192.8,-54,4.30741530717959,-8.25895530717959
252.361521959305,1074.47558204813,743.493537776462,192.8,-54,4.35036530717959,-8.21600530717959
252.663071870804,1074.91144563897,743.264614638315,192.8,-55,4.42400530717959,-8.14236530717959
252.819214820862,1075.13713639298,743.146077929254,192.8,-55,4.47308530717959,-8.09328530717959
253.09671998024,1075.53354401904,742.934530260506,192.8,-55,4.57739530717959,-7.98897530717959
253.376338005066,1075.90508407813,742.71616284842,192.8,-55,4.63875530717959,-7.92761530717959
253.568415880203,1076.16030591199,742.566159827196,192.8,-56,4.69398530717959,-7.87238530717959
253.796262979507,1076.46305579656,742.388222866741,192.8,-56,4.84737530717959,-7.71899530717959
254.034837961197,1076.773536913,742.205371935735,192.8,-56,4.91487530717959,-7.65149530717959
254.325784921646,1077.14962498897,741.983735564755,192.8,-56,5.00691530717959,-7.55945530717959
254.545464992523,1077.43359102544,741.81638858986,192.8,-56,5.14190530717959,-7.42446530717959
254.71839094162,1077.65280623918,741.68751057725,192.8,-56,5.17258530717959,-7.39378530717959
254.991190910339,1077.98797220203,741.491245124004,192.8,-56,5.24621530717959,-7.32015530717959
255.141196966171,1078.17227179844,741.383323533413,192.8,-57,5.28302530717959,-7.28334530717959
255.369947910309,1078.45331849652,741.218749072711,192.8,-57,5.36279730717959,-7.20357330717959
255.600471973419,1078.73167158865,741.056005218664,192.8,-57,5.42415630717959,-7.14221430717959
255.868432998657,1079.04821695589,740.871302533506,192.8,-57,5.52846630717959,-7.03790430717959
256.011509895325,1079.2172353001,740.772681150135,192.8,-58,5.63891330717959,-6.92745730717959
256.185199975967,1079.42241734221,740.652958424595,192.8,-58,5.74936030717959,-6.81701030717959
256.435719966888,1079.73073568561,740.470932825282,192.8,-58,5.85980630717959,-6.70656430717959
256.637605905533,1080.00689348664,740.303333608108,192.8,-58,6.00706830717959,-6.55930230717959
256.832892894745,1080.27402464928,740.141212626646,192.8,-59,6.09910730717959,-6.46726330717959
257.014649868011,1080.52264823542,739.990323829536,192.8,-59,6.23409790717959,-6.33227270717959
257.268357992172,1080.86841737401,739.782484170898,192.8,-59,0.0736353071795861,-6.20955
257.420386791229,1081.072569424,739.664572052308,192.8,-59,0.122715307179586,-6.16047
257.727486848831,1081.48495909424,739.426388111926,192.8,-59,0.257705307179586,-6.02548
257.933136940002,1081.76111655883,739.266887819293,192.8,-59,0.423375307179586,-5.85981
258.247095823288,1082.18129053338,739.023874603984,192.8,-59,0.570645307179587,-5.71254
258.313272953033,1082.26975131449,738.9726875889,192.8,-59,0.613595307179586,-5.66959
258.55254483223,1082.58959258609,738.787614387075,192.8,-60,0.736315307179586,-5.54687
258.836910963058,1082.96866308818,738.568044622024,192.8,-59,0.920385307179586,-5.3628
259.002823829651,1083.18710456101,738.440932488786,192.8,-59,1.04924530717959,-5.23394
259.242420911789,1083.50255893524,738.257368086254,192.8,-59,1.17196530717959,-5.11122
259.412967920303,1083.72710173588,738.12670556131,192.8,-59,1.23332530717959,-5.04986
259.563574790955,1083.92539127978,738.01131993148,192.8,-59,1.29467530717959,-4.98851
259.764351844788,1084.18892915771,737.858730811512,192.8,-59,1.41739530717959,-4.86579
260.001269817352,1084.49980761326,737.678824297882,192.8,-59,1.42353530717959,-4.85965
260.087771892548,1084.61331369829,737.613137906083,192.8,-59,1.51557530717959,-4.76761
260.287465810776,1084.87534758373,737.461497926082,192.8,-60,1.56466530717959,-4.71852
