30.2861008644104,815.976867991571,929.723473299987,152.8,-65,2.76730530717959,2.76730530717959
30.9396679401398,816.419977056967,928.987649770452,152.8,-64,2.65071530717959,2.65071530717959
31.4443039894104,816.744341664909,928.491557577927,152.8,-63,2.65071530717959,2.65071530717959
32.0694050788879,817.237632119176,927.524287153085,152.8,-63,2.47277530717959,2.47277530717959
32.4518029689789,817.522336033848,926.971177222256,152.8,-62,2.50959530717959,2.50959530717959
32.9703099727631,817.892876958595,926.249585302425,152.8,-62,2.30710530717959,2.30710530717959
33.2784979343414,818.093029575882,925.857483043969,152.8,-61,2.28869530717959,2.28869530717959
33.5666930675507,818.280090451564,925.490956367475,152.8,-61,2.26415530717959,2.26415530717959
34.385978937149,818.872510855947,924.372277254739,152.8,-61,2.12302530717959,2.12302530717959
34.8135750293732,819.383436139816,923.532333179944,152.8,-60,2.08621530717959,2.08621530717959
35.1601068973541,819.685146734573,922.996165696677,152.8,-59,2.03099530717959,2.03099530717959
35.975772857666,820.219320049844,921.948774095569,152.8,-59,1.91440530717959,1.91440530717959
36.2685930728912,820.419502624132,921.555270043288,152.8,-58,1.88372530717959,1.88372530717959
37.2975280284882,821.056095938637,920.304181489505,152.8,-58,1.78555530717959,1.78555530717959
37.8530900478363,821.510444614022,919.405103898962,152.8,-58,1.77328530717959,1.77328530717959
38.297110080719,821.965218085051,918.672922167238,152.8,-57,1.73033530717959,1.73033530717959
38.7534539699554,822.417517777911,917.930159808297,152.8,-57,1.71805530717959,1.71805530717959
39.4603278636932,822.925089466277,916.882113172657,152.8,-56,1.65056530717959,1.65056530717959
39.9866020679474,823.220955766323,916.292483887494,152.8,-56,1.61374530717959,1.61374530717959
40.5953969955444,823.649172086145,915.462866129139,152.8,-55,1.66283530717959,1.66283530717959
41.2060859203339,824.070690518564,914.653681718238,152.8,-56,1.64442530717959,1.64442530717959
41.7248618602753,824.364889408123,914.089723799526,152.8,-55,1.66897530717959,1.66897530717959
42.2260489463806,824.523235835258,913.784389127794,152.8,-55,1.66897530717959,1.66897530717959
42.7201180458069,824.805712038622,913.261219879828,152.8,-55,1.66897530717959,1.66897530717959
43.1980080604553,825.134079245802,912.665180235285,152.8,-54,1.69965530717959,1.69965530717959
43.8353440761566,825.606928956516,911.841095038015,152.8,-54,1.74873530717959,1.74873530717959
44.4412178993225,826.024549550385,911.127686164429,152.8,-54,1.74260530717959,1.74260530717959
45.0408320426941,826.462346850414,910.395879926003,152.8,-54,1.67510530717959,1.67510530717959
45.5848200321198,826.822802244276,909.751882598538,152.8,-54,1.66283530717959,1.66283530717959
46.3031959533691,827.239665975261,908.959673949682,152.8,-53,1.71805530717959,1.71805530717959
46.6289210319519,827.465595159896,908.604402406558,152.8,-53,1.70578530717959,1.70578530717959
47.0013790130615,827.74109219177,908.177234760964,152.8,-53,1.65056530717959,1.65056530717959
47.7285389900208,828.34311018847,907.269487712474,152.8,-53,1.68124530717959,1.68124530717959
48.1351959705353,828.568539743203,906.925576577811,152.8,-53,1.73033530717959,1.73033530717959
48.6407370567322,828.88902415017,906.446101201478,152.8,-53,1.68737530717959,1.68737530717959
49.2530949115753,829.35874079383,905.763459032418,152.8,-52,1.71192530717959,1.71192530717959
49.7199020385742,829.988486652466,905.086798009528,152.8,-53,1.73033530717959,1.73033530717959
50.2648720741272,830.596261470522,904.377185661743,152.8,-53,1.73033530717959,1.73033530717959
51.0732388496399,831.253226468064,903.495749712471,152.8,-53,1.74873530717959,1.74873530717959
51.4686679840088,831.562914903723,903.090240612509,152.8,-53,1.76100530717959,1.76100530717959
52.0113730430603,832.024714513737,902.497451985428,152.8,-53,1.77941530717959,1.77941530717959
52.556823015213,832.51104410893,901.881194863838,152.8,-53,1.79782530717959,1.79782530717959
53.1605188846588,833.069891309598,901.182635863003,152.8,-53,1.81009530717959,1.81009530717959
53.5093450546265,833.517750872612,900.810671329835,152.8,-53,1.81623530717959,1.81623530717959
54.1402969360352,834.326224751739,900.157833749074,152.8,-53,1.79782530717959,1.79782530717959
54.9701550006866,834.983112081945,899.371288625665,152.8,-53,1.82850530717959,1.82850530717959
55.3616719245911,835.26937672208,899.04084166165,152.8,-53,1.87145530717959,1.87145530717959
55.6827499866486,835.504138721571,898.769846298893,152.8,-53,1.88372530717959,1.88372530717959
56.3785998821259,836.08381155181,898.111792108598,152.8,-53,1.88986530717959,1.88986530717959
56.7010989189148,836.364978250744,897.798329949853,152.8,-52,1.91440530717959,1.91440530717959
57.3209409713745,836.924245988463,897.183510785837,152.8,-53,1.95735530717959,1.95735530717959
57.9900860786438,837.893042466894,896.305011174171,152.8,-52,1.92667530717959,1.92667530717959
58.3768198490143,838.388895784936,895.829647169064,152.8,-52,1.93895530717959,1.93895530717959
58.7379870414734,838.76759313097,895.429297844726,152.8,-52,1.87759530717959,1.87759530717959
59.3525550365448,839.344022308874,894.828698242438,152.8,-52,1.87145530717959,1.87145530717959
59.8508229255676,839.753381497403,894.410554521967,152.8,-52,1.84691530717959,1.84691530717959
60.2018258571625,840.060763581271,894.103287269651,152.8,-53,1.85304530717959,1.85304530717959
60.5700628757477,840.386792287884,893.778557482188,152.8,-53,1.84077530717959,1.84077530717959
61.1063809394836,840.875917413091,893.303369387922,152.8,-53,1.88372530717959,1.88372530717959
61.7113320827484,841.4604122046,892.748152279382,152.8,-53,1.86532530717959,1.86532530717959
62.2558238506317,842.200242377469,892.091244248305,152.8,-53,1.87145530717959,1.87145530717959
62.5033760070801,842.536604771727,891.792582249587,152.8,-53,1.85304530717959,1.85304530717959
63.1556940078735,843.189520381905,891.198701655695,152.8,-53,1.81623530717959,1.81623530717959
63.5390520095825,843.555035670658,890.866665403109,152.8,-53,1.82850530717959,1.82850530717959
64.0366048812866,844.031785317488,890.447964191293,152.8,-53,1.84691530717959,1.84691530717959
64.6599199771881,844.630121661872,889.931352136472,152.8,-53,1.81009530717959,1.81009530717959
64.8904809951782,844.852030933905,889.744559819946,152.8,-53,1.82850530717959,1.82850530717959
65.5690670013428,845.52317485346,889.185170702156,152.8,-53,1.79782530717959,1.79782530717959
66.1040370464325,846.078920620348,888.729944439882,152.8,-53,1.82236530717959,1.82236530717959
66.3756718635559,846.316526586195,888.555689627825,152.8,-53,1.78555530717959,1.78555530717959
67.0360460281372,846.750026471071,888.316014210706,152.8,-54,1.77328530717959,1.77328530717959
67.52952003479,847.171871395894,888.01354446986,152.8,-54,1.76100530717959,1.76100530717959
67.7679159641266,847.401337887126,887.835070532235,152.8,-54,1.76100530717959,1.76100530717959
68.410502910614,848.060872011359,887.328498004648,152.8,-54,1.73646530717959,1.73646530717959
68.8234210014343,848.519873895887,886.981098281259,152.8,-54,1.70578530717959,1.70578530717959
69.2354588508606,848.98614556435,886.631420591879,152.8,-54,1.70578530717959,1.70578530717959
69.8537590503693,849.707623485097,886.098721384933,152.8,-54,1.65056530717959,1.65056530717959
70.3561170101166,850.302426178012,885.669597128232,152.8,-55,1.62601530717959,1.62601530717959
70.9101660251617,850.969516715105,885.194988281257,152.8,-55,1.61988530717959,1.61988530717959
71.3333208560944,851.616753898414,884.782237450376,152.8,-55,1.60147530717959,1.60147530717959
71.8725159168243,852.426454298888,884.262728905232,152.8,-55,1.58920530717959,1.58920530717959
72.5494689941406,853.289932124347,883.675996882381,152.8,-55,1.55852530717959,1.55852530717959
72.9396040439606,853.732923523263,883.382198911392,152.8,-55,1.59533530717959,1.59533530717959
73.4193530082703,854.240229846497,883.051299322588,152.8,-55,1.54011530717959,1.54011530717959
73.9304249286652,854.845245629334,882.666070616906,152.8,-56,1.58920530717959,1.58920530717959
74.4483778476715,855.483758407299,882.262996893084,152.8,-56,1.51557530717959,1.51557530717959
74.9960939884186,856.148309101688,881.845076931206,152.8,-56,1.48489530717959,1.48489530717959
75.4257600307465,856.342788768715,881.388431678499,152.8,-56,1.50330530717959,1.50330530717959
75.8747689723969,855.967988517047,880.683438045061,152.8,-56,1.46034530717959,1.46034530717959
76.2101380825043,855.838131397195,880.209211964205,152.8,-56,1.47875530717959,1.47875530717959
76.8745579719543,856.745040834171,879.67568848886,152.8,-56,1.41739530717959,1.41739530717959
77.2182319164276,857.149832391553,879.439839535335,152.8,-56,1.43580530717959,1.43580530717959
78.4053900241852,858.432867253343,878.711293422196,152.8,-56,1.37444530717959,1.37444530717959
78.9453210830688,859.013890343682,878.391649926005,152.8,-56,1.34990530717959,1.34990530717959
79.1937539577484,859.28587242378,878.24295812823,152.8,-57,1.34990530717959,1.34990530717959
79.9154150485992,860.322238396095,877.722415940775,152.8,-57,1.33763530717959,1.33763530717959
80.2454328536987,860.856686512497,877.462598092426,152.8,-57,1.35603530717959,1.35603530717959
80.8697009086609,861.726472347623,877.017783128655,152.8,-57,1.34990530717959,1.34990530717959
81.3550119400024,862.394590370748,876.682401752807,152.8,-58,1.28240530717959,1.28240530717959
81.8568320274353,863.080358219238,876.343554624592,152.8,-58,1.24559530717959,1.24559530717959
82.2788519859314,863.55435286063,876.116311364926,152.8,-58,1.20877530717959,1.20877530717959
82.7732119560242,864.142046074315,875.83642098104,152.8,-58,1.20877530717959,1.20877530717959
83.3363149166107,864.919436863754,875.472041731462,152.8,-58,1.18423530717959,1.18423530717959
83.8334209918976,865.648215987202,875.113244531121,152.8,-58,1.21491530717959,1.21491530717959
84.2707889080048,866.289503443775,874.801291171592,152.8,-59,1.15968530717959,1.15968530717959
84.6686089038849,866.836974169827,874.566306005147,152.8,-59,1.11060530717959,1.11060530717959
85.1498439311981,867.519048987672,874.27452423757,152.8,-59,1.11060530717959,1.11060530717959
85.6857089996338,868.326987594464,873.931221702352,152.8,-59,1.07992530717959,1.07992530717959
86.1974160671234,868.972169835592,873.660922710811,152.8,-59,1.04924530717959,1.04924530717959
86.737076997757,869.675944216133,873.371376235183,152.8,-60,1.05537530717959,1.05537530717959
87.2734429836273,870.440861267396,873.063266039403,152.8,-60,0.994015307179586,0.994015307179586
87.6732769012451,871.040947995996,872.736069063058,152.8,-60,0.963335307179586,0.963335307179586
88.1916420459747,871.781003124157,872.342918750312,152.8,-61,0.883575307179586,0.883575307179586
88.7087099552155,872.365833002739,872.126621245159,152.8,-61,0.834485307179587,0.834485307179587
89.1534368991852,872.915370872506,871.931446399279,152.8,-61,0.766995307179586,0.766995307179586
89.61785197258,873.510989861544,871.723261925205,152.8,-60,0.760855307179586,0.760855307179586
90.1455399990082,874.236968738093,871.47588093339,152.8,-60,0.625865307179586,0.625865307179586
90.6950769424438,875.000043530136,871.218675951215,152.8,-61,0.576775307179586,0.576775307179586
91.174192905426,875.611012156966,871.032596523186,152.8,-61,0.533825307179586,0.533825307179586
91.5833840370178,875.93440791639,871.004989568113,152.8,-60,0.576775307179586,0.576775307179586
92.163430929184,876.575523024524,870.844369785541,152.8,-61,0.478605307179587,0.478605307179587
92.5742900371552,877.113339034651,870.676559830803,152.8,-60,0.380425307179586,0.380425307179586
93.070522069931,877.796974279902,870.467634552757,152.8,-60,0.447925307179586,0.447925307179586
94.115828037262,879.244389086951,870.043538942913,152.8,-60,0.319065307179586,0.319065307179586
94.6370840072632,880.011186699112,869.829381784128,152.8,-60,0.257705307179586,0.257705307179586
95.0660700798035,880.668055321762,869.679137312715,152.8,-60,0.239305307179587,0.239305307179587
95.6521739959717,881.506161007878,869.491901520582,152.8,-60,0.202485307179586,0.202485307179586
96.1452538967133,882.059935163495,869.343095949932,152.8,-60,0.208625307179586,0.208625307179586
96.2903120517731,882.257331380933,869.291881852305,152.8,-60,0.233165307179586,0.233165307179586
97.0978078842163,883.471826289361,868.983085210501,152.8,-59,0.171805307179587,0.171805307179587
97.9035420417786,884.56935345155,868.708687344819,152.8,-59,0.165665307179586,0.165665307179586
98.151871919632,884.918116813748,868.624833543309,152.8,-59,0.159535307179587,0.159535307179587
98.9475388526917,886.21800472484,868.33046128105,152.8,-59,0.0981753071795861,0.0981753071795861
99.3780388832092,886.849762583087,868.189969615401,152.8,-59,0.0613553071795865,0.0613553071795865
99.6941289901733,887.284086677153,868.093259536281,152.8,-59,0.0797653071795859,0.0797653071795859
100.100713014603,887.822173057124,867.979735692365,152.8,-59,0.0368153071795865,0.0368153071795865
100.654489994049,888.56238740425,867.829263852757,152.8,-59,0.0429553071795858,0.0429553071795858
101.097851991653,889.191156055401,867.708322450572,152.8,-59,0.0368153071795865,0.0368153071795865
101.788519859314,890.113423946256,867.537335825976,152.8,-59,0.0245453071795865,0.0245453071795865
102.226983070374,890.832158383662,867.463921537921,152.8,-59,0.00613530717958621,0.00613530717958621
103.304136991501,892.540734217781,867.255275185319,152.8,-59,6.28318530717959,0
104.015296936035,893.551820482375,867.107126663372,152.8,-59,6.20955420717959,-0.0736311000000001
104.412211894989,894.039392191942,867.034306277848,152.8,-59,6.21569010717959,-0.0674951999999998
104.844006061554,894.572736458115,866.957420859855,152.8,-59,6.22182610717959,-0.0613592000000001
105.035120010376,894.817688116066,866.925138213605,152.8,-59,6.24636980717959,-0.0368155000000003
105.737434864044,895.989080328259,866.728111782358,152.8,-59,6.24636980717959,-0.0368155000000003
106.168184995651,896.826787020269,866.577987236765,152.8,-59,6.20341830717959,-0.0797670000000004
106.649070978165,897.493517793542,866.514881031887,152.8,-59,6.22182610717959,-0.0613592000000001
106.995173931122,897.976112610255,866.473830335282,152.8,-59,6.22796200717959,-0.0552232999999998
107.346381902695,898.467800852792,866.435327763908,152.8,-59,6.24636980717959,-0.0368155000000003
107.618226051331,898.839777908607,866.407633241364,152.8,-59,6.22182610717959,-0.0613592000000001
108.289474964142,899.715332042204,866.346382298217,152.8,-59,6.22182610717959,-0.0613592000000001
108.803787946701,900.296164415615,866.309667230366,152.8,-60,6.22182610717959,-0.0613592000000001
109.013043880463,900.604713344108,866.273051722671,152.8,-60,6.20341830717959,-0.0797670000000004
109.554728984833,901.482943808617,866.154784853042,152.8,-59,6.17887430717959,-0.104311
110.017122983933,901.98649427721,866.144885433607,152.8,-60,6.19114650717959,-0.0920388000000001
110.160301923752,902.14241719658,866.141820107538,152.8,-60,6.15433130717959,-0.128854
110.830942869186,903.025815877916,866.134984254474,152.8,-60,6.08070030717959,-0.202485
111.295214891434,903.69501233558,866.12676038964,152.8,-60,6.09297130717959,-0.190214
111.697715044022,904.28458163773,866.118242005812,152.8,-60,6.10524330717959,-0.177942
111.989143848419,904.70328235776,866.111524881961,152.8,-60,6.07456430717959,-0.208621
112.485774040222,905.403573637036,866.069534728412,152.8,-60,6.07456430717959,-0.208621
112.862197875977,905.921074281034,866.00701787209,152.8,-60,6.06229230717959,-0.220893
113.564754962921,907.004037947453,865.972284233238,152.8,-60,6.03774830717959,-0.245437
113.818903923035,907.390071308722,865.963436121312,152.8,-60,6.05002030717959,-0.233165
114.285963058472,908.096803393903,865.947434640138,152.8,-60,6.07456430717959,-0.208621
114.665596961975,908.60191643708,865.936527662994,152.8,-60,6.06229230717959,-0.220893
115.012446880341,909.066158953158,865.926460946404,152.8,-61,6.09910730717959,-0.184078
115.270518064499,909.505928915358,865.915762806577,152.8,-61,6.09910730717959,-0.184078
115.430083990097,909.777839556205,865.909148125479,152.8,-61,6.06842830717959,-0.214757
116.097424983978,910.096803551741,865.960920053361,152.8,-61,6.10524330717959,-0.177942
116.434674978256,910.189349016646,865.99076915736,152.8,-61,6.17273830717959,-0.110447
116.750911951065,910.757653453518,865.963617874544,152.8,-61,6.12365130717959,-0.159534
117.388221979141,911.806621767556,865.906402222841,152.8,-62,6.27704938717959,-0.00613592000000018
117.760848999023,912.381577530899,865.871156814324,152.8,-62,6.20955420717959,-0.0736311000000001
118.13423705101,913.001626521631,865.829038267232,152.8,-62,0.0490853071795865,0.0490853071795865
118.381706953049,913.412575565605,865.801123413858,152.8,-62,0.0245453071795865,0.0245453071795865
118.841253042221,914.179427471525,865.741631344119,152.8,-63,0.0920353071795859,0.0920353071795859
119.198276042938,914.734640398074,865.7168057374,152.8,-62,0.263845307179587,0.263845307179587
119.6153819561,915.188816325458,865.792693360709,152.8,-62,0.263845307179587,0.263845307179587
119.98602604866,915.662864659372,865.814040263888,152.8,-63,0.435655307179586,0.435655307179586
120.284759998322,916.146877214949,865.76457290138,152.8,-63,0.521555307179586,0.521555307179586
120.702353954315,916.851834255496,865.692325885464,152.8,-63,0.521555307179586,0.521555307179586
121.337656021118,918.003400136393,865.571972376859,152.8,-64,0.711765307179586,0.711765307179586
121.501703977585,918.301792987158,865.538505570852,152.8,-63,0.693355307179586,0.693355307179586
122.148223876953,919.477677363762,865.404723762009,152.8,-64,0.994015307179586,0.994015307179586
122.586950063705,920.275502179735,865.311414580235,152.8,-64,1.05537530717959,1.05537530717959
122.993896961212,921.359950648278,865.188550468538,152.8,-64,1.24559530717959,1.24559530717959
123.256756067276,922.087580807997,865.106326007765,152.8,-64,1.34990530717959,1.34990530717959
123.724082946777,922.911216083608,864.992744060435,152.8,-64,1.47262530717959,1.47262530717959
124.182551860809,923.642240132176,864.884633733172,152.8,-64,1.62601530717959,1.62601530717959
124.688035011292,924.471984722124,864.759231528143,152.8,-63,1.58920530717959,1.58920530717959
125.288402080536,925.523126257175,864.59224132452,152.8,-64,1.84691530717959,1.84691530717959
125.580528020859,926.013740930382,864.511495615224,152.8,-63,1.85304530717959,1.85304530717959
125.926539897919,926.5529929285,864.418627288241,152.8,-63,1.93281530717959,1.93281530717959
126.542577981949,926.958829140749,864.023794947407,152.8,-63,1.97576530717959,1.97576530717959
127.128392934799,927.505433618767,863.671119851281,152.8,-63,2.00031530717959,2.00031530717959
127.651043891907,928.439897995366,863.494742358245,152.8,-63,2.08007530717959,2.08007530717959
128.154870033264,929.329449317905,863.316400621794,152.8,-63,2.07394530717959,2.07394530717959
128.648427009583,930.112076032886,863.152300430678,152.8,-62,2.12916530717959,2.12916530717959
129.694275856018,931.728892283263,862.80192755406,152.8,-63,2.25188530717959,2.25188530717959
130.401340961456,932.529332967416,862.497687282839,152.8,-62,2.12302530717959,2.12302530717959
130.933438062668,933.351045621384,862.289051335496,152.8,-62,2.24574530717959,2.24574530717959
131.439826965332,934.166106939499,862.082394676241,152.8,-63,2.19052530717959,2.19052530717959
131.886860847473,934.901148687823,861.891394724874,152.8,-62,2.24574530717959,2.24574530717959
132.373046875,935.761452422098,861.657688858561,152.8,-63,2.27029530717959,2.27029530717959
133.162473917007,937.101205803174,861.287131716529,152.8,-63,2.41755530717959,2.41755530717959
133.743417978287,938.036400881292,861.020031147637,152.8,-63,2.40528530717959,2.40528530717959
134.169153928757,938.713365081173,860.82078801523,152.8,-64,2.55254530717959,2.55254530717959
134.649318933487,939.483863134896,860.575599584105,152.8,-64,2.77343530717959,2.77343530717959
