22.9048938751221,811.395146972596,939.910234176262,152.8,-64,2.69366530717959,2.69366530717959
23.8500258922577,811.672981990432,938.846847392882,152.8,-63,2.35619530717959,2.35619530717959
24.1059510707855,811.634883868156,938.641540845065,152.8,-63,2.33778530717959,2.33778530717959
24.7303018569946,812.066276219508,937.74622372231,152.8,-63,2.18438530717959,2.18438530717959
25.0338439941406,812.288481466716,937.300628517307,152.8,-62,2.11075530717959,2.11075530717959
25.6154959201813,812.719111000297,936.441849295572,152.8,-62,1.98190530717959,1.98190530717959
25.9424290657043,812.964461862845,935.955184421962,152.8,-62,1.81009530717959,1.81009530717959
26.6107668876648,813.430920056137,935.028530197583,152.8,-62,1.73646530717959,1.73646530717959
26.8055620193481,813.557743200923,934.776191363112,152.8,-62,1.60147530717959,1.60147530717959
27.5604889392853,814.023427021345,933.722769557436,152.8,-61,1.32535530717959,1.32535530717959
28.1370930671692,814.358912354094,932.992808013002,152.8,-61,1.22718530717959,1.22718530717959
28.6137599945068,814.654057481042,932.384058332335,152.8,-61,1.04310530717959,1.04310530717959
28.8397068977356,814.830758476191,932.024852294751,152.8,-61,1.04924530717959,1.04924530717959
29.5903589725494,815.42458992913,930.82451382107,152.8,-61,0.895845307179586,0.895845307179586
29.8385229110718,815.623029822327,930.425507892964,152.8,-61,0.846755307179587,0.846755307179587
30.3545770645142,816.030894788462,929.616534705765,152.8,-61,0.681085307179586,0.681085307179586
30.8756680488586,816.382402415879,929.036867258074,152.8,-60,0.576775307179586,0.576775307179586
31.5485529899597,816.826706710855,928.330022083096,152.8,-60,0.411105307179586,0.411105307179586
31.9693288803101,817.15915330851,927.678023106582,152.8,-60,0.362015307179586,0.362015307179586
32.5075459480286,817.563837947855,926.890549174651,152.8,-59,0.294525307179586,0.294525307179586
32.9132869243622,817.855843349869,926.322134749028,152.8,-59,0.227025307179586,0.227025307179586
33.3116979598999,818.114591326625,925.815243220793,152.8,-59,0.220895307179586,0.220895307179586
33.7133829593658,818.373389668413,925.306873867716,152.8,-59,0.220895307179586,0.220895307179586
34.4572870731354,818.957715398934,924.2322038364,152.8,-59,0.0184053071795862,0.0184053071795862
34.7994558811188,819.366565476213,923.560067986537,152.8,-58,0.0736353071795861,0.0736353071795861
35.4503810405731,819.869956666993,922.634418900706,152.8,-58,0.0122753071795865,0.0122753071795865
36.0131728649139,820.244888058267,921.898514401592,152.8,-58,6.15433130717959,-0.128854
36.4280440807343,820.523766452835,921.350413228483,152.8,-58,6.16660230717959,-0.116583
36.9451749324799,820.820476894129,920.768327351518,152.8,-58,6.14819530717959,-0.13499
37.7049100399017,821.389260321398,919.644906692999,152.8,-58,6.12978730717959,-0.153398
38.382884979248,822.055738222457,918.531084426681,152.8,-57,6.13592330717959,-0.147262
38.7058379650116,822.382471201553,918.00274691214,152.8,-58,6.09910730717959,-0.184078
39.2595870494843,822.790044444941,917.158597085946,152.8,-57,6.09297130717959,-0.190214
39.6870579719543,823.052554954226,916.628088349517,152.8,-58,6.17273830717959,-0.110447
40.4052119255066,823.506520543046,915.737273982027,152.8,-57,6.13592330717959,-0.147262
41.2700428962708,824.111304687497,914.575889286203,152.8,-58,6.17273830717959,-0.110447
41.6511809825897,824.341610468875,914.134611880693,152.8,-58,6.20341830717959,-0.0797670000000004
42.4448959827423,824.620931123341,913.600868406482,152.8,-58,6.28318530717959,0
43.4991099834442,825.357471543857,912.275850852523,152.8,-59,0.159535307179587,0.159535307179587
43.5904150009155,825.425212186209,912.157792071157,152.8,-59,0.153395307179586,0.153395307179586
44.704164981842,826.211886068155,910.811722957898,152.8,-60,0.153395307179586,0.153395307179586
45.1705708503723,826.558865004516,910.235629680544,152.8,-60,0.0674953071795859,0.0674953071795859
45.4060928821564,826.726140514357,909.949729636871,152.8,-60,0.0674953071795859,0.0674953071795859
46.1004810333252,827.101689276486,909.181057170543,152.8,-61,0.0981753071795861,0.0981753071795861
47.265851020813,827.966523738781,907.837552732487,152.8,-62,0.0981753071795861,0.0981753071795861
47.4865238666534,828.154621607604,907.554125384004,152.8,-62,0.0859053071795861,0.0859053071795861
48.4113118648529,828.721604085125,906.692064465483,152.8,-63,0.0859053071795861,0.0859053071795861
48.9067080020905,829.091001362968,906.150775967634,152.8,-64,0.282255307179586,0.282255307179586
49.3389949798584,829.47462422647,905.638942450068,152.8,-65,0.460195307179586,0.460195307179586
