1.07766604423523,1104.69894195082,776.571095993943,152.8,-55,0.441785307179586,0.441785307179586
1.70402407646179,1105.35837502971,775.377801167698,152.8,-55,0.349745307179586,0.349745307179586
1.88115406036377,1105.46302233452,775.087928133391,152.8,-55,0.349745307179586,0.349745307179586
2.18824005126953,1105.64444684878,774.585382228874,152.8,-56,0.306795307179586,0.306795307179586
2.56272220611572,1105.83087040341,774.073813320409,152.8,-56,0.294525307179586,0.294525307179586
3.00125408172607,1106.0119777914,773.582949848146,152.8,-57,0.196345307179587,0.196345307179587
3.11846518516541,1106.10327586301,773.468472030081,152.8,-57,0.122715307179586,0.122715307179586
3.48724818229675,1106.57604397485,773.180608779756,152.8,-57,0.153395307179586,0.153395307179586
4.07172298431396,1107.05572640331,772.6676174488,152.8,-58,0.0490853071795865,0.0490853071795865
4.33543610572815,1107.15726181035,772.411965798939,152.8,-57,6.28318530717959,0
4.68081212043762,1106.99201196912,771.980171822486,152.8,-58,6.25864160717959,-0.0245436999999997
5.08175110816956,1106.49094441618,771.37835770837,152.8,-58,6.16660230717959,-0.116583
5.50071907043457,1106.83035888398,771.259149977971,152.8,-58,6.12978730717959,-0.153398
5.84129309654236,1107.57958119275,771.441772915732,152.8,-57,6.10524330717959,-0.177942
6.06485915184021,1107.94041302868,771.343786905941,152.8,-58,6.03161230717959,-0.251573
6.29608702659607,1108.1009696699,770.888762552536,152.8,-58,6.02547630717959,-0.257709
6.70777106285095,1108.38289917702,770.088375700387,152.8,-57,5.92730130717959,-0.355884
7.21241021156311,1108.69591488773,769.188082894343,152.8,-58,5.82912730717959,-0.454058
7.53780913352966,1108.89907428688,768.605964879788,152.8,-58,5.76776730717959,-0.515418
7.83166408538818,1109.08323194784,768.079441385493,152.8,-58,5.70640830717959,-0.576777
8.28015613555908,1109.26078282284,767.439725787273,152.8,-58,5.59596230717959,-0.687223
8.54984402656555,1109.31640769929,767.136013961873,152.8,-58,5.60823330717959,-0.674952
9.02812004089355,1109.49215438505,766.522094193625,152.8,-58,5.50392330717959,-0.779262
9.31061315536499,1109.63201598267,766.12426564929,152.8,-58,5.41802030717959,-0.865165
9.50870800018311,1109.72868911169,765.849137928819,152.8,-58,5.39347630717959,-0.889709
9.95631814002991,1109.91948949578,765.303202636267,152.8,-58,5.30757330717959,-0.975612
10.2540500164032,1110.05077565131,764.927406684406,152.8,-58,5.28302530717959,-1.00016
10.7789521217346,1110.33418459694,764.114470498265,152.8,-58,5.15417530717959,-1.12901
11.0242531299591,1110.4743914202,763.716554275942,152.8,-58,5.16031530717959,-1.12287
11.4344840049744,1110.72624634237,763.010774784763,152.8,-58,5.10508530717959,-1.1781
11.8225409984589,1110.82802094583,762.82736331212,152.8,-58,5.00077530717959,-1.28241
12.22958111763,1110.80397429907,763.099090420533,152.8,-58,4.98236530717959,-1.30082
12.5217661857605,1111.08192357549,762.191867197314,152.8,-58,4.93941530717959,-1.34377
12.9315230846405,1111.59554796798,760.457217544511,152.8,-58,4.85351530717959,-1.42967
13.18612408638,1111.77012444252,759.912699103939,152.8,-58,4.86578530717959,-1.4174
13.5623199939728,1111.95121157918,759.391685542193,152.8,-58,4.79829530717959,-1.48489
13.9392161369324,1112.13555362884,758.858014862777,152.8,-58,4.76147530717959,-1.52171
14.1118531227112,1112.22101733941,758.609457904536,152.8,-58,4.80442530717959,-1.47876
14.6884450912476,1112.49999507856,757.799014272173,152.8,-58,4.78601530717959,-1.49717
15.0287201404572,1112.65909879961,757.337613481136,152.8,-58,4.75534530717959,-1.52784
15.4534780979156,1112.8542803184,756.749061268923,152.8,-58,4.71238530717959,-1.5708
15.8684639930725,1113.04311408349,756.167217230251,152.8,-58,4.73693530717959,-1.54625
16.2517290115356,1113.24059727249,755.610149382487,152.8,-58,4.73693530717959,-1.54625
16.4943261146545,1113.3661997788,755.25702690761,152.8,-58,4.73079530717959,-1.55239
16.9960341453552,1113.6449723116,754.457382272168,152.8,-58,4.74920530717959,-1.53398
17.297868013382,1113.81229576435,753.974818568288,152.8,-57,4.70625530717959,-1.57693
17.6386489868164,1113.99189749307,753.451061094525,152.8,-57,4.66943530717959,-1.61375
17.827516078949,1114.09143607912,753.160785055768,152.8,-57,4.71238530717959,-1.5708
18.4637911319733,1114.39682898678,752.261480505695,152.8,-58,4.74306530717959,-1.54012
18.7779290676117,1114.525587745,751.875954447354,152.8,-57,4.73079530717959,-1.55239
19.0731952190399,1114.62370866982,751.574526966307,152.8,-58,4.74306530717959,-1.54012
19.2522070407867,1114.68319671279,751.391779698306,152.8,-57,4.71852530717959,-1.56466
19.7450850009918,1114.90912299143,750.736289183942,152.8,-57,4.76147530717959,-1.52171
20.1492919921875,1115.11366389904,750.152285619392,152.8,-57,4.74920530717959,-1.53398
20.3482930660248,1115.20720386438,749.887255717594,152.8,-57,4.76761530717959,-1.51557
20.8273701667786,1115.43224771938,749.249568622284,152.8,-57,4.79829530717959,-1.48489
21.0796661376953,1115.5436447846,748.930829277619,152.8,-57,4.77374530717959,-1.50944
21.460175037384,1115.7116521236,748.45011150442,152.8,-57,4.78601530717959,-1.49717
21.7763640880585,1115.86281876819,748.024363092884,152.8,-57,4.78601530717959,-1.49717
22.1723661422729,1116.05583157586,747.48275745682,152.8,-57,4.81056530717959,-1.47262
22.5343902111053,1116.33554164516,746.653751221336,152.8,-57,4.80442530717959,-1.47876
22.8328530788422,1116.57357485875,745.946263614282,152.8,-57,4.80442530717959,-1.47876
22.9118230342865,1116.62739295155,745.787377356796,152.8,-57,4.79829530717959,-1.48489
23.5165820121765,1116.94328848006,744.86795510805,152.8,-57,4.82283530717959,-1.46035
24.0053770542145,1117.17678147002,744.214505456592,152.8,-57,4.84124530717959,-1.44194
24.2798500061035,1117.30515004808,743.85884898444,152.8,-58,4.83510530717959,-1.44808
24.4580180644989,1117.38846251099,743.617535592586,152.8,-57,4.80442530717959,-1.47876
25.1000380516052,1117.68818238871,742.736089311609,152.8,-58,4.82897530717959,-1.45421
25.366681098938,1117.80971947617,742.395785466717,152.8,-58,4.84737530717959,-1.43581
25.7136871814728,1117.96788639267,741.952918100518,152.8,-57,4.81056530717959,-1.47262
25.9926249980927,1118.13635097549,741.486322535216,152.8,-58,4.75534530717959,-1.52784
26.4102129936218,1118.40157887026,740.752936565714,152.8,-58,4.81056530717959,-1.47262
26.7804021835327,1118.65684897841,740.023200906564,152.8,-58,4.79215530717959,-1.49103
27.1356451511383,1118.90202063587,739.320540843846,152.8,-58,4.74306530717959,-1.54012
27.4423100948334,1119.0921942454,738.775376496514,152.8,-58,4.70625530717959,-1.57693
27.9709901809692,1119.38807968319,737.923836921705,152.8,-58,4.72466530717959,-1.55852
28.3427410125732,1119.5516472559,737.447957514863,152.8,-58,4.69398530717959,-1.5892
28.6352941989899,1119.68827024119,737.056843324658,152.8,-58,4.66943530717959,-1.61375
28.9332180023193,1119.83991891223,736.632227045767,152.8,-58,4.64489530717959,-1.63829
29.3693151473999,1120.03717962053,736.054841231282,152.8,-58,4.64489530717959,-1.63829
29.5977170467377,1120.10701009694,735.812256228463,152.8,-58,4.66330530717959,-1.61988
29.900906085968,1120.19970562667,735.490240018661,152.8,-58,4.62034530717959,-1.66284
30.4186210632324,1120.44179883685,734.760479645925,152.8,-57,4.57126530717959,-1.71192
30.7906210422516,1120.62996967224,734.205148736414,152.8,-57,4.58967530717959,-1.69351
30.8980441093445,1120.68425139972,734.044219379647,152.8,-57,4.60194530717959,-1.68124
31.4022800922394,1120.9390458396,733.288828804957,152.8,-57,4.50376530717959,-1.77942
31.8873341083527,1121.17395821569,732.602704387695,152.8,-56,4.41786530717959,-1.86532
32.1032931804657,1121.27852978377,732.297293896221,152.8,-57,4.44240530717959,-1.84078
32.5456161499023,1121.52392004883,731.573748573973,152.8,-56,4.38718530717959,-1.896
32.7729051113129,1121.65012540276,731.201604581615,152.8,-57,4.38718530717959,-1.896
33.0025651454926,1121.75839520567,730.940243497001,152.8,-56,4.36264530717959,-1.92054
33.5116310119629,1121.99054789154,730.407356325377,152.8,-56,4.35036530717959,-1.93282
33.8762881755829,1122.1699123603,729.869262919098,152.8,-56,4.38104530717959,-1.90214
34.3482050895691,1122.39760390395,729.186658336953,152.8,-55,4.34423530717959,-1.93895
34.6832330226898,1122.54502382596,728.74624131996,152.8,-55,4.35036530717959,-1.93282
34.8691182136536,1122.62681754416,728.501882586809,152.8,-56,4.37491530717959,-1.90827
35.4419140815735,1122.89884098836,727.690982584673,152.8,-55,4.35036530717959,-1.93282
35.5146172046661,1122.93404626566,727.586091567311,152.8,-55,4.36877530717959,-1.91441
35.9512481689453,1123.13862791139,726.970672229692,152.8,-55,4.36877530717959,-1.91441
36.3282210826874,1123.31120602877,726.447927545111,152.8,-55,4.39332530717959,-1.88986
36.8170790672302,1123.37630575792,725.846576588989,152.8,-55,4.34423530717959,-1.93895
37.2403841018677,1123.50510187704,725.265417227688,152.8,-54,4.36264530717959,-1.92054
37.5150101184845,1123.65375581639,724.837450360182,152.8,-54,4.38104530717959,-1.90214
37.9243061542511,1123.86955968782,724.203384510852,152.8,-54,4.39332530717959,-1.88986
38.2791981697083,1124.05007868371,723.657924409749,152.8,-54,4.36877530717959,-1.91441
38.5547821521759,1124.19208687913,723.233632398939,152.8,-54,4.36264530717959,-1.92054
38.7873330116272,1124.3157529592,722.87407327114,152.8,-54,4.39332530717959,-1.88986
39.2974309921265,1124.5926318955,722.068376063619,152.8,-54,4.38104530717959,-1.90214
39.7222890853882,1124.85285974039,721.307663503079,152.8,-54,4.36264530717959,-1.92054
39.9603111743927,1124.99298114054,720.900574048723,152.8,-54,4.39332530717959,-1.88986
40.2715301513672,1125.12566580289,720.538473325029,152.8,-54,4.39332530717959,-1.88986
40.7720901966095,1125.3563057559,719.898223352163,152.8,-54,4.39945530717959,-1.88373
40.952052116394,1125.45997171861,719.598389490777,152.8,-53,4.39945530717959,-1.88373
41.3221321105957,1125.67315403477,718.981800637889,152.8,-54,4.43013530717959,-1.85305
41.7316100597382,1125.86784750882,718.398457473546,152.8,-54,4.42400530717959,-1.85918
42.1490042209625,1126.07061217724,717.797224685991,152.8,-54,4.50376530717959,-1.77942
42.6175391674042,1126.31090457785,717.100376724249,152.8,-54,4.52217530717959,-1.76101
43.2040421962738,1126.63265243853,716.152626643119,152.8,-54,4.52217530717959,-1.76101
43.3956251144409,1126.73908744396,715.838234011683,152.8,-54,4.55899530717959,-1.72419
43.7542190551758,1127.01584437951,715.100836518747,152.8,-54,4.58353530717959,-1.69965
44.3082342147827,1127.41214783822,714.031570858502,152.8,-54,4.67557530717959,-1.60761
44.4233200550079,1127.47115416181,713.860288613628,152.8,-54,4.65102530717959,-1.63216
44.8744280338287,1127.70309774714,713.187044694645,152.8,-54,4.69398530717959,-1.5892
45.2477951049805,1127.94570219202,712.485697299421,152.8,-54,4.74306530717959,-1.54012
45.5644490718842,1128.14859458294,711.899362195562,152.8,-54,4.81669530717959,-1.46649
46.0586540699005,1128.38951045459,711.208736696852,152.8,-54,4.85351530717959,-1.42967
46.5610790252686,1128.66430020893,710.430471975361,152.8,-54,4.94555530717959,-1.33763
47.1592152118683,1128.86736187463,709.695689321602,152.8,-54,5.01918530717959,-1.264
47.3276209831238,1128.87215989577,709.576218595274,152.8,-54,5.03145530717959,-1.25173
47.6801040172577,1128.91493706277,709.277319128431,152.8,-54,5.07440530717959,-1.20878
48.2127389907837,1129.15566071258,708.562936297089,152.8,-54,5.11122530717959,-1.17196
48.4692070484161,1129.273352741,708.218218570051,152.8,-55,5.14190530717959,-1.14128
48.8451240062714,1129.44911730733,707.711603055347,152.8,-54,5.19712530717959,-1.08606
49.3002641201019,1129.66863624652,707.073850992345,152.8,-55,5.25234530717959,-1.03084
49.5522720813751,1129.79422580907,706.706052987727,152.8,-55,5.31984530717959,-0.96334
50.0675752162933,1130.04303877824,705.986831612494,152.8,-55,5.42415630717959,-0.859029
50.3452110290527,1130.17356013495,705.613856947704,152.8,-56,5.53460230717959,-0.748583
51.0117180347443,1130.682150617,703.996706780209,152.8,-55,5.70027230717959,-0.582913
51.1381320953369,1130.78857882823,703.653149045711,152.8,-56,5.76163230717959,-0.521553
51.6093301773071,1131.0141338492,702.989377852172,152.8,-56,5.87207830717959,-0.411107
51.8829550743103,1131.14043120793,702.624259616832,152.8,-56,5.93957330717959,-0.343612
52.3041200637817,1131.34313040887,702.0613349788,152.8,-56,6.05002030717959,-0.233165
52.8275821208954,1131.59506808009,701.350590616193,152.8,-56,6.08683530717959,-0.19635
52.955057144165,1131.65642184937,701.174768243104,152.8,-56,6.12978730717959,-0.153398
53.3161361217499,1131.82817810907,700.682960292714,152.8,-57,6.25250570717959,-0.0306796
53.6097681522369,1131.94138621447,700.364025733727,152.8,-57,6.26477750717959,-0.0184078000000003
54.2405819892883,1132.16511136858,699.628874340302,152.8,-56,0.147265307179587,0.147265307179587
54.4602191448212,1132.22767533497,699.33357241895,152.8,-56,0.196345307179587,0.196345307179587
54.9859549999237,1132.43137036685,698.608534371902,152.8,-56,0.380425307179586,0.380425307179586
55.3033051490784,1132.59407653442,698.157476718459,152.8,-56,0.404975307179586,0.404975307179586
55.4465420246124,1132.66751441727,697.953890587692,152.8,-56,0.447925307179586,0.447925307179586
56.0588870048523,1133.02880086024,696.916344528961,152.8,-56,0.613595307179586,0.613595307179586
56.1997981071472,1133.10240140688,696.706021812729,152.8,-56,0.631995307179587,0.631995307179587
56.6597821712494,1133.31185985697,696.111430083452,152.8,-56,0.742445307179586,0.742445307179586
56.8527901172638,1133.39918838768,695.864212550783,152.8,-56,0.816075307179586,0.816075307179586
57.2774090766907,1133.58706375673,695.337574406916,152.8,-55,0.859025307179587,0.859025307179587
57.8029820919037,1133.84127392516,694.452558337987,152.8,-55,0.963335307179586,0.963335307179586
58.1525790691376,1134.02397619362,693.717422105135,152.8,-55,1.03697530717959,1.03697530717959
58.6676661968231,1134.27064479812,692.952026645328,152.8,-55,1.07378530717959,1.07378530717959
59.0962381362915,1134.4664979155,692.394606024883,152.8,-55,1.09219530717959,1.09219530717959
59.3096990585327,1134.55753675513,692.131474410977,152.8,-55,1.14741530717959,1.14741530717959
59.7259650230408,1134.73507972075,691.618319607035,152.8,-54,1.19036530717959,1.19036530717959
60.0870041847229,1134.88936002657,691.172449523211,152.8,-55,1.22718530717959,1.22718530717959
60.5377101898193,1135.08925503852,690.595417313353,152.8,-54,1.30081530717959,1.30081530717959
61.0550880432129,1135.34139691985,689.869554321648,152.8,-55,1.41126530717959,1.41126530717959
61.2911491394043,1135.42138903036,689.543549636705,152.8,-55,1.41739530717959,1.41739530717959
61.7072830200195,1135.55048197965,688.970622833173,152.8,-55,1.44807530717959,1.44807530717959
62.1879529953003,1135.77682438299,688.283060264982,152.8,-55,1.50330530717959,1.50330530717959
62.2699921131134,1135.81744092196,688.165046654539,152.8,-55,1.54011530717959,1.54011530717959
62.5016961097717,1135.93219846506,687.831659163942,152.8,-55,1.58920530717959,1.58920530717959
62.9981160163879,1136.18296559768,687.108393960379,152.8,-56,1.61374530717959,1.61374530717959
63.2000250816345,1136.28496021286,686.814220017654,152.8,-56,1.61374530717959,1.61374530717959
63.6338350772858,1136.49899126103,686.203119512471,152.8,-56,1.64442530717959,1.64442530717959
64.1496381759644,1136.75106749946,685.484153051538,152.8,-55,1.71192530717959,1.71192530717959
64.2558121681213,1136.80212270878,685.33842689693,152.8,-56,1.74873530717959,1.74873530717959
64.800008058548,1137.07573618741,684.572204289151,152.8,-56,1.82850530717959,1.82850530717959
64.9871051311493,1137.19745170669,684.264042724419,152.8,-56,1.83464530717959,1.83464530717959
65.2616171836853,1137.3760348163,683.811902760544,152.8,-56,1.85304530717959,1.85304530717959
65.8481471538544,1137.68470992664,682.930520856221,152.8,-56,1.93281530717959,1.93281530717959
66.13951420784,1137.82546465548,682.508683199171,152.8,-57,1.94508530717959,1.94508530717959
66.5836870670319,1138.03498551594,681.880755529503,152.8,-57,2.00031530717959,2.00031530717959
66.7819440364838,1138.12850534717,681.600479429226,152.8,-57,2.02485530717959,2.02485530717959
67.2498211860657,1138.33516011847,680.99574120176,152.8,-57,2.08621530717959,2.08621530717959
67.6467390060425,1138.51630757372,680.46389265753,152.8,-58,2.16598530717959,2.16598530717959
68.1040861606598,1138.73518614332,679.818200877199,152.8,-59,2.25188530717959,2.25188530717959
68.3657610416412,1138.87384479341,679.405801277937,152.8,-59,2.28869530717959,2.28869530717959
68.7822811603546,1139.11747857189,678.67600736874,152.8,-60,2.31937530717959,2.31937530717959
69.1584770679474,1139.32549392252,678.062255040287,152.8,-60,2.44823530717959,2.44823530717959
69.5288891792297,1139.51542810648,677.514083881574,152.8,-60,2.50959530717959,2.50959530717959
69.6893591880798,1139.5977114316,677.276605062683,152.8,-61,2.55254530717959,2.55254530717959
70.1496200561523,1139.83562024482,676.578622881627,152.8,-60,2.68753530717959,2.68753530717959
70.5434601306915,1140.0237428113,676.026933562896,152.8,-62,2.87161530717959,2.87161530717959
70.8963041305542,1140.17451427553,675.585173172707,152.8,-62,2.98819530717959,2.98819530717959
71.3455910682678,1140.39897063711,674.926348425557,152.8,-63,3.04341530717959,3.04341530717959
71.5564210414886,1140.51417207607,674.587905279221,152.8,-63,3.24590530717959,3.24590530717959
71.9024600982666,1140.70464596217,674.03825497849,152.8,-63,3.39316530717959,3.39316530717959
77.8020520210266,1143.94792952084,664.738662399807,152.8,-63,0.122715307179586,6.40590061435917
78.4084541797638,1144.26374473009,663.810044047809,152.8,-63,0.435655307179586,6.71884061435917
78.7532031536102,1144.44267899281,663.293887520739,152.8,-63,0.564505307179586,6.84769061435917
79.0955421924591,1144.95624042699,663.127008624483,152.8,-62,0.625865307179586,6.90905061435917
79.2120270729065,1145.24142551234,663.183885425213,152.8,-62,0.766995307179586,7.05018061435917
79.5944449901581,1146.17768338505,663.370611012186,152.8,-61,0.932665307179586,7.21585061435917
79.9872450828552,1146.46509365605,662.939223563592,152.8,-61,1.01856530717959,7.30175061435917
80.393609046936,1146.64908078307,662.399270186101,152.8,-60,1.15355530717959,7.43674061435917
80.8333990573883,1146.83711043194,661.864358253968,152.8,-60,1.30695530717959,7.59014061435917
80.8961391448975,1146.8639345897,661.788048149977,152.8,-60,1.36831530717959,7.65150061435917
81.4886112213135,1146.25292764159,660.084176270512,152.8,-59,1.49716530717959,7.78035061435917
81.8634080886841,1146.01906414502,659.208971715576,152.8,-59,1.62601530717959,7.90920061435917
82.2381792068481,1146.15854306361,658.798007044724,152.8,-59,1.65669530717959,7.93988061435917
82.4550471305847,1146.23925500221,658.560195082764,152.8,-59,1.68737530717959,7.97056061435917
82.9666640758514,1147.35130764871,658.801945581423,152.8,-58,1.86532530717959,8.14851061435917
83.0832271575928,1147.60549443248,658.857742680299,152.8,-58,1.84077530717959,8.12396061435917
83.5900189876556,1148.08946683964,658.328350846405,152.8,-57,2.00031530717959,8.28350061435917
83.9267780780792,1148.27465404002,657.807048877348,152.8,-57,2.05553530717959,8.33872061435917
84.1151471138,1148.37826334782,657.510721166856,152.8,-57,2.13530530717959,8.41849061435917
84.5548751354218,1148.62013151359,656.81837354234,152.8,-57,2.17825530717959,8.46144061435917
86.4822995662689,1147.35336649698,655.500320362974,152.8,-56,2.23961530717959,8.52280061435917
86.7741975784302,1147.20428958047,655.81120767755,152.8,-56,2.17211530717959,8.45530061435917
87.2251245975494,1146.96129328322,656.048269086449,152.8,-55,2.11075530717959,8.39394061435917
87.6074335575104,1146.56156551739,656.716564721236,152.8,-55,2.03099530717959,8.31418061435917
87.8863537311554,1146.12783792415,657.352290938124,152.8,-55,1.92054530717959,8.20373061435917
88.113002538681,1145.82821854142,657.721269538367,152.8,-54,1.88986530717959,8.17305061435917
88.5498967170715,1145.26862947996,658.101198743396,152.8,-54,1.75487530717959,8.03806061435917
88.9358847141266,1144.72827781611,658.471941334602,152.8,-54,1.60761530717959,7.89080061435917
89.2237005233765,1144.15884908078,658.738992167682,152.8,-54,1.47875530717959,7.76194061435917
89.6288645267487,1143.67352929369,658.791294181407,152.8,-54,1.37444530717959,7.65763061435917
90.1119065284729,1142.35205430923,659.423048779011,152.8,-54,1.25786530717959,7.54105061435917
90.4375855922699,1141.43576718644,659.849038641768,152.8,-54,1.20264530717959,7.48583061435917
90.704051733017,1141.01210290862,660.150786623352,152.8,-54,1.19036530717959,7.47355061435917
93.7906730175018,1141.99396526958,659.985485224364,152.8,-54,0.938795307179586,7.22198061435917
94.1908740997314,1142.50981538038,659.868823754851,152.8,-55,0.859025307179587,7.14221061435917
94.6563639640808,1143.15027817598,659.717034072293,152.8,-55,0.779265307179586,7.06245061435917
95.0258460044861,1143.49319656731,659.638008635048,152.8,-55,0.699495307179586,6.98268061435917
95.344810962677,1143.58405565428,659.621199703959,152.8,-54,0.650405307179586,6.93359061435917
95.7595000267029,1143.65521625785,659.577702452907,152.8,-54,0.564505307179586,6.84769061435917
96.0144340991974,1143.66247545973,659.534147241625,152.8,-54,0.509285307179586,6.79247061435917
96.6255269050598,1144.05932161438,659.395767718661,152.8,-54,0.386565307179586,6.66975061435917
96.9985330104828,1144.48878740687,659.292271542149,152.8,-54,0.312935307179586,6.59612061435917
97.391932964325,1145.02945690161,659.156813485941,152.8,-54,0.263845307179587,6.54703061435917
97.6835069656372,1145.43162832482,659.055390680317,152.8,-54,0.220895307179586,6.50408061435917
97.9295470714569,1145.77674312086,658.965728502914,152.8,-54,0.116585307179586,6.39977061435917
98.3649408817291,1146.38804564083,658.808641603272,152.8,-55,6.27704938717959,6.27704938717959
98.7552909851074,1146.978564371,658.782336678019,152.8,-54,6.17887430717959,6.17887430717959
99.2142560482025,1147.65531643702,658.71582025787,152.8,-54,6.07456430717959,6.07456430717959
99.6689438819885,1148.28051895344,658.558269223734,152.8,-54,5.93957330717959,5.93957330717959
99.9906730651855,1148.6889348906,658.45406564452,152.8,-54,5.88435030717959,5.88435030717959
100.513842105865,1149.30770660931,658.294336200853,152.8,-54,5.77390330717959,5.77390330717959
100.751368999481,1149.67839531352,658.199754114785,152.8,-54,5.71254430717959,5.71254430717959
101.263633012772,1150.5009383216,657.989915174451,152.8,-54,5.60209830717959,5.60209830717959
101.530683994293,1150.90413324703,657.884551972238,152.8,-54,5.54687430717959,5.54687430717959
101.987814903259,1151.59005030493,657.686000983895,152.8,-54,5.43642830717959,5.43642830717959
102.394311904907,1152.16311375188,657.352003399156,152.8,-54,5.38120430717959,5.38120430717959
102.800981998444,1152.70152053056,657.095886124429,152.8,-54,5.27075530717959,5.27075530717959
103.191158056259,1153.1628719861,656.973600196454,152.8,-54,5.19712530717959,5.19712530717959
103.529651880264,1153.60524781144,656.858329446571,152.8,-53,5.12963530717959,5.12963530717959
103.837488889694,1154.04120452709,656.746165825555,152.8,-53,5.01304530717959,5.01304530717959
104.436733961105,1154.87025126251,656.533713566247,152.8,-54,4.90873530717959,4.90873530717959
104.70982503891,1155.24213326683,656.438677054033,152.8,-54,4.84124530717959,4.84124530717959
105.004242897034,1155.66702136994,656.328603085332,152.8,-54,4.82283530717959,4.82283530717959
105.551163911819,1156.45955238597,656.121272649832,152.8,-54,4.76761530717959,4.76761530717959
105.978746891022,1156.92689934257,655.991804911855,152.8,-54,4.71238530717959,4.71238530717959
106.335858106613,1157.37008268263,655.875741992105,152.8,-54,4.63875530717959,4.63875530717959
106.607699871063,1157.76113115497,655.779334992487,152.8,-53,4.60194530717959,4.60194530717959
106.937148094177,1158.24174901727,655.660711380258,152.8,-53,4.57739530717959,4.57739530717959
107.366125106812,1158.9139442161,655.493884753641,152.8,-54,4.51603530717959,4.51603530717959
107.772346019745,1159.52932303466,655.338820946,152.8,-53,4.46695530717959,4.46695530717959
108.411772966385,1160.43815730124,655.104946402657,152.8,-53,4.38718530717959,4.38718530717959
108.607114076614,1160.68988661472,655.039603900009,152.8,-54,4.36264530717959,4.36264530717959
108.983825922012,1161.17534210389,654.913592049629,152.8,-54,4.24605530717959,4.24605530717959
109.497261047363,1162.0136329378,654.791165055238,152.8,-54,4.20924530717959,4.20924530717959
109.817779064178,1162.52734845406,654.70330456769,152.8,-54,4.14174530717959,4.14174530717959
110.259896993637,1163.18209524178,654.540247434979,152.8,-54,4.07425530717959,4.07425530717959
110.630707979202,1163.75218951695,654.397802985844,152.8,-54,4.06198530717959,4.06198530717959
110.920547008514,1164.21031122401,654.283066197952,152.8,-55,4.00062530717959,4.00062530717959
111.179552078247,1164.63315888562,654.177839296191,152.8,-54,3.95767530717959,3.95767530717959
111.802643060684,1165.76429874545,653.90191616737,152.8,-55,3.87790530717959,3.87790530717959
112.122219085693,1166.19216197457,653.794040012795,152.8,-55,3.82267530717959,3.82267530717959
112.726032018662,1167.12605467138,653.629260502976,152.8,-55,3.72450530717959,3.72450530717959
112.802088975906,1167.27039327941,653.616813912863,152.8,-55,3.67541530717959,3.67541530717959
113.460660934448,1168.40030331127,653.469080059854,152.8,-55,3.59565530717959,3.59565530717959
113.860805988312,1168.95284011169,653.334664857444,152.8,-55,3.51588530717959,3.51588530717959
114.093591928482,1169.30326209775,653.250176454886,152.8,-55,3.45452530717959,3.45452530717959
114.488652944565,1169.9512537746,653.095221923466,152.8,-55,3.37475530717959,3.37475530717959
114.897571086884,1170.60621219767,652.937086482749,152.8,-56,3.29499530717959,3.29499530717959
115.403058052063,1171.40162235126,652.743426579741,152.8,-56,3.16613530717959,3.16613530717959
115.732616901398,1171.98066309247,652.604748755164,152.8,-56,3.13545530717959,3.13545530717959
116.242584943771,1173.11925667592,652.327783707236,152.8,-57,3.04955530717959,3.04955530717959
116.354968070984,1173.46796281266,652.2416034763,152.8,-56,3.02500530717959,3.02500530717959
116.747912883759,1174.67311250702,651.943728117297,152.8,-56,2.92069530717959,2.92069530717959
117.334610939026,1175.55053266042,651.724790898067,152.8,-56,2.75502530717959,2.75502530717959
117.736421108246,1176.15244892258,651.57377889469,152.8,-56,2.70594530717959,2.70594530717959
117.821816921234,1176.28044961503,651.541602573838,152.8,-56,2.64458530717959,2.64458530717959
118.234487056732,1176.88084462616,651.390561751812,152.8,-56,2.57708530717959,2.57708530717959
118.768640995026,1177.5346297252,651.225279002056,152.8,-57,2.46664530717959,2.46664530717959
119.257276058197,1178.17434477313,651.065944327512,152.8,-57,2.39300530717959,2.39300530717959
119.647590875626,1178.71944831358,650.944794410903,152.8,-57,2.34392530717959,2.34392530717959
119.964318037033,1179.28555827051,650.892862009896,152.8,-56,2.26415530717959,2.26415530717959
120.346738100052,1179.95104888895,650.813826485581,152.8,-56,2.22120530717959,2.22120530717959
120.845546007156,1180.71802847451,650.619240924059,152.8,-56,2.13530530717959,2.13530530717959
121.123617887497,1181.11506324241,650.517283556973,152.8,-56,2.12302530717959,2.12302530717959
121.651115894318,1181.81637313674,650.334942984447,152.8,-56,2.08621530717959,2.08621530717959
121.945949077606,1182.17376509334,650.248680183371,152.8,-56,2.02485530717959,2.02485530717959
122.364608049393,1182.67944037548,650.126854460119,152.8,-56,1.98803530717959,1.98803530717959
122.71702504158,1183.05258815522,650.04204814654,152.8,-56,1.93281530717959,1.93281530717959
123.192555904388,1183.52121901566,649.887150502495,152.8,-56,1.92054530717959,1.92054530717959
123.384656906128,1183.66352047169,649.770025457917,152.8,-56,1.92054530717959,1.92054530717959
123.789067983627,1183.9657344255,649.524859280949,152.8,-56,1.87145530717959,1.87145530717959
124.112289905548,1184.4095634412,649.436570713309,152.8,-56,1.88986530717959,1.88986530717959
124.83809709549,1185.40958728403,649.24351042712,152.8,-56,1.81009530717959,1.81009530717959
124.889806985855,1185.48105835627,649.230100390885,152.8,-56,1.84691530717959,1.84691530717959
125.573990106583,1186.43514559421,649.052428904603,152.8,-56,1.78555530717959,1.78555530717959
125.770792007446,1186.71120749301,649.001276258647,152.8,-56,1.79168530717959,1.79168530717959
126.22390794754,1187.39710847802,648.870696867496,152.8,-56,1.76100530717959,1.76100530717959
126.611895084381,1187.99999387243,648.754921530693,152.8,-56,1.75487530717959,1.75487530717959
126.992130994797,1188.01551444211,647.928039459971,152.8,-56,1.75487530717959,1.75487530717959
127.409843921661,1188.17800981517,647.226910896898,152.8,-56,1.71192530717959,1.71192530717959
127.789079904556,1188.7052254887,647.126515571833,152.8,-56,1.71192530717959,1.71192530717959
128.261111974716,1189.4377740084,646.987564205553,152.8,-56,1.73646530717959,1.73646530717959
128.628213882446,1190.04515335003,646.87259597303,152.8,-56,1.74260530717959,1.74260530717959
129.037306070328,1190.59955931452,646.765957195822,152.8,-56,1.73646530717959,1.73646530717959
129.197355985641,1190.81386042481,646.724692833096,152.8,-56,1.78555530717959,1.78555530717959
129.778414964676,1191.7128802237,646.555231754713,152.8,-56,1.74873530717959,1.74873530717959
129.988548994064,1192.05377506901,646.491386194703,152.8,-56,1.76714530717959,1.76714530717959
130.553544044495,1193.15973813536,646.382219496916,152.8,-56,1.79782530717959,1.79782530717959
130.787980079651,1193.63043310379,646.341024173265,152.8,-56,1.77328530717959,1.77328530717959
131.198765039444,1194.26936781628,646.220022378156,152.8,-56,1.79168530717959,1.79168530717959
131.806441068649,1195.195658801,646.046928181201,152.8,-56,1.79168530717959,1.79168530717959
132.126233100891,1195.67283921203,645.959051392635,152.8,-56,1.79168530717959,1.79168530717959
132.596378087997,1196.43578488081,645.815421919698,152.8,-56,1.84077530717959,1.84077530717959
132.780643939972,1196.73822419858,645.75832589896,152.8,-56,1.81623530717959,1.81623530717959
133.388667106628,1197.67807280019,645.581986349965,152.8,-56,1.82850530717959,1.82850530717959
133.637208938599,1198.01971159153,645.509484977676,152.8,-56,1.82850530717959,1.82850530717959
134.056544065475,1198.52765747756,645.38559573718,152.8,-56,1.78555530717959,1.78555530717959
134.488629102707,1199.12041245547,645.265656341645,152.8,-56,1.81623530717959,1.81623530717959
134.658221006393,1199.36530852762,645.219942408178,152.8,-56,1.80396530717959,1.80396530717959
135.005480051041,1199.87035879441,645.125135266993,152.8,-56,1.83464530717959,1.83464530717959
135.337990999222,1200.3641409371,645.030950895331,152.8,-56,1.84077530717959,1.84077530717959
135.750447034836,1200.97669829039,644.913966161009,152.8,-56,1.82236530717959,1.82236530717959
135.940422058105,1201.25891388594,644.859874838528,152.8,-56,1.81009530717959,1.81009530717959
136.416032075882,1201.97354343859,644.722942139173,152.8,-56,1.85918530717959,1.85918530717959
136.836173057556,1202.67483984836,644.588889020136,152.8,-56,1.79168530717959,1.79168530717959
137.040592908859,1203.01605604497,644.523665393173,152.8,-56,1.81623530717959,1.81623530717959
137.36227107048,1203.16936068635,644.398458706834,152.8,-56,1.84077530717959,1.84077530717959
137.838968992233,1203.53625608888,644.227270500447,152.8,-56,1.81009530717959,1.81009530717959
138.222496986389,1204.13720392093,644.119646206889,152.8,-56,1.76100530717959,1.76100530717959
138.664189100266,1204.81068965506,643.999047947476,152.8,-56,1.75487530717959,1.75487530717959
138.84225487709,1205.07702097014,643.951361959631,152.8,-56,1.76100530717959,1.76100530717959
139.167183876038,1205.55551680363,643.865350424935,152.8,-56,1.66897530717959,1.66897530717959
139.603278875351,1206.15520422515,643.755607626797,152.8,-56,1.57693530717959,1.57693530717959
140.060971021652,1206.77519004231,643.642939940821,152.8,-57,1.58306530717959,1.58306530717959
140.186937093735,1206.94323369977,643.612622786124,152.8,-56,1.56466530717959,1.56466530717959
140.503030061722,1207.3649140583,643.53654643278,152.8,-56,1.50943530717959,1.50943530717959
141.131237030029,1208.00626877798,643.562324220693,152.8,-56,1.47262530717959,1.47262530717959
141.406539916992,1208.33022034549,643.5425021881,152.8,-56,1.43580530717959,1.43580530717959
141.849061965942,1208.95774649316,643.430070419976,152.8,-56,1.38671530717959,1.38671530717959
142.086726903915,1209.30569666541,643.368047944668,152.8,-56,1.38671530717959,1.38671530717959
142.572546005249,1210.0376867169,643.238155592394,152.8,-56,1.36831530717959,1.36831530717959
142.688638925552,1210.21762098839,643.205510748834,152.8,-56,1.31922530717959,1.31922530717959
143.35097694397,1211.2825805682,643.006818381038,152.8,-55,1.32535530717959,1.32535530717959
143.950069904327,1212.22787234216,642.831385853618,152.8,-55,1.27013530717959,1.27013530717959
144.17692899704,1212.54712205696,642.896879363636,152.8,-55,1.22718530717959,1.22718530717959
144.416666030884,1212.87417288698,643.001271345742,152.8,-55,1.21491530717959,1.21491530717959
144.93213891983,1213.57287193021,643.082186824664,152.8,-54,1.16582530717959,1.16582530717959
145.424187898636,1214.23358844992,642.961164491846,152.8,-55,1.15355530717959,1.15355530717959
145.64015007019,1214.6106646874,642.892795777929,152.8,-55,1.15355530717959,1.15355530717959
145.866240024567,1215.03250502741,642.816478098095,152.8,-54,1.09219530717959,1.09219530717959
146.200246095657,1215.64979344782,642.704620124223,152.8,-54,1.06151530717959,1.06151530717959
146.667727947235,1216.40935733295,642.563755549162,152.8,-55,1.07378530717959,1.07378530717959
147.440119028091,1217.6920520299,642.326906001826,152.8,-54,1.11060530717959,1.11060530717959
147.554953098297,1217.89217980161,642.294939809289,152.8,-54,1.09219530717959,1.09219530717959
148.196125030518,1219.0576758088,642.139523109961,152.8,-54,1.07378530717959,1.07378530717959
148.516355037689,1219.5567178892,642.048871429302,152.8,-54,1.07378530717959,1.07378530717959
148.82871389389,1220.04349367516,641.960447937907,152.8,-54,1.07992530717959,1.07992530717959
149.156481027603,1220.45069970741,641.88664970007,152.8,-54,1.07378530717959,1.07378530717959
149.512708902359,1220.88198777595,641.808510450003,152.8,-54,1.06151530717959,1.06151530717959
149.842129945755,1221.34789489164,641.723156900616,152.8,-54,1.09832530717959,1.09832530717959
150.267488002777,1221.96422963556,641.610067956777,152.8,-54,1.04924530717959,1.04924530717959
150.509284973145,1222.33495873896,641.5426038254,152.8,-54,1.09219530717959,1.09219530717959
150.737580060959,1222.68943129794,641.478213397255,152.8,-54,1.08605530717959,1.08605530717959
151.221081018448,1223.3689807666,641.381174624964,152.8,-54,1.06765530717959,1.06765530717959
151.435308933258,1223.62765905038,641.36161602302,152.8,-54,1.06765530717959,1.06765530717959
152.03222990036,1224.50218352996,641.231289237368,152.8,-54,1.12900530717959,1.12900530717959
152.375236988068,1225.07002836781,641.123667785236,152.8,-54,1.14741530717959,1.14741530717959
152.61317896843,1225.44852872865,641.053062910233,152.8,-54,1.18423530717959,1.18423530717959
153.087895870209,1226.18125920137,640.916554147832,152.8,-54,1.22104530717959,1.22104530717959
153.325201034546,1226.49985644892,640.857579763711,152.8,-54,1.22104530717959,1.22104530717959
153.621645927429,1226.8978525363,640.783908147535,152.8,-54,1.22718530717959,1.22718530717959
154.178170919418,1227.68436866295,640.638391797354,152.8,-54,1.28854530717959,1.28854530717959
154.520394086838,1228.16840748459,640.528962221508,152.8,-54,1.28854530717959,1.28854530717959
155.19753408432,1229.10409022077,640.262409205124,152.8,-55,1.33149530717959,1.33149530717959
155.49151802063,1229.48515493621,640.199177587509,152.8,-54,1.35603530717959,1.35603530717959
155.92285990715,1230.04934052642,640.107929409839,152.8,-55,1.38058530717959,1.38058530717959
156.224956989288,1230.453806942,640.046829164082,152.8,-55,1.39285530717959,1.39285530717959
156.601171016693,1230.95209220106,639.97277143385,152.8,-55,1.41126530717959,1.41126530717959
156.850082874298,1231.27120166631,639.927741542644,152.8,-55,1.44194530717959,1.44194530717959
157.47647190094,1232.12009270402,639.807545645016,152.8,-55,1.50943530717959,1.50943530717959
157.575179100037,1232.26349128107,639.787160553182,152.8,-55,1.49716530717959,1.49716530717959
158.034717082977,1232.93640138425,639.674683868803,152.8,-55,1.54625530717959,1.54625530717959
158.378928899765,1233.45111935332,639.555073216943,152.8,-56,1.54625530717959,1.54625530717959
159.119136095047,1234.56386762556,639.369155423943,152.8,-55,1.65056530717959,1.65056530717959
159.550126075745,1235.19010323306,639.286966047465,152.8,-55,1.71192530717959,1.71192530717959
159.815193891525,1235.56594255628,639.239203133473,152.8,-56,1.73033530717959,1.73033530717959
160.000751972198,1235.8322249288,639.205644324703,152.8,-56,1.73033530717959,1.73033530717959
160.406069040298,1236.44418362859,639.131170105577,152.8,-56,1.74873530717959,1.74873530717959
160.920150995255,1237.25138435124,639.042973414474,152.8,-56,1.82236530717959,1.82236530717959
161.360825061798,1237.95724961558,638.975972974723,152.8,-56,1.83464530717959,1.83464530717959
161.570157051086,1238.07526969564,638.991812511784,152.8,-56,1.87145530717959,1.87145530717959
161.928906917572,1238.27753065017,639.018958060943,152.8,-56,1.89599530717959,1.89599530717959
162.215835094452,1238.61992470525,638.995903054407,152.8,-56,1.92667530717959,1.92667530717959
162.860080957413,1239.60279746836,638.897820044028,152.8,-55,1.99417530717959,1.99417530717959
163.257840871811,1240.25437709246,638.841727537258,152.8,-56,2.06780530717959,2.06780530717959
163.788110971451,1241.04272256498,638.772203421381,152.8,-56,2.10462530717959,2.10462530717959
164.136204004288,1241.53572773268,638.728168008343,152.8,-56,2.17825530717959,2.17825530717959
164.296241044998,1241.77031211744,638.708310195729,152.8,-56,2.19666530717959,2.19666530717959
164.87758398056,1242.6259040292,638.636344520908,152.8,-57,2.29483530717959,2.29483530717959
165.319711923599,1243.51257910562,638.494527761011,152.8,-56,2.28869530717959,2.28869530717959
165.402699947357,1243.67928981201,638.467805015428,152.8,-57,2.31324530717959,2.31324530717959
165.897351980209,1244.51665704463,638.366898623393,152.8,-57,2.36846530717959,2.36846530717959
166.364053010941,1245.28958545672,638.296263487154,152.8,-57,2.43596530717959,2.43596530717959
166.527522087097,1245.59562401377,638.271178359527,152.8,-57,2.46050530717959,2.46050530717959
166.736854076386,1245.9875248029,638.239055344025,152.8,-57,2.49732530717959,2.49732530717959
167.196192026138,1246.75466574703,638.178357763933,152.8,-57,2.45436530717959,2.45436530717959
167.699336051941,1247.49950948347,638.119453823763,152.8,-57,2.59549530717959,2.59549530717959
167.924011945724,1247.7882493577,638.095889994946,152.8,-57,2.62003530717959,2.62003530717959
168.434072971344,1248.491653184,638.074607125477,152.8,-57,2.66912530717959,2.66912530717959
168.558557033539,1248.6760587609,638.077976073516,152.8,-57,2.70594530717959,2.70594530717959
169.099695920944,1249.46290042092,638.061556125052,152.8,-57,2.72434530717959,2.72434530717959
169.547457933426,1250.09433552362,638.006704186837,152.8,-57,2.81638530717959,2.81638530717959
169.771701097488,1250.40676271821,637.981454438162,152.8,-57,2.82252530717959,2.82252530717959
170.134147882462,1250.91013229312,637.941583580743,152.8,-57,2.86547530717959,2.86547530717959
170.843839883804,1251.9265894359,637.863097747253,152.8,-56,2.85320530717959,2.85320530717959
171.121180057526,1252.3474425604,637.833320202543,152.8,-56,2.88388530717959,2.88388530717959
171.383707046509,1252.76875299032,637.806263569429,152.8,-57,2.89001530717959,2.89001530717959
171.792002916336,1253.4881072088,637.732666206682,152.8,-57,2.92069530717959,2.92069530717959
172.24655008316,1254.4717450001,637.560866455463,152.8,-57,2.92683530717959,2.92683530717959
172.553167104721,1254.99114509833,637.505848571413,152.8,-56,2.93297530717959,2.93297530717959
172.848876953125,1255.41918087682,637.483573240084,152.8,-57,2.95137530717959,2.95137530717959
173.060246944427,1255.72350040269,637.467869368032,152.8,-57,2.95751530717959,2.95751530717959
173.581477880478,1256.45063610209,637.432254558265,152.8,-57,2.96978530717959,2.96978530717959
173.950896978378,1256.98299459654,637.406001202227,152.8,-56,3.00046530717959,3.00046530717959
174.359247922897,1257.58431847742,637.376216000651,152.8,-57,3.03728530717959,3.03728530717959
174.772430896759,1258.21792028821,637.344827802236,152.8,-57,3.04955530717959,3.04955530717959
175.047308921814,1258.64470612488,637.323684283722,152.8,-57,3.05568530717959,3.05568530717959
175.345859050751,1259.21215688415,637.267557244085,152.8,-57,3.09864530717959,3.09864530717959
175.806412935257,1260.18500883631,637.149862567355,152.8,-57,3.06182530717959,3.06182530717959
175.908178091049,1260.37898925236,637.136337057213,152.8,-57,3.10477530717959,3.10477530717959
176.533190965652,1261.5077857834,637.086708943398,152.8,-57,3.16000530717959,3.16000530717959
176.742218971252,1261.81351553394,637.072503318625,152.8,-57,3.21522530717959,3.21522530717959
177.236756086349,1262.54357178047,637.037950177222,152.8,-57,3.22135530717959,3.22135530717959
177.456515073776,1262.89737838794,637.01847458415,152.8,-57,3.23976530717959,3.23976530717959
177.942284107208,1263.68471846102,636.974390060006,152.8,-57,3.34407530717959,3.34407530717959
177.985245943069,1263.7569338416,636.969983697801,152.8,-57,3.30726530717959,3.30726530717959
178.5446600914,1264.6972639,636.912607626441,152.8,-57,3.38089530717959,3.38089530717959
179.036267995834,1264.97242786306,637.168991047412,152.8,-57,3.44838530717959,3.44838530717959
179.16003203392,1265.03413360956,637.237748879228,152.8,-57,3.44225530717959,3.44225530717959
179.692774057388,1265.72372088904,637.262101005655,152.8,-57,3.54042530717959,3.54042530717959
179.862516880035,1265.97941880728,637.246809267408,152.8,-57,3.55269530717959,3.55269530717959
180.428097963333,1266.85988768343,637.196553527353,152.8,-57,3.63246530717959,3.63246530717959
180.832935094833,1267.46459521514,637.162502667952,152.8,-57,3.70609530717959,3.70609530717959
181.179790019989,1267.95872334341,637.134831492769,152.8,-58,3.73064530717959,3.73064530717959
181.342897891998,1268.19483252318,637.121493764988,152.8,-58,3.74291530717959,3.74291530717959
181.844907045364,1269.03705473447,637.07040815545,152.8,-58,3.84722530717959,3.84722530717959
182.621438980103,1270.23687978061,636.973990648003,152.8,-59,3.90858530717959,3.90858530717959
182.7112429142,1270.37121182304,636.962092667102,152.8,-59,3.95153530717959,3.95153530717959
183.256175994873,1271.25733401709,636.902695607581,152.8,-59,4.01289530717959,4.01289530717959
183.52266907692,1271.68121498735,636.874587857325,152.8,-59,4.07425530717959,4.07425530717959
183.729475975037,1271.97868204675,636.853676806614,152.8,-59,4.17242530717959,4.17242530717959
184.031184911728,1272.41265437075,636.823169841264,152.8,-59,4.22151530717959,4.22151530717959
184.564363002777,1273.22510894848,636.759395942266,152.8,-59,4.31355530717959,4.31355530717959
185.003650903702,1273.88078768611,636.704747203055,152.8,-59,4.39332530717959,4.39332530717959
185.20440196991,1274.16087954402,636.680167713484,152.8,-59,4.42400530717959,4.42400530717959
185.641767978668,1274.74796467521,636.65017560081,152.8,-60,4.51603530717959,4.51603530717959
186.020006895065,1275.18915903472,636.691972961184,152.8,-59,4.59580530717959,4.59580530717959
186.265629053116,1275.50497682932,636.701454753792,152.8,-60,4.63875530717959,4.63875530717959
186.608062982559,1276.04108869088,636.656947353965,152.8,-60,4.69398530717959,4.69398530717959
186.995613098145,1276.66093976491,636.606572832467,152.8,-60,4.73693530717959,4.73693530717959
187.377592086792,1277.2985795575,636.556915928265,152.8,-60,4.77374530717959,4.77374530717959
187.667299032211,1277.76250020867,636.521223023463,152.8,-60,4.78601530717959,4.78601530717959
187.899796962738,1278.11281679203,636.494777555896,152.8,-61,4.84737530717959,4.84737530717959
188.396023035049,1278.86817297956,636.438078578661,152.8,-60,4.91487530717959,4.91487530717959
188.86517906189,1279.59587902983,636.384020414927,152.8,-60,4.97009530717959,4.97009530717959
189.208566904068,1280.06303490741,636.392303167455,152.8,-60,5.05600530717959,5.05600530717959
189.540334939957,1280.50722830572,636.40553446017,152.8,-60,5.13576530717959,5.13576530717959
189.879534006119,1281.01272133813,636.382320666375,152.8,-61,5.16031530717959,5.16031530717959
190.134212017059,1281.40084966961,636.35874277708,152.8,-60,5.18485530717959,5.18485530717959
190.726845026016,1282.29681861411,636.306788745472,152.8,-61,5.34438930717959,5.34438930717959
190.946213960648,1282.62739765633,636.28799111366,152.8,-62,5.43029230717959,5.43029230717959
191.254771947861,1283.09641763802,636.259125505987,152.8,-62,5.48551530717959,5.48551530717959
191.520783901215,1283.50120997012,636.23397336108,152.8,-62,5.62664130717959,5.62664130717959
191.739829063416,1283.82968571003,636.213383636635,152.8,-62,5.68800030717959,5.68800030717959
192.056679964066,1284.2930743043,636.183895271545,152.8,-62,5.71868030717959,5.71868030717959
192.409970998764,1284.8274773712,636.149464558624,152.8,-62,5.84753430717959,5.84753430717959
192.958544969559,1285.75929458138,636.087073319334,152.8,-62,6.06842830717959,6.06842830717959
193.276096105576,1286.214986889,636.059552316832,152.8,-62,6.19728240717959,6.19728240717959
193.524252891541,1286.5578732561,636.039403324126,152.8,-62,6.17887430717959,6.17887430717959
193.716085910797,1286.82296517302,636.023833587228,152.8,-63,0.00613530717958621,6.28932061435917
194.219532012939,1287.52568988035,635.984394955695,152.8,-62,0.0859053071795861,6.36909061435917
194.495968103409,1287.92396047524,635.961090141104,152.8,-62,0.116585307179586,6.39977061435917
194.719523906708,1288.270730795,635.938962892129,152.8,-63,0.202485307179586,6.48567061435917
195.102447032928,1288.86372280655,635.901089813852,152.8,-62,0.312935307179586,6.59612061435917
195.487840890884,1289.42160103565,635.864087686411,152.8,-62,0.343615307179586,6.62680061435917
195.886791944504,1290.15099527893,635.781947583883,152.8,-62,0.466325307179586,6.74951061435917
195.952490091324,1290.331518232,635.750986926877,152.8,-62,0.435655307179586,6.71884061435917
196.29555606842,1291.27418231436,635.589314968667,152.8,-62,0.447925307179586,6.73111061435917
