82.469172000885,1180.4380276375,711.276054835503,192.8,-66,0.822215307179587,0.822215307179587
83.0004589557648,1181.11032687382,710.757260903563,192.8,-66,0.699495307179586,0.699495307179586
83.5257818698883,1181.775058752,710.206910817038,192.8,-66,0.662675307179586,0.662675307179586
84.0746629238129,1182.46178152247,709.638454043454,192.8,-65,0.582915307179587,0.582915307179587
84.634104013443,1183.15617227169,709.063721700131,192.8,-65,0.687225307179586,0.687225307179586
84.7448220252991,1183.28433053799,708.958344628309,192.8,-65,0.674955307179586,0.674955307179586
85.5170948505402,1184.16469261429,708.235567363668,192.8,-65,0.717905307179587,0.717905307179587
86.2465019226074,1185.10247371703,707.470326754776,192.8,-64,0.576775307179586,0.576775307179586
86.9891879558563,1185.84699999429,706.698366673071,192.8,-64,0.644275307179586,0.644275307179586
87.4658138751984,1186.34678504243,706.206242433429,192.8,-64,0.466325307179586,0.466325307179586
88.0464658737183,1187.07453793221,705.610146657344,192.8,-64,0.527685307179587,0.527685307179587
88.6555349826813,1187.88914856142,704.944434956551,192.8,-64,0.429515307179586,0.429515307179586
89.1656758785248,1188.55981844285,704.396771884245,192.8,-64,0.417245307179586,0.417245307179586
90.3111989498138,1189.9830267036,703.231549920014,192.8,-64,0.233165307179586,0.233165307179586
90.7805159091949,1190.6124032973,702.713484558589,192.8,-64,0.196345307179587,0.196345307179587
91.302365064621,1191.57905468388,701.715384365208,192.8,-63,0.0613553071795865,0.0613553071795865
91.9980440139771,1192.69471512677,700.625330618468,192.8,-63,0.0122753071795865,0.0122753071795865
95.3929009437561,1196.54169383214,697.404865403047,192.8,-62,0.0552253071795858,0.0552253071795858
95.5939898490906,1196.77603316377,697.189315441256,192.8,-62,0.0122753071795865,0.0122753071795865
96.4973409175873,1197.79711175758,696.277311267227,192.8,-63,0.0981753071795861,0.0981753071795861
97.1227588653564,1198.45124819756,695.739840398503,192.8,-62,0.227025307179586,0.227025307179586
97.9626009464264,1199.39463893202,694.956875553411,192.8,-62,0.251575307179587,0.251575307179587
98.516942024231,1200.06475580313,694.40562584023,192.8,-62,0.349745307179586,0.349745307179586
99.0276720523834,1200.69754137694,693.885601919677,192.8,-62,0.325205307179586,0.325205307179586
99.7174289226532,1201.59350571959,693.148396171078,192.8,-62,0.484735307179586,0.484735307179586
100.232080936432,1202.01301371519,692.672358158556,192.8,-62,0.576775307179586,0.576775307179586
100.71673989296,1202.36851681846,692.235821259686,192.8,-63,0.576775307179586,0.576775307179586
101.152628898621,1202.87011436858,691.820924766718,192.8,-63,0.619725307179587,0.619725307179587
101.897709846497,1203.71360712579,691.117393953879,192.8,-62,0.760855307179586,0.760855307179586
102.34622502327,1204.20571770341,690.699845584989,192.8,-63,0.754715307179586,0.754715307179586
102.932322025299,1204.83486164058,690.17397424214,192.8,-62,0.926525307179586,0.926525307179586
103.474555015564,1205.41730777088,689.690225156387,192.8,-63,0.914255307179586,0.914255307179586
104.031120061874,1206.07775451616,689.139641187008,192.8,-63,0.987885307179586,0.987885307179586
104.544543027878,1206.64381329971,688.640315108736,192.8,-63,1.11673530717959,1.11673530717959
105.171095848084,1207.27541714812,688.042720698319,192.8,-63,1.15968530717959,1.15968530717959
105.8058989048,1208.07446952527,687.377693002824,192.8,-63,1.30695530717959,1.30695530717959
106.207491874695,1208.56083438149,686.976415814574,192.8,-63,1.27013530717959,1.27013530717959
106.918282985687,1209.23044582402,686.432061100706,192.8,-63,1.36831530717959,1.36831530717959
107.554895877838,1209.88562600532,685.890486258632,192.8,-63,1.49102530717959,1.49102530717959
107.71427989006,1210.05276129334,685.751872970848,192.8,-63,1.44807530717959,1.44807530717959
108.453347921371,1210.87214949502,685.077077179581,192.8,-63,1.63215530717959,1.63215530717959
109.153786897659,1211.70546062793,684.390336082753,192.8,-63,1.74260530717959,1.74260530717959
109.824496030808,1212.54415289954,683.697061384814,192.8,-63,1.96349530717959,1.96349530717959
110.318655014038,1213.15691897213,683.190330484788,192.8,-62,2.03712530717959,2.03712530717959
110.618021965027,1213.52813940329,682.883347328232,192.8,-63,2.07394530717959,2.07394530717959
111.407433986664,1214.39188262413,682.166784515817,192.8,-63,2.16598530717959,2.16598530717959
112.39693403244,1215.4213778219,681.313180321843,192.8,-63,2.48504530717959,2.48504530717959
112.787446975708,1215.80992178919,680.993098034056,192.8,-64,2.62617530717959,2.62617530717959
113.68619799614,1216.76871120425,680.215441016988,192.8,-64,2.76730530717959,2.76730530717959
114.183733940125,1217.37535687858,679.733984949999,192.8,-64,2.93910530717959,2.93910530717959
114.671273946762,1217.92698002229,679.281961166049,192.8,-64,2.96365530717959,2.96365530717959
115.214900970459,1218.53023946941,678.783508480416,192.8,-65,3.22135530717959,3.22135530717959
115.684977054596,1219.03209310254,678.367324810923,192.8,-65,3.25203530717959,3.25203530717959
116.186135053635,1219.57460129341,677.917303879052,192.8,-65,3.32567530717959,3.32567530717959
116.686775922775,1220.17898620371,677.414943577466,192.8,-65,3.42384530717959,3.42384530717959
117.571686983109,1221.26062940681,676.518145657698,192.8,-65,3.71223530717959,3.71223530717959
117.763036966324,1221.49639893657,676.322980880282,192.8,-65,3.68768530717959,3.68768530717959
118.280721902847,1222.21127264088,675.76273740905,192.8,-66,3.78586530717959,3.78586530717959
119.097398042679,1223.30015478875,674.909912501367,192.8,-66,3.96994530717959,3.96994530717959
121.993177890778,1226.51499231454,672.263803535676,192.8,-65,4.22765530717959,4.22765530717959
122.430759906769,1227.07085345901,671.81635990574,192.8,-65,4.14174530717959,4.14174530717959
122.853734970093,1227.51755497749,671.481333766883,192.8,-65,4.30128530717959,4.30128530717959
123.956923007965,1228.78575957646,670.473418122883,192.8,-65,4.30741530717959,4.30741530717959
124.304085969925,1229.20512423999,670.130902723898,192.8,-65,4.24605530717959,4.24605530717959
124.945114850998,1229.98623028433,669.491501758403,192.8,-65,4.31968530717959,4.31968530717959
