3.11426591873169,891.116075618395,185.77248147184,63.3,-63,5.95798130717959,5.95798130717959
3.22751688957214,890.982467809753,185.853965420964,63.3,-63,6.00706830717959,6.00706830717959
3.41690683364868,890.75903506371,185.990231277699,63.3,-63,5.62664130717959,5.62664130717959
3.92796683311462,890.139962546076,186.365022472354,63.3,-63,5.59596230717959,5.59596230717959
4.19625687599182,889.804077113294,186.566553732023,63.3,-63,5.59596230717959,5.59596230717959
4.49232196807861,889.433418737304,186.788948757618,63.3,-63,5.14190530717959,5.14190530717959
4.79510879516602,889.054180069994,187.011792553118,63.3,-63,5.19712530717959,5.19712530717959
5.08077788352966,888.696340657932,187.220906037891,63.3,-63,4.90873530717959,4.90873530717959
5.27907586097717,888.447945453294,187.366062734141,63.3,-62,4.82897530717959,4.82897530717959
5.56058883666992,888.084091566935,187.580208503267,63.3,-62,4.91487530717959,4.91487530717959
5.8268449306488,887.733764403033,187.787204857961,63.3,-63,4.74920530717959,4.74920530717959
6.08557796478271,887.393335725133,187.988352535388,63.3,-63,4.58353530717959,4.58353530717959
6.34224987030029,887.018104754645,188.165430693229,63.3,-63,4.34423530717959,4.34423530717959
6.5420548915863,886.708554424439,188.292823463898,63.3,-62,4.28900530717959,4.28900530717959
6.81541585922241,886.285046660457,188.467114434345,63.3,-62,4.17242530717959,4.17242530717959
7.04663896560669,885.931163720084,188.615904289027,63.3,-63,4.10493530717959,4.10493530717959
7.32336497306824,885.582758730229,188.817595319569,63.3,-62,3.87790530717959,3.87790530717959
7.58660292625427,885.251335539288,189.009455616846,63.3,-62,3.71836530717959,3.71836530717959
7.92347502708435,884.830703491973,189.252906737128,63.3,-62,3.61405530717959,3.61405530717959
8.21018886566162,884.4941052493,189.447400274237,63.3,-63,3.30112530717959,3.30112530717959
8.42103791236877,884.246571265789,189.590430611013,63.3,-63,3.16000530717959,3.16000530717959
8.62124991416931,884.011525031877,189.726245263682,63.3,-62,3.05568530717959,3.05568530717959
8.99407386779785,883.549569044504,189.994140822208,63.3,-62,2.89001530717959,2.89001530717959
9.16411900520325,883.332460792261,190.120287513889,63.3,-62,2.71821530717959,2.71821530717959
9.48725581169128,882.919889939825,190.360004095737,63.3,-62,2.58935530717959,2.58935530717959
9.59590101242065,882.781175184409,190.440601711453,63.3,-63,2.48504530717959,2.48504530717959
9.92598485946655,882.294498134513,190.72253743679,63.3,-61,2.25801530717959,2.25801530717959
10.0446929931641,882.118537960836,190.824462079876,63.3,-62,2.25188530717959,2.25188530717959
10.3497459888458,881.666360199894,191.086385309048,63.3,-62,2.20893530717959,2.20893530717959
10.6965799331665,881.16355694478,191.431270120562,63.3,-61,1.92667530717959,1.92667530717959
10.9434549808502,880.808258675818,191.687566007287,63.3,-61,1.81623530717959,1.81623530717959
11.0545718669891,880.648341188539,191.802923153059,63.3,-61,1.64442530717959,1.64442530717959
11.4317300319672,880.135010631461,192.130307709512,63.3,-61,1.47875530717959,1.47875530717959
11.8828518390656,879.553261000646,192.451675326899,63.3,-60,1.20264530717959,1.20264530717959
12.1500649452209,879.210238187825,192.642193948034,63.3,-61,1.09219530717959,1.09219530717959
12.3272528648376,878.986035105508,192.768864642556,63.3,-60,0.994015307179586,0.994015307179586
12.5242829322815,878.73672494641,192.909720382263,63.3,-61,0.889705307179586,0.889705307179586
12.8155128955841,878.368219827231,193.117919122882,63.3,-61,0.693355307179586,0.693355307179586
13.0612709522247,878.059072046434,193.29270098471,63.3,-61,0.478605307179587,0.478605307179587
13.3137187957764,877.744226033241,193.4708830691,63.3,-61,0.392695307179586,0.392695307179586
13.6495609283447,877.325372954466,193.707926295,63.3,-60,0.227025307179586,0.227025307179586
13.8434779644012,877.083425299496,193.844970363824,63.3,-60,0.159535307179587,0.159535307179587
14.0695428848267,876.798168040442,194.010321020704,63.3,-61,0.0429553071795858,0.0429553071795858
14.3070788383484,876.498436198363,194.184061934922,63.3,-61,6.17273830717959,-0.110447
14.589262008667,876.142366811017,194.390459161368,63.3,-60,6.07456430717959,-0.208621
14.7205898761749,875.989945339932,194.48728002104,63.3,-59,5.97025330717959,-0.312932
15.0494618415833,875.650170776261,194.732147783976,63.3,-59,5.89662230717959,-0.386563
15.3187279701233,875.371978072233,194.93263490804,63.3,-60,5.81685530717959,-0.46633
15.7021169662476,874.891597825067,195.23061418803,63.3,-60,5.68800030717959,-0.595185
16.0275709629059,874.440677724015,195.48997207832,63.3,-59,5.44256430717959,-0.840621
16.1526889801025,874.267325331552,195.589680010349,63.3,-59,5.39961230717959,-0.883573
16.459942817688,873.883402466475,195.809395917651,63.3,-59,5.31370930717959,-0.969476
16.6396188735962,873.678275552944,195.926218969332,63.3,-58,5.22167530717959,-1.06151
16.9469919204712,873.327363551401,196.126068955793,63.3,-58,5.09895530717959,-1.18423
17.1777198314667,873.059225047356,196.27871404265,63.3,-59,5.00691530717959,-1.27627
17.4406199455261,872.726866166932,196.467561139115,63.3,-59,4.93941530717959,-1.34377
17.6911768913269,872.410111545936,196.647541858723,63.3,-59,4.80442530717959,-1.47876
17.9205279350281,872.12016547124,196.812289899359,63.3,-59,4.69398530717959,-1.5892
18.0381009578705,871.971323486788,196.89696192214,63.3,-59,4.77988530717959,-1.5033
18.4057319164276,871.503316229325,197.164456374929,63.3,-58,4.58353530717959,-1.69965
18.5147299766541,871.364557830317,197.24376519209,63.3,-59,4.52217530717959,-1.76101
18.861359834671,870.92328571917,197.495978891813,63.3,-59,4.44854530717959,-1.83464
19.0585799217224,870.699485119185,197.59668049308,63.3,-59,4.41172530717959,-1.87146
19.1952278614044,870.54482663616,197.665815907677,63.3,-58,4.35650530717959,-1.92668
19.8864748477936,869.714924272487,198.071889157777,63.3,-58,3.97607530717959,-2.30711
20.0866138935089,869.445243746092,198.224296211777,63.3,-59,3.94539530717959,-2.33779
20.500923871994,868.887118742007,198.539784796047,63.3,-59,3.92085530717959,-2.36233
20.6982398033142,868.624415969922,198.689801295199,63.3,-59,3.73677530717959,-2.54641
20.9614388942719,868.273997580782,198.889907824567,63.3,-58,3.69996530717959,-2.58322
21.117283821106,868.066508535063,199.008394508221,63.3,-58,3.55269530717959,-2.73049
21.3939869403839,867.69775742106,199.219162265625,63.3,-59,3.44225530717959,-2.84093
21.6654279232025,867.334483021869,199.42763399599,63.3,-59,3.44225530717959,-2.84093
21.9375839233398,866.970251702009,199.636654872972,63.3,-59,3.28885530717959,-2.99433
22.0974609851837,866.756285325294,199.759443434161,63.3,-59,3.17227530717959,-3.11091
22.5820379257202,866.120603611274,200.12266787823,63.3,-59,2.96365530717959,-3.31953
22.8137249946594,865.818701584817,200.294918727681,63.3,-59,2.83479530717959,-3.44839
23.0168168544769,865.554060816056,200.445910086545,63.3,-59,2.82252530717959,-3.46066
23.3024659156799,865.136280948903,200.616579501546,63.3,-59,2.74275530717959,-3.54043
23.5785830020905,864.71624986551,200.766733925467,63.3,-60,2.64458530717959,-3.6386
23.8536169528961,864.297866454947,200.916299332587,63.3,-60,2.53413530717959,-3.74905
24.0734078884125,863.985618010503,201.071765727531,63.3,-59,2.44209530717959,-3.84109
24.367066860199,863.581003376753,201.299934632511,63.3,-59,2.22733530717959,-4.05585
24.6426239013672,863.201330279721,201.514038591127,63.3,-59,2.17211530717959,-4.11107
24.8144958019257,862.971463514637,201.64374018858,63.3,-59,2.00644530717959,-4.27674
25.1810908317566,862.493239495072,201.913712522745,63.3,-60,1.85918530717959,-4.424
25.3174488544464,862.315360155734,202.014130942724,63.3,-59,1.85304530717959,-4.43014
25.7429959774017,861.737869834455,202.340879795384,63.3,-59,1.54625530717959,-4.73693
25.9110698699951,861.499595297251,202.476020577678,63.3,-59,1.49102530717959,-4.79216
26.2766258716583,860.981354862794,202.769947988266,63.3,-60,1.36831530717959,-4.91487
26.4227728843689,860.775425115989,202.886756246676,63.3,-60,1.23945530717959,-5.04373
26.8095118999481,860.245406570307,203.187541771351,63.3,-60,1.01856530717959,-5.26462
26.8787019252777,860.150582942166,203.241354180321,63.3,-60,0.981745307179586,-5.30144
27.5366389751434,859.37600967925,203.670138539161,63.3,-61,0.546095307179586,-5.73709
27.7485678195953,859.187244349869,203.768635320004,63.3,-61,0.552235307179586,-5.73095
27.9332988262177,859.022704174122,203.854491539913,63.3,-60,0.429515307179586,-5.85367
28.2129669189453,858.735924481232,204.008344946619,63.3,-61,0.245435307179586,-6.03775
28.4408719539642,858.401951570982,204.19725613037,63.3,-61,0.110445307179586,-6.17274
28.8372960090637,857.821030243974,204.525853247628,63.3,-61,6.10524330717959,-6.46112730717959
28.9866290092468,857.60157192418,204.650053628605,63.3,-61,6.03774830717959,-6.52862230717959
29.2732458114624,857.167597849108,204.896963734075,63.3,-61,5.82912730717959,-6.73724330717959
29.5353949069977,856.770670975365,205.122795786931,63.3,-61,5.73708830717959,-6.82928230717959
29.9138569831848,856.221091943584,205.434175841061,63.3,-61,5.52233130717959,-7.04403930717959
30.1596739292145,855.890010814004,205.620260109035,63.3,-61,5.31984530717959,-7.24652530717959
30.4055600166321,855.558836560622,205.806396717276,63.3,-60,5.20326530717959,-7.36310530717959
30.5503928661346,855.363766919623,205.916035679169,63.3,-61,5.13576530717959,-7.43060530717959
30.8691220283508,854.902329816461,206.178598637126,63.3,-60,4.93941530717959,-7.62695530717959
31.4110169410706,854.107916472941,206.631548025452,63.3,-61,4.74306530717959,-7.82330530717959
31.5461249351501,853.943246933614,206.758009052817,63.3,-61,4.61421530717959,-7.95215530717959
31.7929649353027,853.667002461277,206.999018260825,63.3,-60,4.44854530717959,-8.11782530717959
32.2119338512421,853.198124455129,207.408090398841,63.3,-60,4.10493530717959,-8.46143530717959
32.3913369178772,852.985047566755,207.568126728272,63.3,-60,4.10493530717959,-8.46143530717959
32.6821048259735,852.605285647459,207.785182370714,63.3,-60,3.82267530717959,-8.74369530717959
32.9433288574219,852.264109964769,207.980183773512,63.3,-60,3.88403530717959,-8.68233530717959
33.0621638298035,852.10890371286,208.068893017403,63.3,-60,3.68155530717959,-8.88481530717959
33.3689019680023,851.681279654696,208.312735205031,63.3,-61,3.59565530717959,-8.97071530717959
33.5801959037781,851.375710732888,208.486761056647,63.3,-61,3.42384530717959,-9.14252530717959
33.8179588317871,851.03186290171,208.682587292159,63.3,-61,3.17227530717959,-9.39409530717959
34.1219689846039,850.59198804318,208.934537008497,63.3,-60,3.14159530717959,-9.42477530717959
34.3999218940735,850.189505600411,209.167074941568,63.3,-61,2.98205530717959,-9.58431530717959
34.6257150173187,849.862551772234,209.355975522898,63.3,-60,2.92069530717959,-9.64567530717959
34.8823590278625,849.491684200069,209.569978668879,63.3,-60,2.82252530717959,-9.74384530717959
35.3424990177155,848.831786583674,209.948973921539,63.3,-59,2.56481530717959,-10.0015553071796
35.5632679462433,848.515176654256,210.130810705326,63.3,-60,2.50959530717959,-10.0567753071796
35.8223688602448,848.233359054811,210.272774169674,63.3,-60,2.33778530717959,-10.2285853071796
36.0991458892822,847.983414222244,210.383752278925,63.3,-59,2.30097530717959,-10.2653953071796
36.223541021347,847.871078597557,210.433630466449,63.3,-59,2.14143530717959,-10.4249353071796
36.5522289276123,847.560667671974,210.5795267082,63.3,-59,2.00031530717959,-10.5660553071796
36.7228507995605,847.358726944874,210.697617287535,63.3,-59,1.98803530717959,-10.5783353071796
37.1040198802948,846.907591574992,210.961431516359,63.3,-59,1.73033530717959,-10.8360353071796
37.3341538906097,846.635214834292,211.12071155644,63.3,-59,1.62601530717959,-10.9403553071796
37.5486829280853,846.374604207358,211.272995424575,63.3,-59,1.47875530717959,-11.0876153071796
37.7931389808655,846.075515503017,211.447727709017,63.3,-59,1.39285530717959,-11.1735153071796
38.106419801712,845.692220617347,211.671654557527,63.3,-59,1.21491530717959,-11.3514553071796
38.1473388671875,845.642156689141,211.700902684977,63.3,-59,1.21491530717959,-11.3514553071796
38.5658369064331,845.076870762383,212.030427604574,63.3,-58,1.06151530717959,-11.5048553071796
38.8785429000854,844.64468559164,212.282242812459,63.3,-59,0.852895307179586,-11.7134753071796
39.2551379203796,844.136666780423,212.57690451678,63.3,-59,0.803805307179586,-11.7625653071796
39.4852788448334,843.831392412753,212.753400243474,63.3,-59,0.625865307179586,-11.9405053071796
39.7812077999115,843.438852386023,212.980348997158,63.3,-59,0.460195307179586,-12.1061753071796
39.958536863327,843.172986855519,213.14557482064,63.3,-58,0.478605307179587,-12.0877653071796
40.2197268009186,842.763468744701,213.406033402713,63.3,-58,0.269985307179586,-12.2963853071796
40.4586548805237,842.388854865301,213.644292462023,63.3,-59,0.159535307179587,-12.4068353071796
40.8179938793182,841.860581432035,213.967631879797,63.3,-59,6.24023380717959,-12.6093221143592
41.0711808204651,841.518833206641,214.165105685165,63.3,-59,6.10524330717959,-12.7443126143592
41.2597608566284,841.2642904865,214.312189168968,63.3,-58,5.99479730717959,-12.8547586143592
41.4998848438263,840.940174455366,214.499474489835,63.3,-58,5.82299130717959,-13.0265646143592
41.9137279987335,840.347632927321,214.841834308659,63.3,-57,5.74936030717959,-13.1001956143592
42.0933928489685,840.089123054363,214.99119556859,63.3,-57,5.66345730717959,-13.1860986143592
42.4392108917236,839.593288941603,215.277660551575,63.3,-57,5.49778730717959,-13.3517686143592
42.7020919322968,839.229886355585,215.487482282787,63.3,-58,5.40574830717959,-13.4438076143592
43.0112998485565,838.802442230513,215.734280378811,63.3,-58,5.24007530717959,-13.6094806143592
43.377317905426,838.2950982654,216.027897155695,63.3,-58,5.08054530717959,-13.7690106143592
43.6810538768768,837.871710210339,216.274114761192,63.3,-58,4.97009530717959,-13.8794606143592
43.9424350261688,837.507362003903,216.485998261172,63.3,-58,4.90873530717959,-13.9408206143592
44.249470949173,837.040651829269,216.807503129826,63.3,-58,4.77374530717959,-14.0758106143592
44.5086669921875,836.626480853326,217.116755109518,63.3,-58,4.65716530717959,-14.1923906143592
44.66028881073,836.384203402523,217.297658131815,63.3,-57,4.57126530717959,-14.2782906143592
44.8360249996185,836.103393448736,217.507332491366,63.3,-58,4.47308530717959,-14.3764706143592
45.2577819824219,835.610256041932,217.800527317848,63.3,-57,4.24605530717959,-14.6035006143592
45.537645816803,835.290273881965,217.986662880583,63.3,-59,4.09879530717959,-14.7507606143592
45.7974328994751,834.991481976802,218.159805261623,63.3,-58,4.04357530717959,-14.8059806143592
46.1080889701843,834.629947167297,218.367714386618,63.3,-58,3.83495530717959,-15.0146006143592
46.3121378421783,834.392479507651,218.504275768907,63.3,-57,3.71223530717959,-15.1373206143592
46.4934689998627,834.181450232089,218.625633134442,63.3,-57,3.62019530717959,-15.2293606143592
47.3571648597717,833.079994391832,219.259703046309,63.3,-57,3.17227530717959,-15.6772806143592
47.5781178474426,832.792332899772,219.424402035931,63.3,-57,3.12318530717959,-15.7263706143592
47.8091099262238,832.489880850701,219.597031928878,63.3,-56,2.95751530717959,-15.8920406143592
48.20867395401,831.966707244159,219.895642581271,63.3,-56,2.76116530717959,-16.0883906143592
48.4893629550934,831.559101803717,220.125179182754,63.3,-56,2.66912530717959,-16.1804306143592
48.7926440238953,831.108372193425,220.378278368974,63.3,-55,2.55254530717959,-16.2970106143592
48.980849981308,830.828664666099,220.535343150006,63.3,-56,2.49118530717959,-16.3583706143592
49.1621840000153,830.570895620472,220.680875238716,63.3,-56,2.35619530717959,-16.4933606143592
49.4981639385223,830.124878231816,220.934903939398,63.3,-55,2.19052530717959,-16.6590306143592
49.7531998157501,829.786315053074,221.127732216012,63.3,-55,2.11689530717959,-16.7326606143592
50.0473849773407,829.401539602985,221.347104109873,63.3,-54,2.00644530717959,-16.8431106143592
50.4452748298645,828.887875147162,221.640225303443,63.3,-54,1.84077530717959,-17.0087806143592
50.5917549133301,828.698773535535,221.748135612357,63.3,-54,1.77941530717959,-17.0701406143592
50.7689759731293,828.470199446729,221.878669547938,63.3,-54,1.66283530717959,-17.1867206143592
51.2171258926392,827.894896175029,222.208467943619,63.3,-54,1.52784530717959,-17.3217106143592
51.5013937950134,827.5299730831,222.417663782032,63.3,-54,1.39899530717959,-17.4505606143592
51.7572288513184,827.182324020148,222.616725497714,63.3,-53,1.31922530717959,-17.5303306143592
52.0040318965912,826.837091095232,222.81429156651,63.3,-52,1.21491530717959,-17.6346406143592
52.2948939800262,826.430227526346,223.047126936604,63.3,-52,1.10446530717959,-17.7450906143592
52.661031961441,825.974035329912,223.383969156426,63.3,-53,0.975615307179586,-17.8739406143592
52.8444859981537,825.764058313153,223.567282425025,63.3,-53,0.895845307179586,-17.9537106143592
53.1700949668884,825.391374227756,223.892641547198,63.3,-52,0.760855307179586,-18.0887006143592
53.5422058105469,824.949090749788,224.177994603239,63.3,-52,0.650405307179586,-18.1991506143592
53.8648679256439,824.560614386895,224.39919945374,63.3,-52,0.521555307179586,-18.3280006143592
54.0378308296204,824.35237178044,224.517776229649,63.3,-52,0.447925307179586,-18.4016306143592
54.4627439975739,823.842914305616,224.810131585205,63.3,-52,0.276115307179587,-18.5734406143592
54.7987408638,823.440311001625,225.041431130439,63.3,-52,0.153395307179586,-18.6961606143592
55.139034986496,822.992847969457,225.297756954492,63.3,-52,0.0245453071795865,-18.8250106143592
55.4461629390717,822.562501183696,225.543824260204,63.3,-52,6.19728240717959,-18.9354588215388
55.6428189277649,822.286947389503,225.701382726909,63.3,-51,6.15433130717959,-18.9784099215388
56.0772309303284,821.704679292358,226.033102698604,63.3,-51,5.97025330717959,-19.1624879215388
56.3975009918213,821.285736076783,226.271279674866,63.3,-51,5.84139930717959,-19.2913419215388
56.6110928058624,821.006337993248,226.430122659394,63.3,-51,5.79231130717959,-19.3404299215388
57.0802628993988,820.50198554652,226.700088955922,63.3,-51,5.63891330717959,-19.4938279215388
57.4084448814392,820.150504420748,226.887982817888,63.3,-51,5.50392330717959,-19.6288179215388
57.7484428882599,819.696227528858,227.151149780704,63.3,-51,5.40574830717959,-19.7269929215388
57.9232168197632,819.452545405878,227.294153792166,63.3,-50,5.35666130717959,-19.7760799215388
58.4222459793091,818.759902245224,227.700160945726,63.3,-51,5.19712530717959,-19.9356159215388
58.6221528053284,818.487328107912,227.859202871316,63.3,-50,5.11735530717959,-20.0153859215388
58.971620798111,818.010826436871,228.13723270957,63.3,-50,4.99464530717959,-20.1380959215388
59.2813680171967,817.572230417175,228.392856091881,63.3,-51,4.92101530717959,-20.2117259215388
59.7476818561554,816.880399669379,228.795529825088,63.3,-51,4.76147530717959,-20.3712659215388
59.9700109958649,816.55054856454,228.987516631415,63.3,-51,4.69398530717959,-20.4387559215388
60.3866698741913,816.00105343403,229.311235982341,63.3,-50,4.54058530717959,-20.5921559215388
60.6320168972015,815.677653991045,229.501768190938,63.3,-50,4.44854530717959,-20.6841959215388
60.941211938858,815.304877188357,229.732426423436,63.3,-50,4.35036530717959,-20.7823759215388
61.2677450180054,814.953297467587,229.964571863359,63.3,-50,4.27060530717959,-20.8621359215388
61.631227016449,814.560959961648,230.223004239684,63.3,-50,4.11720530717959,-21.0155359215388
61.9365739822388,814.196842109288,230.4407574775,63.3,-50,4.00675530717959,-21.1259859215388
62.1844058036804,813.901309483521,230.617494722663,63.3,-50,3.92085530717959,-21.2118859215388
62.5698339939117,813.429510671614,230.899150225405,63.3,-49,3.81654530717959,-21.3161959215388
62.8093910217285,813.113389601749,231.086965039181,63.3,-49,3.71836530717959,-21.4143759215388
63.1228020191193,812.699810335443,231.332682013745,63.3,-49,3.60178530717959,-21.5309559215388
63.5080399513245,812.196331306359,231.63061864083,63.3,-49,3.52201530717959,-21.6107259215388
63.7263798713684,811.913314805492,231.79751902592,63.3,-49,3.42998530717959,-21.7027559215388
64.0881488323212,811.444382759395,232.074057456843,63.3,-49,3.31953530717959,-21.8132059215388
64.3102560043335,811.168207825695,232.237747026798,63.3,-49,3.21522530717959,-21.9175159215388
64.7034728527069,810.683359113551,232.525417578993,63.3,-49,3.11704530717959,-22.0156959215388
65.0418219566345,810.257081336958,232.748228191472,63.3,-49,3.01887530717959,-22.1138659215388
65.2233598232269,810.015221327821,232.831999703727,63.3,-48,2.98205530717959,-22.1506859215388
65.7115998268127,809.364746945013,233.057300376318,63.3,-48,2.83479530717959,-22.2979459215388
65.9824829101563,808.982419497479,233.256437730571,63.3,-48,2.74889530717959,-22.3838459215388
66.1474239826202,808.745552468558,233.39176089405,63.3,-47,2.71207530717959,-22.4206659215388
66.4722390174866,808.279095138626,233.658249994715,63.3,-47,2.60776530717959,-22.5249759215388
66.694953918457,807.976212163768,233.831061859821,63.3,-47,2.54640530717959,-22.5863359215388
67.1254789829254,807.41969200732,234.148179249812,63.3,-47,2.40528530717959,-22.7274559215388
67.4944868087769,806.929961707287,234.426644490868,63.3,-48,2.33165530717959,-22.8010859215388
67.6543099880219,806.701320786112,234.555900820999,63.3,-47,2.28256530717959,-22.8501759215388
67.9707238674164,806.248663285496,234.811799227263,63.3,-47,2.20279530717959,-22.9299459215388
68.4326639175415,805.609827353385,235.174571014452,63.3,-47,2.10462530717959,-23.0281159215388
68.6344358921051,805.34587761608,235.325608919688,63.3,-46,2.04939530717959,-23.0833459215388
68.9015100002289,804.99650233325,235.525529220418,63.3,-46,1.97576530717959,-23.1569759215388
69.3440058231354,804.472896634397,235.830266087407,63.3,-46,1.87759530717959,-23.2551459215388
69.5224139690399,804.27663230898,235.946011715217,63.3,-46,1.82850530717959,-23.3042359215388
69.7794668674469,803.993851982743,236.112779599921,63.3,-46,1.77941530717959,-23.3533259215388
70.3110380172729,803.317098275821,236.499938916947,63.3,-47,1.60147530717959,-23.5312659215388
70.6572217941284,802.852848933046,236.762887731689,63.3,-47,1.52784530717959,-23.6048959215388
70.9613018035889,802.437861975284,236.998078246406,63.3,-47,1.45421530717959,-23.6785259215388
71.2466239929199,802.045281957987,237.220632411141,63.3,-46,1.34990530717959,-23.7828359215388
71.6546669006348,801.492776627473,237.534129231594,63.3,-46,1.27627530717959,-23.8564659215388
71.8423190116882,801.257149580835,237.668416198386,63.3,-46,1.20877530717959,-23.9239659215388
72.2206988334656,800.782033583407,237.939191082166,63.3,-46,1.11673530717959,-24.0160059215388
72.5539329051971,800.361380921655,238.178631098607,63.3,-46,1.05537530717959,-24.0773659215388
72.8073048591614,800.039415085116,238.361616598626,63.3,-46,0.987885307179586,-24.1448559215388
73.230908870697,799.50662058897,238.664017200017,63.3,-47,0.871305307179586,-24.2614359215388
73.4846458435059,799.241527809688,238.810429522433,63.3,-47,0.797665307179586,-24.3350759215388
73.7552778720856,798.958783849182,238.966590697471,63.3,-47,0.730175307179587,-24.4025659215388
74.0365269184113,798.664947714323,239.128878146533,63.3,-47,0.674955307179586,-24.4577859215388
74.2376589775085,798.402403211921,239.275276728558,63.3,-47,0.607455307179587,-24.5252859215388
74.5309598445892,798.010633973237,239.49392258888,63.3,-46,0.509285307179586,-24.6234559215388
75.000168800354,797.387385889381,239.841091129962,63.3,-46,0.398835307179586,-24.7339059215388
75.1835169792175,797.149418340576,239.972576822689,63.3,-46,0.337475307179586,-24.7952659215388
75.4741909503937,796.772152676686,240.181029771034,63.3,-46,0.288385307179587,-24.8443559215388
75.8705458641052,796.248096229662,240.471679005063,63.3,-47,0.177945307179586,-24.9547959215388
76.1713578701019,795.831798863399,240.704625184741,63.3,-47,0.0674953071795859,-25.0652459215388
76.4083659648895,795.503800500047,240.888162175064,63.3,-47,0.0368153071795865,-25.0959259215388
76.8323709964752,794.90694444937,241.225328215447,63.3,-47,6.16046730717959,-25.2554592287183
77.1409997940063,794.46845003051,241.474294356079,63.3,-46,6.08070030717959,-25.3352262287183
77.3534188270569,794.166648768938,241.645649548071,63.3,-46,6.03161230717959,-25.3843142287183
77.7224957942963,793.764567086849,241.8272235387,63.3,-46,5.91503030717959,-25.5008962287183
78.1259758472443,793.337449024298,242.013904431027,63.3,-46,5.81685530717959,-25.5990712287183
78.4463648796082,792.936304360926,242.228536778945,63.3,-46,5.71868030717959,-25.6972462287183
78.807609796524,792.458970519723,242.497355570298,63.3,-46,5.63277730717959,-25.7831492287183
79.1086258888245,792.051843878865,242.727271960928,63.3,-47,5.52233130717959,-25.8935952287183
79.453528881073,791.528034983681,243.026880918777,63.3,-47,5.44869930717959,-25.9672272287183
79.7153599262238,791.1303885916,243.254327268427,63.3,-46,5.36893230717959,-26.0469942287183
80.0351078510284,790.663572109652,243.522204394164,63.3,-46,5.30757330717959,-26.1083532287183
80.4110019207001,790.149989623929,243.818607052147,63.3,-46,5.17871530717959,-26.2372112287183
80.6604998111725,789.809101706002,244.015342898398,63.3,-46,5.13576530717959,-26.2801612287183
80.979975938797,789.386514413403,244.260795999832,63.3,-46,5.03145530717959,-26.3844712287183
81.2192029953003,789.073380411112,244.443059111853,63.3,-46,4.99464530717959,-26.4212812287183
81.5347368717194,788.660365315639,244.683459119714,63.3,-46,4.86578530717959,-26.5501412287183
81.9870359897614,788.130493441137,245.043857149352,63.3,-46,4.76147530717959,-26.6544512287183
82.3557569980621,787.69891038122,245.33775468674,63.3,-46,4.63262530717959,-26.7833012287183
82.6977598667145,787.261581358937,245.595467035973,63.3,-46,4.55285530717959,-26.8630712287183
82.9680578708649,786.909965984774,245.796742913018,63.3,-46,4.47308530717959,-26.9428412287183
83.3393700122833,786.426514939752,246.073797929748,63.3,-46,4.40559530717959,-27.0103312287183
83.6382529735565,786.035132510969,246.299703586577,63.3,-46,4.32582530717959,-27.0901012287183
83.9670629501343,785.604561137167,246.548229074328,63.3,-45,4.25219530717959,-27.1637312287183
84.4011788368225,785.010837216246,246.892466734741,63.3,-46,4.13561530717959,-27.2803112287183
84.6204559803009,784.702486713331,247.071740282947,63.3,-46,4.08038530717959,-27.3355412287183
84.8834478855133,784.332663917628,247.286753536263,63.3,-46,3.96994530717959,-27.4459812287183
85.1869490146637,783.909421829879,247.532246109369,63.3,-46,3.89017530717959,-27.5257512287183
85.4819188117981,783.499357929102,247.769884218984,63.3,-46,3.81040530717959,-27.6055212287183
85.9251518249512,782.821480830353,248.17200331175,63.3,-46,3.71223530717959,-27.7036912287183
86.2582039833069,782.229106960215,248.534749108633,63.3,-45,3.61405530717959,-27.8018712287183
86.6041028499603,781.631224634631,248.899738835818,63.3,-45,3.57110530717959,-27.8448212287183
86.8789939880371,781.270533006958,249.112261230888,63.3,-45,3.50974530717959,-27.9061812287183
87.1140568256378,780.962101101539,249.293991779163,63.3,-45,3.44838530717959,-27.9675412287183
87.446380853653,780.526050164673,249.55092509851,63.3,-45,3.36248530717959,-28.0534412287183
87.7506239414215,780.12683227418,249.786842372352,63.3,-45,3.29499530717959,-28.1209312287183
87.9973239898682,779.803120489476,249.978139414835,63.3,-45,3.25203530717959,-28.1638912287183
88.3568429946899,779.32948727611,250.257830334545,63.3,-45,3.18454530717959,-28.2313812287183
88.58247590065,779.022401428069,250.438121104626,63.3,-45,3.09864530717959,-28.3172812287183
88.8615520000458,778.642579520949,250.661115373379,63.3,-45,3.07409530717959,-28.3418312287183
89.210578918457,778.16643507218,250.940709582569,63.3,-45,3.01273530717959,-28.4031912287183
89.4346330165863,777.844798732605,251.130270319755,63.3,-45,2.95751530717959,-28.4584112287183
89.8227410316467,777.287658102882,251.458628703097,63.3,-44,2.87161530717959,-28.5443112287183
90.1670098304749,776.815260977087,251.725054705036,63.3,-44,2.78570530717959,-28.6302212287183
90.3720788955688,776.54681553307,251.869011135892,63.3,-44,2.79184530717959,-28.6240812287183
90.6300950050354,776.209059816295,252.050135861872,63.3,-44,2.71207530717959,-28.7038512287183
90.8815889358521,775.873340214994,252.236375824689,63.3,-44,2.68139530717959,-28.7345312287183
91.1753828525543,775.466652127985,252.475562361028,63.3,-44,2.64458530717959,-28.7713412287183
91.4565939903259,775.077381917936,252.70450487549,63.3,-44,2.60163530717959,-28.8142912287183
91.8078348636627,774.607293049727,252.979211979947,63.3,-44,2.55254530717959,-28.8633812287183
92.0323219299316,774.316125653683,253.148310079326,63.3,-44,2.49732530717959,-28.9186012287183
92.3053598403931,773.961986153659,253.353979797787,63.3,-44,2.42368530717959,-28.9922412287183
92.6698808670044,773.485198498255,253.629623403863,63.3,-44,2.36846530717959,-29.0474612287183
92.8692648410797,773.221999175197,253.781034957246,63.3,-44,2.33165530717959,-29.0842712287183
93.1579918861389,772.840861407427,254.000293353507,63.3,-44,2.33165530717959,-29.0842712287183
93.4260239601135,772.4890440081,254.202621335994,63.3,-44,2.27029530717959,-29.1456312287183
93.8131070137024,772.005016522403,254.48021883464,63.3,-44,2.23347530717959,-29.1824512287183
94.0198040008545,771.746552551777,254.628452052497,63.3,-44,2.20279530717959,-29.2131312287183
94.3476758003235,771.308952331504,254.882516606339,63.3,-43,2.17825530717959,-29.2376712287183
94.5903449058533,770.915827528681,255.118027764236,63.3,-44,2.15984530717959,-29.2560812287183
94.8982088565826,770.417086847775,255.416810731903,63.3,-43,2.11689530717959,-29.2990312287183
95.1887109279633,769.983271172927,255.673011372324,63.3,-43,2.11075530717959,-29.3051712287183
95.4722819328308,769.614514178623,255.88484295983,63.3,-43,2.09234530717959,-29.3235812287183
95.7656178474426,769.233058852314,256.103969074271,63.3,-43,2.01871530717959,-29.3972112287183
96.109424829483,768.754518251651,256.379394047613,63.3,-43,2.01258530717959,-29.4033412287183
96.4031879901886,768.333245766684,256.622052691826,63.3,-43,1.98803530717959,-29.4278912287183
96.6833050251007,767.931542574576,256.853439158901,63.3,-43,1.96349530717959,-29.4524312287183
96.9654948711395,767.537122811689,257.076111606175,63.3,-43,1.93281530717959,-29.4831112287183
97.2630779743195,767.121855796091,257.310251519226,63.3,-43,1.91440530717959,-29.5015212287183
97.6632888317108,766.572311464667,257.620420158591,63.3,-43,1.87145530717959,-29.5444712287183
97.9432349205017,766.210125033555,257.825648480545,63.3,-43,1.84691530717959,-29.5690112287183
98.2589778900146,765.801625597929,258.057119475842,63.3,-43,1.81623530717959,-29.5996912287183
98.6097388267517,765.254525001058,258.393751873135,63.3,-43,1.76714530717959,-29.6487812287183
98.9106049537659,764.688278027236,258.765119345036,63.3,-43,1.76100530717959,-29.6549212287183
99.2066769599915,764.131053858393,259.130569299617,63.3,-43,1.71805530717959,-29.6978712287183
99.5008859634399,763.698873907533,259.393211825148,63.3,-43,1.71192530717959,-29.7040012287183
99.8157639503479,763.298496273968,259.62289801179,63.3,-43,1.67510530717959,-29.7408212287183
100.055444955826,762.993734055669,259.797732133094,63.3,-43,1.66283530717959,-29.7530912287183
100.369994878769,762.55638920372,260.046870568149,63.3,-43,1.65056530717959,-29.7653612287183
100.665983915329,762.138674769296,260.2845611711,63.3,-43,1.60147530717959,-29.8144512287183
100.974829912186,761.713589107038,260.526241524349,63.3,-43,1.58920530717959,-29.8267212287183
101.359624862671,761.228365481842,260.801248189926,63.3,-43,1.57693530717959,-29.8389912287183
101.515193939209,761.03219401132,260.912430867744,63.3,-43,1.59533530717959,-29.8205912287183
101.888373851776,760.556211840976,261.182617603678,63.3,-43,1.55852530717959,-29.8574012287183
102.165890932083,760.196872423579,261.38700378024,63.3,-43,1.52170530717959,-29.8942212287183
102.46222281456,759.8131709019,261.605246709237,63.3,-43,1.50330530717959,-29.9126212287183
102.755004882813,759.392875561409,261.835673426837,63.3,-43,1.49716530717959,-29.9187612287183
103.031944990158,758.95851146364,262.066856717253,63.3,-43,1.49716530717959,-29.9187612287183
103.390679836273,758.395857179779,262.366320391572,63.3,-43,1.46648530717959,-29.9494412287183
103.65891289711,758.015902010474,262.577332229494,63.3,-43,1.47262530717959,-29.9433012287183
104.050233840942,757.480338570122,262.879238345869,63.3,-43,1.44807530717959,-29.9678512287183
104.246778964996,757.21134611142,263.030873917721,63.3,-43,1.44807530717959,-29.9678512287183
104.52747297287,756.836655597515,263.242291066567,63.3,-43,1.43580530717959,-29.9801212287183
104.829530000687,756.434846077152,263.469039913269,63.3,-43,1.43580530717959,-29.9801212287183
105.24670290947,755.884666638675,263.779512491803,63.3,-43,1.42966530717959,-29.9862612287183
105.549525976181,755.4905542318,264.001909896067,63.3,-43,1.44807530717959,-29.9678512287183
105.724208831787,755.263211310369,264.130199375722,63.3,-43,1.44194530717959,-29.9739812287183
106.06545996666,754.829461703849,264.376994094206,63.3,-44,1.43580530717959,-29.9801212287183
106.36501789093,754.456529535418,264.590752192636,63.3,-43,1.44807530717959,-29.9678512287183
106.624585866928,754.133382523434,264.775974323206,63.3,-43,1.46648530717959,-29.9494412287183
107.019878864288,753.510033300296,265.13128440359,63.3,-44,1.50943530717959,-29.9064912287183
107.297888994217,753.036960004248,265.400523433824,63.3,-44,1.50330530717959,-29.9126212287183
107.602156877518,752.519205451664,265.695191796637,63.3,-44,1.55238530717959,-29.8635412287183
107.882447004318,752.11996826276,265.922275493346,63.3,-44,1.53398530717959,-29.8819412287183
108.254527807236,751.592242817553,266.222437914715,63.3,-44,1.55852530717959,-29.8574012287183
108.544788837433,751.190494740487,266.451010249375,63.3,-44,1.56466530717959,-29.8512612287183
108.868603944778,750.784613066529,266.682213640053,63.3,-44,1.60147530717959,-29.8144512287183
109.346565008163,750.177950445235,267.028077336116,63.3,-44,1.57079530717959,-29.8451312287183
109.687100887299,749.681605074289,267.313465291476,63.3,-44,1.60147530717959,-29.8144512287183
109.983004808426,749.250312659906,267.561449190405,63.3,-44,1.61374530717959,-29.8021812287183
110.354387998581,748.708675307372,267.875754379863,63.3,-44,1.63829530717959,-29.7776312287183
110.640936851501,748.290630283903,268.1194946718,63.3,-44,1.65056530717959,-29.7653612287183
110.991488933563,747.768613133151,268.416751827738,63.3,-44,1.66283530717959,-29.7530912287183
111.23587679863,747.379997198183,268.621830746857,63.3,-44,1.67510530717959,-29.7408212287183
111.561408996582,746.862348748513,268.895002212536,63.3,-44,1.69351530717959,-29.7224112287183
111.938832998276,746.300488349738,269.201050661246,63.3,-43,1.77328530717959,-29.6426412287183
112.206468820572,745.932749673428,269.409527616561,63.3,-44,1.79168530717959,-29.6242412287183
112.551051855087,745.459283498741,269.677943186915,63.3,-44,1.82236530717959,-29.5935612287183
112.857415914536,745.079444076701,269.893387667376,63.3,-44,1.80396530717959,-29.6119612287183
113.260426998138,744.600914300722,270.16487040167,63.3,-44,1.84691530717959,-29.5690112287183
113.606872797012,744.153948225642,270.419296125183,63.3,-44,1.83464530717959,-29.5812812287183
113.887079000473,743.737496094686,270.657559691549,63.3,-44,1.86532530717959,-29.5506012287183
114.256223917007,743.188860178623,270.971449188759,63.3,-44,1.88986530717959,-29.5260612287183
114.545889854431,742.790956665443,271.200006948892,63.3,-44,1.92667530717959,-29.4892512287183
114.884886026382,742.33465888237,271.462388423435,63.3,-44,1.95122530717959,-29.4647012287183
115.247578859329,741.798523177517,271.786572973223,63.3,-44,2.00031530717959,-29.4156112287183
115.540812015533,741.272903810219,272.132220855623,63.3,-44,2.03712530717959,-29.3788012287183
115.839309930801,740.737847381424,272.484074560193,63.3,-44,2.04326530717959,-29.3726612287183
116.165889978409,740.274654575205,272.764413914084,63.3,-44,2.06166530717959,-29.3542612287183
116.522222995758,739.828867971904,273.019265433414,63.3,-44,2.07394530717959,-29.3419812287183
116.829357862473,739.446115520394,273.238305399152,63.3,-44,2.06166530717959,-29.3542612287183
117.171074867249,739.055170750715,273.467327514997,63.3,-44,2.12302530717959,-29.2929012287183
117.523780822754,738.651653961641,273.703714534291,63.3,-44,2.19052530717959,-29.2254012287183
117.809131860733,738.308990625294,273.904291587022,63.3,-44,2.20279530717959,-29.2131312287183
118.173237800598,737.851222877289,274.17205037877,63.3,-44,2.23961530717959,-29.1763112287183
118.553612947464,737.371385999611,274.452670391258,63.3,-44,2.25188530717959,-29.1640412287183
118.796461820602,737.033195353433,274.649518579033,63.3,-44,2.26415530717959,-29.1517712287183
119.072112798691,736.649324589716,274.872955463026,63.3,-44,2.29483530717959,-29.1210912287183
119.485347986221,736.097080442264,275.154152290449,63.3,-45,2.33165530717959,-29.0842712287183
119.83532500267,735.66654536546,275.306260114538,63.3,-45,2.38687530717959,-29.0290512287183
120.023512840271,735.435040262819,275.388050749786,63.3,-45,2.44209530717959,-28.9738312287183
120.375501871109,734.977883680622,275.624385639331,63.3,-45,2.48504530717959,-28.9308812287183
120.658284902573,734.600636003555,275.848685522231,63.3,-45,2.49732530717959,-28.9186012287183
121.128252029419,733.95752771102,276.23239394501,63.3,-45,2.58935530717959,-28.8265712287183
121.393711805344,733.58017588183,276.458676472906,63.3,-45,2.61390530717959,-28.8020212287183
121.672514915466,733.18385646499,276.69633309084,63.3,-45,2.66912530717959,-28.7468012287183
122.068645954132,732.645329388438,277.01617454765,63.3,-45,2.74275530717959,-28.6731712287183
122.35345697403,732.263865999938,277.241979495658,63.3,-45,2.81638530717959,-28.5995412287183
122.643478870392,731.877835369175,277.470732980627,63.3,-45,2.85933530717959,-28.5565912287183
122.975299835205,731.470920247167,277.715413969024,63.3,-46,2.90229530717959,-28.5136312287183
123.277051925659,731.100878864242,277.937922513005,63.3,-46,2.98819530717959,-28.4277312287183
123.586381912231,730.674768657601,278.169829524862,63.3,-46,3.03728530717959,-28.3786412287183
123.968928813934,730.008765575171,278.467954290598,63.3,-47,3.11091530717959,-28.3050112287183
124.250617027283,729.51835454965,278.687478307761,63.3,-46,3.16613530717959,-28.2497912287183
124.571668863297,729.08011482609,278.934614939554,63.3,-47,3.22749530717959,-28.1884312287183
125.025667905808,728.488642762483,279.283373634778,63.3,-47,3.31953530717959,-28.0963912287183
125.431085824966,727.912805013479,279.621151426847,63.3,-47,3.40543530717959,-28.0104912287183
125.760552883148,727.436606455262,279.900202958801,63.3,-47,3.44225530717959,-27.9736712287183
125.94114279747,727.181899211817,280.049694609243,63.3,-47,3.46679530717959,-27.9491312287183
126.335558891296,726.668555638305,280.352613564784,63.3,-47,3.54656530717959,-27.8693612287183
126.648316860199,726.261492397443,280.592817549257,63.3,-47,3.63860530717959,-27.7773212287183
126.981514930725,725.837135941066,280.84394667013,63.3,-47,3.68768530717959,-27.7282412287183
127.353655815125,725.367756861071,281.122081460726,63.3,-47,3.77972530717959,-27.6362012287183
127.66278386116,724.998428347736,281.345050454082,63.3,-47,3.82881530717959,-27.5871112287183
127.993631839752,724.755820272479,281.52379440984,63.3,-48,3.90858530717959,-27.5073412287183
128.351400852203,724.493471226653,281.717082725535,63.3,-48,4.01289530717959,-27.4030312287183
128.707764863968,724.137452137713,281.943029811507,63.3,-48,4.10493530717959,-27.3109912287183
128.926594018936,723.877566268569,282.096337879425,63.3,-48,4.12334530717959,-27.2925812287183
129.262542963028,723.478586601823,282.331698124477,63.3,-48,4.20924530717959,-27.2066812287183
129.547561883926,723.111241627308,282.54547782988,63.3,-47,4.29514530717959,-27.1207812287183
129.881026983261,722.676336388336,282.798097428019,63.3,-48,4.36877530717959,-27.0471512287183
130.139415979385,722.335779872645,282.996064306774,63.3,-48,4.42400530717959,-26.9919212287183
130.487380027771,721.84937805655,283.279974473497,63.3,-48,4.54671530717959,-26.8692112287183
130.872480869293,721.311064545239,283.594185222076,63.3,-48,4.62648530717959,-26.7894412287183
131.123982906342,720.973950712096,283.791927798218,63.3,-48,4.70625530717959,-26.7096712287183
131.383351802826,720.6303373428,283.993766352322,63.3,-49,4.77374530717959,-26.6421812287183
131.705446004868,720.203625136769,284.244417177869,63.3,-48,4.89033530717959,-26.5255912287183
132.005924940109,719.872001935931,284.376906656552,63.3,-48,4.92714530717959,-26.4887812287183
132.37584400177,719.489252081602,284.501110251666,63.3,-48,5.00077530717959,-26.4151512287183
132.744750022888,719.067807834468,284.671875156509,63.3,-48,5.12349530717959,-26.2924312287183
133.101310014725,718.545269241387,284.972874660127,63.3,-48,5.23394530717959,-26.1819812287183
133.399003982544,718.108998794129,285.224180859911,63.3,-48,5.28916530717959,-26.1267612287183
133.716029882431,717.676841106379,285.473147934013,63.3,-48,5.38120430717959,-26.0347222287183
133.984747886658,717.319685630878,285.678915139353,63.3,-48,5.47324330717959,-25.9426832287183
134.282536029816,716.924569919632,285.906591969291,63.3,-48,5.54687430717959,-25.8690522287183
134.590195894241,716.569872402846,286.114119823125,63.3,-48,5.64504930717959,-25.7708772287183
134.843860864639,716.277424977948,286.285226142104,63.3,-48,5.69413630717959,-25.7217902287183
135.172469854355,715.882405928836,286.515877745118,63.3,-48,5.77390330717959,-25.6420232287183
135.453925848007,715.491015934838,286.742938490765,63.3,-48,5.85980630717959,-25.5561202287183
135.809723854065,714.996246654395,287.029973630813,63.3,-48,5.97638930717959,-25.4395372287183
136.065472841263,714.597314143978,287.261937916145,63.3,-48,6.03161230717959,-25.3843142287183
136.445938825607,713.946668953872,287.640885114778,63.3,-48,6.12978730717959,-25.2861392287183
136.733202934265,713.455410817062,287.927002491162,63.3,-48,6.19114650717959,-25.2247800287183
136.972734928131,713.118643148524,288.127308183401,63.3,-48,6.22796200717959,-25.1879645287183
137.333333015442,712.639289222998,288.414343996195,63.3,-48,0.0368153071795865,-25.0959259215388
137.64203286171,712.228925196329,288.660068847215,63.3,-48,0.110445307179586,-25.0222959215388
137.939657926559,711.841408616314,288.892623346779,63.3,-48,0.202485307179586,-24.9302559215388
138.242391824722,711.447678492391,289.128934809786,63.3,-48,0.233165307179586,-24.8995759215388
138.611025810242,710.965676971639,289.418161589386,63.3,-47,0.337475307179586,-24.7952659215388
138.88604092598,710.602532925805,289.635979304673,63.3,-47,0.398835307179586,-24.7339059215388
139.296706914902,710.059534356045,289.96171718374,63.3,-48,0.539965307179586,-24.5927759215388
139.565855026245,709.690207958313,290.184030161015,63.3,-47,0.595185307179587,-24.5375559215388
139.800880908966,709.367704255033,290.378158603767,63.3,-48,0.668815307179586,-24.4639259215388
140.108835935593,708.945008047245,290.632593974727,63.3,-48,0.736315307179586,-24.3964259215388
140.588315963745,708.197574061923,291.080152484791,63.3,-47,0.871305307179586,-24.2614359215388
140.857501029968,707.777956861992,291.33141647932,63.3,-48,0.981745307179586,-24.1509959215388
141.176630973816,707.337830797726,291.591921636183,63.3,-48,1.05537530717959,-24.0773659215388
141.432752847672,707.006014548235,291.787036817372,63.3,-47,1.11060530717959,-24.0221359215388
141.758795976639,706.583612483946,292.035418430493,63.3,-48,1.19650530717959,-23.9362359215388
142.090178966522,706.158637367309,292.286845636442,63.3,-48,1.29467530717959,-23.8380659215388
142.338124990463,705.841250695998,292.474829477577,63.3,-47,1.32535530717959,-23.8073859215388
142.624368906021,705.474840289015,292.691849415597,63.3,-48,1.39285530717959,-23.7398859215388
142.93945980072,705.079456441804,292.927958674011,63.3,-48,1.47262530717959,-23.6601159215388
143.225287914276,704.721717274286,293.141816719264,63.3,-48,1.54011530717959,-23.5926259215388
143.486019849777,704.392498841511,293.338431537119,63.3,-49,1.58920530717959,-23.5435359215388
143.74925994873,704.032916829577,293.551375494541,63.3,-48,1.65669530717959,-23.4760459215388
144.068475008011,703.596873864572,293.809599519916,63.3,-49,1.76714530717959,-23.3655959215388
144.327195882797,703.255363899665,294.010920842855,63.3,-48,1.81009530717959,-23.3226459215388
144.544543981552,703.022081881324,294.144149625339,63.3,-49,1.88986530717959,-23.2428759215388
144.782951831818,702.766196208447,294.290287492693,63.3,-48,1.94508530717959,-23.1876559215388
145.156908988953,702.358571488482,294.523960928275,63.3,-49,2.01871530717959,-23.1140259215388
145.307714939117,702.175702583407,294.631343250441,63.3,-49,2.06780530717959,-23.0649359215388
145.566283941269,701.862159051084,294.815458929305,63.3,-49,2.12916530717959,-23.0035759215388
145.820599794388,701.553772932682,294.996546126739,63.3,-49,2.20279530717959,-22.9299459215388
146.176909923553,701.13057300534,295.246057325623,63.3,-50,2.32551530717959,-22.8072259215388
146.387475013733,700.883969702979,295.391854009751,63.3,-50,2.37460530717959,-22.7581359215388
146.579125881195,700.659517792284,295.524554358903,63.3,-50,2.46664530717959,-22.6660959215388
146.874270915985,700.305452171222,295.733694205692,63.3,-50,2.55254530717959,-22.5801959215388
147.09184384346,699.999811013387,295.913242400504,63.3,-50,2.62003530717959,-22.5127059215388
147.327848911285,699.668276832998,296.108001391829,63.3,-50,2.71207530717959,-22.4206659215388
147.53378200531,699.378987030149,296.277944020783,63.3,-50,2.75502530717959,-22.3777159215388
147.83403301239,698.964278665811,296.522452004078,63.3,-50,2.86547530717959,-22.2672659215388
148.084080934525,698.62521506459,296.723165546587,63.3,-51,2.95137530717959,-22.1813659215388
148.381045818329,698.2225323225,296.961539348377,63.3,-51,3.07409530717959,-22.0586459215388
