238.455172538757,1049.72105552493,794.257018075214,152.8,-64,4.89033530717959,4.89033530717959
238.805508375168,1050.19892994504,794.168980100278,152.8,-64,4.84737530717959,4.84737530717959
239.354286432266,1050.95396211623,794.027789084265,152.8,-63,4.89033530717959,4.89033530717959
239.798200368881,1051.67675700197,793.853971137196,152.8,-62,4.84124530717959,4.84124530717959
240.167330503464,1052.31859511473,793.687724544053,152.8,-62,4.82897530717959,4.82897530717959
240.934817552567,1053.50744966626,793.463928790471,152.8,-62,4.87805530717959,4.87805530717959
241.28444647789,1054.07516887932,793.359045071448,152.8,-61,4.89646530717959,4.89646530717959
241.778665542603,1054.8739434883,793.211346681047,152.8,-61,4.87192530717959,4.87192530717959
242.137242555618,1055.44622388378,793.105277469816,152.8,-61,4.92101530717959,4.92101530717959
242.520986557007,1056.03879606474,792.995821086292,152.8,-60,4.98236530717959,4.98236530717959
242.910539388657,1056.60874258667,792.891158179538,152.8,-60,4.97009530717959,4.97009530717959
243.670970439911,1057.66610609104,792.837014570065,152.8,-60,5.04372530717959,5.04372530717959
244.031995534897,1058.17969771545,792.786913028899,152.8,-59,5.12349530717959,5.12349530717959
244.464139461517,1058.82010308074,792.66560547413,152.8,-59,5.16031530717959,5.16031530717959
244.715208530426,1059.2225162861,792.589757621418,152.8,-59,5.14803530717959,5.14803530717959
245.02596950531,1059.74075176012,792.492311634849,152.8,-59,5.14190530717959,5.14190530717959
245.460412502289,1060.43615750303,792.360616765186,152.8,-59,5.21553530717959,5.21553530717959
245.840034484863,1061.01589306924,792.249892494884,152.8,-59,5.22780530717959,5.22780530717959
246.102539539337,1061.41303134954,792.173265307946,152.8,-59,5.26462530717959,5.26462530717959
246.503057479858,1062.01241897732,792.05624200919,152.8,-59,5.31984530717959,5.31984530717959
246.831571578979,1062.52514434195,791.978867554859,152.8,-58,5.37506830717959,5.37506830717959
247.290968418121,1063.27737245068,791.901748370603,152.8,-59,5.39347630717959,5.39347630717959
247.660240411758,1063.84046240455,791.809984878367,152.8,-59,5.38120430717959,5.38120430717959
247.791643381119,1064.03391934582,791.772378295392,152.8,-59,5.44256430717959,5.44256430717959
248.324977397919,1064.83720456501,791.615369644903,152.8,-59,5.44256430717959,5.44256430717959
248.585971355438,1065.24635252001,791.534655911962,152.8,-59,5.57755430717959,5.57755430717959
248.748709440231,1065.50146936343,791.484328316487,152.8,-59,5.51619530717959,5.51619530717959
249.144769430161,1066.1353599697,791.357051262751,152.8,-59,5.51005930717959,5.51005930717959
249.395023345947,1066.53824937754,791.275760302585,152.8,-59,5.59596230717959,5.59596230717959
249.619429349899,1066.88010408046,791.206749800407,152.8,-59,5.66345730717959,5.66345730717959
250.072906494141,1067.50069869484,791.081337972085,152.8,-58,5.65732130717959,5.65732130717959
250.326062440872,1067.97761306936,790.984745524838,152.8,-58,5.65732130717959,5.65732130717959
250.880575418472,1069.58159668764,790.659207962902,152.8,-58,5.70640830717959,5.70640830717959
251.003974437714,1069.85325233905,790.605141297334,152.8,-58,5.69413630717959,5.69413630717959
251.553790569305,1070.68392238712,790.446060146617,152.8,-58,5.76776730717959,5.76776730717959
251.686310529709,1070.88774126968,790.406996095552,152.8,-58,5.78003930717959,5.78003930717959
252.000496387482,1071.38910511573,790.310752142963,152.8,-58,5.84139930717959,5.84139930717959
252.43304848671,1072.06499689581,790.181082324744,152.8,-58,5.85980630717959,5.85980630717959
252.826766490936,1072.62855142524,790.073248333056,152.8,-58,5.87207830717959,5.87207830717959
253.097044467926,1073.01798201063,789.998825620214,152.8,-58,5.93957330717959,5.93957330717959
253.387455463409,1073.46375763959,789.914623556967,152.8,-58,5.94570930717959,5.94570930717959
253.899100542068,1074.26227350517,789.765794742352,152.8,-57,6.04388430717959,6.04388430717959
254.116117477417,1074.61855248093,789.702023799633,152.8,-58,6.06842830717959,6.06842830717959
254.838948488235,1075.73386531244,789.497344743701,152.8,-58,6.22182610717959,6.22182610717959
255.047272443771,1076.03191316737,789.44088760195,152.8,-58,6.19728240717959,6.19728240717959
255.546535491943,1076.73541667007,789.308370747661,152.8,-58,0.00613530717958621,6.28932061435917
255.745375394821,1077.01316786152,789.256221544367,152.8,-58,0.0552253071795858,6.33841061435917
256.103873491287,1077.52711558675,789.158979832058,152.8,-58,0.0674953071795859,6.35068061435917
256.491650342941,1078.09804383827,789.050129959806,152.8,-58,0.171805307179587,6.45499061435917
256.98450255394,1078.83152778174,788.909439417227,152.8,-57,0.306795307179586,6.58998061435917
257.256995439529,1079.23923518164,788.831004279341,152.8,-57,0.343615307179586,6.62680061435917
257.51580452919,1079.58138310318,788.781556804887,152.8,-57,0.331335307179586,6.61452061435917
257.843724489212,1079.9784751528,788.739140154132,152.8,-57,0.368155307179586,6.65134061435917
258.293242454529,1080.54946297865,788.652702006352,152.8,-57,0.466325307179586,6.74951061435917
258.601227521896,1080.96172551729,788.571126652962,152.8,-57,0.539965307179586,6.82315061435917
258.976537466049,1081.45834288136,788.472854250846,152.8,-57,0.582915307179587,6.86610061435917
259.227276563644,1081.78636267499,788.407940860107,152.8,-57,0.644275307179586,6.92746061435917
259.659519433975,1082.35368482932,788.296473564319,152.8,-58,0.724035307179586,7.00722061435917
259.917994499207,1082.69509832764,788.23032469902,152.8,-58,0.766995307179586,7.05018061435917
260.34783744812,1083.28193089855,788.116356622577,152.8,-58,0.822215307179587,7.10540061435917
260.859330415726,1084.04770002289,787.966715500114,152.8,-58,0.957205307179586,7.24039061435917
261.173919439316,1084.53396934399,787.838945931345,152.8,-58,0.981745307179586,7.26493061435917
261.612220525742,1085.22266479727,787.634753770633,152.8,-58,1.07992530717959,7.36311061435917
261.844698429108,1085.55503870925,787.557503069692,152.8,-57,1.14128530717959,7.42447061435917
262.481726408005,1086.42065498083,787.390705226473,152.8,-58,1.22718530717959,7.51037061435917
263.096906423569,1087.27568611368,787.22562495825,152.8,-58,1.37444530717959,7.65763061435917
263.267596483231,1087.53898920933,787.174608232226,152.8,-58,1.39899530717959,7.68218061435917
263.643226385117,1088.12812704824,787.06039817749,152.8,-58,1.41126530717959,7.69445061435917
263.955674409866,1088.59891789143,786.969101082456,152.8,-59,1.46034530717959,7.74353061435917
264.499189376831,1089.35377624629,786.822613718542,152.8,-59,1.55238530717959,7.83557061435917
264.882402420044,1089.71326350934,786.689719844192,152.8,-59,1.73033530717959,8.01352061435917
265.216946363449,1089.98949307939,786.567258068136,152.8,-60,1.71192530717959,7.99511061435917
265.719730377197,1090.71512564564,786.412445601918,152.8,-60,1.79168530717959,8.07487061435917
266.074701547623,1091.27096263672,786.30737770813,152.8,-60,1.84077530717959,8.12396061435917
266.482446432114,1091.89930913174,786.186757622032,152.8,-60,2.01258530717959,8.29577061435917
266.879448413849,1092.51422365281,786.067861537266,152.8,-61,2.12916530717959,8.41235061435917
267.114226579666,1092.88193637766,785.995656129478,152.8,-61,2.12916530717959,8.41235061435917
267.525899410248,1093.53071654877,785.867856690246,152.8,-61,2.26415530717959,8.54734061435917
267.745299577713,1093.88726628558,785.796546742884,152.8,-61,2.33165530717959,8.61484061435917
268.227167367935,1094.65293679234,785.650245181009,152.8,-62,2.42368530717959,8.70687061435917
268.450750350952,1094.92632732904,785.630853526661,152.8,-62,2.53413530717959,8.81732061435917
268.799793481827,1095.35312675533,785.600580544099,152.8,-62,2.55254530717959,8.83573061435917
269.166268348694,1095.86406169155,785.513342123665,152.8,-62,2.73662530717959,9.01981061435917
269.386118412018,1096.182377029,785.450588528569,152.8,-62,2.83479530717959,9.11798061435917
269.713076353073,1096.65820547828,785.356358904344,152.8,-62,2.92069530717959,9.20388061435917
270.330018520355,1097.56637746944,785.174724506112,152.8,-64,3.14159530717959,9.42478061435917
270.652441501617,1098.03051903898,785.082685651895,152.8,-64,3.24590530717959,9.52909061435917
270.971128463745,1098.48796279209,784.992076600797,152.8,-64,3.36248530717959,9.64567061435917
271.196920394897,1098.83348335442,784.924178035104,152.8,-63,3.44225530717959,9.72544061435917
271.64037156105,1099.55966974603,784.782602200775,152.8,-64,3.51588530717959,9.79907061435917
271.881368398666,1099.96041444991,784.712876971117,152.8,-64,3.58951530717959,9.87270061435917
