52.1460409164429,3,2.67526,-67,8.5311006098628,9.19162046274275,1.528,-2.41634670280374
52.515499830246,3,5.83526,-66,8.53505163079512,9.18715156788032,1.528,-2.41760567218557
53.0456578731537,3,6.02548,-66,8.54091321281018,9.18052172214658,1.528,-2.41985911479001
53.5182559490204,3,0.0368155,-65,8.54628529607313,9.17444555779551,1.528,-2.42220974771415
54.042044878006,3,0.33134,-65,8.55155653985468,9.16779735063368,1.528,-2.42275271232421
54.3942759037018,3,0.46633,-64,8.55500015559461,9.1633394025347,1.528,-2.42281237893357
55.133505821228,3,0.506214,-64,8.56319666135191,9.15400912802664,1.528,-2.42454274063508
55.4691569805145,3,0.539961,-64,8.56667921858679,9.1500894314879,1.528,-2.42529028421592
56.0990309715271,3,0.656544,-63,8.57296718330865,9.14301734313154,1.528,-2.42698383942809
56.631402015686,3,0.82835,-63,8.57819457785394,9.13706892864896,1.528,-2.43160609224031
57.1724350452423,3,1.00016,-62,8.58366724411156,9.13082869475106,1.528,-2.43524174044079
57.6194930076599,3,0.93266,-62,8.58829398572372,9.12554496696533,1.528,-2.43755232740715
57.7407739162445,3,1.03697,-62,8.58940848982819,9.12411274146049,1.528,-2.43796001446952
58.8805048465729,3,1.39899,-62,8.59955072936812,9.11079621343855,1.528,-2.43861359804831
59.5119988918304,3,1.60761,-61,8.60599338815073,9.10348500521435,1.528,-2.43724380568741
59.7619159221649,3,1.75487,-61,8.60857069385947,9.1005149096555,1.528,-2.43666972821419
60.176882982254,3,1.76101,-61,8.61284657199292,9.09559004668293,1.528,-2.43571862178804
61.0124528408051,3,2.11076,-61,8.62137297955876,9.08586137318188,1.528,-2.43405662628718
61.4307818412781,3,2.27029,-62,8.62589009122024,9.08071311774322,1.528,-2.43447391142912
61.9790370464325,3,2.52186,-61,8.63162254532955,9.07390938688044,1.528,-2.43541018266724
62.0891058444977,3,2.53414,-61,8.63271778148191,9.07252670114252,1.528,-2.43571360167421
62.8799979686737,3,2.77957,-62,8.64081571922281,9.06266317036297,1.528,-2.43734053833514
63.3744380474091,3,3.03115,-62,8.6461178135381,9.05657203833672,1.528,-2.43777690009953
63.6121649742126,3,3.06183,-61,8.64857772141171,9.05371578061626,1.528,-2.43758728191779
64.3984169960022,3,3.41157,-62,8.6565462403694,9.04444516744922,1.528,-2.4363523471426
64.8126950263977,3,3.4852,-62,8.66051286736362,9.03983246105822,1.528,-2.43495501263327
65.0717499256134,3,3.60179,-63,8.66299612189398,9.03694458226697,1.528,-2.43408890049068
65.77973985672,3,3.79814,-64,8.67013859680972,9.02861905217359,1.528,-2.4326762972935
66.1357400417328,3,3.9454,-64,8.67295874276919,9.0247836566772,1.528,-2.43202281969551
66.8001639842987,3,4.22152,-65,8.67797942904029,9.01781680436094,1.528,-2.43161699100272
67.2498078346252,3,4.31355,-66,8.68202404501783,9.01303284997891,1.528,-2.43350882750834
78.4900679588318,3,4.55285,-65,8.79298276355239,8.88158859892296,1.528,-2.42297971047291
78.704726934433,3,4.79216,-65,8.79519679474798,8.87907607583113,1.528,-2.42475768394181
79.572448015213,3,5.12963,-64,8.80464836360912,8.86810442644852,1.528,-2.42848062208877
80.0721609592438,3,5.30144,-63,8.80979269764262,8.86210446226107,1.528,-2.42943115853622
80.47642993927,3,5.52233,-63,8.81376473627635,8.8574821787241,1.528,-2.43001587488332
81.1436219215393,3,5.84753,-63,8.82003010597758,8.85013700513445,1.528,-2.42809228376266
81.6670029163361,3,6.0132,-62,8.82533927382858,8.84394974664186,1.528,-2.42685641339506
82.4941968917847,3,0.104311,-62,8.8333690423754,8.83435723186886,1.528,-2.42738493735322
82.9385099411011,3,0.306796,-62,8.83694004222844,8.82981964558942,1.528,-2.42932885005518
83.5618879795074,3,0.49701,-61,8.84231934067854,8.82346248028887,1.528,-2.43092715751428
84.0546898841858,3,0.619728,-61,8.84664480375742,8.81839932949906,1.528,-2.43210592960299
84.4862089157104,3,0.840621,-61,8.85047052197673,8.81392253968405,1.528,-2.43317670024384
85.183159828186,3,0.987884,-60,8.85735596037789,8.80586612959352,1.528,-2.43300905984335
85.6506340503693,3,1.14742,-60,8.86199835418983,8.80044651598655,1.528,-2.43231551350602
86.005646944046,3,1.32536,-60,8.86539283371227,8.79649844877966,1.528,-2.43153019144204
87.0250978469849,3,1.57693,-60,8.87625311749055,8.78391938897654,1.528,-2.43128395069266
87.6895840167999,3,1.74874,-59,8.88309886652019,8.77608075699725,1.528,-2.4302941965236
88.1228518486023,3,1.91441,-59,8.88742574593592,8.77114105842881,1.528,-2.42993780106088
88.8910820484161,3,2.09235,-59,8.89501054792814,8.76249386802287,1.528,-2.43102488733953
89.5333428382874,3,2.33165,-59,8.90208863376869,8.75444694916569,1.528,-2.4323460232713
90.3082318305969,3,2.62618,-59,8.91066426059723,8.74453034880605,1.528,-2.4325922392218
90.7202880382538,3,2.71208,-59,8.91692131131114,8.73653086651892,1.528,-2.43153366192283
91.685802936554,3,2.91456,-59,8.92993123191142,8.72018001912245,1.528,-2.42923996744546
92.294891834259,3,3.06796,-59,8.936005795459,8.71320459941083,1.528,-2.42835310309706
92.9838509559631,3,3.2275,-59,8.94313448575308,8.70500663481467,1.528,-2.42693055223007
93.5725939273834,3,3.33181,-59,8.94866519816844,8.69863599438771,1.528,-2.42638958164633
94.2607519626617,3,3.35635,-59,8.95591797781205,8.69023381860236,1.528,-2.42718773876
94.7264859676361,3,3.49134,-59,8.96093231645619,8.68490909057159,1.528,-2.42716270354332
95.4023048877716,3,3.54656,-60,8.96810020028643,8.67797824698383,1.528,-2.42560167356352
95.9883618354797,3,3.69996,-61,8.97399629925148,8.67116983603058,1.528,-2.42367149282816
96.4816808700562,3,3.792,-61,8.97837167453357,8.66611390025582,1.528,-2.42238000484243
97.458065032959,3,3.90858,-62,8.98772464711562,8.65535723800809,1.528,-2.42117784298152
98.1479859352112,3,4.14788,-62,8.99475992450713,8.64725217925837,1.528,-2.42179643092394
98.5896189212799,3,4.23992,-63,8.99917593915658,8.64214199060116,1.528,-2.42261876013315
105.84937787056,3,3.84722,-66,9.06618476584625,8.56458132385179,1.528,-2.42231685023471
106.686213970184,3,4.38719,-65,9.07437582195275,8.55504090131898,1.528,-2.4211873404749
107.476708889008,3,4.63262,-63,9.08092936367711,8.54907896694211,1.528,-2.41937763648576
108.162840843201,3,4.99464,-62,9.0878933035155,8.54121150869249,1.528,-2.42123229823088
108.811359882355,3,5.19099,-62,9.0947869346211,8.5332697551908,1.528,-2.4226804206798
109.475425958633,3,5.45484,-61,9.10167616658399,8.52530427325555,1.528,-2.42376184572818
110.49532699585,3,5.90276,-60,9.11159425670115,8.51378100307363,1.528,-2.42271579133283
111.249865055084,3,6.17887,-60,9.11965838019255,8.50380991924039,1.528,-2.42048963481032
111.906913995743,3,0.159534,-59,9.12635488944042,8.49568010920408,1.528,-2.41902595089635
112.569813013077,3,0.362019,-59,9.13259486723597,8.48845476841177,1.528,-2.41858496838952
113.690049886703,3,0.803806,-58,9.14388488602239,8.4754671331637,1.528,-2.42079722813092
114.349865913391,3,0.920388,-58,9.15088768074783,8.46744551471597,1.528,-2.4215094610614
115.17138004303,3,1.14742,-57,9.15999490882353,8.45756530731398,1.528,-2.42115925390858
115.554307937622,3,1.30695,-57,9.16432134915359,8.45319588909985,1.528,-2.42042385455888
116.545578956604,3,1.52171,-57,9.1752940232749,8.44049334753836,1.528,-2.41800613004089
116.800741910934,3,1.5892,-56,9.17780318047451,8.43756499939849,1.528,-2.41761688131064
117.745976924896,3,1.84078,-56,9.18714147292851,8.4266740687362,1.528,-2.41808490625357
118.15473484993,3,1.93282,-55,9.19120284898655,8.42194139085039,1.528,-2.41930763458273
118.923894882202,3,2.12303,-55,9.19908309735177,8.41270137974805,1.528,-2.41977139073738
119.573101997375,3,2.35006,-56,9.20621855189625,8.40352326162919,1.528,-2.42075108316081
119.978672027588,3,2.40528,-55,9.21052068360164,8.39818709254306,1.528,-2.42092244682327
121.290205001831,3,2.79798,-55,9.22424690979938,8.38189478056687,1.528,-2.41940460608805
122.151207923889,3,3.01274,-55,9.23190002736296,8.37280727466214,1.528,-2.41862815712037
122.727782011032,3,3.16,-55,9.23747876054772,8.36629370792,1.528,-2.41852532471599
123.762186050415,3,3.42998,-54,9.2475070585738,8.35387396919096,1.528,-2.41877765620355
124.08217382431,3,3.52816,-54,9.25047016565893,8.35026939137509,1.528,-2.41887566733083
124.735066890717,3,3.6386,-54,9.25637736792399,8.34334249297063,1.528,-2.41908901687969
124.966466903687,3,3.74291,-54,9.258539344701,8.34080827501301,1.528,-2.41945530220141
126.128659963608,3,3.98221,-53,9.26947989057823,8.32806236188374,1.528,-2.41811082927846
126.5669028759,3,4.08039,-52,9.27397890121339,8.32287183121033,1.528,-2.41736309860538
127.224544048309,3,4.1847,-52,9.28109445797102,8.31487395135134,1.528,-2.41674656924282
128.158169984818,3,4.38105,-52,9.29148420379202,8.30481100381604,1.528,-2.41546227896771
128.638298034668,3,4.50377,-52,9.29643535297801,8.29905761280307,1.528,-2.41689314312182
128.931354999542,3,4.52218,-52,9.29950181992956,8.29549482196361,1.528,-2.41736999889074
129.789401054382,3,4.70625,-52,9.30854244658792,8.28500241605225,1.528,-2.41716864764395
130.525780916214,3,4.79829,-52,9.31603087927052,8.27634773943655,1.528,-2.41626399297955
131.271173000336,3,5.00078,-52,9.3236415067613,8.26725132941888,1.528,-2.41449211183329
131.87820982933,3,5.07441,-51,9.3300398346013,8.25757546170538,1.528,-2.41546824870866
132.385107040405,3,5.22781,-52,9.33507463095978,8.25116585856466,1.528,-2.41596569286066
132.969871044159,3,5.33212,-52,9.34080993509074,8.2445337166581,1.528,-2.41638490841722
133.693536043167,3,5.46097,-52,9.34837361264557,8.23578920409517,1.528,-2.41694937289006
134.441575050354,3,5.67573,-51,9.35572242071722,8.22723000410582,1.528,-2.41684370375439
135.132946014404,3,5.76163,-52,9.36187432000865,8.22009624676007,1.528,-2.41575923610561
135.578637838364,3,5.84753,-51,9.36568585049864,8.215214448667,1.528,-2.41404024571411
136.223988056183,3,5.97639,-51,9.37142889503579,8.20783497479001,1.528,-2.41201928767369
136.75683093071,3,6.09911,-52,9.37698804910212,8.20142537645706,1.528,-2.41322616814028
137.566998004913,3,0.0245437,-51,9.38525688609105,8.191831456705,1.528,-2.41929434318484
137.964012861252,3,0.128854,-52,9.38914887896333,8.18726804122295,1.528,-2.42071891331579
138.654783964157,3,0.282252,-51,9.39579499860727,8.17941871829836,1.528,-2.42117647990147
139.218911886215,3,0.429515,-51,9.40133065046168,8.17284908827038,1.528,-2.42278020115027
140.027200937271,3,0.607456,-51,9.41228711254638,8.16272170516127,1.528,-2.42390084785433
140.847498893738,3,0.773126,-52,9.42185275430376,8.15180616923148,1.528,-2.42612844844472
144.874224901199,3,0.779262,-52,9.42304972204569,8.14960369836677,1.528,-2.35683709133587
145.7961769104,3,0.558369,-52,9.41749354438453,8.1544043714572,1.528,-2.2760375200708
146.360833883286,3,0.368155,-53,9.40990279797434,8.16028454556309,1.528,-2.21852471017416
147.067078828812,3,0.0981748,-53,9.40091226979202,8.16594663444976,1.528,-2.14386809096068
147.591703891754,3,6.26478,-54,9.39581129100598,8.16860981346973,1.528,-2.09013058533685
148.283201932907,3,6.03161,-54,9.39068254870176,8.17080773794045,1.528,-2.01895263173225
149.124735832214,3,5.79231,-54,9.38322832400688,8.17301899072789,1.528,-1.93868760437275
149.991595029831,3,5.48552,-55,9.37888431463422,8.1741318543546,1.528,-1.88383760868816
150.288970947266,3,5.46711,-55,9.37745712775729,8.17450709225258,1.528,-1.86797819496578
151.132479906082,3,5.47324,-55,9.37613906015136,8.17482518459666,1.528,-1.85626086295304
151.442919015884,3,5.47938,-55,9.37567606899351,8.17493621184006,1.528,-1.85221780966106
152.601212024689,3,5.40575,-55,9.37394858233237,8.17535047046842,1.528,-1.83713259579959
152.855155944824,3,5.40575,-55,9.37356984851339,8.17544129244459,1.528,-1.83382531662676
153.713413000107,3,5.38734,-55,9.37228983766678,8.17574824447469,1.528,-1.82264766889113
154.336875915527,3,5.31985,-55,9.37136000051684,8.17597122336709,1.528,-1.81452790010869
155.09090089798,3,5.28303,-55,9.37043376643441,8.17615925601296,1.528,-1.80354242479149
155.883373022079,3,5.26462,-55,9.36948520342779,8.1763466264834,1.528,-1.79185050743589
156.070906877518,3,5.30144,-55,9.36926073158538,8.17639096660042,1.528,-1.78908368413387
157.480870962143,3,5.17258,-55,9.36757305105927,8.17672433559323,1.528,-1.76828145898238
158.126024007797,3,5.16645,-55,9.36639596387602,8.17683023970497,1.528,-1.75866604516703
158.624851942062,3,5.13577,-55,9.3651777394201,8.17687663400243,1.528,-1.75115765192951
159.719797849655,3,5.04986,-55,9.36250369133476,8.17697847121453,1.528,-1.73467644892686
160.007764816284,3,5.11122,-55,9.36180042598583,8.17700525404722,1.528,-1.73034194984141
162.447910547256,3,5.52233,-56,9.37413977855685,8.17417923440881,1.528,-1.71071674079689
163.265953540802,3,5.81072,-56,9.38589701627987,8.17178999575322,1.528,-1.71281033404168
163.950806379318,3,6.1666,-56,9.39645715676975,8.16970828123259,1.528,-1.71375991470717
164.978598356247,3,0.423379,-56,9.41134399788025,8.16586081294921,1.528,-1.71152212505382
165.902431488037,3,0.834486,-57,9.42517733455299,8.16295882937954,1.528,-1.71144060745299
166.378367424011,3,1.03084,-56,9.43221403834434,8.16153299998709,1.528,-1.71163674641087
167.268743515015,3,1.5708,-57,9.44572914171155,8.15892980777753,1.528,-1.71161197586059
167.948633432388,3,1.96963,-56,9.45522345043277,8.15678257165543,1.528,-1.71179716030685
168.328719377518,3,2.14757,-57,9.46002521410338,8.15532844278786,1.528,-1.7119383886501
168.964930534363,3,2.54027,-56,9.46867440150412,8.15358006433175,1.528,-1.71271570184788
169.931182384491,3,3.05569,-56,9.48287416499462,8.1509950450205,1.528,-1.71099001637109
170.36256146431,3,3.33794,-56,9.48917580545044,8.14984537988368,1.528,-1.71057195632134
170.678939342499,3,3.44225,-55,9.49395734973423,8.1489837709503,1.528,-1.71115942463566
171.802842378616,3,4.12334,-55,9.51552795734758,8.14438426679059,1.528,-1.71469175271138
172.979424476624,3,4.69398,-54,9.5330654464569,8.14096657530071,1.528,-1.71718773856548
173.462403535843,3,4.85965,-54,9.54058832590256,8.13962505598479,1.528,-1.72337187175056
174.001312494278,3,5.1235,-53,9.5485518702251,8.13818900700859,1.528,-1.72405533891035
174.783051490784,3,5.51619,-53,9.56135610936291,8.13584644042278,1.528,-1.73096374853202
175.379793405533,3,5.78618,-52,9.57177545939619,8.13219781991652,1.528,-1.73251794019303
175.963574409485,3,6.05002,-52,9.58122004849676,8.12982038822986,1.528,-1.7353330054872
176.595208406448,3,0.0368155,-52,9.5906616402924,8.12797281888275,1.528,-1.73910877047149
177.271317481995,3,0.411107,-51,9.60038072963259,8.12603303108576,1.528,-1.74139713627949
177.814609527588,3,0.681087,-51,9.60822181695373,8.12447622943674,1.528,-1.74155648504672
178.752787351608,3,1.07379,-51,9.62094837804505,8.12027436520232,1.528,-1.74377011120171
179.422083377838,3,1.3499,-51,9.6300076629486,8.11666333617314,1.528,-1.74475835498118
179.839126348495,3,1.54625,-51,9.63616931558005,8.11543766089722,1.528,-1.74517985417109
180.533374547958,3,1.81623,-51,9.64655767660695,8.11338423669991,1.528,-1.7443322638288
181.133901357651,3,2.03713,-51,9.6556733122517,8.11160777182433,1.528,-1.74242078902609
181.982760429382,3,2.45437,-51,9.66814802591681,8.10916791852756,1.528,-1.74233521403437
182.647609472275,3,2.74889,-51,9.67782148995621,8.11016061336388,1.528,-1.7433295699464
183.523812532425,3,3.11091,-52,9.69055790574154,8.10783174118615,1.528,-1.74459949484247
184.443266391754,3,3.49134,-51,9.70576165514565,8.1046069531136,1.528,-1.75468787907737
184.937930345535,3,3.65087,-50,9.71423897016031,8.10278187038321,1.528,-1.758514182385
185.595604419708,3,3.96994,-51,9.72471897326611,8.10047566857354,1.528,-1.75909582378013
186.290481567383,3,4.22152,-50,9.73284554467791,8.09751186017629,1.528,-1.75723149269154
186.90131855011,3,4.39332,-50,9.74258317372321,8.0953711180907,1.528,-1.75877502313922
187.588004350662,3,4.74307,-50,9.75282560628995,8.09311691676563,1.528,-1.75873785782374
188.199351549149,3,4.9026,-49,9.7610599491592,8.09131401108276,1.528,-1.75786600667117
189.17685341835,3,5.27076,-49,9.77556752099718,8.08820942299969,1.528,-1.75699806040338
189.458597421646,3,5.35052,-49,9.78123743454555,8.08707251309089,1.528,-1.75814212773937
190.0931224823,3,5.57755,-50,9.79312812411034,8.08468229562572,1.528,-1.75975095542809
190.831016540527,3,5.7555,-49,9.80435820769927,8.08240377888964,1.528,-1.75950075854954
191.614224433899,3,6.01934,-49,9.81661192726116,8.07995234984451,1.528,-1.76059691164661
192.286580562592,3,6.24023,-49,9.82730255263826,8.07780518215441,1.528,-1.76004585505171
192.828328371048,3,0.177942,-48,9.83561761741316,8.07621445778374,1.528,-1.75869686939339
193.452480554581,3,0.423379,-48,9.84636862464394,8.07520118393931,1.528,-1.75617227184879
194.106875419617,3,0.613592,-48,9.85613734624973,8.07321544137144,1.528,-1.75493871061161
194.76407957077,3,0.865165,-47,9.86583004784513,8.0711445326898,1.528,-1.75447975594521
195.450342416763,3,1.04924,-47,9.87558586995699,8.06908407055914,1.528,-1.75710456003226
196.176244497299,3,1.28241,-46,9.88646463208988,8.06681182778589,1.528,-1.76066387597162
196.671927452087,3,1.45421,-47,9.89369161881377,8.06589859354805,1.528,-1.76106535440051
197.388291358948,3,1.67511,-47,9.90372681291751,8.06468533487613,1.528,-1.7609109699745
197.974075555801,3,1.896,-47,9.91221566234378,8.06295556312942,1.528,-1.76254291589644
198.384484529495,3,2.03713,-46,9.91859668826962,8.06164547639066,1.528,-1.76433299131103
199.068538427353,3,2.2887,-47,9.9291198113832,8.05945417512898,1.528,-1.76568832994841
199.468422412872,3,2.38074,-47,9.93476563571207,8.05827213474648,1.528,-1.76541957788655
199.904977560043,3,2.52186,-46,9.94052500616945,8.05706500913445,1.528,-1.76447669867716
200.518822431564,3,2.72435,-45,9.94841338860396,8.05415501258214,1.528,-1.76268082480745
201.186333417892,3,2.93297,-46,9.95728871932983,8.05195490399525,1.528,-1.76146040922202
201.727752447128,3,3.09864,-46,9.96451052897357,8.05050315735876,1.528,-1.76113
202.266639471054,3,3.25204,-46,9.97191760640995,8.04900955414547,1.528,-1.76150044585453
202.874949455261,3,3.43612,-46,9.98137804577322,8.04710240987065,1.528,-1.76340759012935
203.226288557053,3,3.56497,-45,9.9870126657277,8.04597064053195,1.528,-1.76446213830784
203.93186545372,3,3.77973,-45,9.9974380254372,8.04350543505157,1.528,-1.76821189977987
204.493186473846,3,3.95767,-45,10.0051962515937,8.04151262582833,1.528,-1.77113893053785
204.953722476959,3,4.07425,-45,10.0120005471726,8.04010766479677,1.528,-1.77106332725364
205.622734546661,3,4.22152,-45,10.0209863023544,8.03827127972163,1.528,-1.77058596783949
206.154847383499,3,4.37491,-45,10.0278567700582,8.0368638711443,1.528,-1.77057891925146
206.762002468109,3,4.47922,-45,10.0355485775233,8.03527604128238,1.528,-1.77056363192708
207.239729404449,3,4.59581,-45,10.0415212390548,8.03403067781411,1.528,-1.77027770664099
207.758222579956,3,4.71852,-45,10.0499057342945,8.03224791692177,1.528,-1.77131319484357
208.436584472656,3,4.87192,-45,10.0603330890029,8.03004705130938,1.528,-1.77121312272273
209.101353406906,3,5.00078,-45,10.0700222591524,8.02804329174528,1.528,-1.77082903586666
209.639110565186,3,5.11122,-44,10.0778684360235,8.02641814199509,1.528,-1.77007323719614
210.191292524338,3,5.21553,-45,10.0856675745557,8.02478618536543,1.528,-1.76881580387196
210.633422374725,3,5.27689,-45,10.0912331071766,8.02361258392145,1.528,-1.76796887499486
211.218507528305,3,5.4487,-45,10.0986477012831,8.02095713969187,1.528,-1.76753354143587
211.690033435822,3,5.52233,-45,10.1048279397289,8.01891202801836,1.528,-1.76713124593747
212.236503362656,3,5.61437,-45,10.1123921086184,8.01732646184729,1.528,-1.7661929980656
212.798431396484,3,5.71868,-45,10.1216563733129,8.01538640046012,1.528,-1.76576328009202
213.36554646492,3,5.83526,-45,10.1306027923851,8.0135290381127,1.528,-1.76600940260831
213.981001377106,3,5.90276,-45,10.1399291276761,8.01158723039167,1.528,-1.76668841343602
214.426887512207,3,5.95185,-45,10.1464430113495,8.01013500101438,1.528,-1.76736584481999
215.023855447769,3,6.03161,-45,10.1540880842252,8.00782449010083,1.528,-1.76911571705599
215.582554578781,3,6.11138,-45,10.1622612311753,8.00611148632954,1.528,-1.76860796057238
216.14334654808,3,6.19115,-46,10.1701527741185,8.00449540258349,1.528,-1.76862042592808
216.721970558167,3,6.22183,-46,10.1781193505335,8.00287862451285,1.528,-1.76865049500087
217.07387137413,3,6.25251,-46,10.1830113974193,8.00190487422797,1.528,-1.76822185851183
217.708074569702,3,0.0306796,-46,10.192586441673,7.99996277329416,1.528,-1.76719956537048
218.338536500931,3,0.0859029,-46,10.2017939294501,7.99877036676239,1.528,-1.76531673895961
218.666874408722,3,0.110447,-46,10.2062970545448,7.99849830295458,1.528,-1.76402678125018
219.289613485336,3,0.153398,-45,10.2167219684458,7.99657991118649,1.528,-1.76433067246633
219.604217529297,3,0.147262,-46,10.2217766801275,7.99563910260696,1.528,-1.76515234809815
219.995479345322,3,0.147262,-46,10.2279655127426,7.994490544482,1.528,-1.76641799224557
220.476866483688,3,0.147262,-46,10.234766974193,7.9932392383934,1.528,-1.76657371380894
221.03025841713,3,0.184078,-46,10.2425338819214,7.99182502491411,1.528,-1.76641448890247
221.484392404556,3,0.208621,-46,10.2490561856618,7.9906534259089,1.528,-1.76620915711805
222.180045366287,3,0.245437,-46,10.260777688928,7.98866136610896,1.528,-1.7651222311072
222.663691520691,3,0.214757,-47,10.2676863860345,7.98749888564575,1.528,-1.76448173651031
223.444282531738,3,0.177942,-47,10.2790231547414,7.98557687451202,1.528,-1.7628111990537
223.908620357513,3,0.190214,-47,10.2860796148511,7.98436692092865,1.528,-1.76181089809192
224.527446508408,3,0.147262,-47,10.2950775214823,7.98280573845881,1.528,-1.76089970205243
224.966555356979,3,0.122718,-48,10.3011478670921,7.98172934727851,1.528,-1.7590035013104
225.605883359909,3,0.0736311,-48,10.309368153213,7.97956668200525,1.528,-1.75627218430604
226.21636557579,3,0.0552233,-48,10.3179566231837,7.97770477282348,1.528,-1.75625847220073
226.731057405472,3,0.0368155,-49,10.3255605518313,7.97633420333006,1.528,-1.75767477007304
227.397238492966,3,0.0122718,-49,10.3353201318157,7.97453247528455,1.528,-1.76005525689044
227.868017435074,3,6.24023,-49,10.3425746578151,7.97317225165967,1.528,-1.76240002332952
228.479041576386,3,6.21569,-50,10.3517199329179,7.9714676791514,1.528,-1.76199367579729
229.011296510696,3,6.14206,-50,10.3602837374409,7.96965156034625,1.528,-1.75866244758363
229.596696376801,3,6.14206,-49,10.3698605043575,7.96756956779953,1.528,-1.75386539010888
230.134031534195,3,6.05002,-50,10.3776256168866,7.96619403358008,1.528,-1.75151367031433
230.778722524643,3,5.94571,-50,10.3861837189768,7.96466166701665,1.528,-1.75073003891434
231.352972507477,3,5.8414,-51,10.3947170464785,7.96308773732021,1.528,-1.75144445958123
231.909727573395,3,5.76163,-51,10.402861583838,7.96154555684697,1.528,-1.75291354039999
232.485053539276,3,5.64505,-51,10.4112968109391,7.95970892053545,1.528,-1.75487075133297
233.0398914814,3,5.52847,-52,10.4205349742592,7.9570901684538,1.528,-1.7567641930713
233.810438394547,3,5.35052,-52,10.4322120400609,7.95482057474545,1.528,-1.75670334774954
234.380032539368,3,5.28917,-52,10.4405726990476,7.95319714581601,1.528,-1.75430879007861
234.883715391159,3,5.19713,-52,10.4476187079197,7.9518310133104,1.528,-1.75210433045864
235.086470365524,3,5.19713,-52,10.45042160683,7.95128777104739,1.528,-1.75120855864197
235.75648355484,3,4.98851,-52,10.4605064883284,7.94936923632648,1.528,-1.75118682705742
236.298175573349,3,4.87192,-52,10.4669819026872,7.948206679399,1.528,-1.75257316453051
236.90025639534,3,4.76148,-53,10.4744747107094,7.9468200555438,1.528,-1.75447493288457
237.415122509003,3,4.62649,-53,10.4817627050234,7.94543079520617,1.528,-1.75597106522638
238.174200534821,3,4.46695,-52,10.4933825825344,7.94327390906943,1.528,-1.75703105044589
238.681753396988,3,4.2706,-53,10.5002975010335,7.94200268162818,1.528,-1.75681452269491
238.942180395126,3,4.26447,-52,10.5038696911795,7.94133816774943,1.528,-1.75611565307271
239.598414421082,3,4.13561,-52,10.5132937209979,7.93943949521694,1.528,-1.75389752343956
240.034067392349,3,4.01289,-52,10.5208687915408,7.93747742776483,1.528,-1.75312759823683
240.711001396179,3,3.79814,-53,10.5316113600628,7.93528217598833,1.528,-1.75113327998654
240.994723558426,3,3.71837,-53,10.5360472362742,7.93445957838324,1.528,-1.75073432759133
241.580246448517,3,3.50361,-53,10.5455548190374,7.93270309275411,1.528,-1.75290173417038
241.936222553253,3,3.42998,-53,10.5512540073484,7.93164740381042,1.528,-1.75397451166248
242.31956744194,3,3.38703,-53,10.5573721007159,7.93051344685008,1.528,-1.75507154909388
243.102919578552,3,0.104311,-53,10.5689020998008,7.92839470530931,1.528,-1.75551187544911
243.54204249382,3,3.12932,-54,10.5749047027016,7.92836304930384,1.528,-1.75304219983669
243.919797420502,3,3.06183,-54,10.5801342840098,7.92818408274045,1.528,-1.75102905525973
244.268262386322,3,2.93297,-54,10.5852982772995,7.92720590324231,1.528,-1.7500757026524
244.523537397385,3,2.87161,-54,10.5890812643238,7.92648931820019,1.528,-1.74937730504791
245.115941524506,3,2.79185,-53,10.5989079213129,7.92464098915484,1.528,-1.74809385624193
245.335879564285,3,2.69367,-53,10.6024597838634,7.9239693926315,1.528,-1.74787717594839
245.75785446167,3,2.54641,-54,10.6089039274401,7.92273861926369,1.528,-1.74827195231165
246.095442533493,3,2.4421,-54,10.6140241045827,7.92175338910527,1.528,-1.748813326886
246.380564451218,3,2.39915,-55,10.6182910432789,7.92092032012173,1.528,-1.74963826836726
246.839373350143,3,2.25802,-54,10.6253791916116,7.91977557867511,1.528,-1.7507527474458
247.256328344345,3,2.19666,-54,10.6322065190982,7.91907563417648,1.528,-1.75139531944454
247.611511468887,3,2.10462,-54,10.6376872161905,7.91823930750689,1.528,-1.75228327905475
247.904981374741,3,2.05553,-54,10.6420078027509,7.91739941778301,1.528,-1.75322815499411
248.183456420898,3,1.9819,-54,10.6461534878379,7.91659135739924,1.528,-1.75385149691276
248.551048517227,3,1.91441,-54,10.6519160562865,7.91545455980529,1.528,-1.75294520205675
248.8055164814,3,1.84691,-54,10.6559052309074,7.91466760444826,1.528,-1.75231781368456
249.05847454071,3,1.73647,-54,10.6599643188619,7.91385082769865,1.528,-1.75162491842648
249.494594573975,3,1.65056,-55,10.6669855133714,7.91243416190382,1.528,-1.75041329636511
249.553788423538,3,1.63829,-55,10.6679027285986,7.91224903192904,1.528,-1.75028662119002
250.082345485687,3,1.47262,-55,10.675136161867,7.91078727562271,1.528,-1.75016606396888
250.333214521408,3,1.42353,-55,10.6799830116952,7.90980546757714,1.528,-1.75073929477412
250.513973474503,3,1.38672,-55,10.6852116431489,7.90874428720327,1.528,-1.75192668349343
250.843199491501,3,1.3315,-55,10.6947348312313,7.90681150223287,1.528,-1.75408933852099
251.161519527435,3,1.23332,-55,10.7009127370607,7.90559557960064,1.528,-1.75560881217252
251.386799573898,3,1.17196,-55,10.7043163001116,7.90494376516731,1.528,-1.75650144474624
251.802136421204,3,1.04311,-55,10.7107257108616,7.90371515371853,1.528,-1.75792366271806
252.126917362213,3,1.00016,-55,10.7159084209575,7.9027202584769,1.528,-1.75875197084946
252.297671556473,3,0.957204,-56,10.7186332405967,7.90219719042116,1.528,-1.7591874554168
252.789555549622,3,0.877437,-56,10.7257528895236,7.90083439902385,1.528,-1.75909620083334
253.103776454926,3,0.816078,-56,10.7302831548899,7.89996873740968,1.528,-1.75895105268722
253.51241850853,3,0.693359,-56,10.7365557365517,7.89878391642913,1.528,-1.75883489376756
253.826773405075,3,0.546097,-57,10.7414353328682,7.89787048243619,1.528,-1.75879369409889
254.039404392242,3,0.539961,-56,10.7449261180552,7.89724566122206,1.528,-1.75893449887954
254.415080547333,3,0.368155,-57,10.7510936328409,7.89614172790327,1.528,-1.75918327258518
254.720666408539,3,0.312932,-56,10.755646398384,7.89529399953688,1.528,-1.75882552252058
255.084236383438,3,0.16567,-57,10.7608479725792,7.89430870134798,1.528,-1.75814031515063
255.53320646286,3,0.0613592,-58,10.7671679790363,7.89311866516052,1.528,-1.75785693475805
255.87727355957,3,6.24023,-58,10.771974109228,7.89221628969597,1.528,-1.75784222211461
256.24636054039,3,6.03775,-58,10.7773690088327,7.89118983383002,1.528,-1.7584858068292
256.575077533722,3,5.87821,-58,10.7822087463634,7.89026711751576,1.528,-1.75915522846896
256.899490356445,3,5.76163,-57,10.7870433142604,7.88933909573275,1.528,-1.75981965452715
257.276710510254,3,5.60823,-58,10.7926873312691,7.88825329436538,1.528,-1.76059369114547
257.65389752388,3,5.50392,-59,10.7974860570926,7.88763694390147,1.528,-1.7617583908951
257.892728567123,3,5.32598,-58,10.8003781624853,7.8873280144618,1.528,-1.76256357932829
258.479127407074,3,5.1419,-58,10.8079828479033,7.88603467052127,1.528,-1.76213657026647
258.991048574448,3,4.94555,-58,10.8147732648156,7.88469097496281,1.528,-1.7607794168517
259.438394546509,3,4.69398,-59,10.820625496671,7.88353284907984,1.528,-1.75963977170091
259.70299744606,3,4.57126,-59,10.8241111389,7.88285346683812,1.528,-1.75950493116344
260.113190412521,3,4.31969,-59,10.8295292791581,7.88180370216312,1.528,-1.75962345298158
260.629764556885,3,4.10493,-60,10.8370401113988,7.88033876722207,1.528,-1.76002433722488
260.872639417648,3,4.0313,-60,10.8406762526799,7.879628218513,1.528,-1.76025117906627
261.249480485916,3,3.81041,-60,10.8465269720219,7.8780374416286,1.528,-1.75909734118684
261.529506444931,3,3.58338,-60,10.8509269749137,7.87673287936769,1.528,-1.7578622526558
261.919038534164,3,3.38703,-60,10.8565569048368,7.87538114359459,1.528,-1.75732663208477
262.569783449173,3,3.11705,-61,10.8654304437867,7.87367075590258,1.528,-1.75787160193917
263.021221399307,3,2.8532,-60,10.8717049242988,7.87245934629874,1.528,-1.75826298042656
263.203697443008,3,2.77957,-60,10.8743876997153,7.87194036698503,1.528,-1.75811053303541
263.689929485321,3,2.54027,-60,10.8820137617827,7.87046198126845,1.528,-1.756692353072
264.218893527985,3,2.33779,-60,10.8896448859793,7.86898158648322,1.528,-1.75537931093213
264.382576465607,3,2.20893,-61,10.8919181892097,7.86854043060882,1.528,-1.75500342812078
265.009049415588,3,1.92054,-60,10.8981783466006,7.86643359967374,1.528,-1.75249052288266
265.157777547836,3,1.81623,-60,10.8994063798332,7.8658891716073,1.528,-1.75178031032983
265.779628515244,3,1.64443,-60,10.9080913980997,7.863947148604,1.528,-1.75521026895484
266.037632465363,3,1.5033,-61,10.9121383812382,7.86318343574445,1.528,-1.75738619359152
266.511269569397,3,1.27627,-61,10.9194372640827,7.8617823109127,1.528,-1.75876776784423
266.665796518326,3,1.24559,-60,10.9218185684335,7.86132518552392,1.528,-1.7592185147392
267.240756511688,3,1.0247,-60,10.9308010926105,7.85956742181467,1.528,-1.76037140086069
267.494491577148,3,0.920388,-61,10.9347967531779,7.85878064936442,1.528,-1.760880247621
267.666046380997,3,0.809942,-61,10.9375847100362,7.85822305799276,1.528,-1.7613953108372
268.12317943573,3,0.681087,-61,10.9450136319115,7.85673727361771,1.528,-1.76276777267517
268.384226560593,3,0.546097,-61,10.9484498404206,7.85636623224923,1.528,-1.76169659327316
268.657112360001,3,0.490874,-60,10.9517866057751,7.85612955470665,1.528,-1.75998941099879
269.124944448471,3,0.208621,-60,10.9580422986324,7.85525137541247,1.528,-1.75803529439497
269.550000429153,3,0.0184078,-61,10.9641965765015,7.85403810348971,1.528,-1.75711508332311
269.802193403244,3,6.27091,-61,10.9678939056043,7.85330121887913,1.528,-1.75767721788505
269.935818433762,3,6.13592,-60,10.969860937791,7.8529078124418,1.528,-1.75816808988117
270.425325393677,3,5.93957,-60,10.9770451623009,7.85147259285194,1.528,-1.75992065777229
270.612082481384,3,5.81686,-60,10.9797258763957,7.85094160525239,1.528,-1.76046195581068
270.806277513504,3,5.74322,-60,10.9825133548585,7.85038947009534,1.528,-1.76102481203873
271.262877464294,3,5.48552,-61,10.9894149327723,7.84903120638388,1.528,-1.76242717949282
271.48841547966,3,5.48552,-61,10.9931082963273,7.848311155674,1.528,-1.76318447420493
271.916692495346,3,5.13577,-60,11.0002163918718,7.84705600260541,1.528,-1.76464171964585
272.084989547729,3,5.056,-61,11.003133364642,7.84670931321878,1.528,-1.76523945996763
272.503151416779,3,4.96396,-61,11.0103810660622,7.84584790608277,1.528,-1.76672464468488
272.795750379562,3,4.78602,-60,11.0149759501039,7.8449245377661,1.528,-1.76551856704876
272.842968463898,3,4.80443,-61,11.0157122877412,7.84477205722882,1.528,-1.76529962063625
273.166627407074,3,4.60194,-62,11.0207595543737,7.8437268710412,1.528,-1.76379884046941
273.449717521667,3,4.28287,-63,11.0253073109415,7.84279113091201,1.528,-1.76275403206196
273.857318401337,3,4.47309,-62,11.0319302075617,7.84143169423734,1.528,-1.76140040494573
274.299314498901,3,4.25833,-61,11.0387674508792,7.84005650982416,1.528,-1.76015223389881
274.51380944252,3,4.16016,-61,11.0420424542571,7.83940150914858,1.528,-1.75957394501406
274.91703248024,3,3.86563,-62,11.0481373868504,7.8381793037035,1.528,-1.75957777399262
275.014419555664,3,3.87177,-63,11.0495995516307,7.8378855767963,1.528,-1.75975375134671
275.366853475571,3,3.84109,-62,11.0548909772416,7.83682260899659,1.528,-1.76039059549103
275.638672351837,3,3.54656,-61,11.0591162352744,7.83610035807807,1.528,-1.76109390759006
276.080824375153,3,3.35635,-62,11.0660564286976,7.83497099933013,1.528,-1.76233683313947
276.1666264534,3,3.2459,-62,11.0673976937404,7.83472940338689,1.528,-1.76259429914071
276.45929145813,3,3.06796,-61,11.071949454158,7.83381099509024,1.528,-1.7635409041833
276.873527526855,3,2.92684,-61,11.0783996467795,7.8325108732694,1.528,-1.76481785966586
277.008853435516,3,2.9207,-61,11.0805595709981,7.83208467393697,1.528,-1.76480243163573
277.497983455658,3,2.6814,-60,11.0883665296731,7.83054419369843,1.528,-1.76474666764519
277.814470529556,3,2.65072,-61,11.0928849809904,7.82963590482966,1.528,-1.76374259439772
278.237189531326,3,2.39301,-60,11.0987587258993,7.82844952466984,1.528,-1.76210841388345
278.477504491806,3,2.08008,-61,11.1020987656626,7.82778291891269,1.528,-1.76110166598475
278.662644386292,3,2.11689,-60,11.1046721010542,7.82727079969119,1.528,-1.76031183036949
279.118050575256,3,2.06781,-60,11.1114627340172,7.82603491985366,1.528,-1.75894746665709
279.23309636116,3,2.01872,-61,11.1135523418939,7.82574205814366,1.528,-1.75907252652244
279.701946496964,3,1.90214,-60,11.1220681943354,7.82454854852118,1.528,-1.75958218738825
279.977238416672,3,1.66284,-60,11.1266002257231,7.82368656540745,1.528,-1.75973237938524
280.107086420059,3,1.59534,-60,11.1287059285006,7.82326899383972,1.528,-1.75979305217714
280.374103546143,3,1.35604,-61,11.1330360582627,7.82241030709027,1.528,-1.75991781862791
280.786263465881,3,1.20878,-60,11.139067230606,7.82120655387881,1.528,-1.76097543282405
281.001210451126,3,1.03084,-61,11.14211710621,7.820596578758,1.528,-1.7616535119632
281.136016368866,3,0.981748,-60,11.1440298628803,7.82021402742393,1.528,-1.76207877533942
281.507335424423,3,0.809942,-61,11.1489116557042,7.81922411395024,1.528,-1.76265212896448
282.097368478775,3,0.472466,-61,11.1569151427534,7.81760404412627,1.528,-1.76295850597019
282.16677737236,3,0.447922,-60,11.1579340642631,7.81739927058014,1.528,-1.76289717283077
282.426287412643,3,0.404971,-61,11.1617436677356,7.81663365124149,1.528,-1.76266785689359
282.757697343826,3,0.294524,-61,11.1676546503906,7.81550326051623,1.528,-1.76182003815614
282.956259489059,3,0.184078,-62,11.1718351919389,7.81473272932892,1.528,-1.76097300032612
283.209074497223,3,6.24023,-61,11.1771579771273,7.81375166696085,1.528,-1.75989452751015
283.378872394562,3,6.19115,-61,11.1802943689571,7.81315567465691,1.528,-1.7593234296562
283.754519462585,3,5.96412,-61,11.1853900885058,7.81210156012281,1.528,-1.75870395002478
283.93864440918,3,5.80458,-60,11.1878877762815,7.81158488157314,1.528,-1.75840030955009
284.162793397903,3,5.71868,-61,11.1909167377091,7.81095942431337,1.528,-1.75830890191572
284.280770540237,3,5.60823,-60,11.1925019283122,7.81063296921888,1.528,-1.7584768379499
284.493079423904,3,5.62051,-61,11.1953545999456,7.81004548832803,1.528,-1.75877905167741
284.852127552032,3,5.39348,-60,11.2001919280437,7.80905161439126,1.528,-1.7592888047568
285.044825553894,3,5.30144,-60,11.2028699704709,7.80851600590581,1.528,-1.75955395747237
285.258016347885,3,5.20326,-60,11.2058328138107,7.80792343723786,1.528,-1.75984730829809
285.490824460983,3,5.10509,-60,11.209068291077,7.8072763417846,1.528,-1.76016765258188
285.648614406586,3,5.01919,-60,11.2113796317244,7.80680849013919,1.528,-1.76053196755502
285.885420560837,3,4.98237,-60,11.214957024077,7.80607951207487,1.528,-1.76121369704109
286.130254507065,3,4.9026,-60,11.2186556909874,7.80532582145916,1.528,-1.76191853733911
286.278940439224,3,4.86579,-60,11.2207341976137,7.80491962749697,1.528,-1.76216387920627
286.605199575424,3,4.78602,-60,11.2236065528957,7.80454711892134,1.528,-1.76086234321915
286.852366447449,3,4.74307,-60,11.2257825871936,7.80426491447333,1.528,-1.75987632767791
287.079065561295,3,4.71852,-60,11.2283221946426,7.8038398276554,1.528,-1.75920929200538
287.31992650032,3,4.57126,-60,11.2317553707563,7.803163491961,1.528,-1.75882134310453
287.448424577713,3,4.43627,-60,11.2335869526299,7.80280267033191,1.528,-1.75861437435282
287.639621496201,3,4.5099,-59,11.2363122292821,7.80226579083142,1.528,-1.75830641809112
287.94568157196,3,4.53445,-61,11.2411273573806,7.80131546134469,1.528,-1.75795939093249
288.055991411209,3,4.41173,-61,11.2428882222014,7.80096784234128,1.528,-1.75784250594008
288.342531442642,3,3.89631,-61,11.2474622317777,7.80006486976113,1.528,-1.7575388863389
288.545264482498,3,3.90858,-60,11.2505650596115,7.7994469880777,1.528,-1.75752115285276
288.730248451233,3,3.9454,-60,11.2533387888723,7.79889224222555,1.528,-1.75758985990785
289.060323476791,3,3.95153,-60,11.2582880758992,7.79790238482017,1.528,-1.75771245692594
289.216691493988,3,3.90858,-60,11.2605314890985,7.7974582281367,1.528,-1.75793122165765
289.441076517105,3,3.82882,-60,11.2636197068759,7.79685293745232,1.528,-1.75845313046203
289.830825567245,3,3.8595,-60,11.2689838346981,7.79580156839917,1.528,-1.75935966806398
290.027220487595,3,3.792,-59,11.2707940810483,7.7957268561363,1.528,-1.75911004697253
290.230403423309,3,3.71223,-58,11.2724988149307,7.79573524007343,1.528,-1.75871879657327
290.430132389069,3,3.52816,-58,11.2741745695114,7.7957434814894,1.528,-1.75833419716132
290.588084459305,3,3.42385,-59,11.2754998099652,7.7957499990654,1.528,-1.75803004361454
290.855388402939,3,3.30113,-59,11.2795703257591,7.79498730789174,1.528,-1.7579430610032
291.150916576386,3,3.25818,-59,11.2840708125665,7.79414401279094,1.528,-1.75784693410052
291.229189395905,3,3.2275,-58,11.2852627997382,7.79392065985489,1.528,-1.75782147418035
291.400903463364,3,3.21522,-59,11.2879000278284,7.79342138360664,1.528,-1.75780416658937
291.726036548615,3,3.21522,-59,11.292904401072,7.79247147942616,1.528,-1.75779026555258
291.906449556351,3,3.17227,-59,11.2956812763567,7.79194438735821,1.528,-1.75778255201012
292.064704418182,3,3.19682,-59,11.2982013018572,7.79146519078683,1.528,-1.75770133955789
292.311813354492,3,3.16,-59,11.3022158473488,7.79070101853098,1.528,-1.75750413381445
292.503712415695,3,3.12932,-60,11.3053334501458,7.79010758010383,1.528,-1.75735098841389
292.822753429413,3,2.97592,-60,11.310246236317,7.7891734211765,1.528,-1.75712108317136
292.987658500671,3,2.93297,-60,11.3126374687264,7.78871930639784,1.528,-1.7570157811937
293.064950466156,3,2.86548,-60,11.3137582532568,7.78850646016133,1.528,-1.75696642554466
293.352718353271,3,2.74889,-60,11.3179310776144,7.7877140063613,1.528,-1.75678266814175
293.608792543411,3,2.64458,-60,11.3209572283064,7.7870768889553,1.528,-1.75641709327849
293.954819440842,3,2.56482,-60,11.32471858907,7.78624843734407,1.528,-1.75582670247509
294.062962532043,3,2.58936,-60,11.3258941195942,7.7859895230261,1.528,-1.75564218882319
294.389580488205,3,2.54641,-60,11.3302287652169,7.78513335911412,1.528,-1.7559108048892
294.554849386215,3,2.46051,-60,11.332558036307,7.78468728172612,1.528,-1.75618987793489
294.739859342575,3,2.40528,-60,11.3351655344382,7.78418792123494,1.528,-1.75650228572986
294.915219545364,3,2.29484,-60,11.33770094627,7.78370282020871,1.528,-1.75677462994261
295.126415491104,3,2.24575,-60,11.3414801385701,7.78298477367168,1.528,-1.75683277136262
295.367686510086,3,2.00645,-60,11.3457975016425,7.78216447468792,1.528,-1.75689919233296
295.46774148941,3,2.10462,-60,11.3475879101001,7.78182429708098,1.528,-1.75692673707846
295.676866531372,3,1.9635,-60,11.3511770655239,7.78114642789367,1.528,-1.75702402455547
295.936231374741,3,1.84691,-60,11.3550548006099,7.78042997017304,1.528,-1.75729361947097
296.014293432236,3,1.77328,-60,11.3562218977973,7.78021433507364,1.528,-1.75737476051353
296.186953544617,3,1.76101,-60,11.3588033200403,7.77973738658303,1.528,-1.75755423082185
296.406410455704,3,1.68124,-61,11.3620719457349,7.77912381447317,1.528,-1.75774570588366
296.545383453369,3,1.62602,-61,11.364127874242,7.7787270202713,1.528,-1.75782588709544
296.705470561981,3,1.60761,-61,11.36649615913,7.77826994128791,1.528,-1.75791825020607
296.942376375198,3,1.55239,-61,11.3700008789179,7.77759353036885,1.528,-1.7580549342778
