22.33331990242,1106.60274411621,751.661930895992,192.8,-66,1.46648530717959,1.46648530717959
22.788115978241,1106.65676700881,751.110130634052,192.8,-65,1.39899530717959,1.39899530717959
23.0797069072723,1106.69001836207,750.766815878547,192.8,-64,1.49102530717959,1.49102530717959
23.803867816925,1106.7958850361,749.622470518159,192.8,-65,1.29467530717959,1.29467530717959
24.4994909763336,1106.67140814601,748.366211442766,192.8,-63,1.31308530717959,1.31308530717959
24.9092988967896,1106.72726988391,747.784455450438,192.8,-63,1.38671530717959,1.38671530717959
25.5239908695221,1106.81190381669,746.950808194412,192.8,-63,1.56466530717959,1.56466530717959
26.2448627948761,1106.92072395603,745.935140503637,192.8,-62,1.61374530717959,1.61374530717959
26.8211088180542,1107.01626578988,745.094273010876,192.8,-61,1.74873530717959,1.74873530717959
27.8681309223175,1107.2155835159,743.56008260237,192.8,-61,1.84691530717959,1.84691530717959
28.4324169158936,1107.30830156894,742.808743583878,192.8,-61,1.94508530717959,1.94508530717959
28.8399000167847,1107.37862146961,742.248295569013,192.8,-60,1.98803530717959,1.98803530717959
29.588711977005,1107.51659089147,741.181982650614,192.8,-60,2.11075530717959,2.11075530717959
30.1427710056305,1107.61975882622,740.444567629595,192.8,-60,2.11075530717959,2.11075530717959
30.6200988292694,1107.70073793322,739.907983058993,192.8,-60,2.20893530717959,2.20893530717959
31.7738018035889,1107.8536344798,738.736465534476,192.8,-60,2.29483530717959,2.29483530717959
32.2896249294281,1107.99091602505,737.964951684194,192.8,-60,2.39914530717959,2.39914530717959
32.8242969512939,1108.14501983227,737.161018171032,192.8,-60,2.36233530717959,2.36233530717959
33.4137439727783,1108.32897497398,736.272539711259,192.8,-60,2.44823530717959,2.44823530717959
34.0584108829498,1108.48398797804,735.452074909166,192.8,-60,2.61390530717959,2.61390530717959
34.4893260002136,1108.51470900009,734.851786138299,192.8,-60,2.63231530717959,2.63231530717959
35.5555429458618,1108.82032815634,733.233490480815,192.8,-60,2.71821530717959,2.71821530717959
36.1884119510651,1109.03809830115,732.236580722506,192.8,-60,2.81638530717959,2.81638530717959
36.6415228843689,1109.19400186315,731.546239749988,192.8,-60,2.86547530717959,2.86547530717959
37.3268430233002,1109.42779584881,730.525182378421,192.8,-61,2.95137530717959,2.95137530717959
37.8172240257263,1109.58089926662,729.818229023909,192.8,-61,3.02500530717959,3.02500530717959
38.5726418495178,1109.82141903835,728.736326167687,192.8,-61,3.06182530717959,3.06182530717959
39.5948419570923,1110.18928556381,727.21640913783,192.8,-62,3.00660530717959,3.00660530717959
40.1026799678802,1110.37051837031,726.534248854164,192.8,-63,3.04955530717959,3.04955530717959
40.6786179542542,1110.60122328797,725.660645957762,192.8,-63,3.03114530717959,3.03114530717959
41.3169748783112,1110.83600322555,724.754996101994,192.8,-64,3.03114530717959,3.03114530717959
41.8784949779511,1111.04782186178,723.973185790073,192.8,-65,3.06182530717959,3.06182530717959
42.5244708061218,1111.30821232614,723.053846242213,192.8,-66,2.93910530717959,2.93910530717959
