62.082202911377,859.304725539961,908.78772480446,107.3,-66,5.34438930717959,5.34438930717959
62.5571019649506,859.754544515526,908.273165458932,107.3,-66,5.20939530717959,5.20939530717959
63.3133299350739,860.612300549643,907.344594210559,107.3,-65,5.09895530717959,5.09895530717959
63.8835029602051,861.26853770801,906.647362209015,107.3,-65,5.00691530717959,5.00691530717959
64.5019190311432,861.79380161574,906.056892894779,107.3,-65,4.91487530717959,4.91487530717959
64.9764180183411,862.245270834082,905.546164523285,107.3,-65,4.82897530717959,4.82897530717959
65.6121370792389,862.863259460541,904.848721146883,107.3,-65,4.70011530717959,4.70011530717959
66.1620590686798,863.404459591922,904.239420247813,107.3,-65,4.78601530717959,4.78601530717959
66.5332219600677,863.767175280328,903.831783248854,107.3,-65,4.69398530717959,4.69398530717959
67.2442378997803,864.372846455367,903.093013002545,107.3,-65,4.53444530717959,4.53444530717959
67.6728799343109,864.730585944819,902.649360350874,107.3,-65,4.47308530717959,4.47308530717959
68.5756130218506,865.617304053179,901.64417968168,107.3,-64,4.36264530717959,4.36264530717959
69.1279408931732,866.14725988956,901.043707500723,107.3,-65,4.29514530717959,4.29514530717959
69.2939469814301,866.315904720024,900.853901912065,107.3,-65,4.26446530717959,4.26446530717959
70.8002688884735,867.795801695287,899.18662575535,107.3,-66,3.88403530717959,3.88403530717959
79.9363090991974,876.775589842246,889.038014409337,107.3,-66,6.09910730717959,-0.184078
80.6719450950623,877.546472044645,888.153863562358,107.3,-65,5.84139930717959,-0.441786
81.1849620342255,878.119306072952,887.497361848639,107.3,-65,5.61436930717959,-0.668816
82.4976160526276,879.525276918735,885.92889072737,107.3,-64,5.38120430717959,-0.901981
83.1900119781494,880.361989095728,885.12732115419,107.3,-64,5.12963530717959,-1.15355
83.7245628833771,880.838800927751,884.587209627295,107.3,-64,4.95168530717959,-1.3315
84.3043649196625,881.419388973613,883.927916357794,107.3,-65,4.83510530717959,-1.44808
84.9469048976898,882.128847947635,883.123680477873,107.3,-64,4.58967530717959,-1.69351
85.6525409221649,882.899045594129,882.249953292264,107.3,-63,4.30741530717959,-1.97577
86.5394630432129,883.824809928843,881.158392773677,107.3,-64,4.03743530717959,-2.24575
87.1728498935699,884.53845148995,880.309374935812,107.3,-63,3.76132530717959,-2.52186
87.7289190292358,885.134294889654,879.636354509026,107.3,-62,3.63246530717959,-2.65072
88.4791679382324,885.85586631042,878.820119099994,107.3,-62,3.38702530717959,-2.89616
89.2133350372314,886.616309636738,877.960596676094,107.3,-61,3.11704530717959,-3.16614
89.6100449562073,886.978409942425,877.554873850524,107.3,-60,3.01273530717959,-3.27045
90.350282907486,887.642704301273,876.803084539728,107.3,-60,2.73662530717959,-3.54656
90.9021689891815,888.153484306414,876.217181906096,107.3,-59,2.59549530717959,-3.68769
91.6182780265808,888.899919290197,875.374641493654,107.3,-59,2.33778530717959,-3.9454
92.2422199249268,889.533192310168,874.650070921655,107.3,-58,2.19052530717959,-4.09266
92.7545239925385,890.121581898141,873.981366667766,107.3,-57,2.06780530717959,-4.21538
93.4598278999329,890.878798851894,873.122963064767,107.3,-57,1.85918530717959,-4.424
94.3101420402527,891.757664086652,872.025007137424,107.3,-56,1.72419530717959,-4.55899
94.7320148944855,892.217172753749,871.408832164908,107.3,-56,1.58306530717959,-4.70012
95.4334969520569,892.818305696381,870.71844804302,107.3,-55,1.45421530717959,-4.82897
96.2348589897156,893.620644740528,869.795472870519,107.3,-54,1.30081530717959,-4.98237
96.5005650520325,893.904322124069,869.468927815043,107.3,-54,1.27627530717959,-5.00691
97.4490621089935,894.839684547724,868.390313635066,107.3,-53,1.12900530717959,-5.15418
97.9063379764557,895.2688602642,867.869874661878,107.3,-53,1.06151530717959,-5.22167
98.5961530208588,896.025602681534,866.857619798369,107.3,-52,0.957205307179586,-5.32598
98.9987258911133,896.434865637525,866.396131876214,107.3,-52,0.938795307179586,-5.34439
100.086150884628,897.592545971339,865.091606015737,107.3,-51,0.803805307179586,-5.47938
100.601845979691,898.136090755732,864.477010212533,107.3,-51,0.705635307179587,-5.57755
101.27351808548,898.797890477434,863.727204833245,107.3,-50,0.638135307179586,-5.64505
101.793005943298,899.246769989399,863.225837216692,107.3,-50,0.595185307179587,-5.688
102.365482091904,899.579238780433,862.897054332432,107.3,-49,0.564505307179586,-5.71868
102.932383060455,900.123826543022,862.28961254309,107.3,-49,0.533825307179586,-5.74936
103.708451032639,900.932581137384,861.371510128084,107.3,-48,0.472465307179586,-5.81072
104.360311031342,901.618061746358,860.593907290521,107.3,-48,0.441785307179586,-5.8414
105.052572965622,902.359585794049,859.752657462909,107.3,-48,0.441785307179586,-5.8414
105.605823993683,902.953656717902,859.074533338797,107.3,-47,0.441785307179586,-5.8414
106.078975915909,903.577157354734,858.359810539881,107.3,-47,0.429515307179586,-5.85367
106.715955972672,904.337546097437,857.487482271631,107.3,-47,0.423375307179586,-5.85981
107.422435045242,905.101843177082,856.610202932224,107.3,-47,0.454055307179586,-5.82913
108.056036949158,905.742541743251,855.87386366444,107.3,-46,0.454055307179586,-5.82913
108.782036066055,906.377611376061,855.140915323653,107.3,-46,0.460195307179586,-5.82299
109.54952788353,907.136058350874,854.264725363756,107.3,-46,0.472465307179586,-5.81072
110.24584197998,908.033280417533,853.140818454798,107.3,-46,0.478605307179587,-5.80458
110.709796905518,908.530488758265,852.563844310445,107.3,-46,0.466325307179586,-5.81686
111.385678052902,909.263657731933,851.720702638424,107.3,-45,0.490875307179587,-5.79231
112.008131027222,909.939170567065,850.940899777156,107.3,-45,0.515415307179587,-5.76777
112.798867940903,910.744161881981,850.009668026312,107.3,-45,0.558365307179586,-5.72482
113.317519903183,911.278132266583,849.392932232096,107.3,-45,0.558365307179586,-5.72482
113.927337884903,911.914232585455,848.694397816704,107.3,-45,0.558365307179586,-5.72482
114.741796016693,912.690836535739,847.794592427056,107.3,-45,0.613595307179586,-5.66959
115.446937084198,913.350487684965,847.022262335295,107.3,-45,0.638135307179586,-5.64505
116.118817090988,913.986854789751,846.280090771939,107.3,-45,0.674955307179586,-5.60823
116.798147916794,914.647248725685,845.51074108202,107.3,-45,0.724035307179586,-5.55915
117.171900033951,915.017875531004,845.078923542401,107.3,-45,0.730175307179587,-5.55301
117.88732790947,915.445650356303,844.427311081787,107.3,-46,0.791535307179586,-5.49165
118.682080984116,916.113063510565,843.644048728224,107.3,-46,0.865165307179586,-5.41802
119.281384944916,916.705752936485,842.962112922318,107.3,-45,0.981745307179586,-5.30144
120.118360996246,917.541736549769,841.998407128395,107.3,-45,1.08605530717959,-5.19713
120.678354024887,918.110553821227,841.340780483612,107.3,-45,1.17809530717959,-5.10509
121.099255084991,918.539994584065,840.845562891582,107.3,-45,1.20264530717959,-5.08054
121.909097909927,919.347769323248,839.947456833187,107.3,-46,1.33149530717959,-4.95169
122.461884021759,919.967038296205,839.227111774989,107.3,-46,1.39899530717959,-4.88419
123.338433027267,920.848244427023,838.211529286562,107.3,-46,1.58306530717959,-4.70012
124.201271057129,921.653833382195,837.280325691181,107.3,-46,1.74873530717959,-4.53445
124.717823982239,922.150666465695,836.708335795853,107.3,-46,1.87145530717959,-4.41173
125.017673969269,922.409165899578,836.4021098775,107.3,-46,1.89599530717959,-4.38719
125.762732982636,922.90621417638,835.765644259285,107.3,-46,2.06166530717959,-4.22152
126.528927087784,923.62149786354,834.925711709313,107.3,-47,2.19666530717959,-4.08652
127.213661909103,924.215392610458,834.22784132421,107.3,-47,2.30097530717959,-3.98221
127.845433950424,924.858459259871,833.470446485866,107.3,-47,2.50345530717959,-3.77973
128.57342505455,925.538832473895,832.674412320049,107.3,-47,2.66912530717959,-3.61406
128.973167896271,925.915609536808,832.244036828958,107.3,-47,2.76116530717959,-3.52202
129.811610937119,926.754403055482,831.296601524303,107.3,-48,2.93910530717959,-3.34408
130.402890920639,927.343042553641,830.602976070842,107.3,-48,3.12318530717959,-3.16
131.108439922333,927.964172783211,829.881550025166,107.3,-48,3.29499530717959,-2.98819
131.655345916748,928.45937436942,829.302424501723,107.3,-49,3.42384530717959,-2.85934
132.372976064682,929.167395102226,828.47374110172,107.3,-49,3.64473530717959,-2.63845
132.756313085556,929.58311225444,827.984560972453,107.3,-49,3.77972530717959,-2.50346
133.487040996552,930.606277692532,826.741691056504,107.3,-50,4.00062530717959,-2.28256
134.367588043213,931.478262744295,825.732243694193,107.3,-50,4.23992530717959,-2.04326
135.12955904007,932.229239661744,824.862182536441,107.3,-50,4.43627530717959,-1.84691
135.79136300087,932.825510164873,824.173847636335,107.3,-50,4.63875530717959,-1.64443
136.489541053772,933.50740251456,823.389061044624,107.3,-50,4.84737530717959,-1.43581
136.725893974304,933.704908466593,823.173033433978,107.3,-51,4.89033530717959,-1.39285
137.475227117538,934.306610118917,822.525368664735,107.3,-50,5.08667530717959,-1.19651
138.369749069214,935.24622292625,821.430504507945,107.3,-51,5.26462530717959,-1.01856
139.024811983109,935.961224279061,820.596288381067,107.3,-52,5.47324330717959,-0.809942
139.536361932755,936.521629497677,819.945665166034,107.3,-52,5.56528230717959,-0.717903
140.818474054337,937.758325212407,818.53717914211,107.3,-52,5.92116630717959,-0.362019
141.495384931564,938.469002015677,817.735849720045,107.3,-53,6.14205930717959,-0.141126
142.302133083344,939.298248486137,816.761940805469,107.3,-54,0.0736353071795861,0.0736353071795861
146.179671049118,939.737194405906,816.204760249332,107.3,-53,0.159535307179587,0.159535307179587
146.675374984741,939.498554383836,816.42199757884,107.3,-52,0.153395307179586,0.153395307179586
147.408801078796,939.251396514515,816.614035266749,107.3,-52,0.0797653071795859,0.0797653071795859
148.084123134613,938.876756419758,816.878609198482,107.3,-51,6.24023380717959,-0.0429515
148.892866134644,938.407166171748,817.171188871543,107.3,-49,6.15433130717959,-0.128854
149.528254985809,937.980119797586,817.40081491407,107.3,-48,6.09297130717959,-0.190214
150.151880025864,936.967628074524,817.94502696554,107.3,-48,6.05002030717959,-0.233165
150.357485055923,936.875075239185,817.967791977459,107.3,-48,6.04388430717959,-0.239301
151.117938995361,936.573824179875,818.049419830446,107.3,-47,6.01320430717959,-0.269981
151.760027170181,936.383821284911,818.104564103801,107.3,-47,6.00093330717959,-0.282252
152.506777048111,936.330087180506,818.118100175903,107.3,-47,6.02547630717959,-0.257709
153.351625204086,936.269294188954,818.13341444095,107.3,-47,6.01320430717959,-0.269981
153.956591129303,936.225762474858,818.144380445265,107.3,-47,6.00706830717959,-0.276117
154.316107988358,936.199892612658,818.150897280781,107.3,-47,6.00093330717959,-0.282252
155.03927397728,936.14785554121,818.164005856031,107.3,-47,6.01934030717959,-0.263845
155.870579004288,936.088037076642,818.179074629548,107.3,-47,6.02547630717959,-0.257709
156.391035079956,936.050586463077,818.188508753576,107.3,-47,6.01934030717959,-0.263845
157.1312251091,935.992844579099,818.20288670185,107.3,-47,6.03774830717959,-0.245437
157.894297122955,935.871013788946,818.231071436885,107.3,-47,6.00706830717959,-0.276117
158.175386190414,935.826135582735,818.241453708472,107.3,-47,6.01934030717959,-0.263845
159.000390052795,935.694416858148,818.271925950727,107.3,-47,6.06229230717959,-0.220893
159.681985139847,935.585594536648,818.29710126391,107.3,-47,6.07456430717959,-0.208621
160.45888710022,935.464036866301,818.324138920203,107.3,-47,6.07456430717959,-0.208621
160.993883132935,935.440151865858,818.302784780734,107.3,-47,6.05002030717959,-0.233165
161.73669719696,935.406988789568,818.273135672792,107.3,-47,6.06229230717959,-0.220893
162.065387010574,935.392314369827,818.260016158455,107.3,-47,6.08070030717959,-0.202485
162.809070110321,935.35911249527,818.230332363321,107.3,-47,6.09297130717959,-0.190214
163.619548082352,935.322928550835,818.197982479223,107.3,-47,6.08683530717959,-0.19635
166.894510030746,936.483605699308,818.029763489531,107.3,-47,6.01934030717959,-0.263845
167.613295078278,936.958428955644,817.958037922108,107.3,-47,6.01320430717959,-0.269981
168.398099184036,937.728224439273,817.838613507337,107.3,-47,5.96411730717959,-0.319068
169.146014213562,938.719660862198,817.681300055893,107.3,-47,5.93957330717959,-0.343612
169.385424137115,939.048704380648,817.628742281891,107.3,-47,5.91503030717959,-0.368155
170.15743803978,940.143162236289,817.497582315242,107.3,-47,5.86594230717959,-0.417243
170.866198062897,941.200029843485,817.332459041818,107.3,-47,5.84753430717959,-0.435651
171.573495149612,942.27080309397,817.156174631408,107.3,-47,5.82912730717959,-0.454058
172.143313169479,943.149251595036,817.004598293378,107.3,-47,5.84139930717959,-0.441786
172.990894079208,944.433085650976,816.779752829176,107.3,-48,5.82912730717959,-0.454058
173.304326057434,944.829401679089,816.692094395688,107.3,-48,5.79844730717959,-0.484738
174.019424200058,945.747470269087,816.492858284599,107.3,-48,5.81685530717959,-0.46633
174.74102807045,946.788059694481,816.292330238652,107.3,-48,5.82299130717959,-0.460194
175.48425412178,947.942968176558,816.068031087125,107.3,-48,5.81071930717959,-0.472466
176.043206214905,948.843197218146,815.890716053713,107.3,-49,5.84753430717959,-0.435651
176.685362100601,949.862433423013,815.699866210303,107.3,-49,5.85367030717959,-0.429515
177.371210098267,950.471106763827,815.65515107732,107.3,-49,5.89048630717959,-0.392699
177.88911819458,951.127551717925,815.527665181398,107.3,-49,5.91503030717959,-0.368155
178.730485200882,952.293003805457,815.296127049485,107.3,-50,5.96411730717959,-0.319068
179.45725607872,953.381450416929,815.083869946076,107.3,-51,6.01320430717959,-0.269981
180.396450042725,954.715278819894,814.818490122184,107.3,-52,6.17273830717959,-0.110447
180.806133031845,955.196346438068,814.709315796215,107.3,-52,6.20955420717959,-0.0736311000000001
181.209943056107,955.724856674955,814.594882804592,107.3,-52,6.27091350717959,-0.0122717999999997
182.277990102768,957.374895181106,814.26396034055,107.3,-53,0.190215307179586,0.190215307179586
182.57331609726,957.816940276947,814.175322983088,107.3,-53,0.269985307179586,0.269985307179586
183.670778036118,959.405149899302,813.855552597068,107.3,-53,0.533825307179586,0.533825307179586
184.318122148514,960.366692960588,813.683953643665,107.3,-54,0.656545307179586,0.656545307179586
184.736705064774,961.067869484432,813.575369470286,107.3,-54,0.760855307179586,0.760855307179586
185.407550096512,962.073742778825,813.390241548145,107.3,-54,1.00015530717959,1.00015530717959
186.211792230606,963.247162004217,813.170273416694,107.3,-54,1.19650530717959,1.19650530717959
186.645713090897,963.827978685809,813.059999076551,107.3,-55,1.32535530717959,1.32535530717959
187.510822057724,965.074182187223,812.822608559673,107.3,-55,1.58920530717959,1.58920530717959
188.02978515625,965.890151825226,812.740087798871,107.3,-56,1.73646530717959,1.73646530717959
189.142257213593,967.518941935122,812.505355434735,107.3,-55,1.96349530717959,1.96349530717959
189.771280050278,968.506648728076,812.311999274419,107.3,-56,2.16598530717959,2.16598530717959
190.789607048035,970.128705927668,811.990472402532,107.3,-56,2.49118530717959,2.49118530717959
191.54320025444,971.411755666494,811.728139834647,107.3,-55,2.71821530717959,2.71821530717959
192.291988134384,972.782590655119,811.425935170013,107.3,-55,2.87774530717959,2.87774530717959
193.253133058548,974.238788267975,811.113703728288,107.3,-55,3.14159530717959,3.14159530717959
193.664690256119,974.814123333309,810.99083433437,107.3,-55,3.21522530717959,3.21522530717959
194.247255086899,975.591055987749,810.82486420076,107.3,-54,3.32567530717959,3.32567530717959
195.53072309494,977.399528449009,810.464816133904,107.3,-53,3.58951530717959,3.58951530717959
196.236722230911,978.471090811961,810.255959435097,107.3,-53,3.76132530717959,3.76132530717959
197.017147064209,979.67492415514,810.014257863598,107.3,-53,3.95767530717959,3.95767530717959
197.497616052628,980.413879497278,809.864815418305,107.3,-53,4.08038530717959,4.08038530717959
198.177244186401,981.416437748212,809.65982102958,107.3,-52,4.25219530717959,4.25219530717959
199.104682207108,982.732718507298,809.423298713569,107.3,-52,4.41172530717959,4.41172530717959
199.867336034775,983.932168466866,809.214730014338,107.3,-52,4.54058530717959,4.54058530717959
200.354015111923,984.690932291204,809.066554292407,107.3,-52,4.63875530717959,4.63875530717959
201.017032146454,985.610612828988,808.884010702671,107.3,-52,4.75534530717959,4.75534530717959
201.546961069107,986.430229900837,808.721074778749,107.3,-52,4.86578530717959,4.86578530717959
202.064454078674,987.210309127159,808.566248650979,107.3,-51,4.95782530717959,4.95782530717959
202.74861907959,988.229905085271,808.305187453563,107.3,-51,5.07440530717959,5.07440530717959
203.792651176453,989.764511482099,807.943001490144,107.3,-51,5.21553530717959,5.21553530717959
204.248468160629,990.438635326845,807.814652975776,107.3,-51,5.27689530717959,5.27689530717959
204.550775051117,990.887080345052,807.729012434105,107.3,-51,5.31984530717959,5.31984530717959
205.25693321228,991.906275261268,807.532140272012,107.3,-52,5.43029230717959,5.43029230717959
206.07374215126,993.16078596097,807.287811767409,107.3,-52,5.54687430717959,5.54687430717959
206.878202199936,994.370832244228,807.02380150013,107.3,-52,5.67572930717959,5.67572930717959
207.341354131699,995.092764124904,806.880538280305,107.3,-52,5.73095230717959,5.73095230717959
208.171912193298,996.352279635444,806.633189377693,107.3,-52,5.85980630717959,5.85980630717959
208.719164133072,997.143101413309,806.478117369939,107.3,-52,5.97638930717959,5.97638930717959
209.611237049103,998.452409721551,806.218606338936,107.3,-53,6.08683530717959,6.08683530717959
210.294242143631,999.528097528853,806.00779890788,107.3,-53,6.24636980717959,6.24636980717959
210.85532617569,1000.41332923045,805.83241586562,107.3,-54,0.0736353071795861,6.35682061435917
211.50749206543,1001.39266285246,805.634577244648,107.3,-54,0.196345307179587,6.47953061435917
212.750762224197,1003.13863968625,805.275177811628,107.3,-54,0.484735307179586,6.76792061435917
213.50444817543,1004.23901044094,805.043462348665,107.3,-54,0.613595307179586,6.89678061435917
213.981849193573,1004.82354331143,804.943710543592,107.3,-55,0.693355307179586,6.97654061435917
214.761017084122,1005.84321062383,804.740115066916,107.3,-56,0.871305307179586,7.15449061435917
215.373673200607,1006.68721229617,804.560525388528,107.3,-56,1.04310530717959,7.32629061435917
216.52821803093,1008.3861914103,804.19723046788,107.3,-57,1.32535530717959,7.60854061435917
217.382594108582,1009.64957070665,803.954984027297,107.3,-58,1.46034530717959,7.74353061435917
217.793253183365,1010.32152407688,803.903631493311,107.3,-59,1.54625530717959,7.82944061435917
218.669830083847,1011.55576823291,803.678843601504,107.3,-60,1.76714530717959,8.05033061435917
219.242503166199,1012.41194919537,803.490872949015,107.3,-61,1.96963530717959,8.25282061435917
220.564079046249,1014.34013477597,803.072231283865,107.3,-63,2.39300530717959,8.67619061435917
