66.0990459918976,2,4.50377,-65,8.63342880613921,9.04308625607806,1.073,0.724857485300293
66.657427072525,2,4.7308,-65,8.6388855363984,9.03695372523342,1.073,0.723572745251128
67.4127399921417,2,4.89033,-65,8.64505665687965,9.02922995978539,1.073,0.720529943151221
67.8891680240631,2,4.96396,-64,8.6494465757038,9.02406653170206,1.073,0.720289605604016
68.245374917984,2,5.08054,-64,8.65297214148529,9.02006936426408,1.073,0.720810656754579
69.0395600795746,2,5.30757,-64,8.66062446814568,9.01139804214138,1.073,0.722837205347768
69.6674039363861,2,5.48552,-65,8.66695297942979,9.00426904216267,1.073,0.72408672992541
70.7838950157166,2,5.79231,-65,8.67779334893538,8.99205095561153,1.073,0.7238883540501
71.3617539405823,2,5.89969,-66,8.68360473424177,8.98553267964688,1.073,0.720476676504675
83.1389050483704,2,0.0245437,-65,8.80316402438631,8.85178959719588,1.073,0.728639107537797
83.818500995636,2,0.294524,-64,8.80922592392634,8.84492294331577,1.073,0.730190009108426
84.4762780666351,2,0.325204,-63,8.81598734684684,8.83724093617279,1.073,0.730302667430824
84.9792909622192,2,0.589049,-63,8.82166719251637,8.83080854452642,1.073,0.729178739007397
85.578439950943,2,0.791534,-62,8.8282780422435,8.82331290364178,1.073,0.727165461721383
86.5261979103088,2,1.04311,-61,8.83809459102634,8.81177149190093,1.073,0.724785288996326
87.2199280261993,2,1.25173,-61,8.84588998418353,8.80252282362005,1.073,0.72556549666129
87.8574860095978,2,1.49717,-61,8.85257947530226,8.79496479701418,1.073,0.727978312978065
88.2721140384674,2,1.71192,-61,8.85656726831726,8.79045383972144,1.073,0.729384450434759
89.1220109462738,2,1.93895,-60,8.86521568965623,8.7806767949419,1.073,0.732102199944702
90.3374071121216,2,2.42369,-61,8.87631033422969,8.76816512680959,1.073,0.731695244707825
91.0411920547485,2,2.64458,-60,8.88298485515998,8.76053563257256,1.073,0.729372566360423
91.5458269119263,2,2.8348,-60,8.88824820224492,8.75459649771376,1.073,0.727095681399237
92.3447029590607,2,3.04955,-60,8.89637207989663,8.74531059534763,1.073,0.725970186287205
92.97172498703,2,3.23363,-61,8.90379078231618,8.73689190693416,1.073,0.727068256316487
94.0671141147614,2,3.66928,-61,8.91489619500963,8.72386808546398,1.073,0.725867782233886
94.598799943924,2,3.792,-61,8.92076035681354,8.71595275302909,1.073,0.724067381680054
95.6646339893341,2,4.11107,-61,8.93041022039383,8.70462342444218,1.073,0.722748439608272
96.3830399513245,2,4.35037,-60,8.93778170536421,8.69614150646425,1.073,0.723541197976497
96.7564949989319,2,4.47922,-60,8.94179037643847,8.69152681572324,1.073,0.722334622754764
97.3368680477142,2,4.54672,-61,8.94740576072013,8.68504880721419,1.073,0.722813237239768
97.9301660060883,2,4.76761,-61,8.95295084579379,8.67834571519456,1.073,0.72511233503343
98.9454391002655,2,5.10509,-61,8.96380693309609,8.66457216991987,1.073,0.727302130841561
99.6052150726318,2,5.2953,-62,8.97068636126967,8.65681778689126,1.073,0.726811730171678
100.325175046921,2,5.51006,-62,8.97845746020563,8.64805473827045,1.073,0.724764070351234
100.886590003967,2,5.80458,-63,8.98434907575744,8.64138962227196,1.073,0.722523087748705
101.816174030304,2,6.21569,-63,8.99260224988172,8.63212531386419,1.073,0.724193587990749
102.786530017853,2,0.282252,-64,8.99970406405687,8.62463313432973,1.073,0.728064497490584
103.390918016434,2,0.60132,-64,9.00603844731653,8.61745398281107,1.073,0.729238469969042
103.564368009567,2,0.668816,-64,9.00783414491038,8.61541164723446,1.073,0.728993130080919
104.345585107803,2,1.12901,-64,9.0160230615235,8.60611729502757,1.073,0.727501631545068
105.952018022537,2,1.73033,-63,9.03409775219168,8.58551683502548,1.073,0.720349818586924
106.694341897964,2,2.35006,-63,9.04313854818873,8.57514681239498,1.073,0.718607180528765
107.336383104324,2,2.6139,-62,9.0501030128118,8.56715249194873,1.073,0.718299419875393
107.99797296524,2,2.95138,-62,9.05692281836145,8.55931926158523,1.073,0.718490930668444
108.149141073227,2,2.96979,-62,9.05823132228285,8.55780761929282,1.073,0.718497701947478
109.861479043961,2,3.62633,-61,9.07538016987479,8.53761211121759,1.073,0.717509952098698
110.626007080078,2,3.98221,-61,9.08442861172809,8.52664341847787,1.073,0.715411698720539
111.162416934967,2,4.10493,-60,9.09012965391545,8.52009711699084,1.073,0.714403186509084
111.50009894371,2,4.30128,-60,9.09392137071153,8.51572586054228,1.073,0.713294423825112
112.422451019287,2,4.61421,-60,9.103587325905,8.50455178170525,1.073,0.713352416930469
112.930229902267,2,4.72466,-60,9.10879403628149,8.49853463809488,1.073,0.712096227562245
113.333942890167,2,4.84124,-60,9.1129517404642,8.4937383367004,1.073,0.710620389717937
114.532269954681,2,5.17258,-59,9.12496129287487,8.48023798140771,1.073,0.711859897282024
114.790484905243,2,5.26462,-59,9.12736081883354,8.47741330454092,1.073,0.711360344964991
115.814512968063,2,5.52847,-59,9.13697057593727,8.46617665343523,1.073,0.70917690016897
116.646661043167,2,5.90889,-59,9.14497028583932,8.45685762669996,1.073,0.709450578634295
117.437964916229,2,6.14206,-60,9.15186178788364,8.4483086709183,1.073,0.711704700016653
118.433011054993,2,0.202485,-60,9.15897430118381,8.43891675205302,1.073,0.714436047888795
118.901853084564,2,0.374291,-60,9.16325649901581,8.43399525306557,1.073,0.714800672549124
119.879654884338,2,0.785398,-60,9.17303558175363,8.42273157408033,1.073,0.712407959401901
120.404149055481,2,0.938796,-60,9.17829868610721,8.41665598588851,1.073,0.710901542242673
121.43083691597,2,1.22718,-59,9.18865527055889,8.40486065649662,1.073,0.709530456365817
122.336767911911,2,1.54012,-59,9.19826874635817,8.39390152722475,1.073,0.710660152016367
122.976221084595,2,1.65056,-59,9.20491495108316,8.38621907587819,1.073,0.712547034792162
123.461796045303,2,1.85305,-59,9.20964703280404,8.3807703983499,1.073,0.713611536799909
124.51914191246,2,2.12303,-59,9.21959569250742,8.36928340621636,1.073,0.712177927514111
125.240298032761,2,2.41755,-59,9.22552200398458,8.36216938963118,1.073,0.711145670125907
126.243412971497,2,2.75503,-59,9.23357239258254,8.3523604553489,1.073,0.71125864245365
126.627780914307,2,2.95751,-59,9.23707237286243,8.34824961527145,1.073,0.711704064471493
127.697619915009,2,3.25818,-58,9.24706456165992,8.33649497749333,1.073,0.714916832674565
128.514122962952,2,3.52202,-58,9.25485307486112,8.32736870864993,1.073,0.71588851431136
128.702420949936,2,3.62019,-58,9.25655261819612,8.32538550401651,1.073,0.715805355486267
129.390193939209,2,3.83495,-58,9.26332198215762,8.31781279817028,1.073,0.713163866458351
129.912240982056,2,4.01903,-58,9.26855471755944,8.3117739228786,1.073,0.71312536898861
130.832686901093,2,4.23379,-57,9.27721413546111,8.30163508345877,1.073,0.715594973755789
131.498140096664,2,4.39946,-56,9.28316595393672,8.2946952297334,1.073,0.716009999667458
132.219778060913,2,4.60808,-56,9.29007169472286,8.28661282551522,1.073,0.715745957787855
133.124938011169,2,4.76761,-56,9.30103442736131,8.27351925419785,1.073,0.716578602249003
133.862006902695,2,4.90874,-55,9.3097640284668,8.263133669126,1.073,0.716406447699683
134.55711889267,2,5.02532,-55,9.3166855806803,8.25511625276211,1.073,0.716818692027557
135.23815202713,2,5.10509,-55,9.3232685061956,8.24749490057247,1.073,0.717335439010422
135.899713039398,2,5.24008,-55,9.329313328301,8.24052056845154,1.073,0.716939526566717
136.331686019897,2,5.35052,-55,9.33353229607648,8.23566497894012,1.073,0.71646583683438
137.194293022156,2,5.55301,-55,9.34059514085203,8.22799732621189,1.073,0.713758207359607
137.484806060791,2,5.58983,-55,9.34316511185729,8.22513849276835,1.073,0.713307607325022
138.551238059998,2,5.81072,-55,9.3544400895815,8.21199254677719,1.073,0.714237707599369
138.787842035294,2,5.84753,-55,9.35701859096626,8.20897778379449,1.073,0.714325611055668
139.707725048065,2,6.08684,-55,9.36690602429032,8.19749428959152,1.073,0.714774766353566
140.282591104507,2,6.12365,-55,9.37214298874446,8.19141080211603,1.073,0.714490678966739
141.034555912018,2,0.0674952,-55,9.37984527468479,8.18289164525632,1.073,0.714423528937763
141.309735059738,2,0.141126,-55,9.38273316414669,8.17964787519758,1.073,0.714202998506906
142.143280029297,2,0.30066,-54,9.3914141253791,8.16947311596028,1.073,0.712991610510754
146.556514024735,2,0.343612,-55,9.39555776003599,8.16369907942912,1.073,0.78872128027833
147.415059089661,2,0.276117,-56,9.39250277383028,8.16614464933302,1.073,0.84610705863706
148.106688976288,2,0.147262,-56,9.38858366755468,8.16892496238783,1.073,0.912692438337773
149.066274166107,2,0.0184078,-57,9.38264932750406,8.17259435884784,1.073,1.01214915717995
149.623388051987,2,6.17274,-57,9.37918291396355,8.17430306821484,1.073,1.07559341782871
150.585497140884,2,6.02548,-58,9.36772435897391,8.17993037944593,1.073,1.17582324752766
151.444779157639,2,5.82913,-58,9.36456425334841,8.18083746978117,1.073,1.22490826004824
152.05810213089,2,5.81072,-58,9.36362372615775,8.1810996720366,1.073,1.23830546458834
152.942023992538,2,5.82913,-58,9.36298767985893,8.18125989744012,1.073,1.24654169770462
153.86628818512,2,5.83526,-58,9.36232260430833,8.18142743555592,1.073,1.25515383377842
154.753194093704,2,5.86594,-58,9.36168441076993,8.18158820186712,1.073,1.26341787173499
155.560996055603,2,5.86594,-59,9.36110313829513,8.18173462928443,1.073,1.2709448326109
156.317034006119,2,5.82913,-59,9.36055911380489,8.18187167362167,1.073,1.2779894652593
156.4521920681,2,5.84753,-59,9.36046185771382,8.18189617324766,1.073,1.27924884502387
157.146090984344,2,5.7739,-59,9.35990471118541,8.18203435786009,1.073,1.28613894130661
158.802046060562,2,5.71254,-59,9.3572608412527,8.18264599941169,1.073,1.31222742651954
159.51522898674,2,5.65732,-59,9.35612218542675,8.18290941978933,1.073,1.32346315536927
159.691096067429,2,5.59596,-59,9.35584139901324,8.18297437784022,1.073,1.3262338257817
160.430591106415,2,5.60823,-60,9.35466073371196,8.18324751682783,1.073,1.33788408469675
161.473293066025,2,5.52233,-60,9.3541874851749,8.18283649336828,1.073,1.35336938368775
162.712301015854,2,5.45484,-60,9.35363432770044,8.18234194860635,1.073,1.37176278553711
162.948935985565,2,5.51006,-60,9.35352868156457,8.18224749676302,1.073,1.37527569446567
166.771810054779,2,5.81686,-60,9.36402551144345,8.18042007380008,1.073,1.4109699138999
167.406034231186,2,5.96412,-60,9.36821514212265,8.17978719907513,1.073,1.41170826774568
168.066093206406,2,5.98866,-60,9.37311920890417,8.17903960826203,1.073,1.41245704216728
168.519675254822,2,6.21569,-60,9.37880669133447,8.17814684208471,1.073,1.41288781745563
170.015341043472,2,0.632,-60,9.39941130341901,8.17521051654377,1.073,1.40883488732907
170.608210086823,2,0.717903,-61,9.40814766146309,8.17393116017041,1.073,1.40671600367251
171.068986177444,2,0.957204,-60,9.41506809392874,8.17282068132059,1.073,1.40660681821025
172.008561134338,2,1.28854,-60,9.42941456694873,8.17040477929879,1.073,1.40688640376386
172.522442102432,2,1.60148,-61,9.43726080846785,8.16903931078102,1.073,1.40749222459109
173.429714202881,2,2.09849,-62,9.44982890227944,8.166567252953,1.073,1.4082633060792
174.385645151138,2,2.66299,-61,9.46263004814542,8.16393454648236,1.073,1.40848620292641
175.042909145355,2,3.14159,-61,9.47249930645546,8.16203445001666,1.073,1.40768367944953
175.569487094879,2,3.49134,-60,9.48080294037261,8.16040808969605,1.073,1.40672462268346
176.578144073486,2,3.97608,-59,9.49702674886058,8.15728277062351,1.073,1.40563378575675
176.975154161453,2,4.25833,-59,9.50119616796619,8.15680972679109,1.073,1.40467263974739
177.269417047501,2,4.37491,-58,9.50380767918351,8.15661787664169,1.073,1.40380344111134
178.381398200989,2,4.90874,-57,9.51795623723315,8.1539402555446,1.073,1.40253640020648
179.098192214966,2,5.18486,-56,9.52834241441798,8.15190244204352,1.073,1.4021429507195
179.261248111725,2,5.21553,-56,9.53082736651596,8.15141938173514,1.073,1.40231370692153
179.998940229416,2,5.60823,-56,9.54163524387254,8.14929287659181,1.073,1.40283552197929
181.615401029587,2,6.20342,-55,9.56367317749313,8.14465944048574,1.073,1.40043526825792
182.173801183701,2,0.141126,-54,9.57219104149799,8.14295175822926,1.073,1.39771495965278
183.006466150284,2,0.460194,-53,9.58469299983061,8.14043928978677,1.073,1.39581730300668
183.372081041336,2,0.552233,-53,9.5900511121702,8.13936036098062,1.073,1.39586985365582
184.331405162811,2,0.951068,-53,9.60388943600615,8.13680507910284,1.073,1.39784904458775
185.504741191864,2,1.33763,-53,9.62217454944159,8.13363473577863,1.073,1.39932126047547
185.876128196716,2,1.49103,-54,9.62759761178319,8.13261759213492,1.073,1.39827344918421
186.638315200806,2,1.71192,-54,9.63818076377885,8.13061879137002,1.073,1.39744974914293
187.586164236069,2,2.06167,-54,9.65186692102881,8.12801143534289,1.073,1.39682385338511
187.99342417717,2,2.30711,-55,9.65831740238152,8.12743891809683,1.073,1.3943389629185
188.59331202507,2,2.528,-55,9.66752185590379,8.12649856176067,1.073,1.39061607587637
189.477830171585,2,2.96365,-55,9.68045866667915,8.12402203220095,1.073,1.38756709434805
189.896255254745,2,3.16,-56,9.68703268674059,8.12273392772257,1.073,1.38647096238059
190.730356216431,2,3.54656,-55,9.7003207582251,8.12009546207955,1.073,1.38621459323178
191.468013048172,2,3.91472,-56,9.71268079858635,8.11760034464228,1.073,1.38264539260984
192.315129041672,2,4.23992,-55,9.72819490424552,8.11418000763633,1.073,1.37767630850236
193.178003072739,2,4.68785,-56,9.74132506312278,8.11136399874989,1.073,1.37776200980736
194.118932247162,2,5.12963,-56,9.75419919318945,8.10861422808027,1.073,1.37996158521099
194.601946115494,2,5.40575,-56,9.7607576001208,8.1072346666415,1.073,1.38129431010444
195.297488212585,2,5.67573,-55,9.77055371648656,8.10528061366805,1.073,1.38204391004537
195.808204174042,2,5.87208,-55,9.77810536160254,8.10388660146378,1.073,1.38071597272419
196.748801231384,2,6.19115,-55,9.79260838351576,8.10097370536035,1.073,1.38024764127007
197.841930150986,2,0.282252,-53,9.80941937264693,8.09757338976796,1.073,1.38093254859063
198.662405252457,2,0.582913,-53,9.82079507405159,8.09522945891048,1.073,1.38329304496589
199.187405109406,2,0.76699,-53,9.82855514414108,8.09404980503706,1.073,1.38451217737465
199.693483114243,2,0.914253,-53,9.83644827854427,8.09270475528658,1.073,1.384527472349
200.745913028717,2,1.23332,-52,9.85226979935691,8.0896017907891,1.073,1.38277544769727
201.644774198532,2,1.49717,-52,9.86581513039576,8.08691000419843,1.073,1.38278891745812
202.386593103409,2,1.73647,-52,9.8769075611201,8.08470957044205,1.073,1.38313216295129
202.718373060226,2,1.82851,-52,9.88184868540972,8.08319595696662,1.073,1.38483569238439
203.719022035599,2,2.18439,-52,9.89657078163258,8.07963175841722,1.073,1.38760262877978
204.204488039017,2,2.31324,-51,9.90373394781366,8.07827112107725,1.073,1.38722600530018
204.567997217178,2,2.4421,-51,9.90912627875776,8.0772413356539,1.073,1.38667834668866
205.464819192886,2,2.69367,-51,9.92209282470744,8.07473411681601,1.073,1.38469919326079
206.161285161972,2,2.9207,-51,9.93297580737864,8.07261128629496,1.073,1.3842820431584
207.032931089401,2,3.14159,-51,9.94610677649115,8.06975468194321,1.073,1.38715551318496
207.294745206833,2,3.2459,-51,9.95019911162423,8.06894884099595,1.073,1.38722978424
208.296503067017,2,3.46066,-50,9.96538399598898,8.06596688515295,1.073,1.38786802198646
208.760217189789,2,3.65087,-50,9.97201565864693,8.06466653752021,1.073,1.38751678357797
209.434887170792,2,3.81654,-50,9.98188147968544,8.06271361445102,1.073,1.3862552540051
210.13103723526,2,4.01903,-50,9.9926580057318,8.06058825219621,1.073,1.38427155524752
210.641429185867,2,4.1172,-50,10.0008175397471,8.05899260966022,1.073,1.38280234901226
211.320889234543,2,4.27674,-50,10.0113076754203,8.05687726587058,1.073,1.3809956910096
212.509896039963,2,4.49763,-50,10.0280000860766,8.05345586446251,1.073,1.37597026567861
213.112835168839,2,4.62035,-50,10.0366810208415,8.05163509378616,1.073,1.3731531814936
213.938939094543,2,4.77988,-50,10.0477100391079,8.04952676506528,1.073,1.37078547418004
214.744705200195,2,4.92101,-50,10.0582114894017,8.04744821559431,1.073,1.36961018885047
215.15562915802,2,4.98851,-49,10.0638269070928,8.04625199973172,1.073,1.36877330017413
215.886056184769,2,5.06827,-49,10.0741563558988,8.0440546363708,1.073,1.36675749152809
216.476183176041,2,5.21553,-49,10.0830898839132,8.04213798854225,1.073,1.36604280928694
217.117566108704,2,5.27076,-49,10.0924129438282,8.04013657903139,1.073,1.36586281377165
217.832797050476,2,5.36893,-49,10.1038622892918,8.0389868656964,1.073,1.367637835759
218.442387104034,2,5.45484,-50,10.1125218298524,8.03746759064126,1.073,1.36982451688615
218.965897083282,2,5.5346,-50,10.1199291571405,8.03582679375377,1.073,1.37138199875293
219.575307130814,2,5.57142,-50,10.1290167137754,8.03383971201534,1.073,1.37238245435799
220.265919208527,2,5.66346,-50,10.1386791375848,8.03174611975052,1.073,1.37249631035472
220.790100097656,2,5.71254,-50,10.1469810348055,8.02994621262199,1.073,1.37225911329127
221.541283130646,2,5.7739,-50,10.1587970203128,8.02724315204575,1.073,1.37241322175451
222.170162200928,2,5.80458,-50,10.168097995011,8.02524022880791,1.073,1.37333787710334
222.860686063766,2,5.8414,-50,10.1784083626808,8.02308206968272,1.073,1.37420464411489
223.349552154541,2,5.89049,-50,10.1858159779031,8.02151490752906,1.073,1.37492538106879
224.058195114136,2,5.85981,-50,10.1958789864143,8.01939680778506,1.073,1.37689442088841
224.708254098892,2,5.87821,-50,10.2042443663095,8.01768190490655,1.073,1.37573163308297
225.67557311058,2,5.84753,-50,10.2207345442818,8.01510799534061,1.073,1.37461808393955
226.077243089676,2,5.82913,-50,10.2266732546733,8.01381859966103,1.073,1.37258501191365
226.657290220261,2,5.82913,-50,10.2350295448332,8.01198077373881,1.073,1.37108099220098
227.136969089508,2,5.8414,-50,10.2420199005517,8.01044144277423,1.073,1.37079651741778
227.619950056076,2,5.81072,-50,10.2493752544971,8.00883487862301,1.073,1.37145462803395
228.170770168304,2,5.78618,-50,10.2566885840591,8.00722606480417,1.073,1.37247469625855
228.6116771698,2,5.7739,-50,10.2625838671859,8.00616777821199,1.073,1.37350792035557
229.143980026245,2,5.76777,-51,10.2702323514307,8.0052896189098,1.073,1.3751084365031
229.850377082825,2,5.7555,-51,10.2798680124159,8.00323009134234,1.073,1.37407795122487
230.440943241119,2,5.73095,-51,10.2887228512889,8.00127697271644,1.073,1.37355726733526
230.865085124969,2,5.65119,-51,10.2950998486309,7.99987880657194,1.073,1.37294823596458
231.591211080551,2,5.62051,-51,10.3058025200179,7.99754771303959,1.073,1.3712897209036
232.160348176956,2,5.58369,-52,10.3145152104966,7.99565364989204,1.073,1.37092606077927
232.695748090744,2,5.47938,-52,10.3239155237703,7.99340085142368,1.073,1.37036093426662
233.077217102051,2,5.46097,-52,10.3301816951596,7.99192921173085,1.073,1.37056116083621
233.74189209938,2,5.38734,-52,10.339707993927,7.98981776971557,1.073,1.37276152151783
234.229647159576,2,5.35666,-52,10.3471064306205,7.98824073452563,1.073,1.37433206685102
234.785817146301,2,5.30757,-52,10.3554041949571,7.98647478377489,1.073,1.3739523740179
235.515235185623,2,5.25235,-52,10.3664749022372,7.98415385787215,1.073,1.37218025143313
236.073711156845,2,5.20326,-52,10.3746774226705,7.9824339802037,1.073,1.37102930998385
236.465284109116,2,5.16645,-53,10.3794084588961,7.98138562558553,1.073,1.36979278915217
237.099025249481,2,5.10509,-53,10.3882178595861,7.97960140113782,1.073,1.36940105464905
237.743253231049,2,5.06827,-53,10.3973470297529,7.97782028845184,1.073,1.37127186787695
238.323196172714,2,5.03146,-53,10.4059311797405,7.97616041348982,1.073,1.3736669474095
238.979792118073,2,4.98851,-53,10.4166518211766,7.97410501417273,1.073,1.37549733697087
240.053937196732,2,4.94555,-54,10.4317673194234,7.97059139948204,1.073,1.37499684698754
240.631144046783,2,4.90874,-54,10.4397315613607,7.96855032596086,1.073,1.37366940289318
241.023577213287,2,4.84738,-54,10.4455035136698,7.96739073554202,1.073,1.37356020379544
241.868542194366,2,4.79216,-55,10.4596852442213,7.96462312110456,1.073,1.3734923172579
242.347246170044,2,4.76761,-55,10.4666280297236,7.96324093353209,1.073,1.37507832972585
242.881604194641,2,4.67557,-55,10.4747798705934,7.96161402588132,1.073,1.37681232422652
243.413869142532,2,4.67557,-55,10.4832718941796,7.95982183758846,1.073,1.37843111041747
243.936074256897,2,4.58353,-56,10.4915399177969,7.95727889923221,1.073,1.37938992324031
244.458469152451,2,4.47922,-55,10.4995795077224,7.95536483616126,1.073,1.38014532782975
244.703857183456,2,4.424,-55,10.5033015493115,7.95461389794592,1.073,1.3804522330134
245.491450071335,2,4.25833,-56,10.5158387816352,7.95210224367296,1.073,1.38032070623749
245.970579147339,2,4.15402,-56,10.5229230652267,7.95067486683042,1.073,1.3807802260257
246.470340251923,2,4.0313,-57,10.5302738707213,7.9491909486112,1.073,1.38164847685384
246.953232049942,2,3.86563,-58,10.5376526930772,7.9477018889646,1.073,1.38291816610608
247.270989179611,2,3.77359,-58,10.5423491266327,7.9468928759174,1.073,1.38512788044534
247.823165178299,2,3.58338,-58,10.5503880344455,7.94557523287467,1.073,1.38955482795215
248.094655036926,2,3.49134,-58,10.5542692611334,7.94481297393957,1.073,1.39026813447857
248.507755041122,2,3.38089,-58,10.5601749504625,7.9436531178371,1.073,1.39135350440932
249.256568193436,2,3.12932,-59,10.5713073101449,7.94148536284679,1.073,1.38970737047619
249.608335256577,2,2.99433,-59,10.5768023362394,7.94042167921927,1.073,1.38889474110606
250.197458028793,2,2.71208,-59,10.5859707686613,7.9386409951723,1.073,1.38759315038966
250.636226177216,2,2.54641,-59,10.5925528046612,7.93734270366774,1.073,1.38675982840069
251.046726226807,2,2.35619,-59,10.5984093612603,7.9363963268686,1.073,1.38713869097457
251.643597126007,2,2.05553,-59,10.606689736836,7.93518100295245,1.073,1.38858370191794
251.910847187042,2,2.06167,-60,10.6104945638619,7.93446270850457,1.073,1.38883972766174
252.539649248123,2,1.81623,-59,10.6199736857095,7.93268321113891,1.073,1.39029463910287
252.916083097458,2,1.66897,-60,10.6260866092082,7.93154351353746,1.073,1.39187467441398
253.24995803833,2,1.47876,-60,10.6311558821913,7.93059968800962,1.073,1.3925737979392
253.415575027466,2,1.53398,-60,10.6336088083562,7.93014323044502,1.073,1.39279776076296
254.017019033432,2,1.32536,-59,10.6419963316328,7.92857742344853,1.073,1.3929628495054
254.475340127945,2,1.17196,-60,10.6477800126671,7.92749150782577,1.073,1.3923313659639
254.852405071259,2,0.975612,-59,10.6531095822265,7.92651054555673,1.073,1.39140003524008
255.394257068634,2,0.852893,-60,10.6610794557388,7.92505352909533,1.073,1.38997036570933
255.977583169937,2,0.681087,-59,10.6703943686685,7.92337523874853,1.073,1.38902281422166
256.256896257401,2,0.527689,-59,10.6748527134677,7.92258555728672,1.073,1.38927593561414
256.473754167557,2,0.527689,-59,10.6783135495929,7.92197692748539,1.073,1.38969958969155
257.142269134521,2,0.386563,-59,10.6885139008631,7.92018045748415,1.073,1.39081717035668
257.267394065857,2,0.312932,-59,10.6903461391146,7.91985731728342,1.073,1.39099539716842
257.967319250107,2,0.177942,-60,10.700239560394,7.918097732468,1.073,1.39202535608127
258.315985202789,2,0.079767,-59,10.7051427721151,7.91720944810878,1.073,1.39244441646114
258.67893409729,2,6.27091,-60,10.7113683189959,7.91593625355873,1.073,1.39152228658481
258.951246023178,2,6.20342,-59,10.7160391987989,7.91498100595993,1.073,1.39083043446363
259.399813175201,2,6.08684,-59,10.7227848974176,7.9137104369116,1.073,1.39013512406466
259.73667216301,2,6.00093,-59,10.727607105893,7.91283409325598,1.073,1.38972709103982
260.146886110306,2,5.96412,-59,10.7337348633498,7.91170328633619,1.073,1.38990077701844
260.532771110535,2,5.82913,-59,10.7395367078649,7.91063020181968,1.073,1.39016263017797
260.761616230011,2,5.72482,-59,10.743093793871,7.90995895004659,1.073,1.38941872426275
261.390097141266,2,5.62664,-59,10.7528770434303,7.90810243402243,1.073,1.38731857638402
261.690840244293,2,5.52233,-60,10.7575543871785,7.90719180072631,1.073,1.38649072793301
261.986981153488,2,5.55301,-60,10.7621601547464,7.90629510261574,1.073,1.38567554783249
262.542017221451,2,5.3812,-59,10.7711467204099,7.90371137220758,1.073,1.38341293156696
262.635321140289,2,5.30144,-60,10.7726613734385,7.90326690845002,1.073,1.38302433615881
263.420881032944,2,5.16338,-60,10.7854142828046,7.9004899069099,1.073,1.38193290412437
263.5311460495,2,5.1235,-60,10.7872026374719,7.90012921591194,1.073,1.38186300074644
263.958912134171,2,5.00078,-60,10.7940326279011,7.89874614285003,1.073,1.38272813286747
264.362148046494,2,4.89033,-61,10.8003224794833,7.89747436159916,1.073,1.38357450825
264.676702260971,2,4.78602,-60,10.8048009327193,7.89657448548164,1.073,1.38432370743622
265.03660607338,2,4.7308,-61,10.8099379008187,7.89554230297116,1.073,1.3851799839322
265.628321170807,2,4.53445,-61,10.8192282399302,7.89367636198012,1.073,1.38652629578649
266.099134206772,2,4.35651,-61,10.826407643129,7.89220443496266,1.073,1.38726567328407
266.371019124985,2,4.26447,-61,10.8304955761976,7.89135790722987,1.073,1.38760211379326
266.738147258759,2,4.12948,-61,10.8357123485554,7.89029201588,1.073,1.38697559586465
267.041424036026,2,4.05585,-62,10.8398285200349,7.88946071065961,1.073,1.38576899265642
267.459145069122,2,3.90858,-61,10.84582600412,7.88823834915114,1.073,1.38450214953473
267.994131088257,2,3.69383,-62,10.8540803024537,7.88653767906341,1.073,1.38356998308497
268.44238114357,2,3.46066,-62,10.8601130839076,7.88526957358453,1.073,1.38385736864632
268.670149087906,2,3.39317,-62,10.8631343300396,7.88463305862273,1.073,1.38405682955601
269.074471235275,2,3.13546,-62,10.8688249729814,7.88343640475896,1.073,1.38472040902673
269.340101242065,2,3.06796,-63,10.8726783552116,7.88262684096931,1.073,1.38526483183723
269.86078119278,2,2.88388,-63,10.8803487962065,7.8820691641841,1.073,1.38724927369599
270.147009134293,2,2.84707,-63,10.884613287415,7.88218339162719,1.073,1.38871519254892
270.391908168793,2,2.66913,-63,10.8881094376618,7.88202556120072,1.073,1.38981591619634
271.006783246994,2,2.30097,-64,10.8960674984727,7.88025616257362,1.073,1.39175463526623
271.419753074646,2,2.08008,-63,10.9026610293933,7.87882174361538,1.073,1.3901530918566
271.885428190231,2,1.90827,-63,10.9101828528942,7.87719473799812,1.073,1.38805508164964
272.185212135315,2,1.78555,-63,10.9149300458162,7.87618546084748,1.073,1.38669475157704
272.418074131012,2,1.72419,-63,10.9186175041871,7.8754014886056,1.073,1.38563809333798
272.893331050873,2,1.57693,-63,10.9262358525281,7.87381090993012,1.073,1.38411516548077
273.146113157272,2,1.44194,-63,10.9303055294021,7.87296670423147,1.073,1.38342567477073
273.509877204895,2,1.21491,-63,10.9360423785601,7.87177295694986,1.073,1.38256577932388
273.930337190628,2,1.13515,-63,10.9425777643903,7.87041002178527,1.073,1.38167763714696
274.132592201233,2,1.00016,-63,10.9455819329468,7.8697666981059,1.073,1.38167925912641
274.63189125061,2,0.816078,-63,10.9525231138264,7.86822039543471,1.073,1.38314309232181
275.053826093674,2,0.533825,-63,10.9591948265322,7.86676278758469,1.073,1.383787289221
275.152074098587,2,0.460194,-63,10.9608437539042,7.86640551998742,1.073,1.38386711824457
275.772082090378,2,0.269981,-63,10.9711474842468,7.86415547196898,1.073,1.38270406242825
276.147739171982,2,0.0429515,-64,10.9772971870256,7.86279633597668,1.073,1.38047673310247
276.467982053757,2,6.19115,-63,10.9821684511281,7.86170565829112,1.073,1.37922342936426
276.737737178802,2,6.0807,-63,10.9861212897034,7.86081447286688,1.073,1.3784292681596
277.134219169617,2,5.82913,-63,10.991998668028,7.85957182431063,1.073,1.37776045270681
277.505894184113,2,5.63278,-64,10.9976355114504,7.85853345841703,1.073,1.37807196247489
277.723103046417,2,5.49165,-63,11.0009297128334,7.85792663184648,1.073,1.37825401044606
278.1540620327,2,5.2953,-63,11.0074565211426,7.85652958906187,1.073,1.37821392886026
278.407707214355,2,5.06827,-63,11.0112975218069,7.85569853619086,1.073,1.37817202703483
279.002296209335,2,4.84738,-63,11.020299722815,7.85375796881168,1.073,1.37887097505335
279.265302181244,2,4.69398,-63,11.024304983533,7.85289585396002,1.073,1.37933718462818
279.552417039871,2,4.54672,-63,11.0287672496032,7.85193856440135,1.073,1.38026014906324
279.885689258575,2,4.35651,-63,11.0339468816181,7.8508273783879,1.073,1.38133149175349
280.254967212677,2,4.17856,-63,11.0394769827712,7.84962848200626,1.073,1.38201531042107
280.521926164627,2,4.0313,-63,11.0434367993358,7.84876765231831,1.073,1.38241817871503
280.641250133514,2,4.00676,-63,11.0452067382162,7.84838288299647,1.073,1.38259825075765
281.191606044769,2,3.77359,-64,11.0530055700618,7.8462464790282,1.073,1.38231687977574
281.446366071701,2,3.57724,-64,11.0565809181695,7.84522307663405,1.073,1.38208070999247
281.816280126572,2,3.39317,-64,11.0626538936062,7.84385379844549,1.073,1.38168059725032
282.064506053925,2,3.27658,-64,11.0668563376011,7.84295181046611,1.073,1.38140385093846
282.41828417778,2,3.13546,-64,11.072744873529,7.84167595855341,1.073,1.38130337403872
282.71737408638,2,2.90229,-64,11.077640698696,7.84060524556973,1.073,1.38145860751963
283.10461306572,2,2.79185,-64,11.0839165359455,7.83923194168847,1.073,1.38165054708718
283.406312227249,2,2.67526,-64,11.0886897748176,7.83818597977911,1.073,1.3817833676471
283.680916070938,2,2.53414,-64,11.0930343335975,7.83723395472472,1.073,1.3819042597175
283.830302238464,2,2.55254,-64,11.095504549589,7.8367094399674,1.073,1.38213312816829
284.097467184067,2,2.38074,-64,11.0999823983864,7.83576767018065,1.073,1.38263422077181
284.387991189957,2,2.2212,-65,11.1048517594002,7.83474355853884,1.073,1.38317912545669
284.63571023941,2,2.17825,-64,11.1082262831981,7.83406121022165,1.073,1.38276307182862
284.929544210434,2,2.0494,-64,11.1117855716619,7.83336071196015,1.073,1.38176722835416
285.181501150131,2,1.97577,-63,11.1148375925897,7.83276004826692,1.073,1.38091331186054
285.518650054932,2,1.84691,-64,11.1198014698289,7.83175911409347,1.073,1.38044932406903
285.593062162399,2,1.84691,-64,11.1209416227734,7.83152820916942,1.073,1.38038129813705
285.990857124329,2,1.66284,-64,11.1270366940269,7.83029382919286,1.073,1.38001764262528
286.286558151245,2,1.52784,-64,11.1316992953986,7.8293495544613,1.073,1.37980650137754
286.726922035217,2,1.42353,-64,11.1386652966048,7.82793879287247,1.073,1.37950210468618
286.852436065674,2,1.33763,-64,11.1407937637222,7.82751669164509,1.073,1.37939268966853
287.235644102097,2,1.23946,-64,11.1475486504722,7.82619210057146,1.073,1.37901800454412
287.345578193665,2,1.19651,-64,11.1494864812793,7.82581210406163,1.073,1.37891051549154
287.784716129303,2,0.975612,-64,11.1569539776486,7.8243134888417,1.073,1.37892894300735
287.98096704483,2,0.920388,-64,11.160225284648,7.8236484132038,1.073,1.379045196066
288.250229120255,2,0.785398,-64,11.1645698169776,7.82264752205861,1.073,1.37936111177948
288.497976064682,2,0.809942,-64,11.1672637764942,7.8209254340132,1.073,1.38106955952354
288.763938188553,2,0.705631,-64,11.1701558048755,7.81907673232645,1.073,1.38290361802861
288.920218229294,2,0.650408,-63,11.1718551683287,7.81799043037218,1.073,1.38398131561097
289.293248176575,2,0.447922,-63,11.1768780190276,7.81682985442844,1.073,1.38506747731482
289.549495220184,2,0.423379,-63,11.1803900779427,7.81612403287947,1.073,1.3857187426088
289.793094158173,2,0.312932,-64,11.1838734670338,7.81542646076722,1.073,1.38628774279261
290.042658090591,2,0.16567,-64,11.1876966675455,7.81466503343841,1.073,1.38678250991765
290.196597099304,2,0.141126,-64,11.1900549397973,7.81419536072944,1.073,1.38708769809142
290.532268047333,2,0.0613592,-64,11.1951169920908,7.81318660158183,1.073,1.3874536647826
290.860780239105,2,6.21569,-64,11.1996429636051,7.81228140727897,1.073,1.38621430996607
290.979314088821,2,6.09911,-63,11.2012760257585,7.81195479484831,1.073,1.38576712565679
291.256828069687,2,6.01934,-63,11.2050993857544,7.81119012284911,1.073,1.38472016819995
291.389908075333,2,6.06843,-63,11.2070122991211,7.8107933749971,1.073,1.38450575167254
291.72854924202,2,5.93957,-63,11.2118800493695,7.80978376753818,1.073,1.38396038335768
292.025907039642,2,5.78618,-63,11.2160875407505,7.80892686185546,1.073,1.38345958320085
292.103305101395,2,5.76777,-62,11.2169077703411,7.80882566469818,1.073,1.38323907992129
292.317852258682,2,5.73709,-63,11.2191814439062,7.80854514653105,1.073,1.38262784559924
292.538814067841,2,5.72482,-63,11.2215230970454,7.80825624127362,1.073,1.38199833624883
292.761005163193,2,5.51006,-63,11.2239835784893,7.80792014593268,1.073,1.38152996659112
293.15531206131,2,5.51006,-63,11.2297538565477,7.80671887895507,1.073,1.38288335908118
293.260297060013,2,5.43029,-63,11.2312902045988,7.80639903922442,1.073,1.38324370253318
293.54586815834,2,5.43643,-63,11.2354507096155,7.80553167817676,1.073,1.38413615458211
293.735188245773,2,5.14804,-63,11.238162136943,7.80496332129464,1.073,1.38450636869799
293.855877161026,2,5.2953,-63,11.2398906340475,7.80460100170928,1.073,1.38474237503341
294.111144065857,2,5.14804,-63,11.2435465464811,7.80383466621839,1.073,1.38524154769261
294.447159051895,2,5.04373,-63,11.2480267791797,7.80290280142771,1.073,1.38544312039091
294.734580039978,2,4.93942,-64,11.2517361476927,7.80213415908635,1.073,1.38544694448216
294.865967035294,2,4.82284,-63,11.2534317885946,7.80178279432216,1.073,1.38544869256556
295.089662075043,2,4.76761,-64,11.2565525680559,7.80113820988762,1.073,1.38523091369079
295.226110219955,2,4.71852,-63,11.2585679116269,7.80072287386472,1.073,1.3849925774076
295.390912055969,2,4.68785,-63,11.2610020401445,7.80022123172674,1.073,1.38470471525247
295.74716925621,2,4.5774,-63,11.2662606780219,7.79913641968082,1.073,1.38406653783155
295.959824085236,2,4.51604,-63,11.2692399301485,7.79846963468104,1.073,1.38291456034257
296.115822076797,2,4.5099,-63,11.2714254311797,7.79798049873597,1.073,1.38206949994385
296.280952215195,2,4.43627,-63,11.2737388717832,7.79746272869614,1.073,1.38117496957717
296.523334026337,2,4.35037,-63,11.2771612269951,7.79670519222879,1.073,1.37999284560317
296.756894111633,2,4.29515,-64,11.2806338894451,7.79599136716963,1.073,1.37971310335026
296.892727136612,2,4.32583,-64,11.2826535078431,7.79557622338781,1.073,1.3795504118682
297.031069040298,2,4.30742,-63,11.2847104292284,7.79515341176973,1.073,1.37938471542327
297.227651119232,2,4.15402,-63,11.2876357028842,7.79455224259187,1.073,1.37916481128408
297.383555173874,2,4.08652,-64,11.2899957384504,7.79406950804423,1.073,1.37924848527233
297.733251094818,2,4.00676,-64,11.2952893455518,7.79298672477349,1.073,1.37943616770593
297.87956404686,2,3.9454,-64,11.2975041934685,7.79253368769963,1.073,1.37951469413206
298.392282247543,2,3.792,-64,11.3052066129558,7.79090253742591,1.073,1.38026988414297
298.451941251755,2,3.73064,-64,11.3061018431174,7.79071199302455,1.073,1.38036597765572
298.682039260864,2,3.58952,-64,11.3095330210977,7.78998284723985,1.073,1.38075167822018
298.913071155548,2,3.62019,-64,11.3125150879124,7.78937413669416,1.073,1.38146184052348
299.00682425499,2,3.49748,-64,11.3137252152284,7.78912712101523,1.073,1.38175002548223
299.264050245285,2,3.46066,-65,11.3170453848985,7.7884493956599,1.073,1.38254070506345
299.406865119934,2,3.44839,-64,11.3188887818845,7.78807311462563,1.073,1.38297969960343
299.685101032257,2,3.18454,-65,11.3221686895714,7.78698462223393,1.073,1.38273661978823
299.783723115921,2,3.15386,-65,11.3233243705843,7.78659092870204,1.073,1.38262613160348
300.058017253876,2,3.12932,-65,11.3265386256013,7.78549596270725,1.073,1.38231883469526
300.188229084015,2,3.08023,-66,11.3280644840517,7.7849761647736,1.073,1.38217295592033
300.303394079208,2,2.98819,-66,11.329573667162,7.78465793388247,1.073,1.38209064981318
300.563786029816,2,2.87775,-65,11.333026274677,7.78397411647174,1.073,1.38191634341437
300.744867086411,2,2.79798,-66,11.3354272775319,7.78349857804222,1.073,1.38179512773625
300.830173254013,2,2.78571,-66,11.3365583751509,7.78327455482448,1.073,1.38173802377879
301.155123233795,2,2.69981,-66,11.3412086740982,7.78234351312053,1.073,1.38148318202589
