26.546177148819,824.531279887332,942.964229398799,63.3,-65,3.52815530717959,3.52815530717959
27.0260980129242,824.85304553196,942.471501479473,63.3,-64,3.44838530717959,3.44838530717959
27.6433789730072,825.360056040829,941.679457492314,63.3,-64,3.10477530717959,3.10477530717959
28.0063071250916,825.729904673724,941.095696406878,63.3,-63,3.25203530717959,3.25203530717959
28.5086779594421,826.17704715858,940.379929084738,63.3,-63,2.55867530717959,2.55867530717959
29.1943581104279,826.840122542255,939.063111071519,63.3,-63,2.63231530717959,2.63231530717959
29.6595759391785,827.290645440372,938.132325496352,63.3,-63,2.23347530717959,2.23347530717959
30.1725890636444,827.715385332452,937.423483380284,63.3,-63,2.01258530717959,2.01258530717959
30.664724111557,828.119181392054,936.741417375129,63.3,-62,2.00644530717959,2.00644530717959
31.3014860153198,828.694503070887,935.748063535408,63.3,-62,1.52170530717959,1.52170530717959
31.8125860691071,829.169597666468,934.91156768999,63.3,-62,1.27627530717959,1.27627530717959
32.3553011417389,829.585032901635,934.165795684961,63.3,-62,0.987885307179586,0.987885307179586
33.0054330825806,830.230855824764,933.244401129469,63.3,-62,0.797665307179586,0.797665307179586
33.2881519794464,830.48726830543,932.806155087091,63.3,-61,0.760855307179586,0.760855307179586
33.8396010398865,830.958717654624,931.922227436767,63.3,-62,0.521555307179586,0.521555307179586
34.4513170719147,831.403613394409,931.086362713535,63.3,-62,0.374295307179586,0.374295307179586
34.978618144989,831.742164842994,930.437800163381,63.3,-62,6.25250570717959,-0.0306796
35.4259951114655,832.034291597595,929.876897859137,63.3,-62,6.18501050717959,-0.0981747999999998
36.0631980895996,832.484270753976,928.97918159451,63.3,-62,6.03161230717959,-0.251573
36.4167230129242,832.621890935449,928.368001472987,63.3,-61,5.78617530717959,-0.49701
36.943382024765,832.900832485834,927.554682895802,63.3,-61,5.66345730717959,-0.619728
37.5342750549316,833.308604020297,926.775956083079,63.3,-61,5.52846630717959,-0.754719
37.9502170085907,833.592935570265,926.241757413441,63.3,-61,5.38120430717959,-0.901981
38.4786860942841,833.960436872599,925.535139772886,63.3,-60,5.17871530717959,-1.10447
38.7690680027008,834.163182072549,925.143245698031,63.3,-61,5.10508530717959,-1.1781
39.4797470569611,834.647994041965,924.210783175858,63.3,-61,4.76761530717959,-1.51557
39.9768869876862,835.449862297502,923.461709697124,63.3,-62,4.50990530717959,-1.77328
40.3879570960999,835.987334418475,922.793187350923,63.3,-61,4.30741530717959,-1.97577
40.8782579898834,836.415145626286,921.929176480246,63.3,-62,4.19083530717959,-2.09235
41.4065401554108,836.853291765762,921.029630421359,63.3,-62,3.96994530717959,-2.31324
41.8421051502228,837.17822810758,920.369834448948,63.3,-61,3.81040530717959,-2.47278
42.5942170619965,837.691393051704,919.342185907682,63.3,-61,3.52201530717959,-2.76117
43.2521090507507,838.093143847193,918.282822578328,63.3,-62,3.27044530717959,-3.01274
43.9471859931946,838.4040932514,917.01528683416,63.3,-61,2.95751530717959,-3.32567
44.4164259433746,838.773278270246,916.312997705814,63.3,-61,2.81025530717959,-3.47293
44.9933879375458,839.169552597529,915.576942730238,63.3,-61,2.54027530717959,-3.74291
45.4409489631653,839.482726289405,914.997769276365,63.3,-61,2.38073530717959,-3.90245
45.7532341480255,839.709192625741,914.57909575477,63.3,-60,2.29483530717959,-3.98835
46.3821220397949,840.133102187664,913.807050239988,63.3,-60,2.09234530717959,-4.19084
47.0367419719696,840.278533532748,913.372584897418,63.3,-60,1.89599530717959,-4.38719
47.6620450019836,840.478491877191,912.896346102343,63.3,-60,1.54625530717959,-4.73693
48.1557011604309,840.848219822876,912.275994960859,63.3,-60,1.62601530717959,-4.65717
48.7425661087036,841.330854617351,911.492622907515,63.3,-59,1.46648530717959,-4.8167
49.4654669761658,841.931488951625,910.524311672299,63.3,-59,1.24559530717959,-5.03759
50.1108140945435,842.41675581707,909.756441099084,63.3,-59,1.03697530717959,-5.24621
50.5303440093994,842.690763984717,909.324285602808,63.3,-58,0.908115307179586,-5.37507
51.0972571372986,843.042103541871,908.777619000454,63.3,-58,0.619725307179587,-5.66346
51.5775139331818,843.397008214207,908.262207890719,63.3,-58,0.527685307179587,-5.7555
52.2929501533508,844.002480857163,907.391413141052,63.3,-57,0.300655307179587,-5.98253
52.7192120552063,844.370733196618,906.866677585862,63.3,-57,0.134995307179587,-6.14819
53.4873671531677,845.03163470216,905.934816314962,63.3,-57,6.12365130717959,-6.44271930717959
53.8085930347443,845.319426248047,905.532848925462,63.3,-57,6.05615630717959,-6.51021430717959
54.9716789722443,846.53080880908,903.918083149923,63.3,-57,5.76776730717959,-6.79860330717959
55.5378561019897,847.051427299943,903.209794515325,63.3,-57,5.55301030717959,-7.01336030717959
55.9318161010742,847.345325885901,902.814803153346,63.3,-57,5.43029230717959,-7.13607830717959
56.865690946579,848.141737027151,901.764511811325,63.3,-57,5.19712530717959,-7.36924530717959
57.49835896492,848.571117480604,901.206690559721,63.3,-57,5.01918530717959,-7.54718530717959
57.7096350193024,848.701073750117,901.038319543873,63.3,-57,4.95168530717959,-7.61468530717959
58.9941401481628,849.632131724818,900.514936008839,63.3,-57,4.56512530717959,-8.00124530717959
59.4747071266174,850.012078585916,900.043911575688,63.3,-57,4.38104530717959,-8.18532530717959
60.2005310058594,850.622938578185,899.297712481084,63.3,-58,4.06811530717959,-8.49825530717959
60.5954501628876,850.967782364418,898.879854559853,63.3,-58,3.97607530717959,-8.59029530717959
61.3776299953461,851.666279442767,898.036403004233,63.3,-58,3.66928530717959,-8.89708530717959
61.5314900875092,851.805698647637,897.868425669205,63.3,-58,3.63860530717959,-8.92776530717959
62.6513681411743,854.59942351895,895.00482846209,63.3,-59,3.14159530717959,-9.42477530717959
63.5445711612701,855.493972064323,894.082848637734,63.3,-58,2.73048530717959,-9.83588530717959
64.0428929328918,856.120269644853,893.446599953639,63.3,-58,2.51572530717959,-10.0506453071796
64.2008831501007,856.296430654943,893.27145199087,63.3,-58,2.50959530717959,-10.0567753071796
65.0586271286011,857.176244823742,892.409180636673,63.3,-58,2.24574530717959,-10.3206253071796
65.7224640846252,857.714584231117,891.900570420452,63.3,-58,1.88986530717959,-10.6765053071796
66.1553559303284,857.342736928328,891.924735480719,63.3,-59,1.72419530717959,-10.8421753071796
66.690122127533,856.971037788511,891.908483896563,63.3,-59,1.61988530717959,-10.9464853071796
67.3524949550629,857.523292092897,891.373414308862,63.3,-59,1.46648530717959,-11.0998853071796
67.8831241130829,858.06806835187,890.861444030012,63.3,-59,1.33763530717959,-11.2287353071796
68.4044151306152,858.595323948972,890.371491473376,63.3,-59,1.11060530717959,-11.4557653071796
68.9186110496521,859.038134378397,889.969156212807,63.3,-60,1.04924530717959,-11.5171253071796
69.1896109580994,859.288296078494,889.743095784153,63.3,-60,0.975615307179586,-11.5907553071796
69.9256179332733,860.095074980546,889.02278836142,63.3,-60,0.760855307179586,-11.8055153071796
70.4820680618286,860.81081165197,888.488023336646,63.3,-61,0.589045307179586,-11.9773253071796
71.1244130134583,861.615267517398,887.852638790794,63.3,-62,0.343615307179586,-12.2227553071796
71.5391311645508,862.111472782204,887.428700897579,63.3,-62,0.380425307179586,-12.1859453071796
72.1263029575348,862.752813836458,886.893040108775,63.3,-63,0.141125307179586,-12.4252453071796
72.5309700965881,863.175769713378,886.543962987649,63.3,-63,0.0245453071795865,-12.5418253071796
73.1468589305878,863.849816567971,885.99713967755,63.3,-63,6.08070030717959,-12.7688556143592
73.5886631011963,864.338779306573,885.603640638902,63.3,-64,5.91503030717959,-12.9345256143592
74.0290920734406,864.842398693465,885.212104209372,63.3,-65,5.55301030717959,-13.2965456143592
74.5901780128479,865.352899048169,884.80662779597,63.3,-65,5.47937930717959,-13.3701766143592
80.9202041625977,872.14437622508,879.860655199033,63.3,-65,0.944935307179586,-24.1878059215388
81.2283229827881,872.517030450848,879.628173663692,63.3,-65,0.773125307179586,-24.3596159215388
81.8189129829407,873.232285938223,879.182107245783,63.3,-64,0.312935307179586,-24.8198059215388
82.3874680995941,873.9843327116,878.722803511707,63.3,-64,0.165665307179586,-24.9670759215388
82.8967881202698,874.697970833042,878.297585716661,63.3,-64,0.0613553071795865,-25.0713859215388
83.3620591163635,875.413725655044,877.887141742323,63.3,-63,6.14819530717959,-25.2677312287183
83.8020789623261,876.175453816149,877.527842330633,63.3,-63,5.95184530717959,-25.4640812287183
84.302992105484,877.144319194157,877.153443025267,63.3,-62,5.77390330717959,-25.6420232287183
84.6722180843353,877.700634680786,876.891681907701,63.3,-63,5.67572930717959,-25.7401972287183
85.1250460147858,878.233003755174,876.584148316186,63.3,-62,5.49778730717959,-25.9181392287183
85.741672039032,879.058153827169,876.121027723118,63.3,-62,5.33825330717959,-26.0776732287183
86.4535360336304,879.992464349237,875.60587254816,63.3,-62,5.10815530717959,-26.3077712287183
86.6840131282806,880.250385091069,875.465139299732,63.3,-62,4.97623530717959,-26.4396912287183
87.2467911243439,880.854727998584,875.140561686485,63.3,-62,4.74920530717959,-26.6667212287183
87.7770750522614,881.381973504115,874.866342647677,63.3,-63,4.64489530717959,-26.7710312287183
88.2562620639801,881.75628987687,874.602661267664,63.3,-63,4.43013530717959,-26.9857912287183
88.7816481590271,882.183243160661,874.300402784801,63.3,-62,4.28900530717959,-27.1269212287183
89.2685239315033,882.877135656924,873.957579836732,63.3,-62,4.06811530717959,-27.3478112287183
90.0117490291595,882.970128343803,874.168347961001,63.3,-63,3.80427530717959,-27.6116512287183
90.5910170078278,883.024636702295,874.326299234465,63.3,-62,3.35634530717959,-28.0595812287183
90.8594951629639,883.324574044963,874.178110126653,63.3,-62,3.41157530717959,-28.0043512287183
91.7167241573334,884.376478033143,873.677284530154,63.3,-62,2.90842530717959,-28.5075012287183
92.2366361618042,885.050072232342,873.457782749722,63.3,-62,2.65685530717959,-28.7590712287183
92.7172870635986,885.674644411562,873.340187987833,63.3,-61,2.38073530717959,-29.0351912287183
93.1205060482025,886.196051352155,873.128616889578,63.3,-61,2.17211530717959,-29.2438112287183
94.1253280639648,887.46473584726,872.585778768932,63.3,-61,1.72419530717959,-29.6917312287183
94.2403919696808,887.607201237918,872.526628206109,63.3,-61,1.66283530717959,-29.7530912287183
95.0527310371399,888.801207712766,872.044993586834,63.3,-61,1.15968530717959,-30.2562412287183
95.3027601242065,889.162478568504,871.90147813968,63.3,-60,1.14741530717959,-30.2685112287183
96.0008940696716,890.170050244766,871.51706258889,63.3,-61,0.834485307179587,-30.5814412287183
96.452507019043,890.981332223979,871.276704298061,63.3,-60,0.533825307179586,-30.8821012287183
97.0425100326538,891.861765940038,870.991831788733,63.3,-60,0.319065307179586,-31.0968612287183
97.4458360671997,892.371471901416,870.812057820704,63.3,-60,0.104315307179586,-31.3116112287183
97.9431149959564,893.05464959029,870.579149994824,63.3,-60,6.23409790717959,-31.4650139358979
98.3557300567627,893.616368614537,870.389897361621,63.3,-60,6.03774830717959,-31.6613635358979
99.0609619617462,894.541400486614,870.086074180299,63.3,-60,5.74322430717959,-31.9558875358979
99.5681221485138,895.205992326621,869.873038841221,63.3,-60,5.58369030717959,-32.1154215358979
99.9951310157776,895.764680386185,869.60699975396,63.3,-60,5.36279730717959,-32.3363145358979
100.442343950272,896.348861623827,869.234814969529,63.3,-59,5.24007530717959,-32.4590365358979
100.900406122208,896.979182169047,869.00730668233,63.3,-59,5.11122530717959,-32.5878865358979
101.962171077728,898.516968409464,868.565720396238,63.3,-60,4.77374530717959,-32.9253665358979
102.291278123856,899.004386317979,868.434222595779,63.3,-59,4.66330530717959,-33.0358065358979
102.781969070435,899.728699588443,868.24189771076,63.3,-59,4.44240530717959,-33.2567065358979
103.491371154785,900.675031826282,867.998231326167,63.3,-59,4.19697530717959,-33.5021365358979
103.993348121643,901.236048214614,867.841761085569,63.3,-60,4.04970530717959,-33.6494065358979
104.37498497963,901.702655413961,867.72048422362,63.3,-59,3.84722530717959,-33.8518865358979
105.07142496109,902.688959133512,867.493106522375,63.3,-59,3.44225530717959,-34.2568565358979
105.745083093643,903.575849150153,867.292687478102,63.3,-60,3.09864530717959,-34.6004665358979
106.302385091782,904.513053363316,867.1023298656,63.3,-59,2.91456530717959,-34.7845465358979
106.599182128906,904.978521052154,867.010578260738,63.3,-59,2.70594530717959,-34.9931665358979
107.337383985519,906.146273068367,866.676912522898,63.3,-60,2.44823530717959,-35.2508765358979
107.970561981201,907.309123774688,866.155363575091,63.3,-60,2.16598530717959,-35.5331265358979
108.586462974548,908.187318078444,866.034028516698,63.3,-60,1.84077530717959,-35.8583365358979
109.004023075104,908.650521195177,865.975644357601,63.3,-61,1.72419530717959,-35.9749165358979
109.77012014389,909.554384794519,865.870801011556,63.3,-61,1.41739530717959,-36.2817165358979
110.206005096436,910.129465645104,865.810262288033,63.3,-61,1.23332530717959,-36.4657865358979
110.614997148514,910.721881402342,865.751723181587,63.3,-62,1.09219530717959,-36.6069165358979
111.36305308342,911.538517892665,865.715054139153,63.3,-62,0.779265307179586,-36.9198465358979
111.914422988892,912.329415002639,865.663180991478,63.3,-62,0.472465307179586,-37.2266465358979
112.354897975922,913.023562836114,865.610004852622,63.3,-62,0.423375307179586,-37.2757365358979
112.851650953293,913.858434865133,865.539132863741,63.3,-63,0.190215307179586,-37.5088965358979
113.49648308754,914.669317385524,865.485719173257,63.3,-63,6.17273830717959,-37.8095588430775
113.754410028458,915.014235023013,865.464961046867,63.3,-63,6.21569010717959,-37.7666070430775
114.720988035202,915.86459748179,865.571984484218,63.3,-63,5.76163230717959,-38.2206648430775
115.201048135757,916.222773666612,865.636895872488,63.3,-63,5.60823330717959,-38.3740638430775
115.627330064774,916.696649492856,865.621079734513,63.3,-64,5.29530130717959,-38.6869958430775
116.128124952316,917.392527155854,865.596446804813,63.3,-64,5.36279730717959,-38.6194998430775
116.483504056931,917.887540004309,865.579092285854,63.3,-63,5.06827530717959,-38.9140218430775
117.545063018799,919.385461031824,865.518739950866,63.3,-65,4.49149530717959,-39.4908018430775
118.038789987564,919.774701133663,865.512512816118,63.3,-65,4.30128530717959,-39.6810118430775
118.53512096405,919.911589584603,865.525988139493,63.3,-67,4.11106530717959,-39.8712318430775
124.241441965103,929.705675445665,864.546209093089,63.3,-66,5.90889430717959,-44.3565881502571
124.519253969193,930.24712482511,864.453853525439,63.3,-65,5.71254430717959,-44.5529381502571
125.426646947861,931.553377804925,864.252711335516,63.3,-63,5.17871530717959,-45.0867671502571
125.858461141586,932.149509749233,864.153959748503,63.3,-62,4.97009530717959,-45.2953871502571
126.640195131302,933.580859520531,863.872426380291,63.3,-62,4.62648530717959,-45.6389971502571
127.026713132858,934.298011046988,863.723352566328,63.3,-62,4.46695530717959,-45.7985271502571
127.682240009308,935.394910727539,863.484540051847,63.3,-62,4.07425530717959,-46.1912271502571
128.068860054016,936.048260615197,863.337630779395,63.3,-61,3.87790530717959,-46.3875771502571
128.577779054642,936.9451903571,863.131100904615,63.3,-60,3.61405530717959,-46.6514271502571
129.005135059357,937.680017788604,862.900012518965,63.3,-61,3.33180530717959,-46.9336771502571
129.863686084747,939.099266811199,862.478971848979,63.3,-60,2.84093530717959,-47.4245471502571
130.399917125702,939.99089397679,862.243660149689,63.3,-60,2.42982530717959,-47.8356571502571
130.906625032425,940.865752501083,862.006821712403,63.3,-60,2.06166530717959,-48.2038171502571
131.415140151978,941.723602240539,861.765784216549,63.3,-60,1.77328530717959,-48.4921971502571
132.009025096893,942.764894424598,861.463401651971,63.3,-59,1.43580530717959,-48.8296771502571
132.51567697525,943.694273767641,861.194152906191,63.3,-59,1.18423530717959,-49.0812471502571
133.025710105896,944.695932741345,860.925334979521,63.3,-59,0.846755307179587,-49.4187271502571
133.74564909935,945.745082737555,860.607206162397,63.3,-59,0.441785307179586,-49.8236971502571
134.05107998848,946.183332973776,860.466369754991,63.3,-59,0.227025307179586,-50.0384571502571
134.325449943542,946.647681317874,860.313944670218,63.3,-59,0.0245453071795865,-50.2409371502571
135.268991947174,948.17570593351,859.799832760248,63.3,-58,5.82299130717959,-50.7256764574367
135.660613059998,948.790069457034,859.586763963793,63.3,-58,5.62050530717959,-50.9281624574367
135.950600147247,949.247753064489,859.42461320001,63.3,-58,5.54073830717959,-51.0079294574367
136.483982086182,950.147766988988,859.062457649353,63.3,-57,5.24621530717959,-51.3024524574367
136.75460600853,950.665066286597,858.812086140844,63.3,-57,5.09895530717959,-51.4497124574367
137.24662399292,951.571454027688,858.397590592111,63.3,-57,4.92714530717959,-51.6215224574367
138.016764163971,952.855263775843,857.911607570641,63.3,-57,4.68170530717959,-51.8669624574367
138.352116107941,953.426347707281,857.690542822988,63.3,-57,4.53444530717959,-52.0142224574367
138.960576057434,954.447857415093,857.288415417179,63.3,-56,4.23992530717959,-52.3087424574367
139.155368089676,954.768066400901,857.159200009062,63.3,-56,4.16015530717959,-52.3885124574367
139.660628080368,955.594386323114,856.823032706101,63.3,-56,3.93926530717959,-52.6094024574367
140.165668964386,956.407003973385,856.483864129029,63.3,-56,3.71223530717959,-52.8364324574367
140.889836072922,957.889671976811,855.814942929803,63.3,-55,3.38702530717959,-53.1616424574367
141.355669975281,958.796114965652,855.401051810956,63.3,-55,3.17227530717959,-53.3763924574367
141.752889156342,959.43032372093,855.114514521964,63.3,-55,2.98205530717959,-53.5666124574367
142.315921068192,960.387549170835,854.676489437263,63.3,-54,2.76730530717959,-53.7813624574367
142.74430513382,961.155031012139,854.321788370065,63.3,-54,2.58322530717959,-53.9654424574367
143.340964078903,962.149377479564,853.846931747145,63.3,-54,2.35005530717959,-54.1986124574367
143.681671142578,962.708721145369,853.577949247675,63.3,-54,2.16598530717959,-54.3826824574367
144.668878078461,964.306501621343,852.759918330749,63.3,-53,1.73646530717959,-54.8122024574367
145.190412998199,964.938012751632,852.36714172882,63.3,-54,1.56466530717959,-54.9840024574367
145.861200094223,965.912374284563,851.835778547248,63.3,-53,1.34376530717959,-55.2049024574367
146.307604074478,966.618848633981,851.472066520994,63.3,-53,1.15968530717959,-55.3889824574367
146.924436092377,967.673848046117,850.912684964559,63.3,-53,0.981745307179586,-55.5669224574367
147.368195056915,968.308760064763,850.573039887291,63.3,-54,0.754715307179586,-55.7939524574367
148.006703138351,969.039350051689,850.176919807086,63.3,-54,0.564505307179586,-55.9841624574367
148.756389141083,969.934651651544,849.664867124832,63.3,-53,0.374295307179586,-56.1743724574367
148.975415945053,970.188713122257,849.512136728913,63.3,-54,0.294525307179586,-56.2541424574367
149.80535197258,970.901047260057,848.863419853734,63.3,-55,6.25864160717959,-56.5732114646163
150.232128143311,971.453140797648,848.505088177875,63.3,-54,6.12365130717959,-56.7082017646163
150.689947128296,972.085962735231,848.11528911366,63.3,-53,5.95798130717959,-56.8738717646163
151.41690993309,973.077287908955,847.492921684106,63.3,-54,5.71254430717959,-57.1193087646163
151.585178136826,973.306007918283,847.348677293791,63.3,-54,5.68186530717959,-57.1499877646163
152.561934947968,974.764315416322,846.407407836552,63.3,-54,5.30757330717959,-57.5242797646163
152.816061973572,975.122801983827,846.173215411719,63.3,-54,5.28302530717959,-57.5488277646163
153.617094039917,976.136245262546,845.503063072975,63.3,-54,4.95782530717959,-57.8740277646163
154.158164024353,976.849295260743,845.108273286715,63.3,-55,4.87192530717959,-57.9599277646163
154.576406955719,977.401132142198,844.804433218917,63.3,-55,4.74920530717959,-58.0826477646163
155.196920156479,978.285806665443,844.19087040428,63.3,-55,4.46081530717959,-58.3710377646163
155.407519102097,978.586333694491,843.981956380305,63.3,-55,4.44240530717959,-58.3894477646163
156.4141061306,979.776285054079,843.145113521308,63.3,-56,4.14174530717959,-58.6901077646163
156.849988937378,980.348426197818,842.726108884281,63.3,-56,4.03743530717959,-58.7944177646163
157.483205080032,981.193479017849,842.101364226758,63.3,-56,3.84108530717959,-58.9907677646163
157.776476144791,981.601625238682,841.790315958379,63.3,-56,3.74291530717959,-59.0889377646163
158.363914012909,982.484519212716,841.111326845559,63.3,-56,3.61405530717959,-59.2177977646163
158.858435153961,983.431001927312,840.365767116291,63.3,-57,3.41770530717959,-59.4141477646163
159.557584047318,984.528742296831,839.491484332688,63.3,-57,3.28271530717959,-59.5491377646163
159.891869068146,984.986988883957,839.123284535372,63.3,-57,3.17840530717959,-59.6534477646163
160.368536949158,985.567705670791,838.645554922804,63.3,-57,3.00660530717959,-59.8252477646163
160.872146129608,986.158668095076,838.155833184968,63.3,-56,2.95137530717959,-59.8804777646163
161.454813957214,986.79849098499,837.623755937638,63.3,-56,2.82252530717959,-60.0093277646163
161.792711019516,987.183908430661,837.299945276541,63.3,-56,2.77957530717959,-60.0522777646163
162.304995059967,987.84562597271,836.726911528787,63.3,-56,2.66299530717959,-60.1688577646163
162.779721021652,988.525811427732,836.110553222787,63.3,-55,2.57708530717959,-60.2547677646163
163.210365056992,989.204707202049,835.472603507829,63.3,-56,2.57708530717959,-60.2547677646163
164.052870035172,990.205157518787,834.533846824631,63.3,-56,2.28869530717959,-60.5431577646163
164.47470998764,990.709818594041,834.055427014647,63.3,-55,2.25188530717959,-60.5799677646163
165.353621959686,991.86495545568,832.945240655235,63.3,-55,2.07394530717959,-60.7579077646163
165.76433801651,992.419327781264,832.405784176977,63.3,-55,1.99417530717959,-60.8376777646163
166.171174049377,992.912297500115,831.916682966587,63.3,-55,1.93281530717959,-60.8990377646163
166.524183034897,993.315950028795,831.511708431809,63.3,-54,1.84077530717959,-60.9910777646163
167.065550088882,993.853297563577,830.939479482192,63.3,-54,1.71192530717959,-61.1199277646163
167.493803024292,994.247289587108,830.50539329073,63.3,-54,1.70578530717959,-61.1260677646163
168.098421096802,994.875151494525,829.855969463643,63.3,-54,1.54625530717959,-61.2855977646163
168.523194074631,995.378960893136,829.327663873224,63.3,-54,1.52784530717959,-61.3040077646163
168.92770409584,995.913231803402,828.761597328298,63.3,-53,1.47262530717959,-61.3592277646163
169.28399014473,996.337149328353,828.308878284115,63.3,-53,1.39899530717959,-61.4328577646163
169.761230945587,996.859276526545,827.747391674045,63.3,-53,1.36831530717959,-61.4635377646163
170.136014938354,997.288860037304,827.270036910923,63.3,-53,1.30081530717959,-61.5310377646163
170.673463106155,997.92056373034,826.564131827439,63.3,-53,1.28854530717959,-61.5433077646163
171.12991309166,998.612926244428,825.864122148794,63.3,-54,1.25786530717959,-61.5739877646163
171.615396022797,999.267369499471,825.169758725983,63.3,-54,1.17809530717959,-61.6537577646163
171.886177062988,999.557588264761,824.828263327884,63.3,-54,1.22718530717959,-61.6046677646163
172.480680942535,1000.20403004131,824.057959029323,63.3,-54,1.15968530717959,-61.6721677646163
172.99897313118,1000.77730348168,823.364329449138,63.3,-54,1.17196530717959,-61.6598877646163
173.17782497406,1000.97739847808,823.113734286981,63.3,-54,1.12900530717959,-61.7028477646163
173.772135019302,1001.63976928755,822.282652312283,63.3,-55,1.11060530717959,-61.7212477646163
174.106272935867,1001.99124778057,821.828844637741,63.3,-56,1.14128530717959,-61.6905677646163
174.875379085541,1002.89260752708,820.613365107251,63.3,-56,1.09219530717959,-61.7396577646163
175.215672969818,1003.33112678843,820.002069256927,63.3,-56,1.06765530717959,-61.7641977646163
175.449356079102,1003.54278993467,819.708683751376,63.3,-57,1.04924530717959,-61.7826077646163
175.906701087952,1003.91448563106,819.194609703478,63.3,-58,1.06151530717959,-61.7703377646163
176.438143014908,1004.34006013306,818.607117016374,63.3,-59,0.938795307179586,-61.8930577646163
176.884279966354,1004.71972896624,818.085813351506,63.3,-60,0.889705307179586,-61.9421477646163
177.117205142975,1004.94309571412,817.781786389121,63.3,-60,0.895845307179586,-61.9360077646163
177.705855131149,1005.49528588771,817.032085071747,63.3,-61,0.791535307179586,-62.0403177646163
178.110749959946,1005.86055220588,816.538453733192,63.3,-62,0.779265307179586,-62.0525877646163
178.363337039948,1006.1715899573,816.199101772846,63.3,-62,0.674955307179586,-62.1568977646163
178.875102996826,1007.0675559656,815.411178724372,63.3,-62,0.515415307179587,-62.3164377646163
179.209808111191,1007.48328159744,814.981189480078,63.3,-63,0.233165307179586,-62.5986877646163
179.887825965881,1007.99474350208,814.27158409659,63.3,-64,0.153395307179586,-62.6784577646163
180.317853927612,1008.38979280187,813.762600288606,63.3,-64,6.23409790717959,-62.8809404717959
180.647244930267,1008.68398086939,813.385770020925,63.3,-64,6.27704938717959,-62.8379889917959
180.99876999855,1008.96939566504,813.027868927967,63.3,-63,6.06842830717959,-63.0466100717959
188.865345001221,1016.50498981717,804.785447216116,63.3,-64,0.00613530717958621,-56.5425324574367
189.218942165375,1016.81319579202,804.491367348447,63.3,-64,0.0552253071795858,-56.4934424574367
189.533322095871,1017.10586595033,804.213643929932,63.3,-64,0.0122753071795865,-56.5363924574367
189.924983978271,1017.48317101932,803.856584498791,63.3,-64,0.0981753071795861,-56.4504924574367
190.396453142166,1017.93960174873,803.416354173364,63.3,-64,0.134995307179587,-56.4136724574367
190.720008134842,1018.25466929072,803.105729891585,63.3,-64,0.0981753071795861,-56.4504924574367
191.650077104568,1019.22407761657,802.234086464736,63.3,-64,0.227025307179586,-56.3216424574367
192.399785995483,1019.99536026695,801.565569926043,63.3,-65,0.429515307179586,-56.1191524574367
192.544747114182,1020.1425971333,801.438019786773,63.3,-65,0.196345307179587,-56.3523224574367
193.090796947479,1020.77587137263,800.905520444879,63.3,-63,0.251575307179587,-56.2970924574367
193.626372098923,1021.40702735257,800.381027470116,63.3,-65,0.478605307179587,-56.0700624574367
194.426146030426,1022.10068885477,799.809669443308,63.3,-65,0.558365307179586,-55.9903024574367
195.388904094696,1023.21009637688,798.920428770351,63.3,-65,0.674955307179586,-55.8737124574367
195.777802944183,1023.6200829338,798.595028913593,63.3,-67,0.822215307179587,-55.7264524574367
196.407881975174,1024.29291404857,798.062034472797,63.3,-65,0.742445307179586,-55.8062224574367
196.899593114853,1024.83307176548,797.635910051676,63.3,-65,0.920385307179586,-55.6282824574367
197.308365106583,1025.29244487932,797.28066911536,63.3,-66,0.901985307179586,-55.6466824574367
197.759338140488,1025.8119677962,796.887530138835,63.3,-65,1.05537530717959,-55.4932924574367
198.129209041595,1026.22288625059,796.577575495567,63.3,-65,0.969475307179586,-55.5791924574367
198.650387048721,1026.75214176892,796.181759932394,63.3,-65,0.987885307179586,-55.5607824574367
198.98740696907,1027.07597643851,795.934582147796,63.3,-64,1.11060530717959,-55.4380624574367
199.500990152359,1027.38121074975,795.647661895234,63.3,-65,1.18423530717959,-55.3644324574367
199.704138994217,1027.50194678403,795.534170023012,63.3,-65,1.14741530717959,-55.4012524574367
200.280395030975,1028.02135906915,795.142835060901,63.3,-64,1.34990530717959,-55.1987624574367
200.746160030365,1028.49854649778,794.804031986575,63.3,-64,1.30695530717959,-55.2417124574367
201.25377202034,1029.04199527994,794.428611006875,63.3,-65,1.41739530717959,-55.1312724574367
201.659683942795,1029.48109677621,794.127208329337,63.3,-64,1.55238530717959,-54.9962824574367
