1.38178181648254,1,2.36847,-61,10.8318588641006,7.87449360850985,0.633,0.30704080639044
1.44750189781189,1,2.32551,-61,10.8320836128991,7.87384558280758,0.633,0.307108792901979
1.96501994132996,1,2.42369,-61,10.8339833473198,7.86823797738776,0.633,0.307272567295841
2.20706796646118,1,2.63231,-61,10.8350483037868,7.86492995636211,0.633,0.306844587915661
2.45025897026062,1,2.55868,-61,10.836118289101,7.86160631447996,0.633,0.306414587567529
2.80981278419495,1,2.79798,-60,10.8388946138444,7.85638540941193,0.633,0.308460077538344
2.98148393630981,1,2.82252,-61,10.8404698587021,7.85382849022266,0.633,0.309997196904541
3.23454284667969,1,3.00047,-61,10.8427919130621,7.85005935850791,0.633,0.312263050818412
3.64439702033997,1,3.19068,-60,10.8451930072322,7.84394994637924,0.633,0.312970930072322
4.16226387023926,1,3.25204,-60,10.8477604311977,7.83646852539558,0.633,0.313196151783896
4.41272497177124,1,3.33794,-60,10.848897180885,7.83322017704684,0.633,0.313612271063353
4.61273384094238,1,3.35635,-59,10.8498049466741,7.83062616753425,0.633,0.313944568358284
4.820307970047,1,3.41157,-59,10.8507246985043,7.82798759951523,0.633,0.314309877089514
5.31362581253052,1,3.4852,-59,10.8527611289643,7.82207492900702,0.633,0.315314750188949
5.53003191947937,1,3.57724,-58,10.8537074756152,7.81932129270186,0.633,0.315614362668713
5.88437294960022,1,3.61406,-59,10.8554749612133,7.81415518479644,0.633,0.31552447340115
6.02675199508667,1,3.76746,-58,10.8561851609672,7.81207937237302,0.633,0.315488354670811
6.46735382080078,1,3.792,-58,10.8582975020207,7.80472607572186,0.633,0.315390171122719
6.75458693504334,1,3.91472,-58,10.8596477162875,7.79964026865028,0.633,0.315330434370309
7.04274582862854,1,3.92699,-58,10.8608078733244,7.7955053881636,0.633,0.314865656563821
7.30219697952271,1,4.00676,-58,10.8617319533772,7.79238199758496,0.633,0.314196252973535
7.65781497955322,1,4.07425,-58,10.8630003423732,7.78812331968502,0.633,0.313200441998414
7.99379181861877,1,4.14175,-57,10.8642041730236,7.78416851306688,0.633,0.312019796234622
8.19973182678223,1,4.2706,-57,10.8649420717867,7.78174437898225,0.633,0.31129610885513
8.46998381614685,1,4.29515,-57,10.8659691782518,7.77846985563678,0.633,0.310763330796979
8.77871489524841,1,4.32583,-57,10.8672027645643,7.77463340220505,0.633,0.310581993609049
9.14259481430054,1,4.39332,-57,10.8686562005502,7.77008485753834,0.633,0.310449112368447
9.2442729473114,1,4.46082,-57,10.8690616705391,7.76877896453957,0.633,0.310517343180373
9.74441599845886,1,4.55285,-57,10.8710561308168,7.76235542695551,0.633,0.310852962702967
9.9558379650116,1,4.59581,-57,10.8707671430272,7.76022231590639,0.633,0.311965930610206
10.2362868785858,1,4.57126,-58,10.8697726577158,7.75770709680612,0.633,0.313966503561784
10.4868648052216,1,4.61421,-57,10.868919163246,7.75543529210596,0.633,0.315726726934016
10.7564158439636,1,4.64489,-58,10.8700709129411,7.75154621730231,0.633,0.316010825192132
11.1952109336853,1,4.77375,-57,10.8719442904607,7.74522246694803,0.633,0.316431943576989
11.4847278594971,1,4.71852,-57,10.8731401565359,7.74123899581493,0.633,0.315620404116334
11.8650779724121,1,4.76761,-58,10.8747112142398,7.73600574842873,0.633,0.314554251853804
12.2300748825073,1,4.83511,-58,10.8762679701234,7.73098802943646,0.633,0.31291201753037
12.5310599803925,1,4.77988,-58,10.877554242325,7.72685052052116,0.633,0.311525844854394
12.8032729625702,1,4.86579,-57,10.8787447737648,7.72293634174025,0.633,0.31089608113336
13.151312828064,1,4.89647,-57,10.8802762570701,7.71787287506213,0.633,0.310304545706691
13.4406678676605,1,4.9026,-57,10.8813380542279,7.71243217425022,0.633,0.309841561100524
13.5436267852783,1,4.91487,-57,10.8816167682676,7.70991934714509,0.633,0.309690322061096
13.8317348957062,1,4.98237,-57,10.8823966888144,7.70288774768927,0.633,0.309267112543353
14.2576198577881,1,5.09895,-58,10.8841303515684,7.69506564484094,0.633,0.309464951239249
14.669529914856,1,4.91487,-58,10.8862423610873,7.6894277527642,0.633,0.310273381549525
14.7323949337006,1,4.98237,-58,10.8865627606982,7.68856229756608,0.633,0.310419285703152
15.1449589729309,1,5.08054,-58,10.8886149584408,7.68275164624341,0.633,0.311965470116664
15.7501068115234,1,5.10509,-58,10.891652826769,7.67412814279665,0.633,0.313061194529547
16.2012119293213,1,5.19099,-59,10.8939207133076,7.66767738723004,0.633,0.313104360283694
16.4130787849426,1,5.22167,-59,10.8948791396305,7.66495714781344,0.633,0.312908728557775
16.7580769062042,1,5.27689,-59,10.8964398145167,7.66052758526881,0.633,0.312590167272182
16.960391998291,1,5.25849,-59,10.8972,7.65794021364292,0.633,0.312302718168385
17.2218070030212,1,5.31371,-59,10.8972,7.65466183313919,0.633,0.311293681537468
17.7913699150085,1,5.4487,-59,10.8979469928209,7.64717807780734,0.633,0.309423953013665
17.948282957077,1,5.50392,-59,10.8987961871182,7.64482268099321,0.633,0.309191988887187
18.3220019340515,1,5.57755,-60,10.9008187087637,7.63921284463963,0.633,0.308639521132442
18.5741789340973,1,5.65119,-60,10.9021206422073,7.63560955655985,0.633,0.30872074159085
18.9047269821167,1,5.69414,-59,10.9038145743558,7.63092301094906,0.633,0.308918367008172
19.3684418201447,1,5.8414,-60,10.9061375132837,7.62446631715669,0.633,0.308602986066832
19.618234872818,1,5.88435,-60,10.9073746227418,7.62101959275003,0.633,0.308275495701972
20.115770816803,1,5.9948,-59,10.9099908535596,7.61395067420454,0.633,0.307208229668219
20.3426759243011,1,6.03161,-60,10.9112189594176,7.61068003439313,0.633,0.306626172128659
20.7510738372803,1,6.19728,-60,10.9115317388575,7.60628210734459,0.633,0.305230898315528
20.9089779853821,1,6.22183,-60,10.9112517599662,7.60489621183287,0.633,0.304617977859421
21.1202948093414,1,6.20342,-60,10.910877075382,7.60304152314106,0.633,0.303797730857166
21.7208478450775,1,0.122718,-60,10.913516325202,7.59453571825943,0.633,0.305289250888625
22.0039279460907,1,0.220893,-60,10.9149377487589,7.59025348292457,0.633,0.306174945258024
22.3390069007874,1,0.245437,-60,10.9166559462201,7.58505116283358,0.633,0.30725979604397
22.5794808864594,1,0.349748,-60,10.9178571529084,7.5814073884879,0.633,0.308027891757142
23.0697338581085,1,0.460194,-60,10.9199470671569,7.57498932924712,0.633,0.309476000081637
23.5508909225464,1,0.558369,-60,10.9220757607735,7.56863163433946,0.633,0.310277307230541
23.7651197910309,1,0.687223,-60,10.9230481136713,7.56578234569658,0.633,0.310437598132478
24.2838089466095,1,0.809942,-60,10.9276118082481,7.55965380228364,0.633,0.308624658121222
24.6888568401337,1,0.938796,-60,10.9325691618749,7.55535371576691,0.633,0.305820689788941
24.9993469715118,1,1.03084,-60,10.9344116700379,7.55107830086751,0.633,0.304475505239882
25.4100379943848,1,1.04924,-60,10.9365176844402,7.54525751106118,0.633,0.302832229002096
25.7277588844299,1,1.06151,-60,10.9380609057034,7.54099102540836,0.633,0.302737922529637
26.0256819725037,1,1.12287,-60,10.9395036726175,7.53700219923396,0.633,0.302708218504934
26.3829739093781,1,1.19037,-59,10.94141534173,7.53176139927121,0.633,0.303214418277398
26.4874048233032,1,1.19037,-60,10.9419954185956,7.53017585583876,0.633,0.303426071964489
27.0191419124603,1,1.28241,-59,10.9448607282968,7.52222543294679,0.633,0.304981760622647
27.4341847896576,1,1.3499,-59,10.9469720865245,7.51619379606392,0.633,0.30687342346718
27.8944289684296,1,1.31922,-59,10.9478779959941,7.51329264929011,0.633,0.306684947489237
28.0906219482422,1,1.42353,-59,10.9480399289869,7.51264761620236,0.633,0.306247458520511
28.619843006134,1,1.38058,-59,10.949813711294,7.50739017509555,0.633,0.30578410895523
28.945732831955,1,1.39285,-58,10.9513822087495,7.50289979095153,0.633,0.30575408343251
29.2479248046875,1,1.39285,-58,10.9545253601072,7.4939881765534,0.633,0.308356412813298
29.5589737892151,1,1.40513,-58,10.9582466128526,7.48344905717097,0.633,0.311791926508579
29.7073528766632,1,1.46649,-58,10.9600217547563,7.47842160170814,0.633,0.313430762873197
30.1366767883301,1,1.49103,-58,10.9621353787174,7.47216364826083,0.633,0.320117399294921
30.6013770103455,1,1.46649,-58,10.964306110236,7.46575021437083,0.633,0.327522265471474
30.9443688392639,1,1.55239,-57,10.9658153375679,7.46132629175402,0.633,0.333176208363836
31.5081689357758,1,1.47262,-58,10.9680157005897,7.46128754484276,0.633,0.340836600311072
31.7579698562622,1,1.52171,-57,10.9689088269835,7.46337952166518,0.633,0.343754375537605
32.1863849163055,1,1.52784,-58,10.9711615013238,7.46009421939367,0.633,0.347185356599825
32.4431478977203,1,1.55239,-57,10.9727155561765,7.45618082671919,0.633,0.348796628926628
32.8729360103607,1,1.54012,-57,10.9752625737992,7.44976859472986,0.633,0.3506398015135
33.1671559810638,1,1.56466,-57,10.97697962435,7.44544665285564,0.633,0.351483669040299
33.490758895874,1,1.54012,-57,10.9790253197444,7.44028580950868,0.633,0.351894958926968
33.6588718891144,1,1.50944,-57,10.9801656865991,7.43740358818388,0.633,0.351853369076975
34.0056629180908,1,1.5033,-57,10.9825180865374,7.43145801265342,0.633,0.351767575667458
34.4808969497681,1,1.57693,-57,10.985223739872,7.42451942917941,0.633,0.351148478364637
34.8521068096161,1,1.55852,-56,10.987330518156,7.41795036515641,0.633,0.350769083469366
34.9391679763794,1,1.49717,-57,10.9879256128266,7.41435004239878,0.633,0.35095108325615
35.3183679580688,1,1.54625,-56,10.9905175823191,7.39866862696953,0.633,0.35174379392592
35.6928470134735,1,1.58307,-57,10.9927582618937,7.38825348508344,0.633,0.352403514778671
35.8473198413849,1,1.5892,-56,10.9935504182451,7.38605745164286,0.633,0.352624658426747
36.3222010135651,1,1.50944,-56,10.995871651022,7.37968906989725,0.633,0.353070577623265
36.7232849597931,1,1.5033,-56,10.9975280399442,7.37533105352613,0.633,0.352823261622125
36.9343848228455,1,1.44194,-56,10.9984064109136,7.3730043771807,0.633,0.352780758462163
37.4087839126587,1,1.45421,-57,11.000494596534,7.36720313650408,0.633,0.354208555380099
37.8186738491058,1,1.44194,-56,11.0023443821051,7.36212775579595,0.633,0.35480528923671
38.2247488498688,1,1.43581,-56,11.0042337506006,7.35702106266235,0.633,0.354602317078335
38.5763959884644,1,1.45421,-56,11.0056423946189,7.3529611462598,0.633,0.357922378859691
38.8690578937531,1,1.43581,-56,11.006647981115,7.34984785046796,0.633,0.36324836717748
39.3432939052582,1,1.36217,-56,11.0085532770212,7.3444774984708,0.633,0.371183247509918
39.4293668270111,1,1.37445,-56,11.0089539466028,7.34343804709902,0.633,0.372485080219152
40.0601508617401,1,1.36831,-56,11.0121441057701,7.33534600929278,0.633,0.381633143513781
40.4448819160461,1,1.4174,-56,11.0144457203927,7.32974541371117,0.633,0.386662719467604
40.6951868534088,1,1.35604,-56,11.0157806209874,7.32649943254238,0.633,0.39003783512487
41.1149950027466,1,1.36217,-56,11.0177428322799,7.32173241334351,0.633,0.395873682357198
41.363343000412,1,1.37445,-56,11.018936920295,7.31885866925587,0.633,0.399419765734256
41.6214528083801,1,1.3499,-56,11.0202756276343,7.31571442330003,0.633,0.40338027990876
42.1496448516846,1,1.32536,-56,11.0232090318028,7.30913329491582,0.633,0.411362428628661
42.5051097869873,1,1.30082,-56,11.0257466121411,7.30427773253766,0.633,0.416378053766622
42.8184759616852,1,1.29468,-56,11.0279079976274,7.30008295258182,0.633,0.420806340896932
43.1872799396515,1,1.31309,-56,11.0298385424936,7.29584083425759,0.633,0.426072156038338
43.3384068012238,1,1.31309,-56,11.0306296326232,7.29410251778851,0.633,0.428229958457739
43.8466639518738,1,1.3315,-56,11.0335911928505,7.28774394215703,0.633,0.436007460482779
44.3557438850403,1,1.30695,-56,11.036743526986,7.28106515993133,0.633,0.44386767307816
44.6979079246521,1,1.31922,-56,11.0389722008809,7.27640768632245,0.633,0.448638854538822
45.0436198711395,1,1.3315,-56,11.0412285667107,7.27170189537653,0.633,0.453453087377764
45.4583139419556,1,1.38672,-56,11.0439849275568,7.26605686836365,0.633,0.459158203057086
45.6691718101501,1,1.34377,-56,11.0453864435487,7.26318656361226,0.633,0.462059060857097
46.090803861618,1,1.35604,-56,11.0475243600964,7.25704781335787,0.633,0.465830644291564
46.2769320011139,1,1.38672,-56,11.0483859053681,7.25428847530711,0.633,0.467244535809678
46.9670708179474,1,1.41126,-57,11.052640973826,7.24458480443805,0.633,0.470173833340072
47.3083219528198,1,1.43581,-57,11.0550664630876,7.23994658813072,0.633,0.470921054242428
47.7437689304352,1,1.5033,-56,11.0581095329691,7.23410168308074,0.633,0.470736630116567
48.1387619972229,1,1.48489,-57,11.0608660510163,7.22880523054726,0.633,0.470485097844763
48.4904069900513,1,1.47876,-57,11.0630630294489,7.22460723309548,0.633,0.472528594033899
48.9492638111115,1,1.54012,-57,11.0658982471841,7.21920858950842,0.633,0.475693414468892
49.298928976059,1,1.59534,-57,11.0678989237429,7.2155096642427,0.633,0.48082119501651
49.5366449356079,1,1.5892,-57,11.0692590613706,7.21299499118691,0.633,0.484307259387309
50.024258852005,1,1.62602,-57,11.0729926809427,7.20614652802364,0.633,0.491377171823079
50.3432619571686,1,1.66897,-57,11.0756193804637,7.20133638452589,0.633,0.495986619060561
50.8850719928741,1,1.70579,-57,11.0793499642237,7.1947525626085,0.633,0.504204457614363
51.1416118144989,1,1.71192,-57,11.0810540590013,7.19177039674779,0.633,0.508128647068102
51.670138835907,1,1.7426,-57,11.0849074296933,7.18515673892922,0.633,0.515983273745255
52.0959119796753,1,1.79169,-57,11.0880871742213,7.17975336694635,0.633,0.522452683104044
52.5555210113525,1,1.88373,-57,11.0916393774246,7.17381774998076,0.633,0.529777096934944
52.8485248088837,1,1.88373,-57,11.093948351803,7.16996047926234,0.633,0.533650601534043
53.1339340209961,1,1.90214,-57,11.0962934081616,7.16604494576651,0.633,0.53570501302886
53.628839969635,1,2.00645,-57,11.1004073870075,7.15925625579445,0.633,0.538753248448364
53.8333268165588,1,1.98804,-57,11.1022304109949,7.15645369653025,0.633,0.538681960047663
54.1117739677429,1,2.04326,-57,11.1047127996838,7.15263748705331,0.633,0.538584887534754
54.417897939682,1,2.0494,-57,11.10731471832,7.14853447727798,0.633,0.53835191586733
54.8267869949341,1,2.08008,-57,11.1104676977612,7.14328857182842,0.633,0.537720776361947
55.3220028877258,1,2.09235,-57,11.1142536698537,7.13689313934903,0.633,0.537732243294622
55.6444289684296,1,2.14757,-57,11.1166990196491,7.13270397453554,0.633,0.538205679050098
55.7842140197754,1,2.18439,-57,11.1177591799996,7.13088779819747,0.633,0.538410933045817
56.4220008850098,1,2.2887,-58,11.1226165194702,7.12286384834562,0.633,0.547327479944479
56.7033658027649,1,2.31938,-57,11.1247430353931,7.1193734685691,0.633,0.551742094093182
57.0922989845276,1,2.31938,-58,11.1275057779575,7.11486583596408,0.633,0.557279211822193
57.2971348762512,1,2.38687,-58,11.1289608063873,7.11249184221012,0.633,0.560195395117381
57.6912488937378,1,2.41755,-58,11.1311855260613,7.10843324614004,0.633,0.565400968229787
58.1537919044495,1,2.41755,-57,11.1332607430491,7.10414446436514,0.633,0.5711326022604
58.316065788269,1,2.46051,-58,11.1341356280945,7.1025148617277,0.633,0.573282678818724
58.7438387870789,1,2.54641,-57,11.1375475700495,7.09727804778764,0.633,0.579999034861099
59.0913729667664,1,2.57095,-58,11.1403195225846,7.09302352063914,0.633,0.585455581427083
59.5771849155426,1,2.60163,-58,11.1446540805105,7.08648438668959,0.633,0.592682672156346
59.9050838947296,1,2.65685,-58,11.1475862729218,7.08206232353956,0.633,0.597554866465738
60.1991999149323,1,2.65685,-58,11.1502491703747,7.07812175896651,0.633,0.602126165160951
60.6669600009918,1,2.65685,-58,11.1544888387032,7.07185835562254,0.633,0.609424612866187
60.9621088504791,1,2.72435,-58,11.1571389189451,7.06794883706881,0.633,0.612697939836783
61.351979970932,1,2.77957,-58,11.1606250739321,7.0628091139731,0.633,0.616256173433655
61.7085649967194,1,2.8348,-58,11.1636051833086,7.05835426573708,0.633,0.617909728561079
62.0484068393707,1,2.7673,-58,11.1660752765952,7.05454554125002,0.633,0.616642809746346
62.5516359806061,1,2.82866,-58,11.1699083509672,7.04872856333155,0.633,0.615148153642692
63.0061228275299,1,2.87161,-58,11.1739074502767,7.04293253539895,0.633,0.614966327927419
63.4859688282013,1,2.89002,-58,11.1781525908705,7.03676951907527,0.633,0.615943987816898
63.8365159034729,1,2.93297,-58,11.1812779492538,7.03222130016485,0.633,0.617889523410497
64.2430689334869,1,2.91456,-58,11.1849261809409,7.02692891175038,0.633,0.621177149959426
64.4977829456329,1,2.95138,-58,11.1872563568216,7.02358003077311,0.633,0.625185351214734
64.684868812561,1,2.98206,-59,11.1889678565976,7.02112029840271,0.633,0.628129350252532
65.2419857978821,1,3.04955,-59,11.1939238987004,7.01407355041281,0.633,0.636515603638176
65.4019839763641,1,3.03115,-59,11.1952967289549,7.01214965449283,0.633,0.638787347674745
66.0064339637756,1,3.0741,-59,11.2006314204066,7.00524954444048,0.633,0.648008316777618
66.6366958618164,1,3.13546,-59,11.2065459696448,6.99892836994208,0.633,0.659138759125384
67.0061848163605,1,3.12318,-59,11.2099239224676,6.99446392476566,0.633,0.664589601324351
67.2016458511353,1,3.11091,-60,11.2117054923315,6.99205657848708,0.633,0.66740849024149
67.7173628807068,1,3.15386,-60,11.2164493507495,6.98569873038752,0.633,0.674737059562599
67.8952388763428,1,3.15386,-60,11.2181171951619,6.98350134537421,0.633,0.677185038198865
68.5046257972717,1,3.16614,-59,11.2237034885061,6.97618188100258,0.633,0.685791394498359
68.8719918727875,1,3.21522,-60,11.226676050463,6.97241527852287,0.633,0.691660371962142
69.1223049163818,1,3.27045,-60,11.2287014716445,6.96984882017644,0.633,0.695659330248325
69.594260931015,1,3.23363,-60,11.2322005578166,6.965431837542,0.633,0.703001762009175
69.9519548416138,1,3.28885,-60,11.2346959857166,6.96229076718524,0.633,0.70846991790766
70.1108620166779,1,3.27045,-60,11.2358045911092,6.96089533214349,0.633,0.710899171470249
70.5898938179016,1,3.27658,-60,11.2412895932419,6.95307088840162,0.633,0.717472239612412
70.7412719726563,1,3.25818,-60,11.2432008514131,6.95029788751124,0.633,0.71948710809492
71.3188438415527,1,3.21522,-60,11.2498041404426,6.94127252555665,0.633,0.72757242538138
71.6346709728241,1,3.28272,-60,11.2527322227708,6.93787799290405,0.633,0.732387758912537
72.0395328998566,1,3.25818,-60,11.2564857605025,6.93352650788257,0.633,0.738560582649625
72.4098329544067,1,3.28272,-60,11.2599323485239,6.92970172759015,0.633,0.744039391088396
72.7623748779297,1,3.23977,-60,11.2632137052155,6.92606098421327,0.633,0.749254795039557
72.9635767936707,1,3.25204,-60,11.2650744684439,6.92400228877059,0.633,0.752250703802303
73.4302229881287,1,3.23363,-60,11.269139118835,6.91962911672328,0.633,0.759605762142553
73.57435297966,1,3.30113,-60,11.2703945411087,6.91827840336137,0.633,0.761877471435123
74.0515909194946,1,3.29499,-61,11.2744373385064,6.91397219110719,0.633,0.769312269508516
74.5113139152527,1,3.3134,-61,11.278103574982,6.91015641077531,0.633,0.776299826791363
74.8943238258362,1,3.34408,-60,11.2810613288005,6.90709738215949,0.633,0.782022247167405
75.2584249973297,1,3.34408,-61,11.283180713089,6.90504864401396,0.633,0.786752398916434
75.5162169933319,1,3.39317,-60,11.284681285866,6.90359809032951,0.633,0.790101455047657
76.0023670196533,1,3.41157,-60,11.2884819120277,6.899901494424,0.633,0.796606052674423
76.3870778083801,1,3.41157,-61,11.2923794019549,6.89609522234613,0.633,0.801926541051679
76.7852129936218,1,3.40544,-61,11.296455894552,6.89213128066587,0.633,0.807584104427343
77.0817139148712,1,3.41157,-61,11.2996186314917,6.88910591512868,0.633,0.812244189653418
77.1818318367004,1,3.4852,-61,11.3006865764018,6.88808435570458,0.633,0.813817736360848
77.774199962616,1,3.41157,-61,11.3068540148807,6.88223095930667,0.633,0.823113240842978
78.4085028171539,1,3.42998,-60,11.3129400829294,6.87661673248874,0.633,0.833016436065543
78.4621458053589,1,3.50361,-60,11.3134547816639,6.87614193736395,0.633,0.83385394921989
79.1596009731293,1,3.54043,-60,11.3212921985417,6.86911478902515,0.633,0.843210892167385
79.2798209190369,1,3.57724,-61,11.3226756029764,6.86787931298544,0.633,0.844780302861739
79.8567988872528,1,3.57724,-61,11.3298869558616,6.86102989675362,0.633,0.854837473049598
80.0523068904877,1,3.6386,-61,11.3324039363735,6.85859087581506,0.633,0.858569509198055
80.3904829025269,1,3.63247,-61,11.3366375600739,6.85458109426987,0.633,0.864598904621072
80.8794767856598,1,3.74905,-61,11.3421435554151,6.84985511493536,0.633,0.871132685759268
81.3440768718719,1,3.87177,-61,11.3471585752491,6.84559118999078,0.633,0.877474193044126
81.4320578575134,1,3.82882,-61,11.3480407231328,6.84485439601978,0.633,0.878716818631128
82.0971598625183,1,3.84722,-61,11.3547383451316,6.83926311565417,0.633,0.888263729835494
82.6564738750458,1,3.95767,-61,11.3606648000174,6.83434352084578,0.633,0.89784929267328
82.7235767841339,1,3.92699,-61,11.3613758180761,6.83375329940348,0.633,0.898999307043126
83.1863617897034,1,4.0313,-61,11.3663613038022,6.82972864699506,0.633,0.905685502652671
83.7429440021515,1,4.12948,-61,11.3724324750043,6.82493046330304,0.633,0.912582483701145
84.0299088954926,1,4.17243,-61,11.3759191278288,6.82197834425276,0.633,0.916709088578123
84.5215899944305,1,4.23379,-61,11.3819743520278,6.81681121960291,0.633,0.923909615182824
84.854120016098,1,4.32583,-61,11.3856097515472,6.813959914436,0.633,0.929307416001023
85.2569057941437,1,4.39946,-61,11.3897466317585,6.81087915540808,0.633,0.936151762637622
85.5890288352966,1,4.43627,-61,11.393189519761,6.80833261599111,0.633,0.941474203586058
86.2266039848328,1,4.55285,-61,11.3998910267891,6.80342588038542,0.633,0.950759257116826
86.5653879642487,1,4.63876,-62,11.4032157150078,6.80098734411302,0.633,0.955731226276251
86.8126678466797,1,4.63876,-61,11.4056068464222,6.7992328514377,0.633,0.95936604491756
87.2533738613129,1,4.72466,-62,11.4099143406609,6.79610462531337,0.633,0.965761628381591
87.6578958034515,1,4.84738,-61,11.413957409584,6.79323063656074,0.633,0.971472097898036
87.9696159362793,1,4.87192,-62,11.4169946877972,6.791016678433,0.633,0.975926174683485
88.3466467857361,1,4.90874,-61,11.4196824794097,6.78834774851601,0.633,0.98198926671044
88.724250793457,1,5.00691,-61,11.4223743569742,6.78567476132032,0.633,0.988061575785036
89.0637338161469,1,4.98237,-62,11.4261560732843,6.78302186421829,0.633,0.993601577706134
89.2673678398132,1,4.98851,-62,11.4284692050829,6.78142235818737,0.633,0.996927319861187
90.0650780200958,1,5.08668,-62,11.4376387939585,6.77517312585914,0.633,1.00856801249372
90.3182628154755,1,5.25849,-61,11.4405700478268,6.7731929010237,0.633,1.01199432257083
90.7353498935699,1,5.22781,-62,11.4454031430332,6.77001632553737,0.633,1.01847619040729
91.1164288520813,1,5.38734,-62,11.449819270972,6.7671197254915,0.633,1.02445458296098
91.2228338718414,1,5.3628,-62,11.451043185261,6.76633384415466,0.633,1.02607622240226
91.8724329471588,1,5.49165,-62,11.4584901651252,6.76159853630625,0.633,1.03584633620232
92.1061718463898,1,5.60823,-62,11.4622930299259,6.75825973240634,0.633,1.0394356665619
92.5718638896942,1,5.71868,-61,11.4710202764012,6.74993298285828,0.633,1.04666254395143
92.8788290023804,1,5.73095,-62,11.4756975625903,6.74608481406172,0.633,1.05167825125909
93.1986398696899,1,5.7739,-61,11.4793666676604,6.74391220914941,0.633,1.05718603145426
93.9888279438019,1,5.88435,-61,11.4889180170657,6.73838290571711,0.633,1.0700218275441
94.0367658138275,1,6.00093,-62,11.4895162833165,6.73804121550791,0.633,1.07077058551154
94.6209359169006,1,6.07456,-61,11.4967218709259,6.73403537246317,0.633,1.07951352098831
94.9636509418488,1,6.11138,-62,11.5009126715752,6.73175320819657,0.633,1.08447870871406
95.3522789478302,1,6.20342,-61,11.5054982692588,6.72927862424528,0.633,1.09052875954757
95.6731688976288,1,6.22796,-61,11.5092530056055,6.72725684313548,0.633,1.09560384274155
95.8813879489899,1,6.24637,-62,11.5113573993496,6.72630273538977,0.633,1.09852148019322
96.3705539703369,1,0.0674952,-62,11.5146739738128,6.72581500385106,0.633,1.10353536041116
96.7480459213257,1,0.110447,-62,11.5185019346419,6.72441656943725,0.633,1.10807946366152
97.0166578292847,1,0.147262,-62,11.5221962481063,6.72263960466085,0.633,1.11182919182794
97.4166657924652,1,0.276117,-61,11.5275424492736,6.72007323433632,0.633,1.11755898906667
97.8624157905579,1,0.349748,-62,11.5331123881018,6.71741269972582,0.633,1.12430809579575
98.2035989761353,1,0.325204,-62,11.5367870109918,6.71566222054479,0.633,1.12944212174969
98.3925538063049,1,0.392699,-62,11.5384446000186,6.71487612150631,0.633,1.13226504609234
98.7533040046692,1,0.368155,-62,11.541609248256,6.71337531105437,0.633,1.13765453793895
99.0441219806671,1,0.454058,-62,11.5380174446252,6.70879906394694,0.633,1.14388545238393
99.580778837204,1,0.515418,-62,11.5321880217587,6.7003120614454,0.633,1.15505353266544
99.6948909759521,1,0.454058,-62,11.5364491456378,6.70059512181736,0.633,1.15557552034063
100.066172838211,1,0.60132,-62,11.5503133850296,6.70151610343411,0.633,1.15727388966613
100.399765014648,1,0.632,-62,11.5594036356308,6.70156342535157,0.633,1.16004382691163
100.954512834549,1,0.705631,-63,11.5648592616509,6.69940329234633,0.633,1.16821989347413
101.179410934448,1,0.822214,-63,11.5638109527916,6.69666283899703,0.633,1.17386438274614
101.595043897629,1,0.840621,-63,11.5588396918857,6.68986286425793,0.633,1.18646416187544
102.003973960876,1,0.865165,-63,11.5608638174807,6.68621429043597,0.633,1.19469880088925
102.370234012604,1,0.859029,-62,11.5658002120823,6.68432032679293,0.633,1.20019431773648
102.661041021347,1,0.957204,-63,11.5694976485043,6.68293309488842,0.633,1.20471866459044
102.916929960251,1,0.908117,-62,11.5726649406298,6.68175767758851,0.633,1.20876224087068
103.454254865646,1,1.05538,-62,11.5829820440571,6.68356462904783,0.633,1.21317261298485
103.68957901001,1,1.08606,-63,11.5891155070719,6.68623922111659,0.633,1.2133066777502
104.097641944885,1,1.09833,-63,11.5960829822388,6.68271681083512,0.633,1.21863378515958
104.566177845001,1,1.22105,-62,11.6000772375741,6.66976125038478,0.633,1.23031376084156
104.786983013153,1,1.21491,-62,11.602524740132,6.66777551491344,0.633,1.23402206644019
105.27209186554,1,1.40513,-63,11.6082615301544,6.66603446584849,0.633,1.24102628681641
105.627187013626,1,1.41126,-63,11.6128626986735,6.66460668535989,0.633,1.24565086217138
106.091462850571,1,1.40513,-63,11.6189838795757,6.66270811634963,0.633,1.25169067420329
106.481226921082,1,1.55239,-63,11.6239259680376,6.66125325435297,0.633,1.25795990776906
106.84884595871,1,1.52784,-63,11.6290348405551,6.65969906822052,0.633,1.26416133591478
107.056475877762,1,1.63216,-64,11.6325828967449,6.65855186338582,0.633,1.26809080814497
107.617383003235,1,1.72419,-64,11.6416182198966,6.65572755254456,0.633,1.27773828369532
107.748591899872,1,1.7426,-64,11.6434306321101,6.6552174612721,0.633,1.27946474646367
108.178344964981,1,1.66284,-65,11.6492875128404,6.65357131227526,0.633,1.28521186183892
108.538951873779,1,1.78555,-64,11.6531909789056,6.65250299524689,0.633,1.29121087284438
108.936630010605,1,1.87759,-63,11.6576487540029,6.65128954668237,0.633,1.29788172597027
109.65632891655,1,1.93895,-64,11.666727585605,6.6488674019224,0.633,1.31000030404481
110.006682872772,1,2.08008,-65,11.6710189998037,6.64773965819111,0.633,1.31489551024123
110.204361915588,1,2.07394,-64,11.6734403301071,6.64710335511138,0.633,1.31765751608734
110.51903796196,1,2.00645,-65,11.6771045553826,6.64619812112475,0.633,1.32237370190857
110.948977947235,1,2.21507,-65,11.6820905750477,6.64498352302408,0.633,1.32894288595366
111.177634000778,1,2.25188,-65,11.6852815866445,6.64420530693057,0.633,1.33300979767248
111.816161870956,1,2.40528,-65,11.694599901901,6.64196335622311,0.633,1.34383806831483
112.135073900223,1,2.47891,-65,11.6997777924355,6.64075518176506,0.633,1.3485662999345
112.261749982834,1,2.44823,-65,11.7018345191466,6.64027527886579,0.633,1.35044441616811
112.907054901123,1,2.63845,-65,11.7113119683395,6.63817001514151,0.633,1.35889859635069
113.488875865936,1,2.73049,-65,11.7199585806225,6.63628055717852,0.633,1.36827611241684
113.724985837936,1,2.69981,-65,11.7234760779466,6.63552289939165,0.633,1.37225695711644
114.282929897308,1,2.82252,-65,11.7306281536996,6.63485537232137,0.633,1.38137188032606
114.382526874542,1,2.74889,-65,11.7319048500171,6.63473621399841,0.633,1.38299895885508
115.037073850632,1,2.88388,-65,11.7393134710547,6.63338917584103,0.633,1.39189887524829
115.366995811462,1,2.90229,-65,11.7432535647914,6.6326858415074,0.633,1.39708743226701
115.686397790909,1,2.95751,-65,11.7471202039197,6.63200349342594,0.633,1.40227782667336
115.87606883049,1,2.98819,-65,11.749459414801,6.6316015348587,0.633,1.40515301645639
116.455573797226,1,3.01274,-64,11.7568046274547,6.63038833681367,0.633,1.4129851589376
116.707580804825,1,3.10478,-64,11.7604885435412,6.6298024945979,0.633,1.41654200442872
117.366349935532,1,3.25204,-64,11.7692213544756,6.62829193810913,0.633,1.42547610527002
117.693455934525,1,3.27045,-63,11.7720624745349,6.62761193232443,0.633,1.42934189158031
118.192343950272,1,3.28272,-63,11.7774572971607,6.62666745629989,0.633,1.43629093337372
118.247860908508,1,3.33181,-63,11.7781294100129,6.62656861617458,0.633,1.43713542340443
118.923163890839,1,3.37476,-62,11.78765844966,6.62527893022653,0.633,1.44728279074157
119.29151892662,1,3.46066,-62,11.7935623066527,6.62453512808889,0.633,1.45276619521331
119.685171842575,1,3.47293,-61,11.7995615561849,6.62382306763039,0.633,1.45881590572291
119.990079879761,1,3.56497,-61,11.8041586334872,6.62328261055133,0.633,1.46357835198262
120.34234380722,1,3.54656,-60,11.8088736385117,6.62279104619772,0.633,1.46999878435633
120.701906919479,1,3.65701,-61,11.8136622135621,6.6222882098057,0.633,1.47635109979446
121.36515879631,1,3.77973,-60,11.8221194567273,6.62136475877834,0.633,1.48487158694511
121.684127807617,1,3.71837,-60,11.826313368051,6.62105846188391,0.633,1.4896215449387
122.068456888199,1,3.82268,-60,11.8313450556782,6.62070134137169,0.633,1.49550790169587
122.197888851166,1,3.77973,-60,11.8330088436659,6.62059807177246,0.633,1.49772246087939
122.753378868103,1,3.90245,-60,11.8400645221659,6.62017418519712,0.633,1.50716948015795
123.07276892662,1,3.89018,-60,11.8438380237355,6.61999494387257,0.633,1.51240993046261
123.449855804443,1,3.93926,-60,11.8483365449651,6.61978823765262,0.633,1.51857482747127
123.771106004715,1,4.00676,-60,11.8522699117898,6.61962358508787,0.633,1.52377510430814
123.956430912018,1,4.01903,-60,11.8545390180551,6.6195285992442,0.633,1.52677507387057
124.532544851303,1,4.0313,-59,11.8639260327421,6.62098810600272,0.633,1.53620013640516
125.176815986633,1,4.05585,-59,11.8734158678798,6.62151761738978,0.633,1.54007331687195
125.621284008026,1,4.12948,-59,11.8798449878787,6.62132070831684,0.633,1.54006096588659
125.979756832123,1,4.13561,-60,11.8853968549596,6.62113931067954,0.633,1.5398136054721
126.302307844162,1,4.1847,-59,11.8900718948504,6.62095533771457,0.633,1.53912710250123
126.386407852173,1,4.17243,-59,11.8912643263932,6.62090565306695,0.633,1.53890973216792
127.043109893799,1,4.26447,-59,11.9005510563466,6.62051540973075,0.633,1.53785617477562
127.406576871872,1,4.30128,-59,11.9056757333986,6.62029799918915,0.633,1.53767499932429
127.550109863281,1,4.28287,-59,11.9070367632578,6.6202153956374,0.633,1.5374241940765
127.963594913483,1,4.34423,-59,11.9104511758514,6.6199799189068,0.633,1.53656470400982
128.379902839661,1,4.43014,-59,11.9152280759968,6.6197633457898,0.633,1.53700285544665
129.012992858887,1,4.57126,-60,11.9243155388876,6.61942399639703,0.633,1.53922020294466
129.494478940964,1,4.6633,-60,11.9319181805023,6.6190992614171,0.633,1.54112145822779
129.808635950089,1,4.72466,-60,11.9365419794675,6.61891141958413,0.633,1.54149232543646
130.187469005585,1,4.79829,-60,11.9421246765676,6.61868552813446,0.633,1.54183268431493
130.46580696106,1,4.8167,-60,11.9462676364943,6.61852322661156,0.633,1.54145255706393
130.789310932159,1,4.96396,-60,11.9510828762488,6.61833458835314,0.633,1.54101074640604
131.050835847855,1,4.96396,-60,11.9547211823087,6.61762576353826,0.633,1.54100749187725
131.580088853836,1,5.15418,-61,11.9621061098379,6.61639879226551,0.633,1.54073986357016
131.722248792648,1,5.16645,-61,11.9641305967235,6.6163299597114,0.633,1.54036330900942
132.068933010101,1,5.41802,-61,11.9690676954418,6.61616209835498,0.633,1.53944500864782
132.945592880249,1,5.59596,-62,11.9809757456372,6.61574409992467,0.633,1.53868958213434
133.408350944519,1,5.78618,-62,11.9877202783957,6.61549595202129,0.633,1.53896318110473
133.643644809723,1,5.92117,-61,11.9911677035791,6.61536495425386,0.633,1.53916738182541
134.077210903168,1,6.05002,-62,11.9976948967017,6.6150769898514,0.633,1.54017205762958
134.420143842697,1,6.22183,-62,12.0029812310555,6.61452682450199,0.633,1.54111980361195
134.713186979294,1,0.0674952,-62,12.0076578871136,6.61364095792176,0.633,1.5421270833783
135.240224838257,1,0.177942,-61,12.0161121770775,6.61285304340292,0.633,1.54321747847183
135.444962978363,1,0.306796,-61,12.019408655942,6.6127745558109,0.633,1.54343724372947
135.942516803741,1,0.447922,-60,12.0276398560621,6.61255106831383,0.633,1.54305050848611
136.376700878143,1,0.595185,-60,12.0348133073088,6.61235517495657,0.633,1.54254314439941
136.519893884659,1,0.613592,-60,12.037117673523,6.61229809432558,0.633,1.54248394967097
136.727026939392,1,0.724039,-60,12.0404510095903,6.61221552545052,0.633,1.54239832268942
137.303979873657,1,0.859029,-60,12.0487311347862,6.61201516610169,0.633,1.54743818983061
137.475270986557,1,0.889709,-60,12.0510435790447,6.6119599827728,0.633,1.54970070631532
137.833333015442,1,0.951068,-59,12.0566016637182,6.61211770896225,0.633,1.55417971140896
138.360060930252,1,1.10447,-59,12.0649423101284,6.6124051218511,0.633,1.56113434782136
138.628470897675,1,1.1781,-59,12.0688059718934,6.61239364562804,0.633,1.565590947778
139.055573940277,1,1.20878,-59,12.0749781986362,6.61239115898026,0.633,1.57241240373488
139.342855930328,1,1.19651,-59,12.0791780146453,6.61242085464901,0.633,1.57646374140029
139.60569691658,1,1.30695,-59,12.0830205241661,6.61244802390825,0.633,1.58017040462491
139.943729877472,1,1.31922,-59,12.0874741784401,6.61251805725717,0.633,1.58573031745773
140.349109888077,1,1.36217,-59,12.092762570178,6.61260695969147,0.633,1.59239262339115
140.854873895645,1,1.49717,-59,12.0989690158917,6.6127714678911,0.633,1.59930944542145
141.271688938141,1,1.54012,-59,12.1026970844742,6.61261843477462,0.633,1.60426281511975
141.400771856308,1,1.5708,-59,12.1036121590102,6.61252120810516,0.633,1.60566783581364
141.994601964951,1,1.67511,-59,12.1100891652658,6.61252288824972,0.633,1.6129685089835
142.072948932648,1,1.62602,-59,12.1112113421828,6.61257610488702,0.633,1.61403052796265
142.658630847931,1,1.72419,-58,12.1195569425976,6.61300501870591,0.633,1.6228043526177
143.017385959625,1,1.72419,-58,12.1246438056388,6.61328585593631,0.633,1.62866484274639
143.319010972977,1,1.81623,-58,12.1291397357476,6.6135745733627,0.633,1.63329260614964
143.428027868271,1,1.76715,-58,12.1307697548177,6.61368013650248,0.633,1.63495833039942
144.031773805618,1,1.82237,-58,12.1395689823553,6.61431004443646,0.633,1.64326403383171
144.207623958588,1,1.84691,-58,12.1420619670555,6.61450740572523,0.633,1.64540124884032
144.714255809784,1,1.90827,-58,12.1496422166351,6.6147355788413,0.633,1.65277001109402
145.106438875198,1,1.91441,-58,12.155721496144,6.61474825292298,0.633,1.65910882998672
145.22889995575,1,1.92054,-58,12.1576052769486,6.61490349041521,0.633,1.66096993565202
145.626931905746,1,1.95122,-58,12.1637280789332,6.61540805465282,0.633,1.6670190372423
146.147051811218,1,1.98804,-58,12.1712512794919,6.61607864483714,0.633,1.67468848317894
146.390688896179,1,2.00031,-58,12.1746693381429,6.61639526500692,0.633,1.67822887235009
146.534906864166,1,2.04326,-58,12.1769180211291,6.61661556016713,0.633,1.68038179166382
147.146139860153,1,2.12303,-58,12.1876586161712,6.61772572251181,0.633,1.68981365873855
147.351449012756,1,2.15984,-58,12.1903015786882,6.61802484558466,0.633,1.69041367538245
147.855184793472,1,2.15371,-58,12.1967628830629,6.61874898575705,0.633,1.69178025607058
148.095966815948,1,2.14757,-58,12.2000667235939,6.61869569800655,0.633,1.69074292119417
148.677505970001,1,2.12303,-58,12.2081892960753,6.61882955725838,0.633,1.69065906875247
148.812999010086,1,2.19666,-58,12.2101784575798,6.61903812953264,0.633,1.69227550387792
149.192618846893,1,2.27643,-57,12.2157516232953,6.61962250030669,0.633,1.69680437737687
149.630013942719,1,2.11076,-59,12.2229755487627,6.62048933644292,0.633,1.70021559776893
149.921667814255,1,2.12303,-58,12.2278255236741,6.62107813873365,0.633,1.7022226193382
150.096778869629,1,2.14144,-59,12.230544055553,6.62141733170202,0.633,1.70165147823704
150.67542886734,1,2.25802,-59,12.2395066445921,6.62253509758038,0.633,1.69980994547668
150.779610872269,1,2.25802,-59,12.2410913952795,6.62273203747163,0.633,1.69954223031201
151.210327863693,1,2.15984,-59,12.2476431894084,6.62354624101386,0.633,1.69843542237178
151.698283910751,1,2.24575,-60,12.2550039535669,6.6241826669009,0.633,1.69905502919408
152.048341989517,1,2.31324,-61,12.260501955407,6.62468023464884,0.633,1.69989165574695
152.55671787262,1,2.60163,-60,12.2695121793016,6.6257614615162,0.633,1.70176127720509
152.920058965683,1,2.57095,-60,12.2754929527042,6.62645524686974,0.633,1.70316232336385
153.161031007767,1,2.39301,-61,12.2793680241521,6.62689963579726,0.633,1.7041044278902
153.47362279892,1,2.45437,-61,12.2841305500545,6.62745943277886,0.633,1.70532511951974
153.946604967117,1,2.41142,-62,12.290930908965,6.62828086227102,0.633,1.70716996936279
154.251007795334,1,2.45437,-62,12.2955757351014,6.62885614676494,0.633,1.7076699514188
154.606059789658,1,2.52186,-61,12.301094536867,6.62954473120543,0.633,1.70799399115549
154.968834877014,1,2.50959,-62,12.3072734157994,6.62991578052665,0.633,1.70747280471094
155.179673910141,1,2.48505,-62,12.3110123027892,6.63004041009297,0.633,1.70693660773954
155.635601997375,1,2.79185,-61,12.3188486701695,6.63057627730921,0.633,1.70570618315895
155.925448894501,1,2.69981,-62,12.3236008497294,6.63116280757921,0.633,1.7048584970753
156.45333981514,1,2.76117,-63,12.3321001675574,6.63220076106483,0.633,1.70377887306402
156.612330913544,1,2.58936,-64,12.3346311191485,6.63250775611894,0.633,1.70353983874709
157.022099971771,1,2.66299,-63,12.3412339818024,6.63331341286256,0.633,1.70326666972548
157.305660009384,1,2.54641,-63,12.3458522349874,6.63387980240412,0.633,1.70328845393862
157.737101793289,1,2.57095,-64,12.3527434374197,6.63472816237327,0.633,1.7041139380694
158.017053842545,1,2.69367,-65,12.3571679514585,6.63527399027338,0.633,1.70492440979987
158.236037969589,1,2.71821,-64,12.3605997600997,6.63569520008556,0.633,1.7055403249349
158.703249931335,1,2.51573,-66,12.3678517559644,6.6365800766452,0.633,1.70681108751303
158.975133895874,1,2.74889,-65,12.3720157165498,6.63708965612202,0.633,1.70725270528331
159.323333978653,1,2.62618,-65,12.3772806185078,6.6377358031805,0.633,1.70745851508712
159.516497850418,1,2.66299,-65,12.3802013209917,6.6380942530308,0.633,1.7075726880024
160.16224694252,1,2.74276,-66,12.3896109283989,6.63926459598692,0.633,1.70675452753776
160.461387872696,1,2.79798,-66,12.394123378628,6.63982232347919,0.633,1.70618448745235
160.993445873261,1,2.84093,-66,12.402294413461,6.64082829552583,0.633,1.70523649642835
162.000753879547,1,6.08377,-67,12.4184650678897,6.64347959004889,0.633,1.71281159096015
173.87184882164,1,0.877437,-65,12.5917568898156,6.66922599322748,0.633,1.72762141338893
174.298053979874,1,4.15402,-64,12.5977207474978,6.67011306890071,0.633,1.72880981947084
174.671409845352,1,4.17856,-64,12.6029574014727,6.67088835325378,0.633,1.73006698519234
175.044620990753,1,4.06812,-64,12.6076875537933,6.67159521871294,0.633,1.73158701166842
175.308523893356,1,4.16629,-64,12.611032311694,6.67209505332056,0.633,1.73266184398256
175.956555843353,1,4.25219,-65,12.6269209603325,6.67444286914003,0.633,1.73442028330786
176.276304960251,1,4.31049,-66,12.6319343543282,6.67514799288589,0.633,1.73459615332613
176.4642329216,1,4.30128,-64,12.6342627967352,6.67546380461466,0.633,1.73456136050855
176.599112987518,1,4.34423,-64,12.6359339714933,6.67569046969679,0.633,1.73453638893171
177.13444185257,1,4.19084,-64,12.6432895153542,6.67672371118029,0.633,1.73428641938583
177.254931926727,1,4.27674,-64,12.6450041100984,6.67696718363398,0.633,1.73421783559606
177.735023975372,1,4.27674,-64,12.6518240079148,6.67791705108828,0.633,1.73371907841641
177.862536907196,1,4.26447,-64,12.6536333202008,6.67816583152761,0.633,1.7335475706893
178.197982788086,1,4.31355,-64,12.6585619436365,6.67885076489929,0.633,1.7330112768976
178.656004905701,1,4.19697,-65,12.6660651693431,6.67992555128428,0.633,1.73188917287302
178.949471950531,1,4.2706,-64,12.6710988799565,6.68049420032681,0.633,1.73201063113292
179.247736930847,1,4.23379,-65,12.6764319615258,6.68095698839687,0.633,1.73294061477847
179.766089916229,1,4.30128,-65,12.6843932712088,6.6818774235698,0.633,1.73430025912743
180.08533000946,1,4.27674,-65,12.6886667368923,6.68250025846196,0.633,1.73501401882137
180.258977890015,1,4.25219,-65,12.6910368948704,6.68284473374652,0.633,1.73542649723156
180.676083803177,1,4.34423,-64,12.6968539689406,6.68368761590772,0.633,1.73648306782799
181.02033495903,1,4.2706,-65,12.7017165058454,6.68440147760659,0.633,1.73663064001842
181.32141494751,1,4.23992,-64,12.7060475735886,6.68504899367513,0.633,1.7358373256298
181.614688873291,1,4.37491,-65,12.7103402449887,6.68569126762223,0.633,1.73510890444103
181.873683929443,1,4.26447,-65,12.7146562611107,6.68634051449187,0.633,1.73478059210354
182.120077848434,1,4.37491,-65,12.7187622859227,6.68695817292512,0.633,1.734468253464
182.414706945419,1,4.32583,-65,12.7237513819369,6.68781065509705,0.633,1.73404833161277
182.713575839996,1,4.28287,-64,12.7289136048412,6.68882103889627,0.633,1.73356299441664
182.988392829895,1,4.40559,-64,12.7335872812154,6.68971847186977,0.633,1.73308634063159
183.352413892746,1,4.424,-64,12.7388763924511,6.69051702395831,0.633,1.73208037241615
183.745711803436,1,4.28287,-65,12.7446254827903,6.6913797374759,0.633,1.73044386089951
183.991276979446,1,4.34423,-64,12.7482971187059,6.69191824407686,0.633,1.72811849148628
184.3510658741,1,4.35037,-64,12.7536766022675,6.69270723499923,0.633,1.7247114852306
184.56020283699,1,4.41786,-64,12.7568541377222,6.69315013756726,0.633,1.72275449594355
184.711416959763,1,4.36878,-65,12.7591544318854,6.69346949879574,0.633,1.72134082001606
184.973955869675,1,4.38719,-64,12.7631482170625,6.69402397576692,0.633,1.71888638698977
185.513622999191,1,4.36878,-64,12.7710094592948,6.69503855348148,0.633,1.71287581369835
185.810889005661,1,4.44241,-63,12.7750573650999,6.69540929250532,0.633,1.7096152166993
185.992578983307,1,4.424,-63,12.7771772778075,6.69538782503486,0.633,1.70780121544572
186.387693881989,1,4.46695,-63,12.781787378516,6.69534114047072,0.633,1.70385636977619
186.486195802689,1,4.34423,-63,12.7833034114214,6.69549345713673,0.633,1.70297041712553
186.82817697525,1,4.41786,-63,12.7887051305416,6.69608411240501,0.633,1.69993131907849
187.627137899399,1,4.50377,-63,12.8010859634319,6.69744835172564,0.633,1.69924136276102
187.874419927597,1,4.54058,-63,12.8046490003856,6.69782852421523,0.633,1.6996760406818
188.190922021866,1,4.51604,-63,12.8089028609308,6.69826325941381,0.633,1.69992379299927
188.558023929596,1,4.53445,-63,12.8138936428619,6.6987750886783,0.633,1.69986575926987
188.848567962646,1,4.55899,-63,12.8179264378847,6.699191238803,0.633,1.69931661271357
189.110772848129,1,4.56513,-63,12.8215658986626,6.69956336503809,0.633,1.69881037061113
189.280852794647,1,4.53445,-62,12.8239272574762,6.69968394506262,0.633,1.69810698713475
189.68053984642,1,4.50377,-62,12.8294764392681,6.69996730753709,0.633,1.69645403936696
190.055531978607,1,4.46082,-62,12.8348429023588,6.70043831360563,0.633,1.69539028420913
190.366051912308,1,4.4915,-62,12.8393366164872,6.70089227044105,0.633,1.69466120201891
190.53738284111,1,4.47309,-62,12.8418843192258,6.70115070945956,0.633,1.69448441197097
190.811496973038,1,4.45468,-62,12.8460938545425,6.70157975825145,0.633,1.69464226954534
191.358253955841,1,4.48536,-62,12.8544905171115,6.70243231182375,0.633,1.69546246184579
191.859689950943,1,4.37491,-62,12.8621649693282,6.70320716190215,0.633,1.69690365883496
192.161832809448,1,4.40559,-62,12.8666276278814,6.70365789041602,0.633,1.69780065320417
192.367291927338,1,4.424,-62,12.8696622648552,6.70396438875038,0.633,1.6984106152359
192.712630987167,1,4.33196,-62,12.8745009246439,6.70447292558669,0.633,1.69848316941022
193.01014995575,1,4.35037,-63,12.8785424283644,6.70490782653052,0.633,1.698083411977
193.237915992737,1,4.39946,-63,12.8816916158108,6.70523523438975,0.633,1.69757644244809
193.484711885452,1,4.21538,-63,12.8852417528262,6.70557618814272,0.633,1.69652546129204
193.918747901917,1,4.16629,-63,12.8915122159956,6.70617918669671,0.633,1.69469889364683
194.198675870895,1,4.19697,-63,12.8956969732674,6.70658570597454,0.633,1.69363476965487
194.475625991821,1,4.21538,-63,12.8998372134752,6.70698790073759,0.633,1.69258196571631
194.789563894272,1,4.08039,-64,12.9045003330046,6.70745311054373,0.633,1.69204075161995
194.989337921143,1,4.05585,-64,12.9074590402352,6.70775182617759,0.633,1.69188428152602
195.475777864456,1,3.62019,-65,12.9147710596716,6.70848120008318,0.633,1.69170429412988
195.736110925674,1,3.77973,-65,12.9187668071779,6.70887309070399,0.633,1.69176192510353
195.968330860138,1,3.76132,-65,12.9223959389484,6.70920467272024,0.633,1.69180554979025
196.34207201004,1,3.57111,-65,12.9297431326965,6.70932068104258,0.633,1.69169506567374
196.643780946732,1,3.4668,-65,12.9356101705084,6.70943019285277,0.633,1.69166954831073
196.680787801743,1,3.53429,-65,12.9361676251561,6.70948375222088,0.633,1.69182749379422
197.202879905701,1,3.33181,-65,12.9440321861882,6.71023936690828,0.633,1.69405578608666
197.485267877579,1,3.30726,-66,12.9484438308126,6.71065595084452,0.633,1.69480808167137
197.828598976135,1,3.16,-66,12.9539196114938,6.71116803774155,0.633,1.69540129124516
198.045259952545,1,3.04955,-66,12.9572445485895,6.71147748950976,0.633,1.69561688921241
198.14257478714,1,2.92684,-66,12.9585887759956,6.71160082583877,0.633,1.69553235532399
198.709757804871,1,5.86594,-67,12.9664584929068,6.71232481517653,0.633,1.69506137881887
