22.4162559509277,1,5.48552,-65,10.9170520591958,7.58385182076831,0.633,0.307509897375562
22.6802790164948,1,2.38687,-64,10.9182868483113,7.58008780776664,0.633,0.308325629087946
23.060861825943,1,2.25802,-64,10.9199092463022,7.57510547587206,0.633,0.309449793889371
23.5368449687958,1,2.24575,-64,10.9220120082833,7.56881844845458,0.633,0.310266797729132
23.9494469165802,1,2.25802,-63,10.9238847470155,7.56333075647279,0.633,0.310575515871644
24.1893699169159,1,2.23961,-63,10.9264559753853,7.56065638989051,0.633,0.309278417967467
24.7181169986725,1,2.12917,-63,10.9329272749657,7.55504308283875,0.633,0.305618134586823
25.0053730010986,1,2.23348,-63,10.9344425713832,7.55099289298265,0.633,0.304451393606862
25.1250309944153,1,2.16598,-63,10.9350561749032,7.5492969610315,0.633,0.303972612415827
25.6923389434814,1,2.19666,-62,10.9378893757987,7.54146525514485,0.633,0.302741454027674
25.9836609363556,1,2.19052,-62,10.9393001752617,7.53756480957056,0.633,0.302712408156377
26.2717788219452,1,2.21507,-62,10.9407976922683,7.53344964113345,0.633,0.302989055409672
26.7552909851074,1,2.17825,-62,10.9434834316677,7.52610862010817,0.633,0.303969005964923
27.0950767993927,1,2.16598,-61,10.9452470154905,7.52112190439617,0.633,0.305327853067803
27.6156258583069,1,2.2028,-61,10.9476478785758,7.51420928367311,0.633,0.307306648047745
27.7026519775391,1,2.22734,-61,10.947719707853,7.51392316371888,0.633,0.307112589283811
28.2569119930267,1,2.15371,-61,10.9481771808123,7.51210089643107,0.633,0.305876649838817
28.4503479003906,1,2.17212,-61,10.9489979366947,7.50972562123415,0.633,0.305799725211845
28.8202269077301,1,2.14144,-61,10.9507781526937,7.50462911714544,0.633,0.305765646791292
29.2839689254761,1,2.17212,-61,10.9549565760575,7.49276691138,0.633,0.308754517538802
29.5015850067139,1,2.14757,-61,10.9575600387918,7.48539353299336,0.633,0.311158071527384
29.8967869281769,1,2.15984,-61,10.960980493096,7.47558870904682,0.633,0.316364350992439
30.2951588630676,1,2.2212,-61,10.9628983483122,7.46990089843423,0.633,0.322596832486419
30.3359479904175,1,2.19052,-61,10.9630947166649,7.46931852600511,0.633,0.323234973527738
30.9384307861328,1,2.23348,-61,10.9657892090385,7.46140288100581,0.633,0.33307832436059
31.3974988460541,1,2.23348,-61,10.9676200159864,7.46036072975264,0.633,0.339543929149255
31.7051589488983,1,2.19666,-61,10.9687200093636,7.46293725270171,0.633,0.343137522897923
32.1331470012665,1,2.23961,-61,10.9708392794842,7.46090563257158,0.633,0.346851271137947
32.286789894104,1,2.2887,-61,10.9717692012427,7.458563920507,0.633,0.347815430924825
32.8469889163971,1,2.27029,-61,10.9751111480755,7.45014974435627,0.633,0.350565381310282
33.1801099777222,1,2.35006,-61,10.9770552231173,7.44525636522675,0.633,0.351520823068614
33.2714169025421,1,2.27643,-62,10.9775880849933,7.44391511289489,0.633,0.351782705185736
33.7943849563599,1,2.31938,-61,10.9810849172146,7.4350802778634,0.633,0.351819844195702
34.0802958011627,1,2.33165,-61,10.9830197464987,7.43018920213206,0.633,0.351744658572098
34.5389199256897,1,2.41142,-61,10.9855429657525,7.4236982206016,0.633,0.351062127763939
34.830246925354,1,2.36233,-61,10.9871810979137,7.41885435762187,0.633,0.350723385778619
35.2138609886169,1,2.45437,-61,10.9898032392557,7.40299040250318,0.633,0.351525324005693
35.6428618431091,1,2.42369,-62,10.9925019315688,7.38896408970652,0.633,0.352331955896287
36.1200528144836,1,2.41755,-62,10.9949490276949,7.38218019544594,0.633,0.353015103564813
36.4549758434296,1,2.44823,-62,10.9964199820121,7.37824639215444,0.633,0.352988706134059
36.823089838028,1,2.49732,-62,10.9979402122494,7.37424661397836,0.633,0.35276172003311
36.8647718429565,1,2.42369,-62,10.9981123498078,7.37379371412643,0.633,0.352736018114908
37.5011279582977,1,2.53414,-62,11.0009010718253,7.36607389733539,0.633,0.354486482860536
37.8837199211121,1,2.46051,-61,11.0026470257029,7.36130975338591,0.633,0.354772776667347
38.231437921524,1,2.46051,-62,11.0042648732288,7.35693694264456,0.633,0.354598973618853
38.6064670085907,1,2.47891,-62,11.0057457186636,7.35264125501764,0.633,0.358469624329643
39.1035590171814,1,2.43596,-62,11.0074537271269,7.347353260815,0.633,0.367515920355116
39.6931579113007,1,2.39915,-62,11.0101818945013,7.34025239940817,0.633,0.376474858362366
40.0678768157959,1,2.39915,-62,11.0121903255089,7.33523354126177,0.633,0.381734144647702
40.4516439437866,1,2.38074,-62,11.0144861735398,7.32964697771994,0.633,0.386751119225674
40.8332569599152,1,2.36847,-62,11.0164259698749,7.32493161436271,0.633,0.391957178639743
41.1878368854523,1,2.39915,-62,11.0180833000985,7.32090527681963,0.633,0.396886273704594
41.4449498653412,1,2.34392,-62,11.0193601808827,7.31786454951651,0.633,0.400671965903762
41.8310389518738,1,2.36847,-62,11.0213626630736,7.31316128365274,0.633,0.406596232447025
41.997927904129,1,2.33165,-62,11.0222282460865,7.31112827329434,0.633,0.409157026498898
42.6302709579468,1,2.23348,-62,11.0266401082219,7.30256806215231,0.633,0.418144083135529
43.1627569198608,1,2.27643,-62,11.0297101740572,7.29612290700581,0.633,0.425722014237703
43.5838198661804,1,2.23348,-62,11.0319839383602,7.29116110496471,0.633,0.431854454641053
43.9523098468781,1,2.23961,-62,11.0342372025892,7.28637046927769,0.633,0.437676693472936
44.3750488758087,1,2.15984,-62,11.0368692693902,7.2808023839683,0.633,0.444136864469977
44.7198858261108,1,2.15984,-62,11.0391153531984,7.27610852719357,0.633,0.448945317357367
45.020632982254,1,2.11689,-62,11.0410757789933,7.27201480462176,0.633,0.453136847360294
45.3488168716431,1,2.15371,-62,11.0432571297448,7.26754739828256,0.633,0.457651807145877
45.5205619335175,1,2.11689,-62,11.0443986733486,7.26520951698201,0.633,0.460014574096988
46.1540977954865,1,2.16598,-61,11.0478173334727,7.25610948473879,0.633,0.466311446154662
46.4678049087524,1,2.12917,-62,11.0492694131038,7.25145879636479,0.633,0.468694470171451
46.717875957489,1,2.20893,-62,11.0508697871651,7.24797181050885,0.633,0.469628183554721
47.122859954834,1,2.10462,-61,11.0537482664911,7.24246735004341,0.633,0.470514957185668
47.490336894989,1,2.10462,-61,11.0563409196992,7.23749994714932,0.633,0.470898016077445
47.7757790088654,1,2.15371,-61,11.0583329200772,7.23367246070887,0.633,0.470716246042959
48.1605370044708,1,2.12917,-61,11.0610054774691,7.22853847070802,0.633,0.470581799639356
48.6182909011841,1,2.14144,-60,11.063860700671,7.22308317190937,0.633,0.473283326783857
48.8439848423004,1,2.14144,-61,11.0652684583807,7.22039345611519,0.633,0.474615305195516
49.2920029163361,1,2.08621,-61,11.0678592949588,7.21558293141332,0.633,0.480719625521235
49.6175999641418,1,2.08621,-60,11.0697222611518,7.21213861019603,0.633,0.485494451198682
49.7725930213928,1,2.08008,-60,11.0709204424409,7.20994131478004,0.633,0.487740717039703
50.4169750213623,1,2.0494,-60,11.0762263402934,7.20022488933762,0.633,0.497051738724333
50.8481998443604,1,2.11076,-60,11.0791050368073,7.19518118558724,0.633,0.503640438759831
51.4133667945862,1,2.09849,-60,11.0830228258684,7.18838701601156,0.633,0.512175712754445
51.7703468799591,1,2.14757,-60,11.085642916556,7.18389608863995,0.633,0.517469215273529
52.1117780208588,1,2.11689,-60,11.0882097988836,7.17954846509122,0.633,0.522705527246514
52.5262978076935,1,2.1353,-60,11.0914135185957,7.17419515279809,0.633,0.529311390601275
52.6411869525909,1,2.11076,-59,11.0923014680493,7.1727114179047,0.633,0.531142285087478
53.2583928108215,1,2.1353,-59,11.097316020131,7.1643374936601,0.633,0.536600883090502
53.5869588851929,1,2.10462,-59,11.100034012276,7.15983024978459,0.633,0.538767849072191
53.9971179962158,1,2.12917,-59,11.1036906283826,7.15420888472525,0.633,0.538624859009516
54.1646118164063,1,2.10462,-59,11.1051838552407,7.15191332701808,0.633,0.538566467153275
54.7321779727936,1,2.10462,-59,11.1097381592765,7.14450237292788,0.633,0.537866809841375
55.1473867893219,1,2.10462,-59,11.1129293432372,7.1391618628149,0.633,0.537475844977569
55.711277961731,1,2.1353,-59,11.1172060170103,7.1318354298758,0.633,0.538303837063797
56.0407128334045,1,2.12303,-59,11.1197108103375,7.12763683285552,0.633,0.541268361884011
56.3410339355469,1,2.16598,-59,11.121999488846,7.1238773970104,0.633,0.546040819364043
56.5616958141327,1,2.15371,-59,11.1236811026106,7.12111513964623,0.633,0.549547397574841
57.0251920223236,1,2.11689,-59,11.1270290912937,7.11564358788918,0.633,0.556323831392898
57.5002379417419,1,2.14144,-58,11.1303285480868,7.11020433395404,0.633,0.563034042674055
57.8407897949219,1,2.14144,-58,11.1318564470596,7.10704667607683,0.633,0.567254014753777
57.8990728855133,1,2.14144,-58,11.1321179363847,7.10650626480496,0.633,0.567976233742513
58.8243010044098,1,2.14144,-58,11.1381893413064,7.0962930261464,0.633,0.581262351856462
59.1319499015808,1,2.12303,-58,11.1406726264284,7.09248884987281,0.633,0.58606700196809
59.5696499347687,1,2.18439,-58,11.1445866999608,7.08658600384283,0.633,0.592570711178184
59.7322559356689,1,2.15371,-58,11.1460407822,7.0843930906281,0.633,0.594986845666383
60.0315048694611,1,2.17825,-58,11.1487292215925,7.0803672299673,0.633,0.59950962399749
60.5782318115234,1,2.2028,-58,11.1536846270871,7.07304644424999,0.633,0.608040189376209
60.7482678890228,1,2.24575,-58,11.1552257944375,7.07076962635093,0.633,0.610693257597756
61.3458149433136,1,2.29484,-58,11.1605699474027,7.06289038835628,0.633,0.61619990712603
61.7012898921967,1,2.25802,-58,11.1635523052207,7.05843580033719,0.633,0.617936849902957
62.0628409385681,1,2.2887,-58,11.1661801888427,7.05438377333283,0.633,0.616588999916149
62.7447779178619,1,2.29484,-58,11.1716078364268,7.04626544240546,0.633,0.615070883703796
63.1341879367828,1,2.3746,-58,11.1750343147689,7.04129933312821,0.633,0.614915093155172
63.4259819984436,1,2.39915,-58,11.1776177687182,7.0375478260495,0.633,0.615611061027107
63.7845268249512,1,2.45437,-58,11.1808144323288,7.03289583926886,0.633,0.617600984124684
64.2155368328094,1,2.42983,-58,11.1846743116526,7.02729089312489,0.633,0.62074390249272
64.5909328460693,1,2.50346,-58,11.188108511163,7.02235533203362,0.633,0.626651165932642
64.8145530223846,1,2.48505,-58,11.1901542342738,7.01941526074235,0.633,0.630170071955391
65.2698609828949,1,2.55254,-58,11.1941630757817,7.01373836562994,0.633,0.636911391177271
65.5787308216095,1,2.57709,-58,11.1968132675732,7.01002436445726,0.633,0.641296898692625
65.8848848342896,1,2.60163,-58,11.1994907702841,7.00646861425891,0.633,0.645861755828318
66.707044839859,1,2.62004,-58,11.2071973495328,6.99814820644378,0.633,0.660275481298306
66.9725539684296,1,2.65072,-58,11.2096173871766,6.99487813057761,0.633,0.664104585860191
67.3897948265076,1,2.64458,-58,11.2134204149238,6.98973928933427,0.633,0.67012192651312
67.6605219841003,1,2.65072,-58,11.2159163852335,6.98640091245486,0.633,0.673954799426478
67.9197089672089,1,2.67526,-58,11.2183466376124,6.98319905494569,0.633,0.677521802355566
68.2442488670349,1,2.68753,-58,11.221389667992,6.9791898624206,0.633,0.681988210195194
68.8299968242645,1,2.77344,-58,11.2263362453151,6.97284585353903,0.633,0.690989466263988
69.0511817932129,1,2.78571,-58,11.2281259751459,6.97057804519188,0.633,0.694523079421554
69.5821719169617,1,2.89002,-58,11.2321162196099,6.96553799658625,0.633,0.702816954240454
69.7807719707489,1,2.8348,-58,11.2335017397446,6.96379400060724,0.633,0.705853002725983
70.6065328121185,1,2.94524,-58,11.2414996725213,6.95276608916653,0.633,0.717693707400037
70.920599937439,1,2.97592,-58,11.245464996055,6.94701289168856,0.633,0.721873993209609
71.2438819408417,1,2.95751,-58,11.2491091570323,6.94207822144047,0.633,0.726429500919507
71.5387828350067,1,3.03115,-58,11.25184322897,6.93890860548476,0.633,0.73092577759569
72.0196449756622,1,3.02501,-58,11.2563013764721,6.93374026471783,0.633,0.738257356679606
72.3762879371643,1,3.12318,-58,11.2596201213547,6.93004815106834,0.633,0.743543135738906
72.5906479358673,1,3.13546,-58,11.2616153212706,6.92783442925691,0.633,0.746714315986164
72.8980038166046,1,3.10478,-58,11.264476099546,6.92466032764664,0.633,0.75126125059976
73.2730159759521,1,3.12932,-58,11.2677697911707,6.92110238130672,0.633,0.757127938987052
73.7552819252014,1,3.19682,-58,11.2719704950498,6.91658282881991,0.633,0.764729188572648
74.0183358192444,1,3.20909,-58,11.2741721330181,6.9142482141877,0.633,0.768806808785234
74.4353978633881,1,3.28272,-58,11.2774981534543,6.91078652712853,0.633,0.775145941155912
74.5541648864746,1,3.30726,-58,11.2784453064054,6.909800740307,0.633,0.776951139905567
74.9836428165436,1,3.38089,-57,11.2815812427156,6.90659479870821,0.633,0.783182618001651
75.5852208137512,1,3.37476,-57,11.2850829478883,6.90320981704134,0.633,0.79099790517581
75.8873119354248,1,3.3993,-57,11.2873162934774,6.90103983254019,0.633,0.795014859351231
76.3304948806763,1,3.37476,-57,11.2918061625313,6.8966550455279,0.633,0.801144008255561
76.7170808315277,1,3.40544,-57,11.2957291375999,6.89282647140695,0.633,0.806513275774745
76.85919880867,1,3.42998,-57,11.2972450916624,6.89137636181387,0.633,0.808746934553443
77.3196399211884,1,3.40544,-56,11.3021565573973,6.88667822236848,0.633,0.815983656843826
77.7877559661865,1,3.47293,-56,11.3069840832851,6.88211097485721,0.633,0.82332488698147
78.2678899765015,1,3.4852,-56,11.3115909177623,6.87786129945748,0.633,0.830821086632983
78.5712568759918,1,3.50975,-56,11.3145219589864,6.87516108217255,0.633,0.835530357036239
79.0086359977722,1,3.50361,-56,11.3195550024814,6.87066622550669,0.633,0.84124012063684
79.3697109222412,1,3.51588,-56,11.3237099923045,6.86695553162511,0.633,0.845953771467796
79.9124829769135,1,3.58338,-56,11.3306038358163,6.86033522104531,0.633,0.855900422044365
79.9780688285828,1,3.54656,-56,11.3314481915857,6.85951701788816,0.633,0.857152384957429
80.5333569049835,1,3.58952,-56,11.3382462991994,6.85320025985386,0.633,0.866507941716606
80.963987827301,1,3.61406,-56,11.3430951366467,6.84903834104491,0.633,0.872261895487429
81.3933868408203,1,3.64474,-56,11.3476529853132,6.84517824522133,0.633,0.878170637038959
81.4944808483124,1,3.63247,-56,11.3486666118839,6.84433163666517,0.633,0.879598468285521
82.0057239532471,1,3.69996,-56,11.3537926288267,6.84005024751406,0.633,0.886819162151795
82.5194799900055,1,3.67542,-56,11.3592132217248,6.8355484869123,0.633,0.895501481847815
82.8184199333191,1,3.68155,-56,11.3623807699141,6.83291908131866,0.633,0.900624735596471
83.2347609996796,1,3.73064,-56,11.366889239987,6.82931140710701,0.633,0.906285249512167
83.7214999198914,1,3.75518,-56,11.3721985640173,6.82511532843794,0.633,0.91231675578954
84.1282558441162,1,3.75518,-56,11.377130304798,6.82094480657241,0.633,0.918149351019745
84.2657849788666,1,3.792,-56,11.3788240240534,6.81949949947442,0.633,0.920163425174376
84.8316819667816,1,3.84109,-56,11.3853792977247,6.81413153475323,0.633,0.928926136929762
85.0815060138702,1,3.83495,-56,11.3879451583212,6.81222072327375,0.633,0.93317127782011
85.4093868732452,1,3.87177,-56,11.3913127147562,6.80971288418741,0.633,0.938742800896116
86.1172468662262,1,3.92085,-56,11.3987415818971,6.80426748543855,0.633,0.949166681400895
86.4993679523468,1,3.95153,-56,11.4025773188597,6.80145576728666,0.633,0.954760784331677
86.8529679775238,1,3.97608,-56,11.4059965380862,6.79894691517922,0.633,0.959958424958343
87.1296977996826,1,4.00062,-56,11.4086782375247,6.79698330103666,0.633,0.964015744397845
87.3732759952545,1,4.02517,-55,11.4111127245829,6.7952527620435,0.633,0.967454237383739
87.8833949565887,1,3.99449,-55,11.4162112023287,6.79162854292296,0.633,0.974655376493918
88.1828889846802,1,4.04971,-55,11.4185150766765,6.78950695894934,0.633,0.979355851913311
88.4686667919159,1,4.09266,-55,11.4205523401907,6.7874839920212,0.633,0.983951489503784
88.7987458705902,1,4.1172,-55,11.4231460063414,6.78510329348736,0.633,0.9892738059259
89.164165019989,1,4.12334,-55,11.4272968974305,6.78223299645765,0.633,0.99524181582689
90.0585188865662,1,4.16629,-55,11.4375628554113,6.77522442656658,0.633,1.00847924876967
90.424754858017,1,4.21538,-54,11.441803817005,6.7723771737924,0.633,1.01360355441864
90.610319852829,1,4.21538,-54,11.4439542342342,6.7709666850722,0.633,1.01651471064606
91.0779638290405,1,4.22765,-54,11.4493735196149,6.76741210003755,0.633,1.02385114107004
91.4578847885132,1,4.26447,-54,11.453737800309,6.76462042045567,0.633,1.02961144018805
91.6875419616699,1,4.27674,-54,11.4563705816801,6.76294631490993,0.633,1.03306553487814
92.1343898773193,1,4.30742,-54,11.462821846586,6.75775518336011,0.633,1.03987357022084
92.5591878890991,1,4.35651,-54,11.4707827233163,6.75015963453452,0.633,1.0464658304722
92.8302187919617,1,4.37491,-54,11.4751398705674,6.74641504293366,0.633,1.05084108660462
93.0357677936554,1,4.39946,-54,11.4774980796259,6.74501866521029,0.633,1.05438104986537
93.3331849575043,1,4.44241,-54,11.4809102676888,6.74299818980675,0.633,1.05950316587891
93.8586428165436,1,4.46082,-54,11.4872933022432,6.73931083562603,0.633,1.06798842157039
94.1528918743134,1,4.5099,-54,11.4909655405068,6.73721349542191,0.633,1.07258439811877
94.6283938884735,1,4.58353,-54,11.496813068772,6.73398570928827,0.633,1.07962157061035
94.9441227912903,1,4.62649,-54,11.5006738767162,6.73188324757084,0.633,1.08419578871814
95.2788689136505,1,4.66944,-54,11.5046392977524,6.72974114736408,0.633,1.0893677321269
95.5274198055267,1,4.65103,-54,11.5075475940962,6.72817514164052,0.633,1.09329872608604
95.8946828842163,1,4.67557,-54,11.5114475397942,6.72628947944203,0.633,1.09865775133598
96.2456548213959,1,4.70625,-54,11.5138271502197,6.7259395367324,0.633,1.10225516239089
96.6454589366913,1,4.76761,-54,11.5170910199826,6.72509521938839,0.633,1.10664738528229
96.971198797226,1,4.78602,-54,11.5215710341481,6.72294033257478,0.633,1.11119459966029
97.1199009418488,1,4.79829,-54,11.5236161867225,6.7219566141865,0.633,1.11327042952329
97.7881278991699,1,4.89033,-53,11.5321841121344,6.71785609962941,0.633,1.12318330183097
97.9497509002686,1,4.90874,-54,11.5342036976268,6.71689142528254,0.633,1.12563043786901
98.2936828136444,1,4.95169,-53,11.5375772632464,6.71528744939983,0.633,1.13078794528622
98.7297790050507,1,5.00691,-53,11.5414028773408,6.71347318089746,0.633,1.13730308201679
99.13139295578,1,5.07441,-53,11.5366061690159,6.70724307278783,0.633,1.14585765024817
99.5237197875977,1,5.09895,-53,11.530261776875,6.70024811162231,0.633,1.1547236694349
99.7953839302063,1,5.16031,-53,11.5402017080886,6.70084439918017,0.633,1.15603520924085
100.1243288517,1,5.2094,-53,11.5524850205848,6.70166036208171,0.633,1.15753991502164
100.531662940979,1,5.28917,-53,11.5607007759405,6.70104982790464,0.633,1.16198778448379
100.735322952271,1,5.2953,-53,11.5627036551173,6.70025679601437,0.633,1.16498939665549
101.216103792191,1,5.39348,-53,11.5633720805524,6.6960625244699,0.633,1.17497671488563
101.518487930298,1,5.42416,-54,11.5597553547932,6.69111536030635,0.633,1.18414339243497
102.125664949417,1,5.56528,-54,11.5625039492288,6.68558501539793,0.633,1.19652470266185
102.349678993225,1,5.58369,-53,11.5655231748072,6.6844266186454,0.633,1.19988590174965
102.573385953903,1,5.62664,-53,11.568412688732,6.68333573551501,0.633,1.20333353261452
103.182651996613,1,5.71254,-53,11.5759539429483,6.68053709228362,0.633,1.21296120049735
103.489655971527,1,5.7739,-53,11.5839047346471,6.68396698264937,0.633,1.21319278108518
103.829265832901,1,5.84753,-53,11.5927562892966,6.68782684090641,0.633,1.21338625768954
104.053232908249,1,5.89049,-53,11.5957043964539,6.68394477214725,0.633,1.21752672704975
104.292366981506,1,5.93344,-53,11.5977430076845,6.67733243797807,0.633,1.22348802085816
104.896498918533,1,6.07456,-53,11.6038198510131,6.66738246382043,0.633,1.23560330646954
105.243532896042,1,6.16047,-53,11.607923798096,6.6661369636011,0.633,1.24061393953581
105.513273954391,1,6.19115,-53,11.6113544979136,6.66507698452158,0.633,1.24420753026136
105.87257194519,1,0,-54,11.6161115776233,6.66359359407447,0.633,1.24876000439215
106.289628982544,1,0.0368155,-54,11.6214965651423,6.66196842689069,0.633,1.25487811465807
106.683395862579,1,0.122718,-53,11.6264894079972,6.6604986237132,0.633,1.26121173216717
106.979386806488,1,0.19635,-53,11.6312655704282,6.65897779889488,0.633,1.26663186924925
107.304164886475,1,0.276117,-53,11.6368154973475,6.6571833225243,0.633,1.2727784133124
107.899213790894,1,0.349748,-53,11.6455111995252,6.65463189951507,0.633,1.28144664779516
108.114187002182,1,0.392699,-53,11.6484806633627,6.65379616381647,0.633,1.28427529169809
108.599833011627,1,0.484738,-53,11.6538499997114,6.65232263165795,0.633,1.29222368376693
108.789444923401,1,0.515418,-53,11.6559024941176,6.65176089634676,0.633,1.29537804359128
109.417122840881,1,0.625864,-53,11.6637385061616,6.64966105116129,0.633,1.30619526402956
109.859016895294,1,0.705631,-53,11.6692102693437,6.64821497573061,0.633,1.31283229561181
110.198256015778,1,0.779262,-53,11.6733655401849,6.64712300920722,0.633,1.31757220339697
110.658574819565,1,0.834486,-53,11.6787119703618,6.64580657132213,0.633,1.32449425320803
110.902865886688,1,0.914253,-53,11.6815261165832,6.64512107416564,0.633,1.32820676149242
111.28054690361,1,0.975612,-52,11.6867177885789,6.64385504952004,0.633,1.3348402223827
111.559733867645,1,1.04311,-52,11.6906139847483,6.64290485473996,0.633,1.33980588464347
112.089898824692,1,1.1106,-52,11.6990443249757,6.64092632417233,0.633,1.3478965283331
112.322604894638,1,1.15355,-52,11.7028225661404,6.64004473456723,0.633,1.35134665908088
112.786016941071,1,1.23946,-52,11.7095600728342,6.63855614721206,0.633,1.35734155452914
113.073948860168,1,1.31922,-52,11.7137548759443,6.63763355562738,0.633,1.36127478856576
113.360641002655,1,1.35604,-52,11.7180413006909,6.6366987068017,0.633,1.36611232506545
113.767265796661,1,1.42353,-52,11.724018048889,6.63547231543703,0.633,1.37294766897296
114.13432097435,1,1.51557,-52,11.7287231916219,6.63503316878195,0.633,1.3789441119893
114.38961482048,1,1.49717,-52,11.7319957077391,6.63472773394435,0.633,1.38311475197422
114.843268871307,1,1.60761,-52,11.7371380813828,6.63379849258193,0.633,1.38929699470648
115.146667957306,1,1.66284,-52,11.7405863042333,6.63315653454706,0.633,1.39350702721204
115.591831922531,1,1.71806,-52,11.7459754017256,6.63220551734254,0.633,1.40074109808104
115.969889879227,1,1.82851,-52,11.7506485945215,6.63140511978128,0.633,1.40642102943923
116.34901881218,1,1.87146,-51,11.7554540453727,6.63061141048338,0.633,1.41154504388619
116.645325899124,1,1.94509,-51,11.7595507659059,6.62995051636192,0.633,1.41565479323447
117.168476819992,1,2.01258,-51,11.7674312570574,6.62870663491545,0.633,1.42311035594157
117.55882692337,1,2.10462,-51,11.770893137423,6.62789180645286,0.633,1.42775082632962
117.899212837219,1,2.17212,-51,11.7739085222511,6.62718933496307,0.633,1.43183200207549
118.436325788498,1,2.28256,-52,11.7804110492101,6.62623308099852,0.633,1.44000223594866
118.640784978867,1,2.32551,-52,11.7831126246911,6.62585445669049,0.633,1.44309145671056
119.087080001831,1,2.42369,-51,11.7902972230194,6.62494484699388,0.633,1.44971578819678
119.476362943649,1,2.47891,-51,11.7963793196551,6.62420077234,0.633,1.45560690271764
119.864993810654,1,2.53414,-51,11.8023020334281,6.62349779603237,0.633,1.46157943370925
120.174515962601,1,2.60777,-51,11.8066272855106,6.62302524044677,0.633,1.46693992069527
120.512805938721,1,2.65685,-51,11.8111552510864,6.62255317595057,0.633,1.47310566105378
121.046976804733,1,2.74889,-51,11.8180517820713,6.62179636658719,0.633,1.48073009103017
121.448205947876,1,2.82252,-51,11.8232113884731,6.62128501095421,0.633,1.48610829166388
122.032671928406,1,2.89616,-51,11.8308850565801,6.62072989303986,0.633,1.49489562703415
122.361733913422,1,2.96365,-51,11.8351149961197,6.62046734506843,0.633,1.50052582242144
122.514810800552,1,2.98206,-51,11.8370827286655,6.6203452099449,0.633,1.50314494229267
122.911935806274,1,3.06796,-51,11.8419378267322,6.62008520323022,0.633,1.50977103187438
123.303581953049,1,3.09864,-51,11.8465650131776,6.61986541187407,0.633,1.51619703705034
123.592526912689,1,3.16,-51,11.8500834008536,6.61971511345264,0.633,1.52088433345406
124.038222789764,1,3.23977,-50,11.8555404725544,6.61948667789307,0.633,1.52809908987719
124.271184921265,1,3.25818,-50,11.8594589918603,6.62016914850772,0.633,1.53191549969268
125.023772954941,1,3.35021,-50,11.8713501006407,6.62157630395907,0.633,1.53998176582385
125.417675971985,1,3.42385,-50,11.876691597505,6.6214237398835,0.633,1.5402014634775
125.765097856522,1,3.4668,-50,11.8820723125671,6.62124793434187,0.633,1.539961728648
126.102674007416,1,3.54043,-49,11.8872413400196,6.62107327749918,0.633,1.53964308905892
126.372903823853,1,3.57724,-50,11.8910728563838,6.62091363098401,0.633,1.53894463555504
126.79229593277,1,3.65087,-49,11.8970147225723,6.62066543601208,0.633,1.53798119667674
127.285921812058,1,3.71223,-49,11.9039745658826,6.62037016993225,0.633,1.53773514161021
127.4396879673,1,3.73678,-49,11.9061249384842,6.62027828010454,0.633,1.53765372238155
127.864622831345,1,3.85336,-49,11.9096338995714,6.62003628278818,0.633,1.53677043217686
128.155898809433,1,3.8779,-50,11.9121328484673,6.61987183830115,0.633,1.5362561716921
128.662102937698,1,3.97608,-49,11.9191274411618,6.61962666701082,0.633,1.53794352704315
128.946879863739,1,4.00676,-49,11.9232714356738,6.61946859886442,0.633,1.53895867029498
129.302519798279,1,4.05585,-49,11.9288879532404,6.61922866995866,0.633,1.54036552615148
129.612976789474,1,4.12334,-49,11.9336622454552,6.61902840877838,0.633,1.54126134677089
129.903611898422,1,4.16016,-49,11.9379398463904,6.61885463124039,0.633,1.54160444601256
130.340683937073,1,4.24606,-49,11.9444052254789,6.6185961870431,0.633,1.54162343807462
130.628250837326,1,4.27674,-49,11.9486855549149,6.61842850403426,0.633,1.54123070681709
131.071281909943,1,4.31969,-48,11.9550050087107,6.61756899825785,0.633,1.54100809576321
131.331017971039,1,4.36878,-48,11.9586105906262,6.61684788187476,0.633,1.5410157672141
131.774348974228,1,4.44241,-49,11.9648725507173,6.61630473327561,0.633,1.54022530556659
132.029524803162,1,4.4915,-49,11.9685064867159,6.61618117945166,0.633,1.53954939347084
132.423933982849,1,4.54672,-49,11.9739122601129,6.61599371852795,0.633,1.53898029227047
132.742894887924,1,4.60808,-49,11.9781825597351,6.61584380375398,0.633,1.5387486058016
133.149526834488,1,4.63876,-49,11.9839480098529,6.61563474303371,0.633,1.53881015511667
133.680060863495,1,4.71239,-49,11.991715935139,6.6153407675674,0.633,1.53925176648708
133.933645963669,1,4.76761,-49,11.9955335743568,6.61517234230779,0.633,1.53983938350394
134.319583892822,1,4.81056,-49,12.0013764014586,6.61483081626217,0.633,1.54077414800647
134.561695814133,1,4.84738,-49,12.0052402496165,6.61409891425534,0.633,1.54160636145586
134.910542011261,1,4.88419,-49,12.0108074630311,6.61304435556045,0.633,1.54280545357594
135.283183813095,1,4.92101,-49,12.016803857448,6.61283657482267,0.633,1.54326359049653
135.626437902451,1,4.98851,-49,12.0223548409902,6.61270137608193,0.633,1.54353052361649
136.13112783432,1,5.056,-49,12.0307935374222,6.61246137645864,0.633,1.54276407320661
136.429528951645,1,5.10509,-49,12.0356634551666,6.61233411624817,0.633,1.54252130573884
136.749912977219,1,5.14804,-49,12.0408193083894,6.61220640245274,0.633,1.54238886180284
137.053133010864,1,5.17872,-49,12.0453446812931,6.61209597919641,0.633,1.54412485294699
137.353767871857,1,5.21553,-49,12.0494032768993,6.61199912634672,0.633,1.54809581978444
137.819410800934,1,5.27689,-49,12.0563756638899,6.61210784715156,0.633,1.55400897881139
138.269551992416,1,5.30757,-50,12.0636394675929,6.61240899168042,0.633,1.55963156410469
138.38023686409,1,5.34439,-49,12.0652327352005,6.61240425920237,0.633,1.5614693430778
138.908695936203,1,5.39961,-50,12.0728397072176,6.61238166423599,0.633,1.57024372169154
139.307784795761,1,5.46097,-50,12.0786653047731,6.61241722942769,0.633,1.57596915763465
139.428179979324,1,5.47324,-50,12.080425378975,6.61242967439679,0.633,1.57766700699102
139.810195922852,1,5.52233,-50,12.0857263990025,6.6124895608533,0.633,1.58351519699665
140.113513946533,1,5.54687,-50,12.0896964230038,6.6125542895055,0.633,1.58854677089396
140.601056814194,1,5.57142,-51,12.0958543182982,6.61268890964164,0.633,1.59583824629621
141.126685857773,1,5.69414,-50,12.1016691512017,6.61272765268482,0.633,1.60268450924095
141.554809808731,1,5.74322,-50,12.1047041408917,6.61240518503025,0.633,1.60734448299417
141.701037883759,1,5.76163,-50,12.1058843971012,6.61232348687284,0.633,1.60898915107103
142.120273828506,1,5.81686,-50,12.1118891846991,6.61260824999604,0.633,1.61467203252966
142.586181879044,1,5.88435,-50,12.1185296736607,6.61294830490002,0.633,1.62162085319663
142.7375228405,1,5.90276,-50,12.120675568502,6.61306677617771,0.633,1.62409310287829
143.068270921707,1,5.97025,-50,12.1253906740621,6.61333177698688,0.633,1.62946142216055
143.465802907944,1,5.9948,-50,12.1313345666744,6.61371671479415,0.633,1.63553551432536
143.830290794373,1,6.06843,-50,12.1367126068794,6.61408391471128,0.633,1.64081528693929
144.110730886459,1,6.08684,-50,12.14068833762,6.61439866006158,0.633,1.6442236477721
144.588675022125,1,6.17887,-50,12.1476950060012,6.61473743332762,0.633,1.65073563960315
144.901573896408,1,6.22183,-51,12.1525467036749,6.61473281266317,0.633,1.65580450850606
145.278720855713,1,0.0122718,-51,12.1583716563942,6.61496664575841,0.633,1.66172709015984
145.554526805878,1,0.0245437,-50,12.1626142937479,6.6153162705033,0.633,1.66591865873056
145.84929895401,1,0.0674952,-50,12.1670740142385,6.61569169816104,0.633,1.6703617158007
146.22904086113,1,0.128854,-50,12.172401528771,6.61618519424405,0.633,1.67587989927434
146.542186975479,1,0.147262,-50,12.1770459473504,6.61662878279336,0.633,1.68049413023625
147.030071973801,1,0.233165,-50,12.1856190695942,6.61751491223537,0.633,1.68802262834112
147.265149831772,1,0.282252,-50,12.189195347471,6.61789947271338,0.633,1.69017399195205
147.69779586792,1,0.362019,-50,12.194741246583,6.61852800794608,0.633,1.69137560342632
147.893306016922,1,0.374291,-50,12.1972859555158,6.61874054910458,0.633,1.69161602256922
148.449363946915,1,0.472466,-49,12.2049157889553,6.61861748727491,0.633,1.68922041895167
148.74258685112,1,0.49701,-49,12.209144742815,6.61892974002332,0.633,1.69143548518072
149.223274946213,1,0.60132,-49,12.2162016828157,6.61966969101369,0.633,1.69717010535609
149.484925985336,1,0.607456,-49,12.2205544489875,6.62019580487724,0.633,1.69914002955018
149.834720849991,1,0.705631,-49,12.2263915169529,6.62090348479871,0.633,1.70173313407996
150.090698957443,1,0.760854,-49,12.2304496672514,6.62140555481302,0.633,1.70167130843984
150.527721881866,1,0.822214,-49,12.2372342803034,6.62225207534061,0.633,1.70024591725736
150.852939844131,1,0.852893,-49,12.2422068291651,6.62287065449818,0.633,1.69935379779153
151.296629905701,1,0.901981,-48,12.2489544252665,6.62370226318293,0.633,1.69826028724089
151.56600689888,1,0.981748,-49,12.2530116579175,6.62402445518757,0.633,1.69879329623623
151.81767988205,1,0.981748,-48,12.2568022408944,6.62432547207103,0.633,1.69929127478416
152.339653968811,1,1.06151,-48,12.2656650369848,6.62529980443817,0.633,1.70096299517434
152.669508934021,1,1.1106,-48,12.2714638576042,6.62599319467938,0.633,1.70218277272029
153.021228790283,1,1.22105,-48,12.27711986467,6.62664181934289,0.633,1.70355785700693
153.392769813538,1,1.24559,-48,12.2829680763789,6.62731901516656,0.633,1.70500975537407
153.656632900238,1,1.25786,-47,12.2867618001457,6.6277772669483,0.633,1.70603894380191
153.995568990707,1,1.3315,-47,12.2916348951964,6.62836589823165,0.633,1.70736095176616
154.329559803009,1,1.34377,-47,12.2967967195363,6.629008489777,0.633,1.707741642248
154.657886981964,1,1.46649,-47,12.3019001202885,6.62964524436628,0.633,1.70804129146648
155.136043787003,1,1.55239,-48,12.3102385935886,6.63001461978629,0.633,1.70704756603574
155.390348911285,1,1.54625,-48,12.3147482809388,6.63016494269796,0.633,1.70640082792738
155.727502822876,1,1.5708,-48,12.3203554284919,6.63076224657964,0.633,1.70543741005279
156.263073921204,1,1.59534,-48,12.3290713579459,6.63183337767677,0.633,1.70406492730511
156.488909959793,1,1.63216,-47,12.332666402492,6.63226944326523,0.633,1.7037253953202
156.840673923492,1,1.68124,-47,12.3382791527921,6.63295102817262,0.633,1.70325273185279
157.240486860275,1,1.72419,-47,12.3447907803975,6.63374962401101,0.633,1.70328344707735
157.532984972,1,1.75487,-47,12.3495174644584,6.63433019187711,0.633,1.70352301218116
157.803537845612,1,1.77942,-47,12.353793428827,6.63485769402352,0.633,1.70430627294401
158.128546953201,1,1.82237,-47,12.3589300490557,6.63549137053771,0.633,1.705247186556
158.409670829773,1,1.86532,-47,12.3632948640078,6.6360240522138,0.633,1.70601258626192
158.775996923447,1,1.90214,-47,12.3689809241561,6.63671785588326,0.633,1.7070089509301
159.072896003723,1,1.94509,-47,12.3734939123875,6.63727107106573,0.633,1.70731048930242
159.501622915268,1,2.01258,-47,12.3799764069866,6.63806664994835,0.633,1.70756389590947
159.751921892166,1,2.02485,-47,12.3836491826345,6.63852230019076,0.633,1.70733316756783
160.086241960526,1,2.07394,-47,12.3885066273598,6.63912709968107,0.633,1.70686170969743
160.409092903137,1,2.11076,-47,12.3933193888221,6.63972331362347,0.633,1.70629764157318
160.748302936554,1,2.1353,-47,12.3985344489173,6.64036553861667,0.633,1.70556367015238
161.041574001312,1,2.16598,-47,12.4030180215905,6.64091690060291,0.633,1.70550526516217
161.520975828171,1,2.2028,-47,12.4102258452324,6.64179949125295,0.633,1.70818245680061
161.728827953339,1,2.19052,-47,12.4136459628471,6.64241135509777,0.633,1.70990406425107
162.033799886703,1,2.2028,-47,12.4190507133335,6.64360940812226,0.633,1.71316493037789
162.375175952911,1,2.2212,-47,12.4248204837043,6.6447964008504,0.633,1.71648705654273
162.754084825516,1,2.26416,-47,12.4301924716962,6.64554624084093,0.633,1.71896600516816
163.036729812622,1,2.29484,-47,12.434218452806,6.64610558436327,0.633,1.72023036738991
163.294622898102,1,2.33779,-47,12.4379510437397,6.64661595904196,0.633,1.71954098069705
163.731063842773,1,2.33779,-47,12.4441962457208,6.6474737127152,0.633,1.7187270307151
163.993011951447,1,2.35619,-47,12.4477551329678,6.64797273060092,0.633,1.71917189162097
164.305558919907,1,2.39301,-47,12.4520014679605,6.6485681406162,0.633,1.71970268349507
164.621109962463,1,2.39301,-47,12.4570514628961,6.649266565782,0.633,1.7205779852744
165.055686950684,1,2.41142,-47,12.4641410849401,6.6502177028741,0.633,1.72187050214456
165.270811796188,1,2.42983,-46,12.4678718028584,6.6506067179049,0.633,1.72271549380982
165.556422948837,1,2.45437,-46,12.4728249018013,6.65112319488869,0.633,1.7238373495533
165.924549818039,1,2.46051,-46,12.4784221842883,6.65188925328179,0.633,1.72493838831792
166.180438995361,1,2.49118,-46,12.4820302839906,6.65245780232579,0.633,1.725579828265
166.479407787323,1,2.47891,-46,12.4863542333276,6.65313425093369,0.633,1.72594049937754
166.907891988754,1,2.50959,-46,12.492882675933,6.65414097339154,0.633,1.72526935107231
167.122303009033,1,2.528,-46,12.4961392813548,6.65464474421289,0.633,1.72500489443742
167.547663927078,1,2.54027,-46,12.5024999541615,6.6556442785111,0.633,1.72518057016256
167.727744817734,1,2.55868,-46,12.5051928099826,6.65606744156869,0.633,1.72525494427571
167.964667797089,1,2.57709,-46,12.508494760837,6.65657702312829,0.633,1.7251212169445
168.248576879501,1,2.57095,-46,12.5123521874093,6.65716821567904,0.633,1.72486545279134
168.62260890007,1,2.58936,-46,12.5174802820571,6.65775916693981,0.633,1.72442181895733
168.827483892441,1,2.62004,-46,12.5203241230385,6.65794068870458,0.633,1.72409810514349
169.13979101181,1,2.60777,-46,12.5246592142791,6.65821739665611,0.633,1.72360464262993
169.438535928726,1,2.63231,-46,12.5290249294639,6.6588927668055,0.633,1.72482321237364
169.829598903656,1,2.65072,-46,12.5347353847421,6.65978131589557,0.633,1.72643298202761
170.121296882629,1,2.67526,-46,12.5387849451772,6.66041890626194,0.633,1.72741952387827
170.439981937408,1,2.72435,-46,12.5432091595431,6.66111548469401,0.633,1.72849733780357
170.673362016678,1,2.68753,-46,12.5465374414137,6.66163945859879,0.633,1.72917738973689
170.990055799484,1,2.69981,-46,12.5510925831549,6.66235655516992,0.633,1.7300523377545
171.326378822327,1,2.71821,-46,12.5558391328908,6.66310355111094,0.633,1.73042528956598
171.5735039711,1,2.74889,-46,12.5592170313682,6.66363486639229,0.633,1.73002768276604
171.882136821747,1,2.79798,-46,12.5634356648883,6.66429842228972,0.633,1.72953111444544
172.110130786896,1,2.78571,-46,12.5672068947062,6.66503840699658,0.633,1.72918794581004
172.468220949173,1,2.81025,-46,12.5732253574495,6.66623699915307,0.633,1.72865240463374
172.737775802612,1,2.80412,-46,12.5771650251669,6.66695561115757,0.633,1.7281923175337
172.996773958206,1,2.79798,-46,12.5803780245383,6.66746816105731,0.633,1.72769506763097
173.30327296257,1,2.81025,-46,12.5842002893003,6.6680757107046,0.633,1.72716801735802
173.607980966568,1,2.79798,-46,12.5882499805126,6.66869216370026,0.633,1.72741099883076
173.916682004929,1,2.79798,-46,12.5923527407483,6.66931669498057,0.633,1.7276571644449
174.413875818253,1,2.82866,-46,12.5993620059969,6.67035583838704,0.633,1.72919107014302
174.598943948746,1,2.81639,-46,12.6019845221504,6.67074375223475,0.633,1.72980025879119
174.834652900696,1,2.82866,-46,12.6050263764392,6.67119753715327,0.633,1.7307318468108
175.074840784073,1,2.84093,-46,12.6080705654672,6.67165245528892,0.633,1.73171009182429
175.435734987259,1,2.8348,-47,12.6138622151,6.67251373632159,0.633,1.73304021136852
175.786599874496,1,2.8348,-47,12.6226595877855,6.67381334819559,0.633,1.73396993370915
175.993240833282,1,2.84093,-47,12.6278407774476,6.67457875121385,0.633,1.73451749125298
176.29670381546,1,2.8532,-47,12.6321870977687,6.6751822730307,0.633,1.73459237670001
176.727988004684,1,2.84093,-47,12.6375307432192,6.67590704333317,0.633,1.73451252912431
176.98187494278,1,2.82866,-47,12.6411184616512,6.67641542155447,0.633,1.73437326153395
177.310740947723,1,2.80412,-47,12.6457982821889,6.67707995607083,0.633,1.73418606871244
177.509240865707,1,2.79798,-47,12.6486203159562,6.67747654344398,0.633,1.73402276171665
177.869522809982,1,2.77344,-47,12.65373244489,6.67817946117238,0.633,1.7335381744948
178.096499919891,1,2.76117,-47,12.6569530788111,6.67862229833653,0.633,1.7332328852377
178.399761915207,1,2.76117,-47,12.6618674484919,6.67932425613533,0.633,1.73251694013544
178.725646972656,1,2.74276,-47,12.6672060316005,6.68008897209412,0.633,1.73171855743632
179.101220846176,1,2.70594,-47,12.6738122029811,6.6807296539777,0.633,1.73248378085043
179.347851991653,1,2.69981,-47,12.6782220536279,6.68111232696771,0.633,1.73325277133512
179.613519906998,1,2.65072,-48,12.6823509127689,6.68157976069079,0.633,1.73395914181353
179.96556687355,1,2.67526,-48,12.687063543364,6.68226660153283,0.633,1.73474625139164
180.2952439785,1,2.65685,-48,12.6915426717397,6.6829180197827,0.633,1.7355183628262
180.510641813278,1,2.64458,-48,12.6945466693335,6.68335329290342,0.633,1.73606398687894
180.764808893204,1,2.63231,-48,12.6980913535096,6.68386691040649,0.633,1.73670781727011
181.105203866959,1,2.5955,-48,12.7029373541369,6.68458400046997,0.633,1.73640701929176
181.44610786438,1,2.55868,-48,12.7078412944958,6.68531716383056,0.633,1.73550877279037
181.694458007813,1,2.55254,-48,12.7116695555777,6.68589123229202,0.633,1.73500778594324
181.957474946976,1,2.528,-48,12.7160525942606,6.68655056118791,0.633,1.73467437530838
182.311789989471,1,2.49732,-49,12.7219737453984,6.68746272452669,0.633,1.73421545983434
182.574405908585,1,2.48505,-49,12.7265097875803,6.68835054816743,0.633,1.73378899433005
182.834715843201,1,2.46664,-49,12.7310059995685,6.68923057598392,0.633,1.73336627354484
183.169466972351,1,2.43596,-49,12.7362182313969,6.69011569375992,0.633,1.73258594422452
183.573011875153,1,2.39301,-49,12.7420816115618,6.69100094919659,0.633,1.73147075231079
183.814489841461,1,2.35006,-49,12.7456538367235,6.69153056271945,0.633,1.72979257007512
184.271936893463,1,2.30711,-50,12.7524934833416,6.6925337108901,0.633,1.72546079388365
184.494815826416,1,2.28256,-49,12.7558594597383,6.69301204149765,0.633,1.72336578833559
184.79909491539,1,2.23961,-50,12.7604882034001,6.69365467289924,0.633,1.72052113325023
184.987692832947,1,2.21507,-49,12.7633571860123,6.69405298796093,0.633,1.71875796238274
185.322520971298,1,2.17212,-50,12.7682438291787,6.69468579453809,0.633,1.71505445293273
185.700855016708,1,2.11689,-50,12.7737190825891,6.69538416869759,0.633,1.71074129412369
185.885693788528,1,2.08621,-50,12.7759301683874,6.69540045399101,0.633,1.70886836224066
186.145270824432,1,2.05553,-50,12.7789588475922,6.69536978382185,0.633,1.70627673294646
186.494066953659,1,1.9819,-50,12.7834277391625,6.69550705185235,0.633,1.70290046824687
186.730700969696,1,2.00031,-50,12.7871654609773,6.6959157560134,0.633,1.70079756307635
187.047536849976,1,1.91441,-50,12.7921700009045,6.69646298140732,0.633,1.69798192472475
187.490038871765,1,1.84691,-50,12.798979765388,6.69721545482656,0.633,1.6988687277225
187.858794927597,1,1.82237,-50,12.8044389968114,6.6978070623115,0.633,1.6996638097044
188.118330001831,1,1.75487,-50,12.8079272075765,6.69816354978529,0.633,1.69986696923248
188.309414863586,1,1.71806,-50,12.8104954318281,6.69842601665936,0.633,1.70001654712845
188.705138921738,1,1.66284,-51,12.815935621153,6.6989858034594,0.633,1.69958770265151
188.972931861877,1,1.61375,-51,12.819652627573,6.69936936688785,0.633,1.69908155709645
189.264186859131,1,1.55852,-51,12.8236958706812,6.6996721295667,0.633,1.69817591086092
189.565243959427,1,1.52171,-51,12.8278756922988,6.69988556726632,0.633,1.69693085761312
189.866639852524,1,1.45421,-51,12.8321093348045,6.70016216749556,0.633,1.69583379159804
190.16238284111,1,1.35604,-51,12.8363892031864,6.70059452154638,0.633,1.69513940478915
190.51365685463,1,1.30082,-50,12.8415199623161,6.70111357308222,0.633,1.69447074858685
190.754578828812,1,1.25786,-50,12.8452197699537,6.70149066886067,0.633,1.69460949137326
191.013479948044,1,1.20878,-50,12.8491956809995,6.70189590594803,0.633,1.69475858803748
191.352123975754,1,1.19037,-50,12.8543963746287,6.70242280705386,0.633,1.6954449006519
191.661520004272,1,1.1106,-50,12.8591479904349,6.70290253749583,0.633,1.6963312597542
191.898514986038,1,1.08606,-50,12.862738416193,6.7032650800355,0.633,1.6970189216548
192.216628789902,1,1.0247,-50,12.8674369660603,6.70373963357209,0.633,1.69796333017811
192.633583784103,1,0.969476,-50,12.8734271458298,6.70435737764908,0.633,1.69858938014075
192.766038894653,1,0.951068,-50,12.8752264187455,6.70455099506066,0.633,1.69841140858061
193.187609910965,1,0.901981,-50,12.8809679672888,6.70516573547229,0.633,1.69779067106995
193.352262973785,1,0.871301,-50,12.8833364869857,6.70539320716596,0.633,1.69708949543689
193.647262811661,1,0.82835,-50,12.8875800334745,6.70580075569013,0.633,1.69583323761496
194.042829990387,1,0.785398,-50,12.8933671696964,6.70635938219908,0.633,1.69422720542005
194.238557815552,1,0.742447,-50,12.8962931847089,6.70664362365744,0.633,1.69348316160259
194.586001873016,1,0.66268,-50,12.9014855245552,6.70714873084451,0.633,1.69220018860525
194.888273000717,1,0.638136,-50,12.9059622414996,6.70760070707448,0.633,1.69196343915146
195.274243831635,1,0.60132,-50,12.9116785736282,6.70817783676054,0.633,1.69166113312543
195.587886810303,1,0.552233,-50,12.9164917748152,6.70864996252995,0.633,1.69172911213676
195.882834911346,1,0.503146,-50,12.9210188146529,6.70909396066788,0.633,1.69179440598057
196.156324863434,1,0.484738,-50,12.9260916207486,6.70926302559077,0.633,1.69174997562784
196.488890886307,1,0.435651,-50,12.9326293728926,6.7093662532562,0.633,1.69165166356552
196.764069795609,1,0.423379,-49,12.9374221477176,6.70960428478072,0.633,1.69218294185333
197.032250881195,1,0.386563,-50,12.9414619071763,6.70999241853263,0.633,1.69332754036662
197.330154895782,1,0.374291,-50,12.9459699370329,6.71042459596326,0.633,1.69454007651189
197.613821983337,1,0.306796,-50,12.9504941376207,6.71084769249972,0.633,1.69503019824224
197.884380817413,1,0.306796,-50,12.9548092749414,6.71125123774915,0.633,1.69549767145199
198.200630903244,1,0.233165,-50,12.9593907156246,6.71167440586659,0.633,1.69548192406897
198.460546970367,1,0.202485,-50,12.962980983256,6.71200382217504,0.633,1.69525614435194
198.756303787231,1,0.19635,-50,12.9671712582361,6.71239403565562,0.633,1.69506412022398
199.209105014801,1,0.122718,-50,12.9741050686253,6.71306741531842,0.633,1.69509078872548
