8.59839296340942,1,0.929592,-62,8.60539088555515,9.18071722391756,0.633,-0.0222687796308193
8.83379197120667,1,4.16016,-62,8.6053808065189,9.17680319817285,0.633,-0.0231321162794195
8.96141290664673,1,4.22765,-61,8.60620599144692,9.17343015314199,0.633,-0.0236970122343193
9.35710501670837,1,4.12334,-60,8.60921044968558,9.16230027748054,0.633,-0.0255004778244236
9.51986289024353,1,4.08039,-60,8.61031284501849,9.1579122333963,0.633,-0.0261745646863042
9.77843308448792,1,4.15402,-60,8.61020158476873,9.15359295155738,0.633,-0.026299970882106
10.1390099525452,1,4.15402,-60,8.61004643203538,9.14756970080225,0.633,-0.0264748501772595
10.2336308956146,1,4.13561,-60,8.61000816184288,9.14635660094943,0.633,-0.026248372551024
10.5694110393524,1,4.20924,-60,8.60987398030071,9.14229636687699,0.633,-0.0252633309408665
10.9015181064606,1,4.23379,-60,8.6097443401797,9.1380958945819,0.633,-0.0241650674975326
11.247330904007,1,4.2706,-59,8.60962093174625,9.13302627613586,0.633,-0.0225542418974237
11.4066519737244,1,4.23379,-59,8.60956407565599,9.13069062794813,0.633,-0.0218121107225266
11.8721330165863,1,4.26447,-58,8.60938821335489,9.12400877511762,0.633,-0.0211132134128036
12.0487880706787,1,4.22765,-58,8.60932013554639,9.12149241760347,0.633,-0.0210493715568336
12.4916930198669,1,4.12948,-58,8.60898933975063,9.11314685592459,0.633,-0.0211094989004464
12.6417219638824,1,4.14175,-58,8.60883945457527,9.10983867598285,0.633,-0.0211818934401423
12.8608210086823,1,4.22152,-57,8.60862056548714,9.10500748110897,0.633,-0.0212876168697124
13.2830100059509,1,4.19697,-57,8.60838349927291,9.09805953896066,0.633,-0.0227770204176684
13.3646268844604,1,4.12334,-57,8.60834484461646,9.09680809445775,0.633,-0.0231148862742919
13.780590057373,1,4.17856,-57,8.60811959076208,9.09033490436541,0.633,-0.024583676951042
14.1308081150055,1,4.16629,-56,8.6078966935709,9.08477284189706,0.633,-0.0255223851452578
14.2834579944611,1,4.12948,-56,8.60779949634465,9.08234855523576,0.633,-0.0259274920415968
14.6261060237885,1,4.12948,-56,8.60756115641477,9.07693266065903,0.633,-0.0249299633691371
14.7911779880524,1,4.12948,-56,8.60744633526589,9.0743235332761,0.633,-0.0244494002160504
15.2981510162354,1,4.10493,-56,8.60712912115054,9.06720542362828,0.633,-0.0230666305511207
15.7507009506226,1,4.08039,-55,8.60598615238447,9.06210587449598,0.633,-0.0211694552903362
15.9294250011444,1,4.12334,-55,8.60452940937788,9.06108085714407,0.633,-0.0196119321539264
16.2921540737152,1,4.14788,-55,8.60157287925106,9.05900053503665,0.633,-0.0164508638974276
16.4809000492096,1,4.13561,-55,8.6013200617118,9.05627613952175,0.633,-0.0162156218531232
16.9101450443268,1,4.04971,-55,8.60104444304586,9.04969804069441,0.633,-0.0160088466050683
17.1831719875336,1,4.12948,-54,8.60088390760525,9.04547680466975,0.633,-0.0163569427260213
17.595920085907,1,4.07425,-55,8.60065420184618,9.03906271308949,0.633,-0.017304626229477
17.7192800045013,1,4.10493,-55,8.60058644718504,9.03716009959065,0.633,-0.0175955812146021
18.1544270515442,1,4.00676,-55,8.60039316051703,9.03118109866012,0.633,-0.0190144986444841
18.2836949825287,1,4.03744,-54,8.6003357413806,9.02940493337325,0.633,-0.0194360125250106
18.5435268878937,1,4.04971,-54,8.60022035124649,9.02582392376573,0.633,-0.0204310254520047
18.9141271114349,1,4.01289,-54,8.60005579172938,9.02070612278365,0.633,-0.0219885812814401
19.1785290241241,1,4.01289,-54,8.60028833991091,9.01680564773937,0.633,-0.0226297899286104
19.6431059837341,1,4.05585,-54,8.60148077734147,9.00939397077576,0.633,-0.0227036924879295
19.9922299385071,1,4.05585,-54,8.60146989415055,9.00425471527472,0.633,-0.0218111359773823
20.1955840587616,1,4.03744,-54,8.60133148010719,9.00132394835659,0.633,-0.0211531878312646
20.5014319419861,1,4.0313,-54,8.6011597860762,8.99715985813517,0.633,-0.0188951125544688
20.6964321136475,1,4.02517,-54,8.60109019379208,8.99477145094411,0.633,-0.016068969896285
21.0462090969086,1,4.00062,-54,8.60096536426505,8.99048730157661,0.633,-0.0109996428037856
21.3565480709076,1,3.98835,-54,8.60085506870383,8.98624976850805,0.633,-0.00693658833443709
21.5816199779511,1,4.00062,-54,8.6007751309986,8.98312553652849,0.633,-0.0040406551102913
21.9153399467468,1,4.00062,-54,8.60067996107948,8.97850087757289,0.633,0.000804944702787863
22.3550000190735,1,4.00676,-54,8.60059211275993,8.97242051888349,0.633,0.00807542850140023
22.5626471042633,1,3.95767,-54,8.60057692075875,8.96835977059945,0.633,0.0114145886780603
22.9503409862518,1,3.95767,-54,8.60060458824246,8.95824453855653,0.633,0.0174474724331608
23.1768839359283,1,3.96994,-54,8.60062438662009,8.95246320489193,0.633,0.0209480381464743
23.5957899093628,1,3.96381,-54,8.60079800742669,8.94665310861382,0.633,0.0264906963749867
23.915186882019,1,4.00676,-54,8.60094557387115,8.94219397114791,0.633,0.0306804977689229
24.0993750095367,1,3.96994,-54,8.6010600715215,8.9395659774588,0.633,0.0330265273633626
24.4920420646667,1,3.96381,-54,8.60130416681576,8.93396340927641,0.633,0.0380279818246876
24.6269130706787,1,3.97608,-54,8.60138476883598,8.93224309288624,0.633,0.0401087851018691
25.0615320205688,1,3.95153,-54,8.60164207752612,8.92685247582778,0.633,0.0470864178339436
25.2299180030823,1,3.96381,-54,8.60174937350577,8.92474058242368,0.633,0.0498203300255199
25.6250131130219,1,3.97608,-54,8.60206501460005,8.91958886884923,0.633,0.0564916300109964
25.857048034668,1,3.96994,-53,8.60225038707046,8.91656332531422,0.633,0.0604096095821546
26.2984409332275,1,3.98835,-53,8.60487246153548,8.90750032937567,0.633,0.0700522368878156
26.4415619373322,1,3.96994,-53,8.60579012686409,8.90446334458143,0.633,0.0732439320030503
26.8587501049042,1,3.98835,-54,8.60689688027443,8.89792635693929,0.633,0.0800509367151446
27.1310288906097,1,3.96381,-53,8.60716686393399,8.89432791801411,0.633,0.0837734069394472
27.4294118881226,1,3.98835,-53,8.60745359280428,8.89083157333273,0.633,0.0883990278294948
27.7228989601135,1,4.00676,-54,8.60773005154234,8.88766486415138,0.633,0.0932814148066065
27.9723789691925,1,3.99449,-53,8.60797700913037,8.88490172012093,0.633,0.0973508579465023
28.2893419265747,1,3.96994,-53,8.60841800817368,8.88063247406335,0.633,0.101660356895485
28.6466360092163,1,3.98221,-53,8.60891062293857,8.87587790869529,0.633,0.106579799220906
28.9726800918579,1,3.96381,-53,8.60930615852677,8.87223432792398,0.633,0.111808314360944
29.2440180778503,1,3.97608,-53,8.60963532821764,8.86920209418344,0.633,0.116159550415697
29.4660310745239,1,3.98835,-53,8.61020301768797,8.8670153517411,0.633,0.119463939379986
29.7977058887482,1,3.98221,-53,8.61129271431445,8.86398678048643,0.633,0.124193320909768
30.0691950321198,1,3.98835,-53,8.61207158714384,8.8612739997692,0.633,0.127980740816288
30.388375043869,1,4.00676,-53,8.61261490019343,8.8573149011992,0.633,0.132157637052249
30.6750180721283,1,3.98221,-53,8.61310360641397,8.8537561044408,0.633,0.135908599230307
30.9667780399323,1,4.03744,-53,8.61373687904446,8.84956013476664,0.633,0.13970134224995
31.4331560134888,1,4.04357,-53,8.61475067047646,8.84287567915168,0.633,0.14584965275494
31.6454110145569,1,4.03744,-53,8.61521524767601,8.83988173719906,0.633,0.148829019736589
31.9347920417786,1,4.04971,-53,8.61584863594272,8.83579990170247,0.633,0.152890984228738
32.214791059494,1,4.04971,-53,8.61643735061632,8.83212900603559,0.633,0.156386785398065
32.4906899929047,1,4.05585,-53,8.61700090549682,8.82870275571136,0.633,0.159533708520648
32.7045419216156,1,4.08039,-53,8.61743772232913,8.82604703598449,0.633,0.161972919034984
33.0794069766998,1,4.08039,-53,8.61926230102549,8.8236093022747,0.633,0.166538943079562
33.3326580524445,1,4.0988,-52,8.62053675451164,8.82204997095046,0.633,0.1696351153724
33.650465965271,1,4.08652,-52,8.62152476876455,8.81819242067519,0.633,0.173068379930899
33.9893798828125,1,4.1172,-52,8.62240025253278,8.81352478622026,0.633,0.176597885487123
34.1718800067902,1,4.12334,-52,8.62283469550032,8.81122737520339,0.633,0.178999451067094
34.5173060894012,1,4.14175,-52,8.62354532564361,8.80753107596886,0.633,0.185057189605108
34.7543199062347,1,4.15402,-52,8.62403292392033,8.80499486334963,0.633,0.189213701821617
34.9767079353333,1,4.15402,-52,8.62456716000652,8.80234372481628,0.633,0.192546226996809
35.2145149707794,1,4.16016,-52,8.62514784732896,8.79947548137516,0.633,0.196040205019314
35.5587649345398,1,4.14788,-52,8.62602608660633,8.79512712019813,0.633,0.201011347864021
35.8621079921722,1,4.1847,-52,8.62687466385569,8.79090588133009,0.633,0.205219598304774
36.0000009536743,1,4.1847,-52,8.62726040807181,8.78898700066321,0.633,0.207132574723443
36.3758020401001,1,4.21538,-52,8.62848620506437,8.78512118820685,0.633,0.212992158062423
36.6834759712219,1,4.24606,-52,8.62958851971088,8.78272771616561,0.633,0.218155030964593
36.8260910511017,1,4.24606,-52,8.63009947197386,8.78161827798505,0.633,0.220548160368398
37.1109209060669,1,4.25219,-52,8.63096230553639,8.77784501745051,0.633,0.224928747818346
37.471009016037,1,4.29515,-52,8.63203134106219,8.77285961139265,0.633,0.230411666563216
37.7628819942474,1,4.29515,-52,8.63293336064651,8.76882521315537,0.633,0.234785117392892
37.9949359893799,1,4.32583,-52,8.63366187219081,8.76561976236042,0.633,0.23823958667935
38.2841830253601,1,4.35037,-51,8.63455810173326,8.76168796540624,0.633,0.242529299890861
38.5712039470673,1,4.36264,-51,8.63534060952223,8.75836128307825,0.633,0.246640128767591
38.8303270339966,1,4.36264,-51,8.63604705918667,8.75535794733208,0.633,0.250351393653931
39.0763700008392,1,4.36878,-51,8.63677766372871,8.75228970451152,0.633,0.254129919348153
39.3889410495758,1,4.34423,-51,8.63778530504336,8.7481041175122,0.633,0.259268459436929
39.6396889686584,1,4.39332,-51,8.6385936459433,8.74474639377399,0.633,0.263390652581788
40.0353219509125,1,4.424,-51,8.64034386378378,8.73792123451354,0.633,0.268782343610794
40.2265510559082,1,4.44854,-51,8.64121730394135,8.73453392440244,0.633,0.271324054469337
40.5437450408936,1,4.45468,-51,8.64250502040808,8.72957572212277,0.633,0.276086105403692
40.8333699703217,1,4.47309,-51,8.64353841871153,8.7256322741968,0.633,0.280917035792659
41.1194961071014,1,4.52218,-51,8.64457968318854,8.72168545363309,0.633,0.285527236029796
41.342022895813,1,4.52831,-51,8.64549860247322,8.71834243186267,0.633,0.28824216494148
41.7060439586639,1,4.58353,-51,8.6470018191269,8.71287374045231,0.633,0.292683388911493
42.0268120765686,1,4.58353,-51,8.64802700520884,8.70907763464958,0.633,0.29708382518995
42.3101379871368,1,4.64489,-51,8.6488803729331,8.70590278316359,0.633,0.301055422845037
42.4671421051025,1,4.63876,-51,8.64936129104303,8.70412111994212,0.633,0.303268129932867
42.7699129581451,1,4.63876,-51,8.65058789007753,8.69985305595473,0.633,0.30797718547791
43.0836050510406,1,4.67557,-51,8.65185873373506,8.69543103873819,0.633,0.312856101247512
43.2497529983521,1,4.69398,-51,8.65255136093225,8.69296311577755,0.633,0.314830565795895
43.5861389636993,1,4.74307,-51,8.65401574325414,8.68756650682736,0.633,0.316889343302872
43.9051430225372,1,4.77375,-51,8.6554055564909,8.68249114772601,0.633,0.318985954690638
44.1200571060181,1,4.76761,-51,8.65635331439886,8.67951291818353,0.633,0.321898853348201
44.4102749824524,1,4.79829,-50,8.65763315740852,8.67549114613698,0.633,0.325832403206702
44.869656085968,1,4.8167,-50,8.65980330801708,8.66880372794794,0.633,0.333102432295156
44.9741458892822,1,4.84738,-50,8.6603173412516,8.66723715047131,0.633,0.334903708419479
45.4173340797424,1,4.87192,-50,8.6624178980005,8.66087950589257,0.633,0.342012664143179
45.6094379425049,1,4.88419,-50,8.66321744299727,8.65852323090208,0.633,0.344354642633733
45.9198799133301,1,4.90874,-50,8.66450951657139,8.6547154644088,0.633,0.348139305824689
46.2227919101715,1,4.92101,-50,8.66585756258144,8.6507738332245,0.633,0.352025462597991
46.4177660942078,1,4.95783,-50,8.66676104147326,8.64814401466553,0.633,0.354606076306537
46.6842610836029,1,4.97623,-49,8.66799593623066,8.64454952100246,0.633,0.358133315701287
46.9767849445343,1,5.00078,-49,8.67042686838048,8.63745642933527,0.633,0.362648193485186
47.192008972168,1,5.01919,-49,8.67239793442174,8.63170352875099,0.633,0.366079154525079
47.5407130718231,1,5.02532,-49,8.67522975410234,8.62355212604612,0.633,0.371436051279643
47.7364649772644,1,5.06214,-49,8.67609809754976,8.6213084560205,0.633,0.374040542278132
48.0382950305939,1,5.09895,-49,8.67743699715562,8.61784893902647,0.633,0.378056409481048
48.3515799045563,1,5.08668,-49,8.67895848591771,8.61394535876111,0.633,0.382341637708793
48.7488849163055,1,5.08668,-49,8.68104495026244,8.60862241035409,0.633,0.387915399939927
48.9116070270538,1,5.11736,-49,8.68189949242057,8.6064423185491,0.633,0.390198216235312
49.3031470775604,1,5.13577,-49,8.68411993658255,8.60095729275858,0.633,0.39624756897894
49.6247189044952,1,5.14804,-49,8.68594494629401,8.59645046126457,0.633,0.401220506239628
49.8176689147949,1,5.17258,-48,8.68697333928539,8.59399103853461,0.633,0.403790693424953
50.1194400787354,1,5.18486,-48,8.68855324000568,8.59024916840761,0.633,0.407633594045385
50.3727579116821,1,5.19099,-48,8.68987946687742,8.58710810476401,0.633,0.410859466407365
50.7985229492188,1,5.2094,-48,8.68807465288566,8.58604621757115,0.633,0.414980260585271
51.0996730327606,1,5.24008,-48,8.6866633192077,8.5854360233045,0.633,0.417851494423633
51.4879748821259,1,5.25235,-48,8.688237354515,8.58173662561094,0.633,0.424261632303447
51.6492969989777,1,5.27076,-48,8.68895895016241,8.58014162889173,0.633,0.426978741447279
52.0628430843353,1,5.28303,-48,8.69112093293109,8.57549098199428,0.633,0.433905541838679
52.2632551193237,1,5.28917,-48,8.69238622091457,8.57284562251826,0.633,0.437235598293109
52.5905499458313,1,5.30757,-48,8.69445257491902,8.56852546045411,0.633,0.442673945593839
52.8425359725952,1,5.33825,-48,8.69590347483445,8.56552957433104,0.633,0.446655397069762
53.1024498939514,1,5.35052,-48,8.69736115064712,8.56253112479713,0.633,0.450705035146972
53.4238760471344,1,5.39961,-48,8.69917997692996,8.55880004614008,0.633,0.455689789813039
53.6568360328674,1,5.41802,-48,8.70061546872749,8.55592906254502,0.633,0.459133735295456
54.0055220127106,1,5.43029,-48,8.70276406030816,8.55163187938369,0.633,0.464288506838235
54.244784116745,1,5.43643,-48,8.70439852967798,8.54821447194757,0.633,0.467972550141085
54.4546101093292,1,5.45484,-48,8.7060433773879,8.5445985257423,0.633,0.471397367761224
54.6676740646362,1,5.47938,-48,8.7077136078233,8.54092677949587,0.633,0.474875035991765
55.0146050453186,1,5.49165,-48,8.71026910973273,8.53546759869098,0.633,0.4804140001801
55.2573790550232,1,5.52233,-48,8.71174624742835,8.53263224540237,0.633,0.484055520143269
55.589250087738,1,5.52233,-48,8.71376548833927,8.52875632958606,0.633,0.489033462355036
55.8943819999695,1,5.55301,-48,8.71588460608361,8.52479748338311,0.633,0.4938946047941
56.0800030231476,1,5.56528,-48,8.71726070236216,8.52225828659782,0.633,0.496945948716096
56.4394578933716,1,5.6021,-48,8.71992551101773,8.51734113532206,0.633,0.50285487225671
56.7224628925323,1,5.65732,-48,8.72185541624349,8.51388654313779,0.633,0.506964732931489
56.9503860473633,1,5.62664,-48,8.72339183808135,8.5111485982948,0.633,0.510217070630715
57.2392280101776,1,5.63278,-48,8.72533891142582,8.50767886147445,0.633,0.514338686117637
57.5101499557495,1,5.64505,-48,8.72722297812306,8.50441017125337,0.633,0.518152441339819
57.7655489444733,1,5.63891,-48,8.72900097927569,8.50132830258881,0.633,0.521745979224971
58.0881071090698,1,5.66959,-47,8.73145680626752,8.4971959552016,0.633,0.526562569216711
58.3538770675659,1,5.688,-47,8.73417834979383,8.49299415751343,0.633,0.531454377757472
58.5726749897003,1,5.68186,-47,8.73641888921343,8.48953498323879,0.633,0.535481610745934
58.9471209049225,1,5.72482,-47,8.73975070828075,8.48424730033635,0.633,0.54185803802608
59.1683878898621,1,5.72482,-47,8.74110790444262,8.48189216582016,0.633,0.544998407464506
59.4332799911499,1,5.73095,-47,8.74273268612109,8.47907269173105,0.633,0.548757933810436
59.8264400959015,1,5.76777,-47,8.74535038817045,8.47461961418897,0.633,0.554711681481208
59.9872848987579,1,5.78004,-47,8.7464839035888,8.47271635337129,0.633,0.557260885305029
60.2643840312958,1,5.78618,-47,8.74843669369184,8.46943746644296,0.633,0.561652585600583
60.5523691177368,1,5.80458,-47,8.75049015973415,8.46603077769802,0.633,0.565970790158108
60.836385011673,1,5.82913,-47,8.75253667278422,8.46267194258812,0.633,0.570010259330926
61.1062209606171,1,5.83526,-47,8.754481010417,8.45948080266048,0.633,0.573848051583928
61.4022300243378,1,5.85367,-47,8.75675906969079,8.45586254287772,0.633,0.578081338297587
61.6438910961151,1,5.87208,-47,8.75867540644104,8.45286279684662,0.633,0.58154643728442
61.9186520576477,1,5.87821,-47,8.76085422044798,8.44945218090505,0.633,0.585486144753339
62.2918870449066,1,5.89049,-47,8.76390524463255,8.44487591507454,0.633,0.590075576302232
62.5079090595245,1,5.89662,-47,8.76568646639664,8.4422367773947,0.633,0.592603812656373
62.7827711105347,1,5.90889,-47,8.76795285701543,8.4388787918817,0.633,0.595820689561103
63.0288760662079,1,5.93344,-47,8.76973509368941,8.43625240099589,0.633,0.599189484269015
63.346568107605,1,5.95798,-47,8.77196295189657,8.4329741018724,0.633,0.603682139265004
63.618026971817,1,5.96412,-47,8.77386659372493,8.43017288799026,0.633,0.607520985895044
63.9921810626984,1,5.95185,-47,8.77683808360688,8.42587024056836,0.633,0.613124722613438
64.3606650829315,1,5.98866,-47,8.77980114811272,8.42158629188522,0.633,0.618676452359992
64.559366941452,1,5.98866,-47,8.78136479215861,8.4193551518769,0.633,0.621785585074069
64.8181660175323,1,5.9948,-47,8.78333458624076,8.41660350106675,0.633,0.62606064432284
65.0724260807037,1,6.03161,-47,8.7852698325923,8.41390011077876,0.633,0.630260724366079
65.4080100059509,1,6.05616,-47,8.78791920530498,8.41022124263459,0.633,0.635644607824767
65.6796369552612,1,6.06843,-47,8.7903353766615,8.40692704614321,0.633,0.63954669252083
66.0209810733795,1,6.06843,-47,8.79337169497604,8.40278734425018,0.633,0.644450306329338
66.4053869247437,1,6.06229,-47,8.79725742730038,8.39784846376817,0.633,0.650090050218539
66.7322070598602,1,6.06843,-47,8.80084549841322,8.39348054422287,0.633,0.65495661176646
67.1023559570313,1,6.09297,-47,8.80472634980227,8.38873966252459,0.633,0.660645455516128
67.3040399551392,1,6.09297,-47,8.80641408690755,8.38663747428841,0.633,0.664158389351775
67.6544189453125,1,6.09911,-47,8.80934613718509,8.38298541166441,0.633,0.670261294001759
67.912211894989,1,6.11138,-47,8.81150902531891,8.38029213015787,0.633,0.674748475254097
68.1897630691528,1,6.15433,-47,8.81422227786356,8.37696395822811,0.633,0.679370196673899
68.5028460025787,1,6.1666,-47,8.81728287765516,8.37320971782954,0.633,0.68458358517405
68.9003250598907,1,6.1666,-47,8.82091817330206,8.36877988048371,0.633,0.691180006364339
69.177542924881,1,6.17274,-47,8.82303229638654,8.36625647301753,0.633,0.695743065621479
69.4433441162109,1,6.20342,-47,8.82505935346127,8.36383698713502,0.633,0.700118204239258
69.7682259082794,1,6.21569,-47,8.82761337205599,8.36080646099341,0.633,0.705310980660452
70.056333065033,1,6.24023,-47,8.83007407344128,8.35793125643358,0.633,0.709519174794232
70.2873458862305,1,6.22796,-47,8.83204713643474,8.35562583256155,0.633,0.712893429047217
70.7289988994598,1,6.24023,-47,8.83568757665735,8.35153443353381,0.633,0.719288267619493
70.902538061142,1,6.2341,-47,8.83703414953054,8.35012814140588,0.633,0.721765268192227
71.3337450027466,1,0,-47,8.8403800892289,8.34663381239327,0.633,0.727920074006477
71.533185005188,1,0.0184078,-47,8.84213097422046,8.34476998734364,0.633,0.730977563715421
71.9714169502258,1,0.0368155,-47,8.84677135021053,8.33970861903642,0.633,0.738518056443033
72.1561319828033,1,0.0429515,-47,8.84872727152546,8.33757524920261,0.633,0.741696378734694
72.4980919361115,1,0.0613592,-47,8.85235282555037,8.33365119202108,0.633,0.747244419325151
72.7285261154175,1,0.0674952,-47,8.85480244422916,8.33104287286362,0.633,0.750507761909882
73.0764501094818,1,0.0920388,-47,8.85850103233456,8.32710466880991,0.633,0.755434961466385
73.3687698841095,1,0.0920388,-47,8.86150418297864,8.32392269412027,0.633,0.759893758270405
73.6675488948822,1,0.122718,-47,8.86429432714251,8.32101000984109,0.633,0.765305318285529
73.9788930416107,1,0.171806,-47,8.86720181067592,8.31797483277412,0.633,0.770944461179206
74.1820940971375,1,0.177942,-47,8.86909940126538,8.31599390205743,0.633,0.774624889413691
74.5251910686493,1,0.19635,-47,8.872396967627,8.3126820649115,0.633,0.779986306548948
74.8219408988953,1,0.19635,-47,8.87526514394145,8.30982325152299,0.633,0.784477077929662
75.1045229434967,1,0.202485,-47,8.87799638434872,8.30710092702565,0.633,0.788753445527069
75.416198015213,1,0.208621,-47,8.88074422124764,8.30517500165977,0.633,0.793381333347708
75.7637488842011,1,0.220893,-47,8.88369732820393,8.30347915806111,0.633,0.798504681530036
76.0201559066772,1,0.239301,-47,8.88587599449218,8.30222804276687,0.633,0.802284451830609
76.3727960586548,1,0.251573,-47,8.88937977872413,8.29927054510182,0.633,0.807804488003161
76.6035220623016,1,0.294524,-47,8.89184461158064,8.29691537113882,0.633,0.811525413639933
76.907133102417,1,0.319068,-46,8.89508807116234,8.2938162110734,0.633,0.816421758589857
77.1957859992981,1,0.325204,-47,8.89814244008099,8.29091652404263,0.633,0.821092019972958
77.5137860774994,1,0.343612,-46,8.9014675945592,8.28778551340339,0.633,0.826257658044508
77.7865409851074,1,0.362019,-46,8.90431964480904,8.28509998413416,0.633,0.830688327190604
78.0901780128479,1,0.398835,-46,8.90745845498017,8.2821856439872,0.633,0.835624120046881
78.4641940593719,1,0.417243,-46,8.91125925942862,8.27873220317591,0.633,0.84171025409888
78.7143349647522,1,0.435651,-46,8.91380122701195,8.27642255143973,0.633,0.845780643848681
79.0040519237518,1,0.447922,-46,8.91683904542236,8.27368879270113,0.633,0.850329227045632
79.2936749458313,1,0.46633,-46,8.92002722015083,8.27086110660896,0.633,0.854608458665107
79.5894420146942,1,0.478602,-47,8.92328302864179,8.26797343414032,0.633,0.858978469667653
79.9811379909515,1,0.509282,-47,8.92750769337692,8.26483151662955,0.633,0.86513986805308
80.181694984436,1,0.509282,-46,8.92963303992966,8.2635186114196,0.633,0.868456795241902
80.4438490867615,1,0.521553,-46,8.932411144587,8.26180247337439,0.633,0.872792450930377
80.7291650772095,1,0.533825,-47,8.93546371430982,8.25983347645563,0.633,0.87746978149796
81.1619260311127,1,0.589049,-47,8.94041461734078,8.25572748801379,0.633,0.884106560890354
81.3371369838715,1,0.619728,-47,8.94241907830068,8.25406510572069,0.633,0.886793578815847
81.6420719623566,1,0.607456,-47,8.94585381039287,8.25122899603742,0.633,0.891441376061833
82.0665490627289,1,0.656544,-47,8.95039036406956,8.24754062280242,0.633,0.897780919020277
82.2857179641724,1,0.644272,-47,8.95273270829681,8.24563621686552,0.633,0.901054194927592
82.6226758956909,1,0.681087,-47,8.9562332001875,8.2428271258108,0.633,0.905869370818311
82.8939480781555,1,0.724039,-47,8.95897740772056,8.24065282142231,0.633,0.909586440186731
83.1483941078186,1,0.736311,-47,8.961551400767,8.23861338223653,0.633,0.913072951535532
83.4594058990479,1,0.79767,-47,8.96487293818647,8.23601084059537,0.633,0.917229208895633
83.7515499591827,1,0.822214,-47,8.96820168675095,8.23343557071765,0.633,0.921007922196991
84.0503981113434,1,0.82835,-47,8.97160682309719,8.23080120381004,0.633,0.924873349024886
84.2699069976807,1,0.82835,-47,8.97394015193972,8.22914661481854,0.633,0.927858960906481
84.6226990222931,1,0.82835,-47,8.97747395404024,8.22684881392219,0.633,0.93284610133566
84.8094298839569,1,0.822214,-47,8.97934437588978,8.22563260065383,0.633,0.935485767100787
85.1079099178314,1,0.883573,-47,8.98237886814792,8.22357329547915,0.633,0.939635311774301
85.4700119495392,1,0.914253,-46,8.98615415526903,8.22083281411946,0.633,0.944522576611918
85.6998960971832,1,0.957204,-46,8.98855093459074,8.21909299173146,0.633,0.947625306265789
86.0066959857941,1,0.96334,-46,8.99191725853412,8.21669607964356,0.633,0.952526804807564
86.1891889572144,1,0.975612,-47,8.99398782269526,8.21523983441176,0.633,0.955751758208609
86.5609350204468,1,1.00016,-46,8.99820565130305,8.21227339999071,0.633,0.962321127547142
86.8314099311829,1,1.0247,-46,9.0014174313133,8.21005776402234,0.633,0.966349315686798
87.0604391098022,1,1.06765,-46,9.00419683355106,8.20815767367019,0.633,0.969446046882634
87.3903460502625,1,1.06151,-46,9.00820044607804,8.20542067309036,0.633,0.973906758484555
87.5735030174255,1,1.07379,-46,9.01026721509064,8.20402046711157,0.633,0.976550447477631
87.7944340705872,1,1.09219,-46,9.01259495469613,8.20245793845685,0.633,0.979916572992192
88.1021420955658,1,1.10447,-46,9.01583698041601,8.20028168211155,0.633,0.984604840300445
88.3312470912933,1,1.12287,-46,9.01866137644337,8.1984355305819,0.633,0.988202449565578
88.7755539417267,1,1.15969,-46,9.02952523817333,8.19189246180348,0.633,0.996582527950051
88.9358849525452,1,1.18423,-46,9.0334455331921,8.18953135296603,0.633,0.999606533627231
89.1959040164948,1,1.20264,-46,9.03885817403546,8.18624420792333,0.633,1.00418662539214
89.3954429626465,1,1.19037,-46,9.04098133720889,8.18488608124549,0.633,1.0070050497456
89.6405429840088,1,1.22718,-46,9.04358928592867,8.18321785113718,0.633,1.01046700984193
89.8237609863281,1,1.24559,-47,9.04553878863346,8.18197081008775,0.633,1.01305490603807
90.0843420028687,1,1.25786,-46,9.0485747682024,8.18008407778516,0.633,1.01713731011814
90.3452560901642,1,1.30082,-46,9.05179095782997,8.17811917166011,0.633,1.02149399252145
90.7058410644531,1,1.31922,-46,9.05623575292014,8.17540365855031,0.633,1.02751495608331
90.8471529483795,1,1.32536,-47,9.05777846682384,8.17447735761383,0.633,1.02977246455993
91.1022050380707,1,1.34377,-46,9.06049278743021,8.17285402301389,0.633,1.0338110844452
91.3754498958588,1,1.33763,-47,9.06340071948824,8.17111489657725,0.633,1.03813777754364
91.6593689918518,1,1.38672,-47,9.06640936081951,8.16934103161062,0.633,1.04214364142217
91.9320731163025,1,1.38672,-47,9.06928876206787,8.16766401769673,0.633,1.04559611031826
92.1520459651947,1,1.44194,-47,9.07161138955649,8.16631127860996,0.633,1.04838099455979
92.3939609527588,1,1.45421,-47,9.07468064468581,8.16459605378012,0.633,1.05215219690184
92.6767089366913,1,1.48489,-47,9.07895183067011,8.16228911875304,0.633,1.05750089465222
92.8904728889465,1,1.49103,-47,9.08218094510665,8.16054502303173,0.633,1.06154463266457
93.1848230361938,1,1.52784,-47,9.08645114355758,8.15820079355868,0.633,1.06658394797473
93.3837749958038,1,1.52171,-47,9.08911856223582,8.15668754642391,0.633,1.06933344107385
93.7117230892181,1,1.56466,-47,9.0935154773081,8.15419314268098,0.633,1.07386564584066
94.1009049415588,1,1.5892,-47,9.09806262412801,8.15166123173626,0.633,1.07972515665879
94.2054278850555,1,1.60148,-47,9.09917684248133,8.15104955684822,0.633,1.08137560101527
94.4973599910736,1,1.61375,-47,9.10228884927683,8.14934115166665,0.633,1.08598528459989
94.7586219310761,1,1.63829,-47,9.10504972069138,8.14784788258784,0.633,1.09013696228817
95.0467391014099,1,1.67511,-47,9.10806577624082,8.14624328160587,0.633,1.09474647575721
95.2833859920502,1,1.70579,-47,9.11054303286161,8.14492533227067,0.633,1.09853252928726
95.514899969101,1,1.71806,-47,9.11309477900308,8.14358203284771,0.633,1.10201350374339
95.7758069038391,1,1.77328,-46,9.11613963698093,8.1419970382839,0.633,1.10564230708686
96.031867980957,1,1.8101,-46,9.11912794242502,8.14044148202533,0.633,1.10920371220517
96.2975070476532,1,1.84078,-46,9.12299248587804,8.13819987693107,0.633,1.11287598870243
96.5437140464783,1,1.87146,-46,9.12722332707878,8.13558921832968,0.633,1.11626066166303
96.8572750091553,1,1.88986,-46,9.13261158430206,8.13226437123687,0.633,1.12057126744165
97.1067380905151,1,1.91441,-46,9.13574266087155,8.13060417620362,0.633,1.12413992593604
97.3588769435883,1,1.95122,-46,9.13859760079781,8.12919014125191,0.633,1.12778417278308
97.6455790996552,1,1.95736,-46,9.14184389712351,8.12758226977765,0.633,1.13192797456354
98.0008270740509,1,2.00645,-46,9.1457396438883,8.1257168490899,0.633,1.1363006854569
98.2250039577484,1,2.03713,-46,9.14819458567663,8.12454313604511,0.633,1.13903934922807
98.4850399494171,1,2.06167,-46,9.15107076259175,8.12318469164421,0.633,1.14245209348538
98.6990880966187,1,2.08621,-46,9.15349716537266,8.12207270917117,0.633,1.14574812358495
99.038211107254,1,2.12917,-46,9.15734138933272,8.12031096141039,0.633,1.15097012463998
99.2954170703888,1,2.15371,-46,9.16053388185371,8.11886413307495,0.633,1.15458476706426
99.4998829364777,1,2.17825,-46,9.1632746662506,8.11763288839204,0.633,1.1572046758416
99.8075029850006,1,2.20893,-47,9.16739819183113,8.11578047382355,0.633,1.16114634337089
100.202519893646,1,2.27029,-47,9.17164573500968,8.11419763018896,0.633,1.16678130146633
100.346858024597,1,2.27029,-47,9.17309835391106,8.11369480056925,0.633,1.16889472710933
100.623112916946,1,2.30711,-47,9.17587858305483,8.11273241355794,0.633,1.17293970240205
100.939368963242,1,2.33165,-47,9.18012421813163,8.11096923136893,0.633,1.17741615982244
101.158979892731,1,2.34392,-47,9.18310928879137,8.10972191989651,0.633,1.18051930122835
101.612920999527,1,2.38687,-47,9.1890169206344,8.1073023593932,0.633,1.18699736828826
101.802527904511,1,2.40528,-47,9.19139450406971,8.10634610056097,0.633,1.18972505741624
102.128794908524,1,2.43596,-47,9.19540108204684,8.10473619719206,0.633,1.19462333825671
102.370554924011,1,2.45437,-47,9.1979149276359,8.10373451159336,0.633,1.19935245007366
102.654221057892,1,2.46664,-47,9.20086451736843,8.10255919614438,0.633,1.20490129512605
102.987936019897,1,2.52186,-46,9.20473501135037,8.10106111561295,0.633,1.21050709344091
103.186135053635,1,2.51573,-46,9.207340876881,8.10008288848947,0.633,1.21312939976353
103.415541887283,1,2.52186,-46,9.21035705384728,8.09895063278288,0.633,1.21616460623748
103.706003904343,1,2.57095,-46,9.21411513199666,8.09739056230457,0.633,1.2199411425421
103.964828014374,1,2.57709,-46,9.21740593228135,8.09587997047915,0.633,1.22324302296243
104.230575084686,1,2.57709,-46,9.22078475404002,8.09432897373472,0.633,1.22663322122534
104.513133049011,1,2.60777,-46,9.22407891405225,8.09314082120778,0.633,1.23097501513602
104.783575057983,1,2.62618,-46,9.22719037844644,8.09206763621822,0.633,1.23523301169532
105.05982208252,1,2.66913,-46,9.23056192648796,8.09091637153396,0.633,1.23950991091879
105.514090061188,1,2.69981,-46,9.23673369221187,8.08884451103233,0.633,1.24630761637128
105.722513914108,1,2.70594,-46,9.23954499286898,8.0879069215275,0.633,1.24935264243403
105.994379997253,1,2.72435,-46,9.24305289264748,8.08678548011602,0.633,1.25274801002936
106.266845941544,1,2.74276,-46,9.24656853246017,8.08566156429094,0.633,1.25615086936133
106.567671060562,1,2.75503,-46,9.25054138349021,8.08441643076945,0.633,1.2608045682587
106.817826032639,1,2.80412,-46,9.25390010175941,8.08337846957948,0.633,1.26521504122206
107.075814962387,1,2.82866,-46,9.2573640030539,8.08230800316301,0.633,1.26976363440035
107.356200933456,1,2.8348,-46,9.26227597083789,8.07984257085609,0.633,1.27392332805389
107.653397083282,1,2.87775,-46,9.26770211455047,8.07698002409752,0.633,1.27818233896792
107.914114952087,1,2.90843,-46,9.27217766476047,8.07486846678791,0.633,1.2818808098274
108.171976089478,1,2.95138,-46,9.27583254039336,8.07386365203687,0.633,1.28543630817723
108.577564954758,1,2.96365,-46,9.28146845242613,8.0723198597971,0.633,1.29118183160343
108.775151014328,1,3.05569,-46,9.2835839897063,8.07177259725744,0.633,1.29483569393289
109.049294948578,1,3.04955,-46,9.28651922569562,8.07101328910577,0.633,1.29990530358239
109.352817058563,1,3.04955,-46,9.28982505507702,8.07017619609059,0.633,1.30528306429741
109.666842937469,1,3.09251,-46,9.2934016729251,8.06932013843522,0.633,1.3101908293897
109.994138002396,1,3.11705,-46,9.29722547208444,8.06840681823253,0.633,1.31525250869343
110.201700925827,1,3.13546,-46,9.30046481722033,8.06764879962669,0.633,1.31800920917014
110.474244117737,1,3.16,-46,9.30471828141538,8.06665347345307,0.633,1.32162893052808
110.762398958206,1,3.19068,-46,9.30687777391725,8.06596334141927,0.633,1.32642852590924
111.037838935852,1,3.23977,-46,9.30402636932669,8.06606532298545,0.633,1.33306140697396
111.283087968826,1,3.29499,-46,9.30148750686952,8.06615612636375,0.633,1.33896725869838
111.633526086807,1,3.3134,-46,9.30450067673461,8.06535663709813,0.633,1.34513816914763
111.809397935867,1,3.31953,-46,9.30676438947006,8.06485024731677,0.633,1.34797846430739
112.088563919067,1,3.33794,-46,9.31036345150783,8.06404784099884,0.633,1.35246208379529
112.375296115875,1,3.36249,-46,9.31409634121519,8.06323242381798,0.633,1.35691204891295
112.688676118851,1,3.36862,-46,9.318176151577,8.06234122484761,0.633,1.36177557696226
112.899682998657,1,3.38089,-46,9.32111260978296,8.06172225716515,0.633,1.36489705153949
113.235500097275,1,3.42385,-46,9.32590634088567,8.06072516109578,0.633,1.36976748233984
113.494297027588,1,3.45452,-46,9.32964790739932,8.05995549296661,0.633,1.37354829975408
113.779164075851,1,3.47907,-46,9.33401448267625,8.05910169333146,0.633,1.37785388934278
114.125394105911,1,3.49134,-46,9.33932165842229,8.05806397740346,0.633,1.38308694252253
114.367645025253,1,3.4852,-46,9.34266265309601,8.05789339174687,0.633,1.38626163934079
114.567719936371,1,3.50361,-46,9.34538709245416,8.05780455133302,0.633,1.38883801134252
114.839386940002,1,3.5527,-46,9.3490903004291,8.05765678534605,0.633,1.39238625040749
115.115180969238,1,3.55884,-46,9.35292422915341,8.0569876191416,0.633,1.39694445314132
115.330203056335,1,3.55884,-46,9.35591334156591,8.05646590547618,0.633,1.40049824387405
115.620023012161,1,3.57111,-46,9.35988487181893,8.05578029519788,0.633,1.40524666889673
115.99124789238,1,3.59565,-47,9.36481804456048,8.05494927790129,0.633,1.41121728998307
116.178458929062,1,3.60792,-47,9.36730587453172,8.05453019066365,0.633,1.414228311665
116.366843938828,1,3.6386,-47,9.37015730407311,8.05407164691524,0.633,1.4168854410752
116.761276960373,1,3.6386,-47,9.3763852388429,8.05308429140296,0.633,1.42217275905518
116.86670589447,1,3.66315,-47,9.37804991823975,8.05282037881565,0.633,1.42358601876827
117.212735891342,1,3.66928,-47,9.38289859969434,8.0521017051121,0.633,1.42945917727788
117.502476930618,1,3.66928,-47,9.38689855324667,8.05151432827195,0.633,1.43449738144204
117.68386888504,1,3.66928,-47,9.38909184749226,8.05123292140318,0.633,1.43699432615135
117.959021091461,1,3.66315,-47,9.39182916055067,8.05096979374908,0.633,1.43953527528878
118.294512033463,1,3.66928,-47,9.39516674504059,8.05064896425004,0.633,1.44263343477943
118.457902908325,1,3.65087,-47,9.39736905211954,8.05036639323855,0.633,1.44510949905003
118.623846054077,1,3.67542,-47,9.39964141690935,8.05007159996852,0.633,1.44768402694162
118.831264972687,1,3.68155,-47,9.40248173577431,8.04970312616982,0.633,1.45090203145025
119.120223999023,1,3.67542,-48,9.40647752458647,8.04921490184816,0.633,1.4551821142815
119.330888986588,1,3.66928,-47,9.40942046319315,8.04887820971943,0.633,1.45814687552615
119.616478919983,1,3.67542,-48,9.41341008505858,8.04842176992974,0.633,1.46216608145202
119.890925884247,1,3.68155,-48,9.41728557354487,8.0479830229697,0.633,1.46262921920779
120.052716016769,1,3.68769,-48,9.4195742384618,8.04772436457344,0.633,1.46257379240859
120.395375013351,1,3.7061,-48,9.42442769735458,8.04717597824245,0.633,1.46262013951992
120.579060077667,1,3.72451,-48,9.42705498010067,8.04687968787288,0.633,1.46331497976714
120.79052901268,1,3.74291,-48,9.43007966088439,8.04653858115775,0.633,1.46411492029378
121.16254901886,1,3.75518,-48,9.43442918688581,8.04627208094338,0.633,1.46487923898702
121.397264003754,1,3.74905,-48,9.43564157188645,8.04662989084328,0.633,1.46434773496096
121.634340047836,1,3.74291,-48,9.4368661525837,8.04699130004619,0.633,1.46381088439741
121.944004058838,1,3.75518,-48,9.44096674701433,8.04669121963112,0.633,1.46395422754576
122.151412010193,1,3.76746,-48,9.4444835907529,8.0462524091104,0.633,1.46431036362055
122.401937961578,1,3.76132,-48,9.44874430225338,8.04572094312888,0.633,1.46472504217334
122.702012062073,1,3.77359,-48,9.45404757129984,8.0450619306865,0.633,1.46497885101939
122.87831401825,1,3.81041,-48,9.45716339071072,8.0446747423802,0.633,1.46512797084006
123.130934000015,1,3.83495,-48,9.4613788611998,8.04415533665602,0.633,1.4652602616372
123.372863054276,1,3.792,-47,9.46482749403122,8.04374150071625,0.633,1.46519473761341
123.651365041733,1,3.82268,-47,9.46879746407263,8.04326510431128,0.633,1.46511930818262
123.881645917892,1,3.81654,-47,9.47229749724498,8.04283574900687,0.633,1.46473583605995
124.252367019653,1,3.82268,-47,9.47824239442849,8.04209396147951,0.633,1.46366024414529
124.546564102173,1,3.84109,-47,9.48309097309792,8.04160506629563,0.633,1.4640457658006
124.670403957367,1,3.81654,-47,9.48526242685326,8.04149878417089,0.633,1.46544392547598
125.024708986282,1,3.84109,-47,9.49147494207599,8.04119471169586,0.633,1.46944405131138
125.208269119263,1,3.84109,-47,9.49471574144471,8.04095383491291,0.633,1.47174022321838
125.499743938446,1,3.83495,-47,9.49991491713767,8.04037183763384,0.633,1.47592198144572
125.735766887665,1,3.83495,-47,9.50412497131662,8.03990056291232,0.633,1.47930817759297
126.012224912643,1,3.8595,-47,9.50840986299865,8.03941639852498,0.633,1.48168866288492
126.273745059967,1,3.85336,-47,9.51223388923896,8.03898246646934,0.633,1.48337789838722
126.472238063812,1,3.87177,-47,9.51513631363338,8.03865311334657,0.633,1.48466002304372
126.754472017288,1,3.88404,-47,9.51893479948608,8.03821292381653,0.633,1.48565962329537
127.156438112259,1,3.90858,-47,9.52432043265404,8.03758807134953,0.633,1.48702239677102
127.348689079285,1,3.89631,-47,9.52724625713,8.03727568849269,0.633,1.48874574608044
127.613431930542,1,3.93313,-46,9.53128869786235,8.03684499854551,0.633,1.49115987657387
127.958761930466,1,3.91472,-46,9.53687208779457,8.03599911518934,0.633,1.49365971668129
128.104585886002,1,3.93313,-46,9.53956841887544,8.03533204849279,0.633,1.4940072821769
128.401057004929,1,3.93313,-46,9.54505026367665,8.03397585150033,0.633,1.49471390908882
128.881290912628,1,3.96994,-46,9.55317800736239,8.03286470864372,0.633,1.49445666998588
129.121617078781,1,3.96381,-46,9.55709550916522,8.03252510034382,0.633,1.49404845394863
129.390738964081,1,3.96994,-46,9.56119969305258,8.03216654873352,0.633,1.49373697229374
129.654596090317,1,3.98835,-46,9.565010936598,8.03183137020037,0.633,1.49354113764516
129.963819026947,1,3.98835,-46,9.56954668784657,8.03143149919265,0.633,1.49304919135925
130.196806907654,1,4.01289,-46,9.57356380523611,8.03106902750767,0.633,1.49040547585869
130.543113946915,1,4.02517,-46,9.57953474254543,8.03053025915774,0.633,1.48647592688442
130.880434036255,1,4.04357,-46,9.58527613103886,8.02997024906515,0.633,1.48087986581986
131.055641889572,1,4.04971,-45,9.58824272768366,8.02967203349334,0.633,1.4776046808877
131.304388999939,1,4.06812,-46,9.59245448148949,8.02924864915097,0.633,1.4729548163276
131.62713599205,1,4.07425,-46,9.59795362060675,8.02756114930692,0.633,1.47040470849267
131.848958015442,1,4.06812,-46,9.60173397665736,8.02637385155234,0.633,1.46873615938155
132.094881057739,1,4.08652,-46,9.60598397012581,8.02532582025241,0.633,1.46635869274478
132.481462955475,1,4.09266,-46,9.61286071238946,8.02457063724176,0.633,1.46086645266732
132.778096914291,1,4.08039,-46,9.61818542749843,8.02396678002239,0.633,1.45675011099184
133.193435907364,1,4.08039,-46,9.62580448034548,8.02303822717339,0.633,1.45132022910003
133.326272010803,1,4.08039,-46,9.62824124960862,8.02274125206545,0.633,1.4495836130715
133.703444004059,1,4.09266,-46,9.63498603371277,8.02190109586934,0.633,1.44369245506529
133.946969985962,1,4.06812,-46,9.63932724787219,8.0213588785684,0.633,1.43981351591244
134.23081111908,1,4.04971,-47,9.64418966113877,8.02071288221264,0.633,1.43532234000338
134.499924898148,1,4.0313,-47,9.64866113721075,8.02009056337788,0.633,1.43108519386301
134.82426905632,1,4.01289,-47,9.65418575593585,8.01925535708602,0.633,1.42642491301219
135.160609006882,1,3.98221,-47,9.66058796124323,8.01796595492846,0.633,1.42381125999013
135.477077007294,1,3.95767,-47,9.66652345684641,8.01679646685001,0.633,1.42111961127241
135.695265054703,1,3.93313,-48,9.67009532178816,8.0162474460181,0.633,1.41789653603564
136.044274091721,1,3.91472,-48,9.67580880223991,8.01536924377868,0.633,1.41274097230069
136.364058017731,1,3.85336,-48,9.68092543024007,8.0145498361349,0.633,1.40781071955792
136.67004108429,1,3.79814,-48,9.68578639766933,8.0137614534246,0.633,1.40303251053472
137.070987939835,1,3.72451,-48,9.69236483312936,8.012649376699,0.633,1.39729709126201
137.479815006256,1,3.6386,-48,9.69920247870442,8.011466288068,0.633,1.39177601098401
137.586143016815,1,3.64474,-48,9.70101991633901,8.01113515773925,0.633,1.39042196824461
138.059781074524,1,3.56497,-49,9.70914653036121,8.00964165576623,0.633,1.38445497209888
138.263082027435,1,3.54043,-49,9.71345706201305,8.00862196632423,0.633,1.38088216522863
138.55455493927,1,3.44839,-49,9.72106964292483,8.0065004273816,0.633,1.37399756336579
138.918802976608,1,3.35635,-49,9.73017990425551,8.00401603891113,0.633,1.3658658390585
139.144092082977,1,3.30113,-50,9.73412477529636,8.0031790459853,0.633,1.36281464970738
139.558028936386,1,3.18454,-50,9.74136058861566,8.00164197543969,0.633,1.35720878722112
139.846970081329,1,3.14159,-50,9.74607900782012,8.00059022990024,0.633,1.35330289300205
140.262844085693,1,3.03728,-50,9.75286881858285,7.99907459744651,0.633,1.34765629120447
140.434942960739,1,2.97592,-50,9.755662511445,7.99842649998113,0.633,1.34503935219651
140.673445940018,1,2.91456,-50,9.75953414669325,7.99752833503777,0.633,1.34141267102372
140.955796003342,1,2.81639,-50,9.76411765015359,7.9964637989143,0.633,1.33711323302908
141.221671104431,1,2.73049,-50,9.76843745054675,7.99541239808935,0.633,1.33282887311316
141.593672037125,1,2.63845,-50,9.77448152826866,7.99394132356633,0.633,1.32683438217292
142.075026035309,1,2.49732,-50,9.77907125495409,7.9924305171854,0.633,1.31992650756411
142.301503896713,1,2.42983,-50,9.78112723900299,7.99173225845181,0.633,1.3167035262799
142.634592056274,1,2.32551,-51,9.78689016228343,7.99021501348194,0.633,1.31132801340335
143.061736106873,1,2.20893,-50,9.79443238946943,7.98824162916426,0.633,1.30432031120645
143.338413000107,1,2.14144,-50,9.79851777376204,7.98710307944337,0.633,1.29941154666586
143.504714012146,1,2.0494,-50,9.80097335844961,7.98641873616978,0.633,1.29646105628909
143.925812959671,1,1.90214,-50,9.80740393419709,7.98460256807545,0.633,1.28959537806124
144.155055999756,1,1.88986,-50,9.81103534284562,7.98356267960067,0.633,1.28622968224064
144.625202894211,1,1.76101,-50,9.81852403504157,7.98138435525804,0.633,1.27923361498221
144.996799945831,1,1.6567,-50,9.8244875402196,7.97961321981461,0.633,1.27360283756089
145.38005399704,1,1.57693,-50,9.83084789947455,7.97729362027969,0.633,1.2690775705626
145.644783973694,1,1.49103,-51,9.83534066949257,7.97545782554447,0.633,1.26655928355006
146.031049013138,1,1.36217,-50,9.84177341427057,7.97304972995062,0.633,1.26226390382056
146.17435503006,1,1.31309,-50,9.84409061111746,7.97230937226432,0.633,1.26031893100379
146.626142024994,1,1.22105,-50,9.85130534695489,7.96999961650922,0.633,1.25413302030982
146.864758968353,1,1.16583,-50,9.85470789237974,7.96888927636057,0.633,1.25062148444094
147.401565074921,1,1.00016,-50,9.8626374415714,7.96628134478024,0.633,1.24233415762965
147.640743017197,1,0.969476,-50,9.86658623485256,7.96495299445277,0.633,1.23805574888262
147.886658906937,1,0.883573,-51,9.87064627067315,7.96358722280361,0.633,1.23365681190839
148.533592939377,1,0.754719,-51,9.88043188276451,7.96017609145583,0.633,1.22421081482689
148.780963897705,1,0.681087,-51,9.88365153003016,7.95898256051321,0.633,1.22085887592866
149.213684082031,1,0.558369,-51,9.88623942597586,7.95754550308714,0.633,1.21552804879627
149.637437105179,1,0.441786,-51,9.89033025047537,7.9557511514729,0.633,1.20956847281404
149.809425115585,1,0.386563,-51,9.89283622395961,7.95481259347928,0.633,1.2067480705813
150.059453964233,1,0.312932,-52,9.89647930154117,7.95344815781901,0.633,1.20264788986923
150.594621896744,1,0.177942,-52,9.9042783205331,7.95038034791997,0.633,1.19540498584943
150.735011100769,1,0.13499,-53,9.9063243187849,7.94956388795408,0.633,1.19362661580497
151.199693918228,1,0,-53,9.91315556580286,7.94682894282161,0.633,1.18728948848624
151.700787067413,1,6.09911,-54,9.92054421531175,7.9438490089907,0.633,1.18005475378487
152.02955198288,1,6.03775,-54,9.92532668440584,7.94185193398438,0.633,1.17482995009509
152.350661993027,1,5.95798,-55,9.9299977993183,7.93990135852643,0.633,1.169726799829
152.705981016159,1,5.78004,-55,9.93476866365388,7.93767109804366,0.633,1.16644300193679
153.214997053146,1,5.65119,-56,9.94192537686552,7.93438632727413,0.633,1.16136488530981
153.273885965347,1,5.63891,-56,9.94292182818802,7.93397126999097,0.633,1.16045787922413
153.876904964447,1,5.43643,-57,9.95308073072632,7.92973648796231,0.633,1.15116839289633
154.192864894867,1,5.35052,-58,9.95758977728191,7.92779763867553,0.633,1.14626831791316
154.391410112381,1,5.31371,-58,9.96042320501425,7.92657929034618,0.633,1.1431891728707
154.693770885468,1,5.13577,-59,9.96490655987579,7.92463313296493,0.633,1.13858589794475
155.15534901619,1,4.89033,-60,9.97283298290143,7.92107884862915,0.633,1.13211070520154
155.543476104736,1,4.76148,-61,9.97907107080829,7.91824295782656,0.633,1.1264524084944
155.848208904266,1,4.52831,-62,9.9834758923773,7.91619278741886,0.633,1.12176340488868
