141.791137933731,1,2.40528,-63,9.77649409617619,7.99330577865714,0.633,1.32396648759802
141.97247004509,1,2.47891,-63,9.77814024351349,7.99274670975014,0.633,1.32138597046706
142.344685077667,1,2.6814,-62,9.78169389671116,7.99156786287855,0.633,1.31604850625205
142.763999938965,1,2.91456,-63,9.78920965707047,7.98961113227544,0.633,1.30922089274092
143.089406013489,1,2.98819,-63,9.79484096063902,7.98812776506781,0.633,1.30382939541348
143.353270053864,1,3.23977,-62,9.79873715158338,7.98704194136201,0.633,1.29914795479953
143.642163991928,1,3.39317,-62,9.80300293158041,7.98585311742841,0.633,1.29402243707889
144.059453010559,1,3.5527,-61,9.80952090855062,7.983996352294,0.633,1.28763330427016
144.327475070953,1,3.6386,-61,9.81376661052593,7.98278055507071,0.633,1.28369826341499
144.761620044708,1,3.89018,-61,9.82071329994509,7.98073415297768,0.633,1.27716649790593
145.012677907944,1,4.0313,-61,9.82474235469905,7.97953754100783,0.633,1.27336224019832
145.458151102066,1,4.24606,-61,9.83217329653154,7.97675204861465,0.633,1.26833465913342
145.800616025925,1,4.3381,-61,9.83798531737475,7.9743771936316,0.633,1.26507690577695
146.107314109802,1,4.46082,-60,9.84300658818269,7.972655723811,0.633,1.26122882139299
146.278304100037,1,4.60194,-61,9.84577142300772,7.9717723432226,0.633,1.25890811714003
146.787975072861,1,4.8167,-60,9.85361299656625,7.96924656968909,0.633,1.25175145199219
147.13731098175,1,4.98237,-60,9.85859433310419,7.96762102843647,0.633,1.2466105531227
147.462974071503,1,5.15418,-60,9.86365129523532,7.96594029050097,0.633,1.24123567511231
147.816468954086,1,5.33212,-61,9.86948744468952,7.96397704489994,0.633,1.23491236794074
148.092339992523,1,5.47324,-61,9.87389411931424,7.96247495153415,0.633,1.23032894508825
148.626522064209,1,5.62664,-60,9.88180875433018,7.95969194498901,0.633,1.22292231920357
148.970778942108,1,5.85981,-60,9.88478672455456,7.95835218751694,0.633,1.21852047983463
149.085973024368,1,5.89662,-60,9.88547564619318,7.95796962964849,0.633,1.21710136475415
149.685661077499,1,6.17887,-60,9.89103290408276,7.95548798781051,0.633,1.20877765606535
149.900032997131,1,0.0368155,-60,9.89415643778197,7.95431813603826,0.633,1.20526220728878
150.374372959137,1,0.288388,-59,9.90106846586918,7.95166124726927,0.633,1.19819497326821
150.675966978073,1,0.447922,-59,9.90546382404349,7.94990727021582,0.633,1.1943745529404
150.987781047821,1,0.564505,-59,9.91002433818561,7.94808493897405,0.633,1.19030095833081
151.374699115753,1,0.760854,-59,9.91574144511543,7.94579169645557,0.633,1.18480250940858
151.713546991348,1,0.926524,-58,9.92072983104808,7.94377149912278,0.633,1.17985197029272
152.021337032318,1,1.03697,-58,9.92520718337236,7.94190183551484,0.633,1.17496050387983
152.537173986435,1,1.20878,-58,9.93252154280899,7.93873417695268,0.633,1.16788757962279
152.902087926865,1,1.36217,-58,9.9373791943148,7.9364360954432,0.633,1.16476480365477
153.116291046143,1,1.54625,-58,9.9402551858645,7.93508202100605,0.633,1.16288515365404
153.577697038651,1,1.69965,-57,9.94806257428894,7.93182996708752,0.633,1.15577858592282
153.905584096909,1,1.81623,-56,9.95349000902712,7.92956050199015,0.633,1.15072362162636
154.226418018341,1,1.9819,-56,9.95806861203677,7.92759174405646,0.633,1.1457479581931
154.405004024506,1,2.11076,-56,9.96061720297646,7.92649587297489,0.633,1.14297835123696
154.83776807785,1,2.28256,-56,9.96737934310655,7.92352431317643,0.633,1.13656585082142
155.1892619133,1,2.35619,-56,9.97341535011216,7.92081770956957,0.633,1.13163496224352
155.565258979797,1,2.55254,-55,9.979385935759,7.91809640778037,0.633,1.1261172296759
155.840919971466,1,2.6814,-55,9.98337053303146,7.91624182563974,0.633,1.12187556161167
156.38259100914,1,2.9207,-55,9.99036307410152,7.91213209267921,0.633,1.11461325745998
156.805102109909,1,3.08637,-55,9.99503023629229,7.90848876536809,0.633,1.10995698712963
157.077303886414,1,3.16614,-55,9.99858372796737,7.90637390752263,0.633,1.10611662021552
157.342365980148,1,3.32567,-54,10.0023925819841,7.90446266682193,0.633,1.10184102827366
157.845169067383,1,3.47907,-54,10.0097781071527,7.90074161221914,0.633,1.09341460692796
158.053951978683,1,3.57724,-54,10.0129952568753,7.89910688166905,0.633,1.08961941648285
158.450750112534,1,3.71223,-54,10.0191095456276,7.89600002762823,0.633,1.0824065441417
158.814977884293,1,3.83495,-54,10.024277620854,7.89329359931255,0.633,1.07731716384107
159.035837888718,1,3.93926,-54,10.0273797534579,7.89166284520057,0.633,1.07434025493857
159.282516002655,1,4.10493,-53,10.0308806108104,7.88981686045698,0.633,1.07096373346787
159.757394075394,1,4.22765,-53,10.0385351047942,7.88563952420532,0.633,1.06315496286108
160.265345096588,1,4.39332,-52,10.044948289767,7.88139930753941,0.633,1.05506107674602
160.587652921677,1,4.54058,-52,10.0472830441431,7.87893171369017,0.633,1.05017821974907
160.874401092529,1,4.60808,-52,10.0494382146963,7.8767223211978,0.633,1.04583185676216
161.048415899277,1,4.6633,-52,10.0523318782449,7.87509603742051,0.633,1.04314904931715
161.486260890961,1,4.8167,-52,10.0596127304668,7.87100408559038,0.633,1.0363987398153
161.884995937347,1,4.98851,-52,10.0655710648827,7.8676093599459,0.633,1.03062893511729
162.06449007988,1,5.02532,-51,10.0680596402098,7.86617674766298,0.633,1.02814035979015
162.530179023743,1,5.21553,-51,10.074542727536,7.86243135804301,0.633,1.02149051329894
162.837409973145,1,5.28917,-51,10.0788954558197,7.85987924556214,0.633,1.01655370096349
163.092550039291,1,5.43643,-51,10.0825101807827,7.85775984272055,0.633,1.01245392316351
163.368469953537,1,5.52233,-51,10.086601473727,7.85533668928845,0.633,1.00827930249979
163.751259088516,1,5.66959,-51,10.092720746519,7.85165585398784,0.633,1.00311825219731
164.207633018494,1,5.79845,-50,10.1000029136512,7.84742138388541,0.633,0.997155412040315
164.451972961426,1,5.9273,-50,10.103880047564,7.84540290653536,0.633,0.994270350866087
164.766737937927,1,6.02548,-50,10.1088746708349,7.8428026522829,0.633,0.990553741122246
165.121202945709,1,6.14819,-51,10.1140346019733,7.83973076780158,0.633,0.985395694330213
165.316346883774,1,6.25864,-51,10.116681382469,7.83797963892006,0.633,0.982150079747388
165.710823059082,1,0.0859029,-50,10.1220317502907,7.83443979735233,0.633,0.975589191206061
165.975382089615,1,0.19635,-50,10.1261497985006,7.83165593811561,0.633,0.971266851967261
166.284384965897,1,0.30066,-50,10.1310525114365,7.8283325724003,0.633,0.966232027759153
166.495826005936,1,0.362019,-50,10.1344072851352,7.82605849679386,0.633,0.962786854433304
166.838485002518,1,0.460194,-49,10.1391308054659,7.82281406815561,0.633,0.957249558424951
167.261218070984,1,0.613592,-49,10.144710869569,7.81896433585699,0.633,0.950434201231938
167.587958097458,1,0.730175,-50,10.1486802524572,7.81616561266989,0.633,0.945771379089109
168.064524888992,1,0.859029,-49,10.1541145537757,7.81226636141453,0.633,0.939595883889703
168.282915115356,1,0.895845,-49,10.1568148270884,7.8102961961878,0.633,0.93671203895
168.700508117676,1,1.0247,-49,10.1640461693257,7.80472351147066,0.633,0.930667041390222
168.945194005966,1,1.06151,-49,10.1682833270105,7.80145823331081,0.633,0.92712501460957
169.3528881073,1,1.1781,-48,10.1741409307426,7.7970544337309,0.633,0.921106966858371
169.522805929184,1,1.24559,-48,10.1763529042555,7.79541679720035,0.633,0.918576585579348
169.789597034454,1,1.28241,-49,10.1798259646547,7.79284551388719,0.633,0.914603587275226
170.166198968887,1,1.35604,-49,10.1849394440965,7.78894485274512,0.633,0.90948196329327
170.31976890564,1,1.39899,-49,10.1870876718053,7.78727320664562,0.633,0.907538990618444
170.77110004425,1,1.47262,-49,10.1934011604889,7.78236035746826,0.633,0.901828731903987
171.091116905212,1,1.52171,-49,10.1973572498031,7.77923412095028,0.633,0.896326610448181
171.358625888824,1,1.58307,-49,10.2006216739407,7.7766500394133,0.633,0.891608449767014
171.650401115417,1,1.63829,-48,10.2041822201309,7.77383155098047,0.633,0.886462295857485
171.866343021393,1,1.66284,-48,10.2068849109309,7.77164674476752,0.633,0.883248744455903
172.270064115524,1,1.71192,-48,10.2119551290116,7.76753672727909,0.633,0.877393315610489
172.548732995987,1,1.76101,-48,10.2154548520055,7.76469978368404,0.633,0.873351600117543
172.691195964813,1,1.76101,-48,10.2179061393442,7.7624887340438,0.633,0.870537704929071
172.986007928848,1,1.78555,-48,10.2233063296751,7.75753692315246,0.633,0.864344832114397
173.416898965836,1,1.84078,-48,10.2311991355836,7.75029945931031,0.633,0.855293457968914
173.575706958771,1,1.84691,-48,10.2334516019041,7.74828341463195,0.633,0.852533704265022
174.006386041641,1,1.88373,-47,10.2384761965507,7.74389154671863,0.633,0.846000800743962
174.244230985641,1,1.90827,-47,10.2412510571833,7.7414661129805,0.633,0.842392968058499
174.595149993896,1,1.92054,-47,10.2455569511909,7.73763233449032,0.633,0.837291267592414
174.809485912323,1,1.9635,-47,10.2482934787678,7.73516232090348,0.633,0.834286560312934
175.116743087769,1,1.93895,-47,10.2522163757792,7.73162147994889,0.633,0.829979219394477
175.389477968216,1,1.94509,-47,10.2555757639394,7.7285583576909,0.633,0.826025482192709
175.812212944031,1,1.9635,-47,10.2603699363303,7.72407923091423,0.633,0.819458835780678
176.071526050568,1,1.95736,-47,10.263310766418,7.72133165537523,0.633,0.815430738797809
176.418967962265,1,1.97577,-47,10.2671745129632,7.71766527599692,0.633,0.810145297719226
176.640014886856,1,1.9635,-47,10.2695921730352,7.71534060285072,0.633,0.806841704711163
176.88374209404,1,1.9635,-47,10.2722578945257,7.71277740910991,0.633,0.80319915008609
177.245080947876,1,1.95736,-47,10.2756638696734,7.70914039657732,0.633,0.797958254790948
177.449105978012,1,1.92668,-47,10.276178922438,7.70750725010282,0.633,0.795410031237962
177.794327020645,1,1.93895,-47,10.2770504187064,7.70474388068524,0.633,0.791098303450265
178.005168914795,1,1.92668,-47,10.2775826803627,7.70305616768317,0.633,0.788464938905385
178.29881310463,1,1.87759,-47,10.2797370407891,7.70022179113774,0.633,0.784359883711005
178.521466970444,1,1.84691,-46,10.2821724902148,7.69779805060356,0.633,0.780998963503608
178.821022987366,1,1.82237,-46,10.2854491165904,7.69453717723935,0.633,0.776477219105239
179.228239059448,1,1.77942,-46,10.2901366448342,7.68981268910136,0.633,0.770571140106406
179.438644886017,1,1.78555,-47,10.2927729836214,7.68710362372694,0.633,0.767740712239539
179.736285924912,1,1.71192,-47,10.2965023604562,7.68327136753125,0.633,0.763736776110251
179.9405169487,1,1.68738,-47,10.2990613303209,7.68064180539435,0.633,0.760989413119231
180.190481901169,1,1.63829,-47,10.3019757973665,7.67762314768867,0.633,0.75719790850587
180.575438976288,1,1.5892,-47,10.306341689292,7.67308677807853,0.633,0.75111726055183
180.832365989685,1,1.54012,-47,10.3092555611123,7.67005912650144,0.633,0.747058930885157
181.099280118942,1,1.48489,-47,10.3121507847242,7.66694597973467,0.633,0.743017034369319
181.287317991257,1,1.47876,-47,10.3141339449493,7.66476659102417,0.633,0.740244158867244
181.614850997925,1,1.38058,-47,10.317588304559,7.66097043162147,0.633,0.735414236899228
181.885961055756,1,1.3315,-47,10.320643565226,7.65747258772069,0.633,0.731217497912723
182.132173061371,1,1.27627,-47,10.3241695641333,7.65293252246086,0.633,0.726643812663308
182.529953956604,1,1.19037,-47,10.3298661791236,7.6455975786633,0.633,0.71925455230421
182.859504938126,1,1.11674,-48,10.3341010713331,7.64036667563855,0.633,0.713681619164635
183.17402100563,1,1.04924,-48,10.3373828902704,7.63670081405966,0.633,0.709223582355027
183.329372882843,1,1.00016,-48,10.3390039099424,7.63489010059627,0.633,0.707021582334649
183.525779008865,1,0.93266,-48,10.3410533103081,7.63260087678346,0.633,0.704237668156952
183.933500051498,1,0.859029,-49,10.3452807769906,7.62778060734375,0.633,0.698829728938335
184.064997911453,1,0.822214,-49,10.3466410148936,7.62621787948019,0.633,0.697129740704567
184.415412902832,1,0.736311,-49,10.3502657716251,7.62205352828069,0.633,0.692599618598517
184.632946968079,1,0.650408,-49,10.3524225994391,7.61952631172271,0.633,0.689385422411434
184.926814079285,1,0.576777,-49,10.3552751624997,7.61615021944158,0.633,0.684780378844673
185.11795592308,1,0.521553,-49,10.3571305731331,7.61395428638602,0.633,0.681785091231512
185.368911027908,1,0.46633,-49,10.3595685414328,7.61106637945202,0.633,0.677856300844064
185.65802693367,1,0.355884,-50,10.3624572246788,7.60754218589188,0.633,0.673485893015385
185.933620929718,1,0.276117,-50,10.365210804621,7.60418281836235,0.633,0.669319888538075
186.26088309288,1,0.141126,-50,10.3685925472963,7.60029693287082,0.633,0.664355873461985
186.384541034698,1,0.116583,-51,10.370115785128,7.59905513136233,0.633,0.662442976885937
186.628597974777,1,6.26478,-51,10.3731221166158,7.59660425540651,0.633,0.658667597171759
186.941389083862,1,6.14819,-51,10.3769751263277,7.5934631351081,0.633,0.653828950880308
187.186039924622,1,6.05616,-51,10.3795988014693,7.5907534663056,0.633,0.650157089703965
187.488440990448,1,5.91503,-51,10.3823480854434,7.58708408862826,0.633,0.6457611679151
187.716748952866,1,5.8414,-51,10.3844237508201,7.58431376723881,0.633,0.642442317355429
188.030133962631,1,5.69414,-52,10.38730708945,7.58043779040807,0.633,0.637773620249476
188.216536998749,1,5.65732,-52,10.3890473001161,7.5780783359465,0.633,0.634913346718282
188.557280063629,1,5.46097,-53,10.3922283894817,7.57376527452096,0.633,0.629684792561039
188.72411608696,1,5.39348,-52,10.3937880607065,7.57164727235716,0.633,0.627118604212414
188.87974691391,1,5.28917,-52,10.3952770587884,7.56957209908102,0.633,0.624626322992579
189.096620082855,1,5.20326,-52,10.3973519930344,7.56668032363186,0.633,0.621153303304635
189.429255962372,1,5.00078,-53,10.4005344871216,7.56224497427733,0.633,0.615826452758319
189.679245948792,1,4.90874,-53,10.4028637233199,7.55896828269027,0.633,0.612091845816621
189.825548887253,1,4.82897,-53,10.4041974681396,7.55707728832261,0.633,0.61003258035596
190.146857976913,1,4.69398,-54,10.4071266255329,7.55292430489511,0.633,0.605510041591574
190.308742046356,1,4.59581,-53,10.4086024129729,7.55083192133297,0.633,0.603231466216802
190.511017084122,1,4.53445,-53,10.4114848101402,7.5473717887369,0.633,0.600144180314073
190.674335002899,1,4.44241,-53,10.413973411998,7.5444466616351,0.633,0.597614169753152
190.968485116959,1,4.28901,-53,10.418455605537,7.53917824726225,0.633,0.593057395452833
191.110812902451,1,4.19697,-53,10.4206243644463,7.53662906670816,0.633,0.590852549817384
191.398713111877,1,4.07425,-54,10.4229339207009,7.533216543723,0.633,0.586476114769812
191.58987903595,1,3.97608,-54,10.4242997263288,7.53109144276292,0.633,0.583576902958905
191.858474969864,1,3.82882,-54,10.4262187390397,7.52810558908734,0.633,0.579503391909566
192.095459938049,1,3.73064,-54,10.4280363643105,7.52522543947661,0.633,0.576030884134561
192.307959079742,1,3.63247,-54,10.4297618009965,7.52245412270719,0.633,0.573010573578777
192.463526010513,1,3.54043,-54,10.4310249632254,7.52042528983485,0.633,0.570799456680165
192.713083028793,1,3.44225,-55,10.4330513000433,7.51717068116126,0.633,0.567252432016557
192.856233119965,1,3.36862,-55,10.4341364867391,7.51542064730811,0.633,0.565146509494511
193.12717294693,1,3.2459,-55,10.4360986013353,7.51224743439219,0.633,0.561075798298645
193.287904977798,1,3.14159,-56,10.4372626039383,7.510364961217,0.633,0.558660894277632
193.517194986343,1,3.04342,-55,10.4389230954119,7.50767954569594,0.633,0.55521594705323
193.679327011108,1,2.96979,-55,10.4402073861193,7.50557968704035,0.633,0.552723027234052
193.911365032196,1,2.80412,-56,10.4421199483343,7.50243844849332,0.633,0.549116688330203
194.07857298851,1,2.73662,-55,10.4434981518623,7.50017485360796,0.633,0.546517939405083
194.274698019028,1,2.63845,-56,10.4451147029819,7.49751979086001,0.633,0.543469760816682
194.504921913147,1,2.42983,-56,10.4465435430185,7.49525424963955,0.633,0.54004149968165
194.710894107819,1,2.44823,-56,10.4475257790058,7.49376496750737,0.633,0.537069041208551
194.895040035248,1,2.26416,-56,10.4484039303366,7.4924335002194,0.633,0.53441156541117
195.059298038483,1,2.15984,-56,10.4491872405414,7.49124583258457,0.633,0.53204109936711
195.25035905838,1,2.00645,-56,10.4504357371433,7.48919789889323,0.633,0.529443767272996
195.534265041351,1,1.88373,-56,10.4527061298169,7.48533456942441,0.633,0.525781111221135
195.57944393158,1,1.85305,-56,10.4530674248495,7.48471978513505,0.633,0.525198260750782
195.878175020218,1,1.65056,-57,10.4554563737119,7.48065471892577,0.633,0.521344346795784
196.071147918701,1,1.57693,-57,10.4570186069534,7.47795581365069,0.633,0.518443311181173
196.251246929169,1,1.4174,-57,10.4584817061754,7.47541745261948,0.633,0.515625800107912
196.380265951157,1,1.39285,-57,10.459529838701,7.47359902587271,0.633,0.513607396330075
196.534552097321,1,1.27014,-57,10.4607832378165,7.47142447788345,0.633,0.511193707747671
196.803852081299,1,1.09833,-57,10.4628878557716,7.4677384460485,0.633,0.507134535734375
196.949956893921,1,1.07992,-57,10.4639614962645,7.46582849611886,0.633,0.505058454065289
197.036413908005,1,1.00016,-57,10.4645968192875,7.46469828989907,0.633,0.50382993996721
197.341891050339,1,0.79767,-59,10.4668415956491,7.46070495089785,0.633,0.499489251360567
197.525527000427,1,0.668816,-58,10.4682394203066,7.45819061614493,0.633,0.496935053736719
197.609982013702,1,0.625864,-59,10.4689368312919,7.45690603010435,0.633,0.495822570729599
197.753407001495,1,0.527689,-58,10.4701212033992,7.45472449309377,0.633,0.493933306190664
198.030833959579,1,0.343612,-59,10.472412134401,7.45050474599038,0.633,0.490278901737727
198.176665067673,1,0.257709,-59,10.4736163757223,7.44828661116956,0.633,0.488357942597805
198.363573074341,1,0.16567,-59,10.4753763900029,7.44512241942907,0.633,0.486005409958199
198.488151073456,1,0.0920388,-59,10.4765972200711,7.44294259521516,0.633,0.484461541828514
198.768732070923,1,6.11752,-60,10.479346836542,7.43803308264806,0.633,0.480984362367757
198.911736965179,1,6.01934,-60,10.4807482451057,7.43553083077837,0.633,0.479212133722248
199.123303890228,1,5.84753,-60,10.4824635279544,7.43224142832413,0.633,0.476402297946855
199.335086107254,1,5.74322,-60,10.4839306664464,7.42923661583565,0.633,0.473458428134191
199.591183900833,1,5.59596,-60,10.4857048046907,7.42560304423919,0.633,0.469898551510955
199.813852071762,1,5.41802,-60,10.4872272154276,7.4224637376342,0.633,0.467659079486168
199.957297086716,1,5.24621,-60,10.4881762023889,7.42047284207164,0.633,0.46756596014059
200.171998977661,1,5.19099,-60,10.4895966023598,7.41749296129925,0.633,0.467426583393441
200.256738901138,1,5.14804,-60,10.4901572149577,7.41631684278669,0.633,0.467371573282277
200.447182893753,1,4.98851,-60,10.4914171323268,7.41367364113946,0.633,0.467247943890435
200.64613199234,1,4.87806,-60,10.4926821676005,7.41105499262926,0.633,0.467344179724375
200.827083110809,1,4.84124,-60,10.4938252545334,7.40869416818815,0.633,0.467464787059953
201.027089118958,1,4.76148,-60,10.4950887131755,7.40608473931919,0.633,0.467598094839129
201.165772914886,1,4.64489,-59,10.4959647930598,7.40427536617032,0.633,0.467690530206516
201.321697950363,1,4.52218,-60,10.4969890337558,7.40215369894031,0.633,0.467753757557352
201.509530067444,1,4.39946,-59,10.4982791212475,7.39947266257105,0.633,0.467771584220875
201.565249919891,1,4.38719,-60,10.4986618219582,7.39867734091242,0.633,0.467776872448876
201.721918106079,1,4.3381,-59,10.4997378661965,7.39644112534076,0.633,0.467791741423806
201.982203960419,1,4.25219,-59,10.5015255877544,7.3927259149032,0.633,0.467816444485333
202.052263021469,1,4.24606,-59,10.5020039423255,7.39172537643634,0.633,0.467821695336654
202.221878051758,1,4.1172,-59,10.5026818822293,7.38921064310555,0.633,0.467597339599728
202.414743900299,1,4.01903,-59,10.5034527540948,7.3863511902795,0.633,0.467342229191743
202.512083053589,1,3.96994,-59,10.5038418121642,7.38490802800342,0.633,0.46721347528691
202.670990943909,1,3.93926,-59,10.5044769563475,7.38255204004862,0.633,0.467003282258761
202.844577074051,1,3.8779,-60,10.5051707684712,7.37997843070228,0.633,0.466773673809074
203.095303058624,1,3.78586,-59,10.5067237399988,7.37677064800243,0.633,0.467034382799788
203.210647106171,1,3.73678,-59,10.5074457832083,7.37530198138911,0.633,0.467162507062917
203.418322086334,1,3.69383,-59,10.5087458096283,7.37265767233046,0.633,0.467393192602133
203.506103038788,1,3.65087,-59,10.5092953103784,7.37153996442185,0.633,0.467490699756504
203.697042942047,1,3.56497,-59,10.51056247364,7.36894738265031,0.633,0.467667884474178
203.854839086533,1,3.53429,-59,10.5116705167286,7.36666829010137,0.633,0.46778477215686
204.021949052811,1,3.4668,-59,10.512843961389,7.36425467549602,0.633,0.46790855906417
204.148113965988,1,3.34408,-59,10.5137298902596,7.36243244140722,0.633,0.468002015874444
204.31601691246,1,3.32567,-59,10.5149089032197,7.36000737357367,0.633,0.46812639018278
204.393601894379,1,3.28885,-59,10.5154543021315,7.35887932735118,0.633,0.468229978186033
204.594253063202,1,3.28885,-59,10.5168651295036,7.35595808479258,0.633,0.468521825809075
204.736498117447,1,3.09251,-60,10.5178652892198,7.35388716585077,0.633,0.468728721593507
204.861248970032,1,3.21522,-60,10.5187424429316,7.35207094169454,0.633,0.468910172018206
204.910574913025,1,3.10478,-59,10.5190892656834,7.35135281458489,0.633,0.46898191672471
