0.621109962463379,1,4.76148,-59,8.60714949267538,9.30196908695171,0.633,0.000483517537991957
0.846009969711304,1,4.84124,-59,8.60706287569654,9.29839854260183,0.633,-0.000484275139605329
1.06225204467773,1,4.96396,-60,8.60697959319486,9.29496545281039,0.633,-0.00141481088881165
1.18574690818787,1,4.92715,-59,8.6069320309377,9.29300483087649,0.633,-0.00194623561435303
1.41791105270386,1,4.9701,-58,8.60681900846222,9.28943640206139,0.633,-0.00264847661404932
1.58462691307068,1,5.01305,-59,8.60671425278527,9.28699130932901,0.633,-0.00285610474656918
1.69839096069336,1,5.19099,-59,8.60664276930557,9.28532281992772,0.633,-0.00299778662796803
1.95478296279907,1,5.06827,-58,8.60648166575078,9.28156251650123,0.633,-0.00331709753499936
1.99716711044312,1,5.056,-59,8.60645503373108,9.28094090095041,0.633,-0.00336988280332605
2.22769904136658,1,5.24621,-60,8.60685575964139,9.27632920083828,0.633,-0.00349728621027763
2.43016600608826,1,5.27689,-59,8.60726318987896,9.27215376329722,0.633,-0.0035929369600938
2.55924510955811,1,5.25849,-60,8.6075229395614,9.26949178960123,0.633,-0.00365391734298966
2.79027605056763,1,5.30144,-59,8.60779728371269,9.26529856695258,0.633,-0.00425770371044433
2.94535899162292,1,5.26462,-59,8.60767793949551,9.26339364963993,0.633,-0.00545078555449391
3.09806299209595,1,5.42416,-58,8.6075604259942,9.26151795336907,0.633,-0.00662556576718757
3.31151604652405,1,5.47938,-59,8.60739616300363,9.25889606332718,0.633,-0.00826769972506942
3.55535411834717,1,5.42416,-59,8.60720852143886,9.25535202562283,0.633,-0.0112726079648191
3.70667791366577,1,5.55301,-58,8.60709207414328,9.25296709543449,0.633,-0.0135190263344446
3.94529294967651,1,5.66346,-59,8.60690845414108,9.24920641654338,0.633,-0.0170612927640884
4.19076609611511,1,5.57755,-58,8.60671061623293,9.24536856659634,0.633,-0.0190522860425614
4.42323803901672,1,5.66346,-58,8.6065140397411,9.24176585561862,0.633,-0.0192336367915786
4.57888197898865,1,5.67573,-58,8.60638242841926,9.23935377902928,0.633,-0.0193550542183081
4.80917191505432,1,5.78004,-58,8.60621064320178,9.23586848669095,0.633,-0.0194964371091278
5.03509902954102,1,5.65732,-58,8.60608023042371,9.23258810373478,0.633,-0.0195715749328028
5.33048105239868,1,5.83526,-57,8.60590972592149,9.22829925971735,0.633,-0.0196698117575445
5.49953389167786,1,5.87821,-57,8.60579582394315,9.22629417266918,0.633,-0.019731538583364
5.76973104476929,1,5.87821,-57,8.60559586554789,9.2235827368294,0.633,-0.0198362367991243
5.94239091873169,1,5.81686,-57,8.60546808925222,9.22185009026005,0.633,-0.0199031404675398
6.1990339756012,1,5.9273,-57,8.60536468738071,9.21859151919768,0.633,-0.0196791823596535
6.44601511955261,1,5.91503,-57,8.6053541141756,9.2147534457425,0.633,-0.0191312436268016
6.71124196052551,1,5.93344,-57,8.60534275987646,9.21063183515454,0.633,-0.0185428259976824
6.93952894210815,1,5.90889,-57,8.60533766179712,9.20703693300524,0.633,-0.0186632687006037
7.20574998855591,1,6.0132,-56,8.60533386199157,9.20282294864601,0.633,-0.019091430790413
7.39429211616516,1,5.97025,-57,8.60533117090672,9.19983853555244,0.633,-0.0193946622307947
7.90813994407654,1,6.18501,-56,8.60538112914785,9.191893210779,0.633,-0.020232757443297
8.14752101898193,1,6.14819,-56,8.60540947330923,9.18820846979987,0.633,-0.0206242257421277
8.35428595542908,1,6.17274,-56,8.60540133744026,9.18477603929933,0.633,-0.0213735059924908
8.6362988948822,1,6.21569,-56,8.60538926254382,9.18008695451647,0.633,-0.0224078013715905
8.9698441028595,1,6.26478,-56,8.60627000883892,9.17319300369387,0.633,-0.0237354395162047
9.24903011322021,1,0.0306796,-55,8.60838984567069,9.16534016684745,0.633,-0.0250078994670629
9.51250505447388,1,0.0736311,-55,8.61031601102394,9.15803514225093,0.633,-0.0261709961458701
9.82973790168762,1,0.0429515,-55,8.61017950880289,9.15273593102635,0.633,-0.0263248536493179
10.0512249469757,1,0.0490874,-55,8.61008420507289,9.14903610407968,0.633,-0.026432274567843
10.2560019493103,1,0.153398,-55,8.60999922211687,9.14608609146236,0.633,-0.0261827450290747
10.6410241127014,1,0.141126,-55,8.60984536290685,9.14143042573703,0.633,-0.0250532474728723
10.7965090274811,1,0.16567,-55,8.60978322937681,9.13955031114267,0.633,-0.0245971183250768
11.0771958827972,1,0.177942,-55,8.60968164695572,9.13552045694109,0.633,-0.0233467453836572
11.3854069709778,1,0.19635,-55,8.60957165725079,9.13100207986251,0.633,-0.0219110717631283
11.7265009880066,1,0.245437,-55,8.60944433577609,9.12608322609384,0.633,-0.0211658437722404
11.9805660247803,1,0.214757,-54,8.60934642637288,9.12246420444936,0.633,-0.0210740265096771
12.4850249290466,1,0.214757,-54,8.6089960014516,9.11329388918171,0.633,-0.0211062812988779
12.5538868904114,1,0.245437,-54,8.60892720547878,9.11177546378166,0.633,-0.0211395097537489
12.9384388923645,1,0.263845,-54,8.60854669196375,9.10334290232656,0.633,-0.0213506143043054
13.1770429611206,1,0.263845,-54,8.60843368643749,9.09968434841384,0.633,-0.0223383532322861
13.4606230258942,1,0.325204,-54,8.60829937978202,9.09533617044288,0.633,-0.023512277342786
13.6835789680481,1,0.312932,-54,8.60818133372151,9.09187560658561,0.633,-0.0243236529388744
14.0013899803162,1,0.33134,-54,8.60797906207841,9.08682822349144,0.633,-0.025175498795838
14.2056090831757,1,0.368155,-54,8.60784908630069,9.08358487443339,0.633,-0.0257228781816
14.5732789039612,1,0.380427,-54,8.60759790202822,9.07776764608807,0.633,-0.0250837554887492
14.9129569530487,1,0.435651,-53,8.60736162796425,9.0723986950175,0.633,-0.0240948731244317
15.210932970047,1,0.423379,-54,8.60718069314775,9.06835418986616,0.633,-0.0232966287656846
15.4178640842438,1,0.429515,-53,8.60705833485941,9.0656286589933,0.633,-0.0227509413892419
15.6337759494781,1,0.429515,-53,8.60693066625642,9.06278484086185,0.633,-0.0221815713370875
15.9461269378662,1,0.435651,-53,8.60439327532404,9.06098506827346,0.633,-0.0194663800987267
16.2990760803223,1,0.527689,-53,8.60151645939773,9.05896083597622,0.633,-0.0163905408160662
16.5581750869751,1,0.490874,-53,8.60127044332822,9.05509191410016,0.633,-0.0161783970391261
16.8275859355927,1,0.503146,-53,8.60109745433701,9.05096324350988,0.633,-0.0160486168537185
17.26478099823,1,0.527689,-53,8.60083848992841,9.04420860338562,0.633,-0.016544319756891
17.5473580360413,1,0.539961,-53,8.60068122797318,9.03981736571271,0.633,-0.0171931261311528
17.7506039142609,1,0.527689,-53,8.60057253351106,9.03672970327549,0.633,-0.0176977214953
17.9796299934387,1,0.527689,-53,8.60047080310054,9.03358284257673,0.633,-0.0184445244389289
18.3120439052582,1,0.558369,-53,8.60032314915723,9.02901541393027,0.633,-0.0195284520367863
18.5365350246429,1,0.582913,-53,8.60022345587937,9.02592047784838,0.633,-0.0204016401017727
18.949450969696,1,0.595185,-53,8.60004010669551,9.02021831823034,0.633,-0.0221370401270042
19.157928943634,1,0.589049,-53,8.60023546534075,9.0171342932713,0.633,-0.0226265129717168
19.5991981029511,1,0.699495,-53,8.60136807825156,9.01009445972983,0.633,-0.0226967078437343
19.8754889965057,1,0.681087,-53,8.60154935448206,9.0059372014244,0.633,-0.0221888489357904
20.2396440505981,1,0.699495,-53,8.60130149044378,9.00068894983123,0.633,-0.0210106326181687
20.5082349777222,1,0.748583,-53,8.60115735818708,8.99707653298046,0.633,-0.0187965159771679
20.7468769550323,1,0.717903,-53,8.60107219087596,8.99415359086282,0.633,-0.0153378714725836
21.1552340984344,1,0.742447,-52,8.60092656841787,8.98904421566493,0.633,-0.00952683528719066
21.379086971283,1,0.754719,-52,8.60084706367114,8.9859369051469,0.633,-0.00664658701312544
21.7677879333496,1,0.785398,-52,8.60070944339375,8.9805414748963,0.633,-0.00163506427319221
21.9844970703125,1,0.79767,-52,8.60066614281971,8.97754445659297,0.633,0.00194856855696693
22.1576249599457,1,0.79767,-52,8.60063155019889,8.97515015305174,0.633,0.00481151562879193
22.5014200210571,1,0.816078,-52,8.60057255133379,8.96995723236687,0.633,0.0104618373120801
22.846743106842,1,0.822214,-52,8.60059719505734,8.96094748703745,0.633,0.0158353913743922
23.1372559070587,1,0.809942,-52,8.60061792728588,8.95336778428188,0.633,0.0203560455154545
23.4843559265137,1,0.816078,-52,8.60075182222235,8.94819866348787,0.633,0.025016283210355
23.8863830566406,1,0.785398,-52,8.60092766842647,8.94260494373522,0.633,0.030313619470731
24.1079649925232,1,0.852893,-52,8.60106541134922,8.93944341569881,0.633,0.0331359391619055
24.5073709487915,1,0.859029,-52,8.6013136957753,8.93374469696697,0.633,0.0382232279368615
24.7715380191803,1,0.914253,-52,8.60147039155462,8.9304492969308,0.633,0.0424306805801826
24.9459478855133,1,0.914253,-52,8.60157364792267,8.92828607602003,0.633,0.0452307609550249
25.3287529945374,1,0.920388,-52,8.60182833268312,8.92345185585051,0.633,0.0514891886382212
25.6108269691467,1,0.969476,-52,8.60205368130367,8.91977384443645,0.633,0.0562520926969493
25.9713540077209,1,0.969476,-52,8.60277524084548,8.91444101586242,0.633,0.0627579773978987
26.1796219348907,1,0.981748,-52,8.60411061615969,8.91002163289414,0.633,0.067402492924928
26.5386779308319,1,1.01856,-52,8.60641281659888,8.90240257231825,0.633,0.0754096842907982
26.7731709480286,1,1.01243,-51,8.60681202249201,8.89905737186022,0.633,0.0788809378756652
27.0241000652313,1,0.99402,-52,8.60706083644634,8.89574109034947,0.633,0.0823115252597587
27.3606910705566,1,1.01243,-51,8.60738885921867,8.89157306713163,0.633,0.0872558032831317
27.7889709472656,1,1.06765,-52,8.60779228998462,8.88695195108531,0.633,0.0943805739874008
28.0426681041718,1,1.07379,-51,8.60807480428453,8.88395497979872,0.633,0.0983065246774659
28.3872001171112,1,1.06765,-52,8.60855416089248,8.8793143998707,0.633,0.102990858644804
28.6371939182281,1,1.07992,-52,8.60889916840462,8.87598342516683,0.633,0.106428383758048
28.9579401016235,1,1.09219,-52,8.6092882769242,8.87239904903945,0.633,0.111571940612094
29.195307970047,1,1.11674,-52,8.60957623626607,8.86974643533732,0.633,0.115378424335876
29.4495770931244,1,1.09833,-52,8.61014895917266,8.86716559545257,0.633,0.119229320553397
29.7107620239258,1,1.11674,-52,8.61100706574504,8.86478067763652,0.633,0.122953580384457
29.9870829582214,1,1.12901,-52,8.61191490069969,8.86225755075808,0.633,0.126893665874536
30.4412701129913,1,1.1781,-52,8.61270493898112,8.85665879246804,0.633,0.132849839593087
30.6082060337067,1,1.17196,-52,8.61298909983339,8.85458812469231,0.633,0.135034418806118
30.9100790023804,1,1.18423,-52,8.61361381230255,8.85037555658037,0.633,0.138964281300451
31.2830090522766,1,1.22718,-52,8.61442326671628,8.84501223277784,0.633,0.143812197394648
31.5946629047394,1,1.25173,-52,8.61510417177851,8.84059755964958,0.633,0.148116682020113
31.8476579189301,1,1.27014,-52,8.61565791946219,8.83702896346586,0.633,0.151667905727485
32.1507120132446,1,1.28241,-52,8.61630646189266,8.83292477153665,0.633,0.155655895177424
32.5687830448151,1,1.27014,-52,8.61716041941735,8.82773295731048,0.633,0.160424443500055
32.775533914566,1,1.30695,-52,8.6177330988997,8.82548032605213,0.633,0.162823881444572
33.0489909648895,1,1.28854,-52,8.61910923635568,8.82379658140011,0.633,0.166167085969977
33.3400490283966,1,1.32536,-53,8.6205739486481,8.82200446283056,0.633,0.169725475245079
33.6150739192963,1,1.3499,-53,8.62143334389183,8.81867985162645,0.633,0.17269980131418
33.9825971126556,1,1.37445,-53,8.62238273125416,8.813618200772,0.633,0.176527248597588
34.2576220035553,1,1.38058,-53,8.62301108880272,8.81030987622759,0.633,0.180503108793819
34.5613079071045,1,1.38672,-53,8.6236358486805,8.80706022592805,0.633,0.185828849651242
34.6890389919281,1,1.41126,-53,8.62389862431812,8.80569341451796,0.633,0.188068870176586
35.3060729503632,1,1.46649,-53,8.62537141749336,8.79837118026006,0.633,0.197385419923703
35.5104579925537,1,1.45421,-53,8.62589095191007,8.79579934636575,0.633,0.200341190084605
35.8019530773163,1,1.48489,-53,8.62670638543,8.79174298064159,0.633,0.204385074683459
36.0752439498901,1,1.51557,-53,8.62747089416389,8.78793993974594,0.633,0.208176413914819
36.4131259918213,1,1.55239,-53,8.62861992695136,8.78483083590243,0.633,0.21361846662955
36.6760718822479,1,1.51557,-54,8.6295619928105,8.78278531441544,0.633,0.218030787840745
36.8705489635468,1,1.57693,-54,8.63024868534497,8.78117295776623,0.633,0.22126869964432
37.162024974823,1,1.58307,-54,8.63111402413942,8.77713748358059,0.633,0.225706889191982
37.4908831119537,1,1.6567,-54,8.63209034360627,8.7725844552977,0.633,0.230714281534447
37.6960110664368,1,1.6567,-54,8.63272342570072,8.76974892691685,0.633,0.233789644049944
38.1006309986115,1,1.69965,-53,8.63399369166394,8.76415975667868,0.633,0.239813014290084
38.2993340492249,1,1.7426,-54,8.63459940810952,8.76151235924122,0.633,0.242746298937637
38.5843720436096,1,1.73033,-54,8.63537650982542,8.75820865979978,0.633,0.246828727533131
39.2204439640045,1,1.83464,-54,8.63724211774081,8.75036043399973,0.633,0.256498436325225
39.4025609493256,1,1.85918,-54,8.63782921177671,8.74792173569675,0.633,0.259492365013444
39.7583639621735,1,1.88986,-54,8.63907885640255,8.74282709126387,0.633,0.26510117213141
39.9647979736328,1,1.90827,-54,8.64002174506744,8.73917045116034,0.633,0.267844978146246
40.1849009990692,1,1.93282,-54,8.64102706704091,8.73527168688196,0.633,0.270770465089055
40.4679419994354,1,1.94509,-54,8.64223455082318,8.73060783405874,0.633,0.274821714188201
40.890310049057,1,2.05553,-54,8.64374158416721,8.72485699481793,0.633,0.281866793664869
41.1335570812225,1,2.05553,-54,8.64463774765959,8.72147421550364,0.633,0.285698786364876
41.5354790687561,1,2.15371,-54,8.64629747531494,8.71543613819117,0.633,0.290602419003959
41.7137069702148,1,2.20893,-55,8.64703346335785,8.71275861896698,0.633,0.292776881168001
42.0402619838715,1,2.22734,-55,8.6480675158588,8.70892691967226,0.633,0.297272362906808
42.350781917572,1,2.32551,-55,8.64900279102875,8.70544734143332,0.633,0.301625160143281
42.6145310401917,1,2.3746,-55,8.64995839979263,8.70204342521136,0.633,0.305560499475987
43.0697200298309,1,2.4421,-55,8.65180248210635,8.69562677144626,0.633,0.3126401447396
43.4162249565125,1,2.49118,-55,8.65327605999146,8.69029242153965,0.633,0.31584942139128
43.6595149040222,1,2.50959,-55,8.65433516927345,8.68638934339884,0.633,0.317338424867063
43.9843509197235,1,2.55254,-55,8.65575485845248,8.68139350305062,0.633,0.320059521269642
44.2607710361481,1,2.6139,-55,8.65697385418797,8.67756293716337,0.633,0.323806059295514
44.5113708972931,1,2.64458,-55,8.65807898418358,8.67409018238753,0.633,0.327202635207579
44.7103741168976,1,2.6814,-55,8.65901972700568,8.67119178436363,0.633,0.330356606398067
45.0555529594421,1,2.74276,-55,8.66071781994196,8.66601664398641,0.633,0.336307066519305
45.4395198822021,1,2.81639,-55,8.66251023631739,8.66060738303815,0.633,0.342283135915111
45.5946469306946,1,2.80412,-55,8.66315588213472,8.65870465198707,0.633,0.344174322305889
45.9130990505219,1,2.94524,-55,8.66448129431259,8.65479863596621,0.633,0.348056638903702
46.3717539310455,1,3.03115,-56,8.66654782853745,8.64876462831867,0.633,0.353997074557904
46.468358039856,1,3.03115,-56,8.66699547638173,8.64746162874733,0.633,0.355275694538956
46.7141659259796,1,3.08637,-56,8.66813451044234,8.64414616345093,0.633,0.358529126288061
46.9548659324646,1,3.14159,-56,8.67022612954652,8.63804232069104,0.633,0.362298774894377
47.348109960556,1,3.23363,-56,8.67382753947375,8.62753097665643,0.633,0.368567614644223
47.4986860752106,1,3.25818,-55,8.67504332492281,8.62403383125534,0.633,0.370876879535571
47.9069159030914,1,3.34408,-55,8.67685420740327,8.61935478087105,0.633,0.376308402205216
48.2779989242554,1,3.39317,-55,8.67857207223727,8.61493117004034,0.633,0.381309375651173
48.4284029006958,1,3.46066,-55,8.67936192518367,8.61291611212985,0.633,0.383419381763618
48.8638169765472,1,3.54043,-55,8.68164852091639,8.60708259230778,0.633,0.389527773198702
49.1004219055176,1,3.57111,-55,8.68296941474966,8.60379848751963,0.633,0.393112532022062
49.3111429214478,1,3.6386,-55,8.68416531522435,8.60084523094832,0.633,0.396371220451698
49.6527099609375,1,3.7061,-55,8.68610380333794,8.59605816640489,0.633,0.401653373039168
50.0077180862427,1,3.73678,-55,8.68796832773604,8.59163448694096,0.633,0.406210871911634
50.205276966095,1,3.73064,-55,8.68900263271238,8.58918481726016,0.633,0.408726682673812
50.4173219203949,1,3.85336,-55,8.68986114367365,8.58681861211772,0.633,0.411345802708639
50.8127059936523,1,3.90858,-55,8.68800818433938,8.58601747969967,0.633,0.415115484977806
51.2091639041901,1,3.97608,-55,8.68699022986739,8.58449323830463,0.633,0.419565686872443
51.5150809288025,1,4.02517,-55,8.68835860016737,8.58146862729575,0.633,0.424718172849254
51.6270649433136,1,4.04971,-54,8.68885950592678,8.58036143790824,0.633,0.426604292345631
52.0042040348053,1,4.12948,-54,8.69075071921245,8.57626499422039,0.633,0.432931192442045
52.4366400241852,1,4.20311,-54,8.69348087491902,8.57055701045411,0.633,0.440116570593839
52.6060209274292,1,4.19697,-54,8.69455024992696,8.56832124962528,0.633,0.442931012202286
52.9633059501648,1,4.28901,-54,8.69658078936336,8.5641363335186,0.633,0.448537076578107
53.089359998703,1,4.30742,-53,8.69728773855902,8.56268213398549,0.633,0.450501085554938
53.4693748950958,1,4.33196,-53,8.69946033934001,8.55823932131998,0.633,0.456362418425196
53.7828600406647,1,4.41173,-53,8.70139202453348,8.55437595093304,0.633,0.460996801224842
53.9558660984039,1,4.43627,-53,8.70245808219152,8.55224383561696,0.633,0.463554422565292
54.3401470184326,1,4.46695,-53,8.70514608935122,8.54657107630228,0.633,0.46952908058798
54.5149118900299,1,4.50377,-53,8.7065160892987,8.54355934088054,0.633,0.472381624280285
54.8526310920715,1,4.57126,-53,8.70916350513709,8.53773940193003,0.633,0.47789393788627
55.072881937027,1,4.56513,-53,8.71062369049544,8.5347869839219,0.633,0.481288131907816
55.3908059597015,1,4.61421,-53,8.71255807201677,8.53107395498475,0.633,0.486056874149825
55.6336259841919,1,4.66944,-53,8.71403548968541,8.52823806429029,0.633,0.489699084317687
55.7904949188232,1,4.70625,-53,8.71511444210484,8.52621860335089,0.633,0.492186849884651
56.2767798900604,1,4.76148,-53,8.71871950217711,8.51956648380884,0.633,0.50018067874055
56.4182729721069,1,4.77988,-53,8.71976845719476,8.51763093376758,0.633,0.502506622475343
56.7368710041046,1,4.81056,-53,8.72195254080847,8.51371346456311,0.633,0.50717032873625
56.9719150066376,1,4.85965,-53,8.7235369640261,8.51088997997643,0.633,0.510524277004393
57.3317499160767,1,4.88419,-53,8.72598101754305,8.50656290292538,0.633,0.51564230101201
57.5335459709167,1,4.95169,-53,8.72738585324696,8.50412785437193,0.633,0.518481630062473
57.9650840759277,1,4.9701,-53,8.73039007519768,8.49892053632403,0.633,0.524553496427304
58.2366750240326,1,5.01305,-53,8.73297817478288,8.49484711064009,0.633,0.529297136356694
58.6843369007111,1,5.09895,-52,8.7375623320343,8.48776961907875,0.633,0.537536879494332
58.8921880722046,1,5.10509,-52,8.73941376406945,8.48483199764418,0.633,0.54107839442457
59.1762690544128,1,5.13577,-52,8.74115624552831,8.48180827981852,0.633,0.545110262237152
59.5760099887848,1,5.19713,-53,8.74360815611056,8.47755349380815,0.633,0.550783653655815
59.881313085556,1,5.27076,-52,8.74573709248865,8.4739703074703,0.633,0.555581354809582
59.98002409935,1,5.28303,-52,8.74643273483524,8.4728022697004,0.633,0.557145810044367
60.3022260665894,1,5.28917,-52,8.7487033764177,8.4689896853412,0.633,0.562252338028752
60.6833229064941,1,5.39348,-53,8.75143376410056,8.46448208907585,0.633,0.567833304911835
60.893942117691,1,5.44256,-53,8.75295140791385,8.46199125945508,0.633,0.570828876036542
61.2900950908661,1,5.47324,-53,8.75586985616369,8.4572544771233,0.633,0.576473472200231
61.3946299552917,1,5.51006,-53,8.75669880226125,8.45595688275956,0.633,0.577972363395847
61.6738429069519,1,5.52847,-52,8.75891291989499,8.45249100413287,0.633,0.581975906493595
62.0851929187775,1,5.57755,-52,8.76220093650163,8.44740109408203,0.633,0.587656509871472
62.3138620853424,1,5.61437,-53,8.76408644107385,8.44460744633846,0.633,0.590332763497767
62.5304551124573,1,5.65119,-53,8.76587237115384,8.4419613326076,0.633,0.592867682756686
62.8207280635834,1,5.688,-52,8.76826583322291,8.43841507236135,0.633,0.596264922750762
63.1828439235687,1,5.70641,-52,8.7708148140159,8.43466358973826,0.633,0.601366827020668
63.4412190914154,1,5.79231,-52,8.77262670466221,8.4319973879582,0.633,0.605020650023476
63.7405309677124,1,5.78618,-52,8.7748145074858,8.42879589279161,0.633,0.609333260185372
64.0269360542297,1,5.85367,-52,8.77711755646365,8.42546618342605,0.633,0.613648355416303
64.1729390621185,1,5.83526,-52,8.77829160013085,8.42376877089515,0.633,0.615848095968064
64.7252540588379,1,5.9273,-52,8.78262740664349,8.41759137656571,0.633,0.624525847003027
64.846638917923,1,5.93957,-52,8.78355130166163,8.41630076629422,0.633,0.626530983467777
65.1373450756073,1,5.96412,-52,8.78576394970399,8.41320986718274,0.633,0.63133311053448
65.5071489810944,1,6.01934,-52,8.78880106460747,8.40901891987204,0.633,0.63706879890254
65.7181990146637,1,6.07456,-52,8.79067839322746,8.40645937899492,0.633,0.640100659725576
66.0971460342407,1,6.10524,-52,8.79404919622277,8.40186364228514,0.633,0.645544461857379
66.5383379459381,1,6.14819,-52,8.79871706110905,8.39607158620879,0.633,0.652069776245122
66.7400300502777,1,6.18501,-53,8.80093138493892,8.3933759907114,0.633,0.655073101114162
67.0212049484253,1,6.18501,-53,8.80401832916695,8.38961811535029,0.633,0.659259975790893
67.4483211040497,1,6.20955,-53,8.80762146404651,8.38513360617399,0.633,0.666671479803219
67.6037569046021,1,6.26478,-53,8.80892218582187,8.38351347113865,0.633,0.669378862085175
67.8913419246674,1,6.26478,-53,8.8113287620195,8.38051592124993,0.633,0.674388020754631
68.341108083725,1,6.27705,-53,8.81570177888583,8.37514914973116,0.633,0.681890360739988
68.5562989711761,1,0.0674952,-53,8.81780541697967,8.37256875253662,0.633,0.68547367231082
68.9079649448395,1,0.0674952,-53,8.82097643670848,8.3687103375532,0.633,0.691305760336725
69.2972989082336,1,0.0859029,-53,8.82394558128222,8.36516638042006,0.633,0.697714272089196
69.5560479164124,1,0.16567,-52,8.8259188568909,8.36281108784492,0.633,0.701973330418958
69.781907081604,1,0.159534,-52,8.82773022192022,8.36066992786327,0.633,0.705510812674264
70.1379020214081,1,0.208621,-52,8.83077074771418,8.35711722793824,0.633,0.71071059956682
70.4746239185333,1,0.233165,-52,8.83364666391165,8.35375686596419,0.633,0.715628877641425
70.6080260276794,1,0.239301,-52,8.83474889062273,8.35251474942118,0.633,0.717561568759243
71.1580350399017,1,0.30066,-52,8.83901667207729,8.34805769582773,0.633,0.725412088636587
71.3958320617676,1,0.337476,-52,8.84086185224218,8.34613068363835,0.633,0.728806269832616
71.5480160713196,1,0.337476,-52,8.84228801827889,8.34459869565911,0.633,0.731232756308235
71.9367299079895,1,0.362019,-52,8.84640405403374,8.3401092377002,0.633,0.737921209515996
72.3017950057983,1,0.386563,-52,8.85026967664266,8.33589291130719,0.633,0.74420274774319
72.5294499397278,1,0.404971,-52,8.85268617519329,8.33329624605855,0.633,0.747688502355201
72.8174529075623,1,0.423379,-52,8.8557477759145,8.33003629711925,0.633,0.751767117568854
73.1119890213013,1,0.460194,-52,8.85887882690687,8.32670239851818,0.633,0.755938253316165
73.3956279754639,1,0.490874,-52,8.86175499693861,8.32366086468233,0.633,0.760380218724504
73.7966721057892,1,0.515418,-52,8.86550014267956,8.31975123618925,0.633,0.767644030109232
74.0444629192352,1,0.539961,-52,8.86781413418187,8.31733561668177,0.633,0.772132079168273
74.2819609642029,1,0.576777,-52,8.8700460755508,8.31502528269365,0.633,0.776305459314526
74.6156749725342,1,0.570641,-52,8.87327152175816,8.31181036569046,0.633,0.781355616602621
74.9475269317627,1,0.60132,-52,8.87647897070118,8.308613387201,0.633,0.786377595149002
75.2290480136871,1,0.607456,-52,8.87915402533479,8.30608818347111,0.633,0.79062250088404
75.4635190963745,1,0.650408,-52,8.88114630401142,8.3049441026469,0.633,0.794078907132692
75.8522100448608,1,0.668816,-53,8.88444897434329,8.30304751968405,0.633,0.799808713161413
76.1313970088959,1,0.674952,-53,8.88682119964658,8.3016852516881,0.633,0.80392428918884
76.4015369415283,1,0.717903,-53,8.88968681595146,8.29897716777136,0.633,0.808267993140064
76.7156410217285,1,0.748583,-53,8.89304237208732,8.29577089825832,0.633,0.813333559682883
77.0025820732117,1,0.773126,-53,8.89610774712264,8.29284189986765,0.633,0.817961067193221
77.3409960269928,1,0.791534,-53,8.89966082264429,8.28948679438908,0.633,0.823450832120658
77.586658000946,1,0.803806,-53,8.90222957676987,8.28706802059992,0.633,0.827441399835493
77.9325079917908,1,0.840621,-53,8.90584594269138,8.28366280130865,0.633,0.833059435811641
78.2378790378571,1,0.846757,-53,8.90895941387782,8.28082186092929,0.633,0.838027568364614
78.4071760177612,1,0.877437,-53,8.91067983395153,8.27925867372098,0.633,0.840782434429509
78.685583114624,1,0.889709,-53,8.91350904660717,8.27668802885321,0.633,0.845312782601151
79.0640161037445,1,0.889709,-53,8.9174991320477,8.27310334242657,0.633,0.851215208461122
79.4607670307159,1,0.926524,-53,8.92186657241825,8.2692297308946,0.633,0.857077273912834
79.6991879940033,1,0.93266,-53,8.92449111408774,8.26690194756741,0.633,0.860599986014654
79.9533360004425,1,0.951068,-53,8.92721306957119,8.26501351665633,0.633,0.864680062704882
80.2202429771423,1,0.938796,-53,8.9300415414832,8.26326626489417,0.633,0.869094324170016
80.5603859424591,1,0.957204,-53,8.93364611126764,8.26103958875821,0.633,0.874719804638903
80.883819103241,1,0.99402,-53,8.93723299843614,8.25836613602752,0.633,0.879841540418582
81.1966741085052,1,1.01856,-53,8.94081214479822,8.25539780206855,0.633,0.884639453984993
81.43572306633,1,1.03084,-53,8.94354692990109,8.25312973178862,0.633,0.888305485272601
81.6989390850067,1,1.03697,-53,8.94646157169287,8.25073486532236,0.633,0.892290683519521
82.1382479667664,1,1.06765,-53,8.95115663844912,8.24691761553443,0.633,0.89885173834556
82.4287910461426,1,1.05538,-53,8.95426178658037,8.24439302394481,0.633,0.903190983811024
82.782016992569,1,1.10447,-53,8.95784510537588,8.24154997294145,0.633,0.908052720046952
83.0142769813538,1,1.12901,-53,8.96019466294961,8.23968835960426,0.633,0.911235230254884
83.2913451194763,1,1.13515,-53,8.96299750275758,8.23746759939524,0.633,0.915031717899963
83.550498008728,1,1.18423,-53,8.96591086012537,8.23520785741629,0.633,0.918407432291098
83.683000087738,1,1.19037,-53,8.96742061563809,8.23403984252441,0.633,0.920121269526678
84.0940670967102,1,1.22105,-53,8.97210439635706,8.23041625871632,0.633,0.925438181922006
84.4087080955505,1,1.25173,-53,8.97533047705193,8.2282425771282,0.633,0.929821081698644
84.570081949234,1,1.29468,-53,8.97694690606203,8.22719151882821,0.633,0.932102295597403
84.8025679588318,1,1.27627,-53,8.97927564223446,8.22567729366445,0.633,0.935388765519611
85.1507449150085,1,1.33763,-53,8.98282546716979,8.22324910919731,0.633,0.940213452621884
85.4033360481262,1,1.36217,-53,8.98545899023307,8.2213374344998,0.633,0.943622656810433
85.9199259281158,1,1.42967,-54,8.99093276597919,8.21738848155786,0.633,0.950993434012841
86.392028093338,1,1.47262,-54,8.99628923431932,8.21362123221298,0.633,0.959336262076434
86.6756219863892,1,1.53398,-54,8.99952685402972,8.21135022454056,0.633,0.964242888062658
86.8166670799255,1,1.55852,-54,9.00123851824195,8.21018007485455,0.633,0.966149975813689
87.1702749729156,1,1.55852,-54,9.00552975560738,8.20724644451991,0.633,0.97093115085836
87.4113941192627,1,1.61988,-54,9.00845587663249,8.20524605240194,0.633,0.974191351968574
87.6316850185394,1,1.65056,-54,9.01088022329561,8.2036089765464,0.633,0.97743691371058
87.9236841201782,1,1.66897,-54,9.01395673908606,8.20154382111924,0.633,0.981885838441574
88.1967489719391,1,1.69351,-54,9.01683376276025,8.19961257764139,0.633,0.986046279228363
88.4806730747223,1,1.69965,-54,9.0223150298166,8.19623501423626,0.633,0.991020775352341
88.6407489776611,1,1.76715,-54,9.02622908712661,8.19387766223578,0.633,0.994039969435854
88.8747379779816,1,1.77328,-54,9.0319504127,8.19043183167746,0.633,0.998453239593352
89.2457671165466,1,1.82851,-54,9.03938873460915,8.1859048235188,0.633,1.004890925872
89.5084578990936,1,1.85918,-54,9.04218385509193,8.18411686499401,0.633,1.00860134989317
89.6014111042023,1,1.896,-54,9.04317290923773,8.18348419538197,0.633,1.00991428444586
89.9847829341888,1,1.94509,-54,9.04734754108201,8.18083384268242,0.633,1.01547489607564
90.0925500392914,1,1.9635,-54,9.04867594557415,8.18002226425409,0.633,1.01727436599051
90.5195519924164,1,2.00645,-54,9.05393943773292,8.17680657451575,0.633,1.02440434473041
90.6097350120544,1,2.01872,-54,9.05505108983017,8.17612741928309,0.633,1.02591019969902
90.9567608833313,1,2.06781,-54,9.05894493864856,8.17377973402858,0.633,1.03150805036209
91.2706971168518,1,2.08621,-54,9.06228591730419,8.17178161846456,0.633,1.03647907066205
91.434730052948,1,2.12917,-54,9.06403159199797,8.17073759510049,0.633,1.03907644862652
91.6815578937531,1,2.17212,-54,9.06664364679506,8.16920457933914,0.633,1.04242455574206
92.0174739360809,1,2.22734,-54,9.07019048376929,8.16713883912338,0.633,1.04667729555731
92.1962399482727,1,2.23961,-54,9.07207802059957,8.16603950448597,0.633,1.04894049600583
92.3643341064453,1,2.27643,-54,9.0742331020757,8.1648377786142,0.633,1.05159175065559
92.7800710201263,1,2.35006,-54,9.08051321645237,8.16144578962498,0.633,1.05945617841926
92.9403998851776,1,2.36233,-54,9.08293514141806,8.16013766968901,0.633,1.06248909355412
93.2730510234833,1,2.42369,-54,9.08763404711732,8.15752972326998,0.633,1.06780324856708
93.4145119190216,1,2.42369,-54,9.08953066294226,8.15645375852314,0.633,1.06975822180202
93.843691110611,1,2.45437,-54,9.09528481884102,8.15318938161903,0.633,1.07568942865152
94.1575129032135,1,2.46664,-54,9.09866606704408,8.15132995835791,0.633,1.08061901103869
94.3655619621277,1,2.528,-54,9.10088387752737,8.15011244208292,0.633,1.08390415957804
94.6305930614471,1,2.54641,-54,9.10370911861973,8.14856146329703,0.633,1.08808906929767
94.7854249477386,1,2.58936,-54,9.10533029885703,8.14769860947508,0.633,1.09056577694776
95.1269419193268,1,2.64458,-54,9.10890535186826,8.14579661082871,0.633,1.09602962028141
95.369215965271,1,2.6814,-54,9.11144151442986,8.14444732237229,0.633,1.09990570124071
95.5525889396667,1,2.65072,-54,9.1135346199863,8.14335307452768,0.633,1.10253769779189
95.7962219715118,1,2.71208,-54,9.11637788661479,8.14187301792655,0.633,1.10592624843132
96.0178759098053,1,2.70594,-54,9.11896465098352,8.14052648304968,0.633,1.10900910459679
96.3614270687103,1,2.7673,-54,9.12409089274678,8.13752210028959,0.633,1.11375471419742
96.5300920009613,1,2.77957,-54,9.12698924473471,8.13573365983811,0.633,1.11607339578777
96.8153069019318,1,2.81639,-54,9.1318904009157,8.13270938052024,0.633,1.11999432073256
97.150976896286,1,2.87775,-54,9.1362435719027,8.13035607791643,0.633,1.12477932413462
97.4010529518127,1,2.89616,-54,9.13907515500392,8.12895361146276,0.633,1.12839375668148
97.7479519844055,1,2.9207,-54,9.14297043051286,8.12704081606867,0.633,1.13321142917311
98.0571889877319,1,2.95138,-54,9.14635685836146,8.12542175749872,0.633,1.13698923250299
98.2809419631958,1,3.0066,-55,9.14880715796716,8.12425026389162,0.633,1.13972271758623
98.471216917038,1,3.01887,-55,9.15091406773293,8.12325650244907,0.633,1.14223923889456
98.8018441200256,1,3.06183,-55,9.1546619850836,8.12153889050223,0.633,1.14733041687032
99.1483929157257,1,3.0741,-55,9.15859038611207,8.11973856570657,0.633,1.15266676421334
99.2371199131012,1,3.10478,-55,9.15975243142321,8.11921518465296,0.633,1.15383778060147
99.6438889503479,1,3.15386,-55,9.16520501014332,8.11676571852023,0.633,1.15904988661905
99.9430010318756,1,3.15386,-55,9.16903393727203,8.11510171402122,0.633,1.16298137823265
100.215715885162,1,3.17227,-54,9.17177853946386,8.11415165941636,0.633,1.16697451961785
100.421793937683,1,3.23363,-54,9.17385250891518,8.11343374691398,0.633,1.16999195262593
100.673942089081,1,3.2275,-55,9.17651639234534,8.11247676100783,0.633,1.1736656309878
100.988861083984,1,3.23977,-54,9.18079694183378,8.11068813383822,0.633,1.17811549227142
101.319475889206,1,3.31953,-54,9.1852908372744,8.10881036008413,0.633,1.18278713814022
101.664109945297,1,3.35635,-54,9.18965880648526,8.10704419431472,0.633,1.18773377359408
102.03234410286,1,3.42998,-54,9.19427629356156,8.10518705116096,0.633,1.19303119832776
102.266782045364,1,3.3993,-54,9.19683588653506,8.10416447433086,0.633,1.19732252984182
102.485601902008,1,3.47293,-54,9.19911119798518,8.10325783681816,0.633,1.20160290502194
102.776806116104,1,3.49748,-54,9.20213916945368,8.10205128880007,0.633,1.20729920383814
103.055541038513,1,3.52202,-54,9.20562386325033,8.10072744565681,0.633,1.2114015532393
103.348310947418,1,3.56497,-54,9.20947312023023,8.09928245644354,0.633,1.21527509575219
103.537806987762,1,3.57111,-54,9.21196456123483,8.0983471836374,0.633,1.21778225562747
103.683327913284,1,3.57111,-54,9.2138268197609,8.09752290765184,0.633,1.21965185955808
104.02658200264,1,3.64474,-54,9.21819109886472,8.09551955169958,0.633,1.22403083320433
104.282382965088,1,3.69383,-54,9.22142410952387,8.09405649820393,0.633,1.22734195137075
104.708184957504,1,3.73678,-54,9.22632300723364,8.09236680395664,0.633,1.23404602602817
104.927658081055,1,3.73678,-54,9.22884806912031,8.09149587690391,0.633,1.23750153875893
105.190684080124,1,3.81654,-54,9.23233984091139,8.09031952602265,0.633,1.24146814120666
105.466063976288,1,3.84109,-55,9.23608120126256,8.08906355211165,0.633,1.24558894986932
105.813905954361,1,3.89631,-54,9.24072422830008,8.08752993143947,0.633,1.25049404840992
106.148116111755,1,3.98221,-54,9.24503655635341,8.08615132213923,0.633,1.25466803850579
106.358958005905,1,3.95153,-54,9.24775705839335,8.08528160411983,0.633,1.2573012678033
106.614041090012,1,3.98835,-54,9.25116397301446,8.08422402887335,0.633,1.26162211651489
106.867459058762,1,4.04971,-54,9.25456650207203,8.08317252862045,0.633,1.26609011925064
107.196295976639,1,4.10493,-54,9.25935646035111,8.08138275035062,0.633,1.27163178774729
107.347527980804,1,4.12334,-54,9.26211762192412,8.07992610737739,0.633,1.27379903909516
107.77191400528,1,4.17856,-54,9.26986597115327,8.07583848767084,0.633,1.2798807622637
108.034317016602,1,4.20924,-54,9.27388138638778,8.07440007202028,0.633,1.28353820669748
108.340934991837,1,4.24606,-54,9.27822733234008,8.07320526512705,0.633,1.28776598493506
108.533652067184,1,4.29515,-54,9.28095886819639,8.07245429907592,0.633,1.29042324942368
108.856182098389,1,4.35037,-54,9.28445158269113,8.07154816200654,0.633,1.29633416212547
109.485410928726,1,4.46695,-55,9.29133524144835,8.06981473544281,0.633,1.30735531251372
109.801294088364,1,4.43627,-54,9.2949330129142,8.06895361470349,0.633,1.31229210418678
110.081062078476,1,4.52831,-54,9.29858205869628,8.06808937200526,0.633,1.31640697134026
110.375003099442,1,4.57126,-54,9.30316946959205,8.06701590108267,0.633,1.32031088317203
110.548070907593,1,4.64489,-55,9.30587046432293,8.06638385843997,0.633,1.32260944450151
110.836827039719,1,4.60194,-55,9.30610728092235,8.06599089839333,0.633,1.32822083150252
111.065784931183,1,4.68785,-55,9.30373706731594,8.06607566998155,0.633,1.33373437559982
111.349215984344,1,4.68171,-55,9.30084121444316,8.06617525435491,0.633,1.34054661790044
111.675793886185,1,4.76761,-54,9.30504472148231,8.0652349349508,0.633,1.34582078564724
111.89786696434,1,4.82897,-54,9.30790310761919,8.06459551745396,0.633,1.34940722140924
112.164007902145,1,4.87806,-54,9.31134563652594,8.06383329125284,0.633,1.35363294321314
112.514873981476,1,4.92101,-55,9.31591346808018,8.06283548831179,0.633,1.35907823966528
112.586086034775,1,4.87806,-55,9.31684055873745,8.06263297344813,0.633,1.36018342128306
112.992567062378,1,4.95169,-54,9.3224385137558,8.06144646913879,0.633,1.36624416997589
113.379818916321,1,5.09282,-54,9.32796646711038,8.06029665484104,0.633,1.37186057058414
113.569180965424,1,5.08054,-54,9.33079576340297,8.05973105184858,0.633,1.3746801242493
113.801839113235,1,5.13577,-54,9.33436205624872,8.05903373201841,0.633,1.37819660853575
114.181376934052,1,5.17872,-54,9.34012622253606,8.05797610143904,0.633,1.38386305826779
114.461133956909,1,5.25235,-54,9.34393570089362,8.05785187931869,0.633,1.3874654997581
114.597353935242,1,5.31985,-55,9.34579062147443,8.05779139277801,0.633,1.38921960943778
114.881141901016,1,5.33212,-55,9.34967075369292,8.05755547420144,0.633,1.39307635808666
115.272779941559,1,5.41188,-55,9.35511507871087,8.05660523266853,0.633,1.39954917982258
115.516427993774,1,5.46097,-54,9.35850213269678,8.05601406308167,0.633,1.40357608794956
115.685029029846,1,5.48552,-54,9.36074873071301,8.0556347739035,0.633,1.40629219768699
115.876086950302,1,5.49779,-54,9.36328768156322,8.05520707510147,0.633,1.40936509099068
116.13262295723,1,5.52847,-54,9.3666967645855,8.05463279824042,0.633,1.41349110563567
116.42488193512,1,5.61437,-54,9.37107370010319,8.05392636461779,0.633,1.41766343207635
116.661726951599,1,5.66346,-54,9.37481338525279,8.05333348770383,0.633,1.42083830549134
117.353897094727,1,5.8414,-54,9.38484736835459,8.05181553639467,0.633,1.43191377937527
117.574887037277,1,5.88435,-54,9.38789819438857,8.05136753505359,0.633,1.4357564951037
117.808871984482,1,5.9273,-54,9.39033542326036,8.05111338112131,0.633,1.43814869275387
118.016257047653,1,5.95185,-54,9.39239856441747,8.05091505908756,0.633,1.44006383239326
118.320333957672,1,6.0132,-53,9.39548523318734,8.05061078055948,0.633,1.44297518311387
118.494075059891,1,6.05616,-53,9.39786438034305,8.05030213444198,0.633,1.44567069254002
118.776954889297,1,6.0807,-53,9.40173803334137,8.04979960648544,0.633,1.45005943669379
119.001673936844,1,6.16047,-53,9.40482140906939,8.04940437269122,0.633,1.45351371824681
119.15637588501,1,6.15433,-54,9.40698255763541,8.04915712264341,0.633,1.45569089227889
119.309722900391,1,6.2341,-54,9.40912477812017,8.04891203809642,0.633,1.45784899787318
119.553311109543,1,6.21569,-53,9.4125276461199,8.04852272692696,0.633,1.46127709900426
119.947901964188,1,0.0490874,-53,9.41809155072798,8.04789193372196,0.633,1.46260970008328
120.152833938599,1,0.116583,-53,9.42099049526111,8.0475643032601,0.633,1.46253949355573
120.238349914551,1,0.13499,-53,9.42220019458546,8.04742758648479,0.633,1.46251019710388
120.600514888763,1,0.214757,-52,9.42736185238353,8.04684508051962,0.633,1.46339613860443
120.905456066132,1,0.257709,-52,9.43172348459819,8.04635319984072,0.633,1.46454966409034
121.207237005234,1,0.349748,-52,9.43466001596736,8.0463402052855,0.633,1.46477804457592
121.462569952011,1,0.411107,-52,9.43597889995332,8.04672944611803,0.633,1.46419985188293
121.71369099617,1,0.441786,-52,9.43727602798892,8.04711226614,0.633,1.46363119689884
121.871011018753,1,0.478602,-52,9.43972906487966,8.04684565013256,0.633,1.46382889264604
122.182990074158,1,0.527689,-52,9.44501903366049,8.04618559977835,0.633,1.46436458568714
122.498966932297,1,0.625864,-52,9.45045911448201,8.04550785143297,0.633,1.46480711127244
122.6954600811,1,0.638136,-52,9.45393177684165,8.04507631992228,0.633,1.46497330921912
123.015954017639,1,0.693359,-51,9.45959592969731,8.04437246213669,0.633,1.46524438958249
123.248492002487,1,0.736311,-52,9.46305461853354,8.04395424577598,0.633,1.46522842224786
123.392915010452,1,0.742447,-52,9.46511332920971,8.04370720049483,0.633,1.46518930674502
123.817153930664,1,0.809942,-51,9.47126330137264,8.04296479305511,0.633,1.46492294992991
123.937519073486,1,0.846757,-51,9.47319348121716,8.04272395065026,0.633,1.46457372844289
124.303374052048,1,0.889709,-51,9.47906034507058,8.04199189990207,0.633,1.463512254858
124.517863988876,1,0.920388,-51,9.48258773471235,8.04162969737273,0.633,1.46372173973462
124.823039054871,1,0.944932,-51,9.48793878702141,8.04136778932722,0.633,1.46716718522982
125.047785997391,1,0.981748,-51,9.49187958291117,8.04117490649042,0.633,1.46970459220356
125.384902000427,1,1.01243,-51,9.4978664265876,8.04060114627751,0.633,1.47427435637643
125.628997087479,1,1.01856,-51,9.50222046734805,8.04011375365507,0.633,1.47777636262654
125.907738924026,1,1.06151,-51,9.50688203745134,8.03958976879985,0.633,1.48101375717202
125.974817037582,1,1.04924,-51,9.50786287379995,8.03947846822128,0.633,1.4814470344243
126.417690038681,1,1.1106,-51,9.51433869600585,8.03874362314827,0.633,1.48430768131565
126.636852025986,1,1.12901,-51,9.51735890008983,8.038395762973,0.633,1.48526085980174
126.863445043564,1,1.17196,-51,9.52039484487813,8.03804352628486,0.633,1.4860290712454
127.170660018921,1,1.1781,-51,9.52452787617376,8.03756531038896,0.633,1.48712233913554
127.269400119781,1,1.18423,-51,9.52603556940793,8.03740467765187,0.633,1.48802272789875
127.548724889755,1,1.20878,-51,9.53030066598121,8.03695026549359,0.633,1.49056982762803
127.812968969345,1,1.23332,-51,9.53433549081423,8.03652038695998,0.633,1.49297940993486
128.134206056595,1,1.25786,-51,9.54011610520241,8.03519655203559,0.633,1.49407788065459
128.461790084839,1,1.25173,-51,9.54617323754194,8.03369803010372,0.633,1.49485866392654
128.683589935303,1,1.264,-51,9.54995532900202,8.03314408268722,0.633,1.49479248323009
129.009084939957,1,1.27627,-51,9.55526114853867,8.03268412109866,0.633,1.49423960010849
129.280124902725,1,1.31309,-51,9.55960194531163,8.0323070621218,0.633,1.49381907000375
129.448173999786,1,1.31922,-51,9.56202930456331,8.03209358882793,0.633,1.4936943440343
129.821970939636,1,1.31922,-51,9.56742855678221,8.03161875340552,0.633,1.4934169121021
129.985100030899,1,1.32536,-51,9.56991360946834,8.03139839119864,0.633,1.49280771562307
130.37763094902,1,1.33763,-51,9.57668152706274,8.03078770989252,0.633,1.48835366389497
130.489754915237,1,1.37445,-51,9.57861473978225,8.0306132726521,0.633,1.48708139227907
130.798446893692,1,1.38058,-51,9.58388793537616,8.03010979670607,0.633,1.48241246295446
131.005491018295,1,1.38672,-51,9.58739357963666,8.02975739365541,0.633,1.47854215814589
131.462423086166,1,1.43581,-51,9.59514653490421,8.02844277170094,0.633,1.47164368183039
131.656923055649,1,1.45421,-51,9.59846126049022,8.02740171467016,0.633,1.47018064968313
132.005263090134,1,1.44808,-51,9.60439777363215,8.02553723189945,0.633,1.46756042989603
132.252108097076,1,1.46035,-51,9.60878081558787,8.02501867915341,0.633,1.46412493929754
132.547952890396,1,1.46035,-51,9.61404347378687,8.02444074996683,0.633,1.4599218179406
132.84939789772,1,1.50944,-51,9.61949338550346,8.02380737593945,0.633,1.45581796658631
133.178571939468,1,1.49103,-51,9.62553181305731,8.02307145781142,0.633,1.45151455130782
133.550406932831,1,1.49717,-51,9.63225791946665,8.02224183712026,0.633,1.44613006555262
133.74778008461,1,1.49717,-51,9.63577639053285,8.02180238036579,0.633,1.44298625953991
134.081029891968,1,1.50944,-51,9.64170096221232,8.02105924752715,0.633,1.43768061742252
134.292274951935,1,1.49103,-51,9.64521091712521,8.02057074864752,0.633,1.43435460344579
134.49317407608,1,1.5033,-51,9.64854896852342,8.02010617448385,0.633,1.43119148429438
134.861804962158,1,1.49103,-51,9.65490024904073,8.01911145839693,0.633,1.42613322648026
135.108992099762,1,1.49103,-51,9.65960543735286,8.01816383493438,0.633,1.42421236811022
135.617425918579,1,1.46035,-51,9.66882104996293,8.01644331058436,0.633,1.41904637625407
135.874008893967,1,1.47876,-51,9.6730214621547,8.01579767760732,0.633,1.41525613089476
136.126754045486,1,1.50944,-52,9.67715552593496,8.01516126326682,0.633,1.41151644090444
136.425951004028,1,1.44194,-52,9.68190868658127,8.01439036534838,0.633,1.40684420324404
136.87553191185,1,1.46649,-52,9.68909582489914,8.01321499924106,0.633,1.39993666312492
137.099833011627,1,1.39899,-52,9.69284726786449,8.0125659030758,0.633,1.39690754768706
137.473659038544,1,1.43581,-52,9.69909951995035,8.01148410258179,0.633,1.3918591453817
137.804732084274,1,1.40513,-52,9.70477043628098,8.01044589048503,0.633,1.38766813522423
138.080471992493,1,1.36831,-52,9.7095015421711,8.00957641200825,0.633,1.38419430337566
138.378535985947,1,1.36831,-52,9.71647244548461,8.00778161355347,0.633,1.37815513809998
138.67510008812,1,1.36831,-52,9.72421799620872,8.00562301745003,0.633,1.37115028211725
138.980405092239,1,1.3499,-52,9.73125857337505,8.00378717504891,0.633,1.36503153454085
139.30521607399,1,1.29468,-52,9.73694609842368,8.00258043896505,0.633,1.36063247670527
139.480077981949,1,1.35604,-52,9.74000797606158,8.00193079290663,0.633,1.35826424505803
139.721105098724,1,1.30082,-52,9.74402362816414,8.00104837833754,0.633,1.35500433053196
140.296880960464,1,1.25173,-52,9.75342134150941,7.99894641989588,0.633,1.34713872579171
140.645594120026,1,1.25786,-52,9.75908202618585,7.99763322063878,0.633,1.34183618636721
141.013267993927,1,1.21491,-52,9.76505142517242,7.99623652641656,0.633,1.33618711888096
141.338027954102,1,1.21491,-52,9.77032795613713,7.9949522659174,0.633,1.33095387759599
141.762732982636,1,1.18423,-52,9.77623623376968,7.99339335456879,0.633,1.3243707153013
141.987926959991,1,1.15355,-52,9.77828056261702,7.99269905420554,0.633,1.32116600482834
142.323496103287,1,1.12287,-52,9.78132688600441,7.99166445380982,0.633,1.31639055763146
142.538074970245,1,1.09833,-52,9.78516019905979,7.99066540995816,0.633,1.31289958031273
142.953881025314,1,1.10447,-52,9.79261306790441,7.98872505318094,0.633,1.30612909993716
143.275249004364,1,1.03084,-53,9.79758510029933,7.98736300483461,0.633,1.30053219385443
143.6283390522,1,1.03084,-53,9.80279879385518,7.98591000826987,0.633,1.29426771731577
143.948802947998,1,1.0247,-53,9.80776811555853,7.98449828127186,0.633,1.28925784411648
144.272802114487,1,1.00016,-53,9.81290054346068,7.98302856162869,0.633,1.28450095971937
144.681238889694,1,0.938796,-53,9.81942331814342,7.98111727203637,0.633,1.27838450647402
145.027920007706,1,0.926524,-53,9.82498696466153,7.97946489289881,0.633,1.27313127800199
145.215893030167,1,0.865165,-53,9.8280619003995,7.97843200982864,0.633,1.27063917849257
145.607038021088,1,0.846757,-53,9.83470007757202,7.97571957837634,0.633,1.26691834807092
146.113889932632,1,0.76699,-53,9.84311291641828,7.97262175132973,0.633,1.26113957324468
146.436647891998,1,0.742447,-53,9.84833177422911,7.97095429631868,0.633,1.25675904916868
146.815835952759,1,0.650408,-53,9.85401027727941,7.96911692653345,0.633,1.2513414455705
147.104521036148,1,0.582913,-53,9.85812676664466,7.96777360768152,0.633,1.24709309668604
147.395522117615,1,0.539961,-53,9.8625376732191,7.96631490625434,0.633,1.24244225389116
147.627124071121,1,0.490874,-53,9.86636138801991,7.96502863157594,0.633,1.23829936423218
148.100568056107,1,0.404971,-53,9.8740160292839,7.96243208458668,0.633,1.23021486003758
148.485440969467,1,0.349748,-53,9.87971844574119,7.9604269558231,0.633,1.22487845914824
148.930295944214,1,0.257709,-53,9.88454461478035,7.95848663096298,0.633,1.21901920365522
149.18380188942,1,0.184078,-54,9.88606071463326,7.95764474141333,0.633,1.21589617769093
149.551338911057,1,0.0490874,-55,9.88907574563516,7.95622099904041,0.633,1.21098038250684
149.957782030106,1,6.27705,-55,9.89499787751391,7.95400299304432,0.633,1.20431519068481
150.307224988937,1,6.17887,-55,9.90008986761731,7.95205175898874,0.633,1.19904556530325
150.689784049988,1,6.05616,-55,9.90566519070255,7.94982691442107,0.633,1.19419952618556
150.96751499176,1,5.9948,-55,9.90972488665014,7.94820505479519,0.633,1.19058895696241
151.334598064423,1,5.89662,-55,9.91514891140492,7.94602937322377,0.633,1.18537238091561
151.650772094727,1,5.79231,-55,9.91981665878165,7.94415282380546,0.633,1.1808496026314
151.761189937592,1,5.76163,-55,9.92142288224436,7.94348209312873,0.633,1.1790948182074
152.523670911789,1,5.50392,-55,9.93234179294575,7.93881921389627,0.633,1.16800313310631
152.785382032394,1,5.42416,-55,9.93582563195064,7.93717106231735,0.633,1.16576352231745
153.181056976318,1,5.25235,-55,9.94135108141368,7.93462554167887,0.633,1.16188762983133
153.466929912567,1,5.1419,-55,9.94618829872245,7.9326106692723,0.633,1.15748461943059
153.75755906105,1,5.056,-55,9.95110599525547,7.93056227441721,0.633,1.15300835392494
154.108486890793,1,4.96396,-55,9.95638562348895,7.92831541392887,0.633,1.14757689696729
154.583831071854,1,4.7492,-56,9.96316923380144,7.92539852277373,0.633,1.1402050060857
154.85931801796,1,4.63262,-56,9.9677494081727,7.92335837244079,0.633,1.13626354010407
155.196531057358,1,4.55899,-56,9.97354017905661,7.92076173507004,0.633,1.13153298793902
155.515600919724,1,4.44854,-55,9.97866814333749,7.9184304954973,0.633,1.1268813312859
155.626502990723,1,4.39946,-56,9.98027119963841,7.91768437251853,0.633,1.12517485199782
156.396591901779,1,4.12334,-56,9.99051773142683,7.91201136251511,0.633,1.11445896106191
156.76092505455,1,3.96994,-56,9.99454224560496,7.9088697055896,0.633,1.11044383898222
157.048140048981,1,3.89018,-56,9.99816465333552,7.90658419452484,0.633,1.10658704835771
157.268450021744,1,3.84109,-56,10.0013304342771,7.90499564076077,0.633,1.10303333182667
157.802712917328,1,3.61406,-56,10.0091238975217,7.90107403581216,0.633,1.09418636154151
158.118725061417,1,3.49748,-56,10.0139933496016,7.89859972073088,0.633,1.08844199164881
158.414297103882,1,3.41157,-56,10.0185478388005,7.89628544776398,0.633,1.08306917552886
158.708736896515,1,3.33181,-57,10.0227853921776,7.89407804613048,0.633,1.0787491557635
159.130403995514,1,3.12318,-57,10.0287080002986,7.89096460167788,0.633,1.07306562540151
159.31995511055,1,3.09251,-57,10.0314840866131,7.88948752172433,0.633,1.07034809458695
159.800539970398,1,2.90229,-57,10.0392305675092,7.8852599848632,0.633,1.06244548306815
160.342713117599,1,2.62004,-57,10.0455087332671,7.88080697673664,0.633,1.05388897680513
160.63711810112,1,2.51573,-57,10.0476413632256,7.87855300748745,0.633,1.04942883863341
160.883121967316,1,2.43596,-58,10.0495832326862,7.87664081883915,0.633,1.04569740597466
161.314945936203,1,2.26416,-57,10.0567639623121,7.87260513746025,0.633,1.03903992331374
161.451162099838,1,2.15371,-57,10.0590290784525,7.87133210707126,0.633,1.0369398621479
161.943885087967,1,1.896,-57,10.0663875265522,7.86713934282268,0.633,1.02981247344784
162.25378704071,1,1.74874,-57,10.0706841255528,7.86466589528986,0.633,1.02551587444718
162.51608300209,1,1.66897,-57,10.0743430205981,7.8625484511707,0.633,1.02171701851826
162.741873025894,1,1.60148,-58,10.0775419256065,7.86067285387515,0.633,1.01808885873518
163.136523008347,1,1.3499,-57,10.0831331726607,7.85739456714084,0.633,1.01174733323017
163.415190935135,1,1.27014,-57,10.0873483560321,7.85488742826553,0.633,1.00764937517382
163.700298070908,1,1.1781,-57,10.0919060829353,7.85214588647682,0.633,1.00380534686983
164.193653106689,1,1.04311,-58,10.0997810834031,7.84753687108326,0.633,0.997320480838652
164.49795293808,1,0.877437,-57,10.1046096479915,7.8450230687556,0.633,0.99372743903659
164.781136989594,1,0.76699,-58,10.1091031519046,7.84268370259624,0.633,0.990383723300315
165.086621046066,1,0.674952,-57,10.1135655600016,7.84004108932037,0.633,0.985970857048031
165.439126968384,1,0.509282,-57,10.1183466759771,7.83687786884015,0.633,0.980108013583085
165.745089054108,1,0.355884,-57,10.122496507578,7.83413231061132,0.633,0.975019282582441
166.09798002243,1,0.16567,-57,10.128094966385,7.83033738156497,0.633,0.969269268490268
166.415988922119,1,0.0245437,-58,10.1331405710246,7.82691715490849,0.633,0.964087702137834
166.626899957657,1,6.25251,-58,10.1363378890805,7.82474092423067,0.633,0.960660759878053
166.953840970993,1,6.14819,-58,10.1406535008659,7.82176354802647,0.633,0.955389774584624
167.092083930969,1,6.0807,-57,10.1424783038823,7.82050460135829,0.633,0.953161003707825
167.662081956863,1,5.85981,-57,10.1495254884116,7.81555913408814,0.633,0.944810859921489
168.121496915817,1,5.688,-57,10.1547642070164,7.81180021847074,0.633,0.938857623305022
168.418809890747,1,5.65119,-58,10.159168079235,7.80848271096714,0.633,0.934744851805914
168.714282989502,1,5.49779,-58,10.1642847049619,7.80453968890352,0.633,0.930467638943071
168.986501932144,1,5.46711,-58,10.1689986449149,7.80090698832436,0.633,0.926527048859286
169.387705087662,1,5.32598,-58,10.1745941747726,7.79671887411572,0.633,0.920588479543014
169.623281002045,1,5.24008,-58,10.1776608788834,7.79444843703717,0.633,0.917080331445697
169.871571063995,1,5.17258,-58,10.1808930945183,7.79205546335662,0.633,0.913382846876035
170.217288017273,1,5.04986,-58,10.185654108123,7.788388736032,0.633,0.908835582711918
170.570023059845,1,5.00691,-58,10.1905883759124,7.784549129332,0.633,0.904372765550796
170.905653953552,1,4.85352,-59,10.195094037077,7.78102565476237,0.633,0.89959769314051
171.175004005432,1,4.72466,-59,10.1983809278534,7.77842378888613,0.633,0.894847060817474
171.505124092102,1,4.54058,-59,10.2024093980928,7.77523489702376,0.633,0.88902460359769
172.031143903732,1,4.39332,-60,10.2089545982113,7.76996901596323,0.633,0.88085853038429
172.249908924103,1,4.32583,-60,10.2117020057108,7.76774191395481,0.633,0.877685639422521
172.512542009354,1,4.30128,-61,10.215000339726,7.76506822018673,0.633,0.873876501466908
172.967272043228,1,4.06812,-61,10.2229631368583,7.75785162056569,0.633,0.864738401476805
173.094660997391,1,3.99449,-61,10.225296572005,7.75571193124635,0.633,0.862062446334667
173.3108689785,1,3.96381,-62,10.2292569412962,7.75208039261746,0.633,0.857520742835923
173.638274908066,1,3.74291,-62,10.2341815620893,7.74764537535899,0.633,0.851584620846504
174.111752033234,1,3.4852,-63,10.2397054677606,7.74281707262403,0.633,0.844402520528248
174.378187894821,1,3.39317,-64,10.2428138894534,7.74010008181114,0.633,0.840360996694073
174.459089040756,1,3.29499,-65,10.2438197969465,7.73920030501696,0.633,0.839198662952719
175.034565925598,1,2.9207,-65,10.2511671812619,7.73256849204364,0.633,0.831131234974474
184.036380052567,1,6.14819,-67,10.3463449865295,7.626557975703,0.633,0.697499708880473
184.563323020935,1,5.89049,-66,10.3517467609659,7.62032618643332,0.633,0.690476464238368
