46.1106081008911,874.557311374626,871.10599773788,63.3,-64,4.80442530717959,4.80442530717959
46.2836339473724,874.771296775822,870.965785951983,63.3,-64,4.65716530717959,4.65716530717959
46.3388929367065,874.839636952985,870.921006736976,63.3,-65,4.78601530717959,4.78601530717959
46.551882982254,875.10304708086,870.748409895107,63.3,-63,4.65102530717959,4.65102530717959
46.7178139686584,875.308258090768,870.613947441015,63.3,-63,4.66330530717959,4.66330530717959
47.123074054718,875.668765120289,870.318190473683,63.3,-64,4.39332530717959,4.39332530717959
47.2834680080414,875.776358879077,870.20927770209,63.3,-63,4.55899530717959,4.55899530717959
47.4414420127869,875.882329313805,870.102008155203,63.3,-63,4.44854530717959,4.44854530717959
47.4692320823669,875.900971151487,870.083137783609,63.3,-62,4.30741530717959,4.30741530717959
47.7299151420593,876.079347604196,869.904741732608,63.3,-62,4.21537530717959,4.21537530717959
47.8759090900421,876.298254508697,869.757888824887,63.3,-62,4.34423530717959,4.34423530717959
48.042601108551,876.548196607537,869.590216068925,63.3,-62,4.22765530717959,4.22765530717959
48.2009260654449,876.785592929081,869.430959602435,63.3,-61,4.08038530717959,4.08038530717959
48.3495860099792,877.008497294166,869.281425012692,63.3,-62,4.11720530717959,4.11720530717959
48.5092289447784,877.24786982409,869.120842813933,63.3,-62,4.06198530717959,4.06198530717959
48.6574740409851,877.461887116047,868.977943686918,63.3,-62,3.89631530717959,3.89631530717959
48.7680230140686,877.616338766169,868.875251973164,63.3,-62,3.95767530717959,3.95767530717959
48.9467990398407,877.866112702667,868.709182438977,63.3,-62,3.77359530717959,3.77359530717959
49.0694620609283,878.037489292495,868.595237682202,63.3,-61,3.77972530717959,3.77972530717959
49.2671120166779,878.313632624818,868.411635681086,63.3,-61,3.65087530717959,3.65087530717959
49.3064000606537,878.368523258832,868.375140031661,63.3,-61,3.72450530717959,3.72450530717959
49.5798859596252,878.759213330228,868.114689545688,63.3,-61,3.49133530717959,3.49133530717959
49.7465441226959,878.999137245279,867.954601664762,63.3,-60,3.43611530717959,3.43611530717959
49.8764700889587,879.186180867495,867.829797861377,63.3,-61,3.36862530717959,3.36862530717959
50.0344829559326,879.413658867818,867.67801444695,63.3,-60,3.36862530717959,3.36862530717959
50.1750161647797,879.615972856164,867.543021577776,63.3,-61,3.32567530717959,3.32567530717959
50.5469119548798,880.170602074067,867.170967955337,63.3,-61,3.06796530717959,3.06796530717959
50.7634620666504,880.49368306695,866.954227691267,63.3,-61,3.12318530717959,3.12318530717959
51.0639951229095,880.993813553824,866.651525625137,63.3,-60,3.00660530717959,3.00660530717959
51.183354139328,881.244995681893,866.529370609197,63.3,-60,2.93910530717959,2.93910530717959
51.3556051254272,881.607485006527,866.353084622733,63.3,-60,2.90229530717959,2.90229530717959
51.4258921146393,881.755398721432,866.281151152224,63.3,-60,2.90842530717959,2.90842530717959
51.7325689792633,882.400777259204,865.96729034463,63.3,-59,2.73048530717959,2.73048530717959
51.8718180656433,882.659836205943,865.83171123126,63.3,-59,2.68753530717959,2.68753530717959
52.0051510334015,882.830601707177,865.717658676307,63.3,-59,2.62003530717959,2.62003530717959
52.2098560333252,883.092776565391,865.542554734308,63.3,-59,2.54640530717959,2.54640530717959
52.4078099727631,883.34630503819,865.373225625869,63.3,-59,2.46050530717959,2.46050530717959
52.5635499954224,883.545768257819,865.240006154411,63.3,-59,2.37460530717959,2.37460530717959
52.7309241294861,883.762588333705,865.094367515193,63.3,-59,2.30097530717959,2.30097530717959
52.8622989654541,883.93739306003,864.97541390178,63.3,-59,2.25188530717959,2.25188530717959
53.0898380279541,884.240151980759,864.769388193146,63.3,-58,2.20279530717959,2.20279530717959
53.2871861457825,884.502739434997,864.590698936997,63.3,-58,2.11689530717959,2.11689530717959
53.5051641464233,884.79277659825,864.393330311341,63.3,-58,2.01258530717959,2.01258530717959
53.7857401371002,885.157510059725,864.146504757296,63.3,-58,1.93895530717959,1.93895530717959
53.9962501525879,885.430447371344,863.96191709568,63.3,-57,1.87759530717959,1.87759530717959
54.1981070041656,885.692165400645,863.784917041182,63.3,-58,1.80396530717959,1.80396530717959
54.3417439460754,885.876441842873,863.660271964266,63.3,-58,1.69965530717959,1.69965530717959
54.7852251529694,886.343254070682,863.343526300795,63.3,-58,1.54625530717959,1.54625530717959
54.9848980903625,886.553431564764,863.200914762699,63.3,-58,1.50943530717959,1.50943530717959
55.1880280971527,886.707931213813,863.086861736478,63.3,-58,1.42353530717959,1.42353530717959
55.3646080493927,886.697790513712,863.063273586242,63.3,-57,1.38058530717959,1.38058530717959
55.737645149231,886.676367598437,863.01344202245,63.3,-57,1.28240530717959,1.28240530717959
55.9120781421661,886.666350194724,862.990140670336,63.3,-57,1.20877530717959,1.20877530717959
56.1253070831299,886.921134646551,862.812453935379,63.3,-57,1.11673530717959,1.11673530717959
56.3326971530914,887.201128005199,862.621649061731,63.3,-57,1.05537530717959,1.05537530717959
56.5953731536865,887.555761839195,862.379979529948,63.3,-57,0.975615307179586,0.975615307179586
56.8091249465942,887.845533586442,862.18223812795,63.3,-58,0.871305307179586,0.871305307179586
57.095281124115,888.24701263939,861.905170506819,63.3,-57,0.791535307179586,0.791535307179586
57.3064110279083,888.543229322735,861.700746263037,63.3,-58,0.668815307179586,0.668815307179586
57.4773840904236,888.783105686101,861.535203446108,63.3,-58,0.613595307179586,0.613595307179586
57.811331987381,889.278330001532,861.193543770327,63.3,-57,0.509285307179586,0.509285307179586
57.9747440814972,889.532717193287,861.01808386435,63.3,-57,0.527685307179587,0.527685307179587
58.0950810909271,889.720048455753,860.888874820954,63.3,-57,0.490875307179587,0.490875307179587
58.6957161426544,890.587850160104,860.288897179435,63.3,-57,0.319065307179586,0.319065307179586
58.9717271327972,890.937530878012,860.046015498524,63.3,-57,0.220895307179586,0.220895307179586
59.2259271144867,891.259579040091,859.822326873631,63.3,-58,0.190215307179586,0.190215307179586
59.4336249828339,891.279580399254,859.815989481265,63.3,-58,0.0490853071795865,0.0490853071795865
59.6041510105133,891.249840378453,859.844283806611,63.3,-58,0.0368153071795865,0.0368153071795865
59.7370829582214,891.226656827274,859.866340379608,63.3,-58,6.24636980717959,-0.0368155000000003
60.0251939296722,891.17640979812,859.914144844844,63.3,-58,6.16660230717959,-0.116583
60.3669500350952,891.546370907082,859.66272386741,63.3,-58,6.06229230717959,-0.220893
60.6200301647186,891.895649492493,859.422518243759,63.3,-58,6.02547630717959,-0.257709
60.8433351516724,892.203835086022,859.210573063648,63.3,-58,5.97638930717959,-0.306796
60.9589810371399,892.36372482326,859.100563915577,63.3,-58,5.96411730717959,-0.319068
61.2434740066528,892.758275564832,858.828888562469,63.3,-58,5.87207830717959,-0.411107
61.4862999916077,893.095040204748,858.597002919323,63.3,-58,5.77390330717959,-0.509282
61.8067171573639,893.538785709671,858.291216745268,63.3,-59,5.76163230717959,-0.521553
61.9474170207977,893.73292490465,858.157164070364,63.3,-59,5.63891330717959,-0.644272
62.2569761276245,894.160057911968,857.862229695175,63.3,-60,5.61436930717959,-0.668816
62.6789469718933,894.723670071953,857.47264515132,63.3,-60,5.43642830717959,-0.846757
62.8989970684052,895.001739686962,857.28007395242,63.3,-60,5.41802030717959,-0.865165
63.1064159870148,895.263847723985,857.098556604942,63.3,-60,5.28302530717959,-1.00016
63.3485860824585,895.569394975965,856.887004697909,63.3,-60,5.26462530717959,-1.01856
63.5745780467987,895.827138304717,856.711345231817,63.3,-60,5.12349530717959,-1.15969
63.8447501659393,896.135269000986,856.501345330538,63.3,-61,5.10508530717959,-1.1781
64.0843069553375,896.408482982311,856.315142171291,63.3,-62,4.95782530717959,-1.32536
64.2968010902405,896.68636694307,856.122061508057,63.3,-62,4.98236530717959,-1.30082
64.3444440364838,896.754127931403,856.074484643909,63.3,-62,4.87805530717959,-1.40513
64.7610540390015,897.346658573314,855.658452491078,63.3,-63,4.74306530717959,-1.54012
64.9741561412811,897.649746652557,855.445645967354,63.3,-63,4.63875530717959,-1.64443
65.1356329917908,897.876269486341,855.286036651066,63.3,-64,4.52831530717959,-1.75487
65.4388880729675,898.300717982277,854.986793118031,63.3,-63,4.31968530717959,-1.9635
73.6905250549316,910.053062387246,846.65456869194,63.3,-64,4.68170530717959,-7.88466530717959
74.4297070503235,910.974005456917,846.005653539896,63.3,-64,4.43627530717959,-8.13009530717959
74.7060639858246,911.310892614445,845.767457257711,63.3,-63,4.38718530717959,-8.17918530717959
74.9847149848938,911.703408266969,845.49192075028,63.3,-63,4.30741530717959,-8.25895530717959
75.1868889331818,912.010545418601,845.277047109536,63.3,-63,4.14174530717959,-8.42462530717959
75.5426261425018,912.550971690757,844.898964028299,63.3,-62,3.96994530717959,-8.59642530717959
75.7498590946198,912.864991915213,844.696381962911,63.3,-62,3.91471530717959,-8.65165530717959
76.1053760051727,913.402604118485,844.373125946372,63.3,-62,3.77972530717959,-8.78664530717959
76.247642993927,913.617740071253,844.243768780215,63.3,-62,3.69996530717959,-8.86640530717959
76.5842151641846,914.125339885633,843.919066338859,63.3,-62,3.65087530717959,-8.91549530717959
76.9696180820465,914.703887323228,843.510350568429,63.3,-62,3.50974530717959,-9.05662530717959
77.1465971469879,914.969559376512,843.322666117884,63.3,-61,3.37475530717959,-9.19161530717959
77.3390400409698,915.246555167618,843.126497880367,63.3,-62,3.26431530717959,-9.30205530717959
77.7790429592133,915.806952836974,842.726527779101,63.3,-62,3.08636530717959,-9.48000530717959
77.9389200210571,916.010575879291,842.581196823408,63.3,-62,3.09864530717959,-9.46772530717959
78.2708151340485,916.454012799048,842.263942265431,63.3,-61,2.93910530717959,-9.62726530717959
78.4630279541016,916.720570905433,842.072892975153,63.3,-61,2.85933530717959,-9.70703530717959
78.8329200744629,917.233532232067,841.705239937988,63.3,-61,2.62003530717959,-9.94633530717959
79.1083519458771,917.587308905017,841.451668761722,63.3,-61,2.46664530717959,-10.0997253071796
79.1475250720978,917.636588041598,841.416347299664,63.3,-61,2.57095530717959,-9.99541530717959
79.488753080368,918.065847159958,841.108670243729,63.3,-61,2.40528530717959,-10.1610853071796
79.841001033783,918.62706250626,840.716364952944,63.3,-61,2.24574530717959,-10.3206253071796
79.9405870437622,918.845404867101,840.567708889489,63.3,-61,2.14143530717959,-10.4249353071796
80.3885390758514,919.827539850223,839.899032780052,63.3,-61,1.87145530717959,-10.6949153071796
80.7049150466919,920.344719800309,839.539777416444,63.3,-61,1.64442530717959,-10.9219453071796
80.9695920944214,920.640708486688,839.326755255793,63.3,-62,1.68737530717959,-10.8789953071796
81.1181559562683,920.806847646424,839.207185405982,63.3,-62,1.67510530717959,-10.8912653071796
81.5331280231476,921.260441737095,838.881803115422,63.3,-62,1.38671530717959,-11.1796553071796
81.5756869316101,921.305355153915,838.849752475964,63.3,-62,1.13514530717959,-11.4312253071796
82.2143189907074,921.981030908262,838.367565515609,63.3,-62,1.01856530717959,-11.5478053071796
82.4431760311127,922.230934561167,838.189142064977,63.3,-62,0.877435307179586,-11.6889353071796
82.753947019577,922.570285297751,837.946856173224,63.3,-63,0.754715307179586,-11.8116553071796
82.965980052948,922.801817740371,837.781549196453,63.3,-63,0.552235307179586,-12.0141353071796
83.1326880455017,922.99103269678,837.646107588332,63.3,-63,0.435655307179586,-12.1307153071796
83.4866480827332,923.395808497174,837.356224482373,63.3,-64,0.202485307179586,-12.3638853071796
83.7920830249786,923.74509276718,837.106082035731,63.3,-64,0.0490853071795865,-12.5172853071796
84.0565960407257,923.765333325297,837.113157228459,63.3,-64,6.12365130717959,-12.7259046143592
84.2950291633606,923.78110928022,837.121491695211,63.3,-64,6.00093330717959,-12.8486226143592
84.5813839435577,923.800055977115,837.131501270929,63.3,-64,5.80458330717959,-13.0449726143592
84.8266580104828,924.099987214253,836.913283441024,63.3,-64,5.55301030717959,-13.2965456143592
85.079784154892,924.427603618159,836.673623920112,63.3,-64,5.37506830717959,-13.4744876143592
85.3265099525452,924.746936173738,836.440024239604,63.3,-64,5.16644530717959,-13.6831106143592
85.5835840702057,925.038249476962,836.225871889374,63.3,-64,5.07440530717959,-13.7751506143592
86.1227331161499,925.598227158581,835.812741501886,63.3,-64,4.60807530717959,-14.2414806143592
86.3518159389496,925.859055896583,835.621308392971,63.3,-63,4.47922530717959,-14.3703306143592
86.6703240871429,926.259897033268,835.328630737614,63.3,-63,4.35650530717959,-14.4930506143592
86.8461229801178,926.481139185118,835.167088848962,63.3,-62,4.25833530717959,-14.5912206143592
87.1648499965668,926.893724422451,834.866515575609,63.3,-62,3.98834530717959,-14.8612106143592
87.2425589561462,926.999189525092,834.789963628981,63.3,-63,4.00675530717959,-14.8428006143592
87.7763879299164,927.72369192245,834.264082864018,63.3,-61,3.74291530717959,-15.1066406143592
88.0530531406403,928.050634532817,834.117599968711,63.3,-61,3.53429530717959,-15.3152606143592
88.2029640674591,928.218330345136,834.062790298451,63.3,-61,3.39316530717959,-15.4563906143592
88.3835520744324,928.420342654493,833.996764630242,63.3,-60,3.28885530717959,-15.5607006143592
88.9337091445923,929.071397395873,833.656546382739,63.3,-60,3.04955530717959,-15.8000006143592
89.1461570262909,929.338371475249,833.464417637754,63.3,-60,2.94524530717959,-15.9043106143592
89.5367741584778,929.828349041485,833.111457924583,63.3,-59,2.78570530717959,-16.0638506143592
90.0527210235596,930.463614215878,832.649219744592,63.3,-59,2.55254530717959,-16.2970106143592
90.3466510772705,930.828846435703,832.383781178218,63.3,-59,2.38073530717959,-16.4688206143592
90.4953820705414,931.037883519709,832.234135746406,63.3,-59,2.38073530717959,-16.4688206143592
90.9175760746002,931.631264909508,831.809345978944,63.3,-58,2.21506530717959,-16.6344906143592
91.0233061313629,931.77986542828,831.702965865077,63.3,-58,2.12916530717959,-16.7203906143592
91.3762850761414,932.237571216648,831.372682286045,63.3,-58,2.01258530717959,-16.8369706143592
91.9024691581726,932.885204219338,830.902780749049,63.3,-57,1.84077530717959,-17.0087806143592
92.1021871566772,933.202393658896,830.675475594382,63.3,-57,1.77328530717959,-17.0762706143592
92.5171329975128,933.954488680214,830.139374804392,63.3,-57,1.67510530717959,-17.1744506143592
92.8451020717621,934.514644412824,829.738597001392,63.3,-57,1.46648530717959,-17.3830706143592
93.1439969539642,934.897522824671,829.458759521912,63.3,-57,1.33149530717959,-17.5180606143592
93.3769960403442,935.195990029924,829.240616352067,63.3,-57,1.30081530717959,-17.5487406143592
93.7380571365356,935.642652535923,828.913914913603,63.3,-57,1.19036530717959,-17.6591906143592
94.3004851341248,936.294939471908,828.436116436983,63.3,-57,1.03083530717959,-17.8187206143592
94.459645986557,936.477805056476,828.301861839081,63.3,-57,0.908115307179586,-17.9414406143592
94.746964931488,936.792804819461,828.067890954033,63.3,-57,0.840625307179586,-18.0089306143592
95.171019077301,937.257713095719,827.722573231154,63.3,-57,0.674955307179586,-18.1746006143592
95.537887096405,937.69051042188,827.402485837776,63.3,-56,0.589045307179586,-18.2605106143592
95.5787739753723,937.740251645492,827.365761471687,63.3,-56,0.564505307179586,-18.2850506143592
96.1692309379578,938.462910089409,826.829687387748,63.3,-57,0.404975307179586,-18.4445806143592
96.3343040943146,938.675722845679,826.665567431682,63.3,-56,0.300655307179587,-18.5489006143592
96.5590860843658,938.96551239062,826.442083425283,63.3,-56,0.269985307179586,-18.5795706143592
96.856861114502,939.349404758769,826.14602787063,63.3,-57,0.134995307179587,-18.7145606143592
97.2584710121155,939.809996644323,825.797845519216,63.3,-57,6.23409790717959,-18.8986433215388
97.878231048584,940.495938606215,825.284894176032,63.3,-57,5.99479730717959,-19.1379439215388
98.0481369495392,940.690886497046,825.140645464645,63.3,-56,5.96411730717959,-19.1686239215388
98.4206881523132,941.118347054915,824.824352560019,63.3,-56,5.81685530717959,-19.3158859215388
98.7808029651642,941.57443891185,824.490664189435,63.3,-56,5.68800030717959,-19.4447409215388
99.0605230331421,941.950343267251,824.217374393447,63.3,-57,5.54073830717959,-19.5920029215388
99.1733160018921,942.101921123349,824.107174336507,63.3,-57,5.54073830717959,-19.5920029215388
99.6409230232239,942.706563601643,823.668626546118,63.3,-56,5.36279730717959,-19.7699439215388
99.8970530033112,943.028804680846,823.435311610888,63.3,-56,5.25848530717959,-19.8742559215388
100.253209114075,943.489981853015,823.070043383477,63.3,-56,5.11122530717959,-20.0215159215388
100.670156955719,944.101601510678,822.418695424073,63.3,-57,4.93941530717959,-20.1933259215388
100.969153165817,944.540198240048,821.951609251978,63.3,-57,4.76761530717959,-20.3651259215388
101.239495038986,944.891087812842,821.663741409981,63.3,-57,4.66943530717959,-20.4633059215388
101.66179895401,945.413587688584,821.289504708373,63.3,-57,4.38718530717959,-20.7455559215388
101.995938062668,945.836091447061,820.988004827922,63.3,-57,4.24605530717959,-20.8866859215388
102.348835945129,946.297514094614,820.660557810604,63.3,-57,4.11720530717959,-21.0155359215388
102.645465135574,946.685364045545,820.385321407984,63.3,-57,3.93312530717959,-21.1996159215388
102.985914945602,947.118087482582,820.077843344071,63.3,-57,3.79200530717959,-21.3407359215388
103.318082094193,947.539450040678,819.778410502589,63.3,-57,3.59565530717959,-21.5370859215388
103.734041929245,948.033402317271,819.425824428252,63.3,-57,3.38089530717959,-21.7518459215388
104.033941030502,948.375797093986,819.180738029225,63.3,-57,3.19681530717959,-21.9359259215388
104.198616027832,948.563806523507,819.04616075995,63.3,-57,3.10477530717959,-22.0279659215388
104.691271066666,949.109903276896,818.686343982111,63.3,-57,2.78570530717959,-22.3470359215388
104.944025993347,949.388053374355,818.507030497941,63.3,-57,2.75502530717959,-22.3777159215388
105.60272192955,950.064995427169,818.035059622738,63.3,-56,2.47277530717959,-22.6599659215388
105.839941978455,950.302480371676,817.864471845698,63.3,-57,2.31324530717959,-22.8194959215388
106.380013942719,950.973817955995,817.38999982566,63.3,-56,2.11075530717959,-23.0219859215388
106.64314198494,951.321362798358,817.145348644235,63.3,-56,1.98190530717959,-23.1508359215388
107.01714015007,951.84007352855,816.776605338951,63.3,-56,1.81009530717959,-23.3226459215388
107.338832139969,952.30115569088,816.446760244784,63.3,-56,1.65056530717959,-23.4821759215388
107.673387050629,952.778310622929,816.105733259919,63.3,-56,1.57079530717959,-23.5619459215388
108.029049158096,953.271270870789,815.755331786439,63.3,-56,1.41739530717959,-23.7153459215388
108.301443099976,953.648818498959,815.48696685074,63.3,-56,1.33763530717959,-23.7951059215388
108.653706073761,954.122963720695,815.042555098337,63.3,-56,1.19036530717959,-23.9423759215388
109.03241610527,954.624593911213,814.508775187785,63.3,-56,1.05537530717959,-24.0773659215388
109.432734012604,955.146847567877,814.041764067571,63.3,-57,0.822215307179587,-24.3105259215388
109.750196933746,955.555114949013,813.743059966682,63.3,-57,0.699495307179586,-24.4332459215388
110.258522033691,956.181342426936,813.287926931347,63.3,-56,0.503145307179587,-24.6295959215388
110.500129938126,956.460041947638,813.08755843683,63.3,-56,0.429515307179586,-24.7032259215388
110.97932100296,957.030924009456,812.677932003735,63.3,-57,0.282255307179586,-24.8504859215388
111.310272932053,957.490608930241,812.350902452418,63.3,-57,0.0920353071795859,-25.0407059215388
111.564440965652,957.843642715878,812.099746768826,63.3,-58,6.24023380717959,-25.1756927287183
111.980229139328,958.379490435162,811.71764968917,63.3,-58,6.06842830717959,-25.3474982287183
112.069648981094,958.488911341042,811.639491899255,63.3,-57,6.03161230717959,-25.3843142287183
112.415158987045,958.911703610578,811.337497421015,63.3,-58,5.87821430717959,-25.5377122287183
112.907662153244,959.490982043208,810.849530354976,63.3,-58,5.62050530717959,-25.7954212287183
113.063972949982,959.672602357402,810.689173858449,63.3,-58,5.59596230717959,-25.8199642287183
113.463873147964,960.141197582948,810.300646466828,63.3,-58,5.31370930717959,-26.1022172287183
113.744106054306,960.475076872358,810.058719705293,63.3,-57,5.19099530717959,-26.2249312287183
114.155941963196,960.965752583534,809.703179276362,63.3,-58,4.94555530717959,-26.4703712287183
114.461259126663,961.27644315184,809.47815698194,63.3,-58,4.82283530717959,-26.5930912287183
114.78303694725,961.603846004013,809.241030651505,63.3,-57,4.65102530717959,-26.7649012287183
115.153501987457,962.02362502356,808.93788785067,63.3,-57,4.47308530717959,-26.9428412287183
115.437478065491,962.374830792695,808.684813105264,63.3,-56,4.29514530717959,-27.1207812287183
115.692275047302,962.689949483643,808.457742283845,63.3,-56,4.23378530717959,-27.1821412287183
116.122375011444,963.272894862792,808.042935843412,63.3,-56,4.02516530717959,-27.3907612287183
116.32942700386,963.560082126874,807.83919828172,63.3,-56,3.96380530717959,-27.4521212287183
116.709401130676,964.112517014493,807.438054522858,63.3,-56,3.77359530717959,-27.6423312287183
117.272969961166,965.036920756971,806.730380178187,63.3,-55,3.57110530717959,-27.8448212287183
117.517814159393,965.416084500224,806.441029455848,63.3,-55,3.50361530717959,-27.9123112287183
118.016839027405,966.033887989227,805.976271320541,63.3,-55,3.28271530717959,-28.1332112287183
118.333263158798,966.41724550513,805.688263068981,63.3,-55,3.16000530717959,-28.2559212287183
118.530848026276,966.638982527934,805.522498498535,63.3,-55,3.11091530717959,-28.3050112287183
118.807194948196,966.949109232019,805.29065620519,63.3,-54,2.95137530717959,-28.4645512287183
119.445807933807,967.694960302532,804.738331004879,63.3,-54,2.73048530717959,-28.6854412287183
119.608160018921,967.890355434312,804.594634987443,63.3,-54,2.63231530717959,-28.7836112287183
119.827716112137,968.154597139228,804.400308341272,63.3,-54,2.57708530717959,-28.8388412287183
120.410196065903,968.803179755429,803.925150653137,63.3,-53,2.33778530717959,-29.0781412287183
120.626122951508,969.040285182721,803.75156961265,63.3,-53,2.20893530717959,-29.2069912287183
121.114581108093,969.786839522305,803.153720184536,63.3,-53,2.03099530717959,-29.3849312287183
121.646103143692,970.616462027664,802.485281882551,63.3,-52,1.85918530717959,-29.5567412287183
121.864223957062,970.840322920096,802.322424444991,63.3,-52,1.82236530717959,-29.5935612287183
122.33456993103,971.323046544027,801.971245944857,63.3,-52,1.63829530717959,-29.7776312287183
122.62162399292,971.653075636561,801.730485346293,63.3,-52,1.58306530717959,-29.8328612287183
122.865030050278,971.936576083552,801.523606641732,63.3,-52,1.49102530717959,-29.9249012287183
123.152843952179,972.271799334464,801.278984269445,63.3,-52,1.38058530717959,-30.0353412287183
123.713384151459,972.862044621953,800.85442680694,63.3,-51,1.25172530717959,-30.1642012287183
123.991404056549,973.152487277134,800.645765803218,63.3,-52,1.15355530717959,-30.2623712287183
124.158874988556,973.328125250119,800.518878279326,63.3,-52,1.09219530717959,-30.3237312287183
124.662521123886,973.856716469482,800.136609888852,63.3,-52,0.914255307179586,-30.5016712287183
125.178918123245,974.304968581002,799.850951993607,63.3,-52,0.717905307179587,-30.6980212287183
125.480535030365,974.5371656881,799.71769421988,63.3,-51,0.613595307179586,-30.8023312287183
125.804177045822,974.847396323555,799.513305962074,63.3,-51,0.527685307179587,-30.8882412287183
126.18021607399,975.308021324851,799.175131177053,63.3,-51,0.417245307179586,-30.9986812287183
126.496678113937,975.695668129151,798.890534434933,63.3,-51,0.300655307179587,-31.1152712287183
126.736361980438,975.95849221965,798.698059383662,63.3,-51,0.233165307179586,-31.1827612287183
127.162718057632,976.419934756447,798.360235400649,63.3,-51,0.0674953071795859,-31.3484312287183
127.433002948761,976.76701950808,798.178561806015,63.3,-50,6.25250570717959,-31.4466061358979
127.862482070923,977.619230303819,798.068941330214,63.3,-50,6.16660230717959,-31.5325095358979
128.18026804924,978.24980959739,797.987829470875,63.3,-50,6.03774830717959,-31.6613635358979
128.490091085434,978.668720484465,797.727039916268,63.3,-50,5.90889430717959,-31.7902175358979
128.97129201889,979.271080607259,797.277213886138,63.3,-50,5.77390330717959,-31.9252085358979
129.396979093552,979.623922967396,798.312630095974,63.3,-50,5.64504930717959,-32.0540625358979
129.739447116852,979.885912861711,799.31978796838,63.3,-50,5.52846630717959,-32.1706455358979
130.058760166168,980.258325732436,799.350690485892,63.3,-50,5.44869930717959,-32.2504125358979
130.255596160889,980.516585305462,799.166394881925,63.3,-50,5.35666130717959,-32.3424505358979
130.702038049698,981.116958257324,798.738151200538,63.3,-49,5.24007530717959,-32.4590365358979
131.054603099823,981.646927915553,798.360819625692,63.3,-49,5.15417530717959,-32.5449365358979
131.314605951309,982.037759684873,798.082552436755,63.3,-49,5.09281530717959,-32.6062965358979
131.738191127777,982.608426504287,797.676715754815,63.3,-49,4.94555530717959,-32.7535565358979
131.984195947647,982.921339348918,797.454331154542,63.3,-49,4.91487530717959,-32.7842365358979
132.317393064499,983.34515892169,797.153126049365,63.3,-50,4.78601530717959,-32.9130965358979
132.618049144745,983.696350143004,796.900565436971,63.3,-49,4.70625530717959,-32.9928565358979
132.770195960999,983.873521016688,796.773095373463,63.3,-49,4.65716530717959,-33.0419465358979
133.146690130234,984.311938346361,796.457664943537,63.3,-49,4.54671530717959,-33.1523965358979
133.546033143997,984.757350245338,796.17818990429,63.3,-49,4.44854530717959,-33.2505665358979
133.96159696579,985.219086794885,795.892328287661,63.3,-49,4.34423530717959,-33.3548765358979
134.254932165146,985.643264935618,795.594991445741,63.3,-49,4.27673530717959,-33.4223765358979
134.557292938232,986.087084713621,795.282096553962,63.3,-49,4.20310530717959,-33.4960065358979
134.915313959122,986.604917172299,794.916541419061,63.3,-49,4.11720530717959,-33.5819065358979
135.21279501915,987.027264814169,794.617889260693,63.3,-49,4.02516530717959,-33.6739465358979
135.456598043442,987.373403262045,794.373126453224,63.3,-49,3.98834530717959,-33.7107665358979
135.944604158401,988.029713334413,793.905673551239,63.3,-49,3.84108530717959,-33.8580265358979
136.315370082855,988.521219353277,793.554909060826,63.3,-49,3.79200530717959,-33.9071065358979
136.437688112259,988.678491592363,793.442519748088,63.3,-48,3.77359530717959,-33.9255165358979
136.852756023407,989.162231187356,793.095231674503,63.3,-48,3.66928530717959,-34.0298265358979
137.046362161636,989.38786885382,792.933241067728,63.3,-48,3.60792530717959,-34.0911865358979
137.442310094833,989.791259353737,792.625645517515,63.3,-48,3.54042530717959,-34.1586865358979
137.771852970123,990.054989516448,792.399021111433,63.3,-48,3.42998530717959,-34.2691265358979
138.06587600708,990.290293475939,792.196823457892,63.3,-48,3.39930530717959,-34.2998065358979
138.511734008789,990.913955473802,791.74990695968,63.3,-48,3.30112530717959,-34.3979865358979
138.796437978745,991.330556395456,791.454873883764,63.3,-49,3.23976530717959,-34.4593465358979
139.041970014572,991.690787983473,791.198919692758,63.3,-49,3.18454530717959,-34.5145665358979
139.283317089081,992.045685678388,790.946043421096,63.3,-49,3.12932530717959,-34.5697865358979
139.812987089157,992.80098865121,790.408688301185,63.3,-48,3.03728530717959,-34.6618265358979
140.090985059738,993.158134192614,790.156013904545,63.3,-48,2.93910530717959,-34.7600065358979
140.647305965424,993.900674400295,789.629894100995,63.3,-48,2.82252530717959,-34.8765865358979
140.883610963821,994.245303588859,789.384916725992,63.3,-48,2.74889530717959,-34.9502165358979
141.310483932495,994.867858701156,788.942377549781,63.3,-47,2.66912530717959,-35.0299865358979
141.561033964157,994.893335441352,788.919827831793,63.3,-48,2.63844530717959,-35.0606665358979
141.957633018494,994.859731680551,788.935721502442,63.3,-47,2.59549530717959,-35.1036165358979
142.363113164902,995.040568927775,788.80151405953,63.3,-48,2.49732530717959,-35.2017865358979
142.676408052444,995.466506188964,788.497706627462,63.3,-48,2.42982530717959,-35.2692865358979
142.960015058517,995.852081556529,788.222688043829,63.3,-48,2.37460530717959,-35.3245065358979
143.158378124237,996.121612933326,788.029264209809,63.3,-48,2.33778530717959,-35.3613265358979
143.449679136276,996.517275763087,787.74415422954,63.3,-48,2.29483530717959,-35.4042765358979
143.895097017288,997.133135343175,787.300505992924,63.3,-47,2.23347530717959,-35.4656365358979
144.179715156555,997.577051390922,786.981326685866,63.3,-47,2.19666530717959,-35.5024465358979
144.571911096573,998.188755451961,786.541506410574,63.3,-47,2.10462530717959,-35.5944865358979
144.779252052307,998.500148479896,786.319561668914,63.3,-47,2.06780530717959,-35.6313065358979
145.252470970154,999.203251367096,785.819708691964,63.3,-47,1.95735530717959,-35.7417565358979
145.417874097824,999.449006980478,785.644980176452,63.3,-47,1.93895530717959,-35.7601565358979
145.71687912941,1000.032629824,783.987575629266,63.3,-47,1.88986530717959,-35.8092465358979
146.05405497551,1000.69075763216,782.118587747812,63.3,-47,1.83464530717959,-35.8644665358979
146.530135154724,1001.38936335632,780.720779928004,63.3,-47,1.74873530717959,-35.9503765358979
146.713536024094,1001.58544888399,780.575331871765,63.3,-47,1.71805530717959,-35.9810565358979
147.062732934952,1001.95879749876,780.298397459711,63.3,-47,1.66283530717959,-36.0362765358979
147.399227142334,1002.3818337654,779.984160893934,63.3,-47,1.60147530717959,-36.0976365358979
147.776988983154,1002.87131118073,779.620483748897,63.3,-47,1.52170530717959,-36.1774065358979
147.911520004272,1003.04562708399,779.490968661896,63.3,-47,1.47875530717959,-36.2203565358979
148.41174697876,1003.73259805833,778.981156207183,63.3,-47,1.43580530717959,-36.2633065358979
148.848089933395,1004.31963732241,778.546552541367,63.3,-46,1.36831530717959,-36.3307965358979
149.066437005997,1004.59537457042,778.343688708907,63.3,-46,1.32535530717959,-36.3737565358979
149.461557149887,1005.09434778682,777.976586985415,63.3,-46,1.28240530717959,-36.4167065358979
149.818624019623,1005.37562521121,779.261303088501,63.3,-46,1.19036530717959,-36.5087465358979
150.131484031677,1005.60533520156,780.546511017519,63.3,-46,1.17196530717959,-36.5271465358979
150.432781934738,1005.92936392677,781.097689944655,63.3,-46,1.12287530717959,-36.5762365358979
150.780553102493,1006.45658257042,780.710772460714,63.3,-46,1.05537530717959,-36.6437365358979
151.048164129257,1006.86227900429,780.413038218341,63.3,-46,1.03083530717959,-36.6682765358979
151.377335071564,1007.33364132488,780.065311021625,63.3,-46,0.944935307179586,-36.7541765358979
151.632569074631,1007.6951719662,779.798334548039,63.3,-46,0.895845307179586,-36.8032665358979
152.010298013687,1008.22444043732,779.407017378954,63.3,-46,0.846755307179587,-36.8523565358979
152.298712968826,1008.61335441416,779.118212740597,63.3,-46,0.773125307179586,-36.9259865358979
152.76011300087,1009.23601760363,778.655883500759,63.3,-46,0.699495307179586,-36.9996165358979
152.971140146255,1009.5236213713,778.442660017827,63.3,-46,0.662675307179586,-37.0364365358979
153.314733028412,1009.99189575977,778.095491074655,63.3,-46,0.631995307179587,-37.0671165358979
153.73926615715,1010.58004425293,777.654900200867,63.3,-46,0.539965307179586,-37.1591465358979
154.036086082459,1011.00211791218,777.333635870149,63.3,-46,0.503145307179587,-37.1959665358979
154.418972015381,1011.54657619481,776.919217623617,63.3,-46,0.447925307179586,-37.2511865358979
154.715412139893,1011.96653978557,776.607396124897,63.3,-45,0.417245307179586,-37.2818665358979
154.957908153534,1012.31003908068,776.352560750404,63.3,-45,0.380425307179586,-37.3186865358979
155.32412815094,1012.83710805597,775.961147896481,63.3,-46,0.319065307179586,-37.3800465358979
155.66329908371,1013.35797380759,775.572827657269,63.3,-45,0.263845307179587,-37.4352665358979
155.916694164276,1013.74711334268,775.282713060782,63.3,-45,0.233165307179586,-37.4659465358979
156.167936086655,1014.09356827383,775.023050504618,63.3,-46,0.177945307179586,-37.5211665358979
156.518948078156,1014.50988249998,774.708404594749,63.3,-46,0.110445307179586,-37.5886665358979
156.934997081757,1014.99842446955,774.338207906675,63.3,-46,0.0552253071795858,-37.6438865358979
157.159302949905,1015.25046835187,774.144974263568,63.3,-46,0.0429553071795858,-37.6561565358979
157.501127004623,1015.63456290334,773.850501774105,63.3,-46,6.28318530717959,-37.6991118430775
157.741881132126,1015.97608329917,773.586514697291,63.3,-46,6.25250570717959,-37.7297914430775
157.998326063156,1016.4793811108,773.194123229787,63.3,-46,6.21569010717959,-37.7666070430775
158.336086988449,1017.14226937249,772.677308549111,63.3,-45,6.19114650717959,-37.7911506430775
158.637525081635,1017.6562645468,772.280130115747,63.3,-45,6.13592330717959,-37.8463738430775
158.887720108032,1017.99719215895,772.021201472381,63.3,-45,6.08683530717959,-37.8954618430775
159.263334989548,1018.50902281557,771.632474913346,63.3,-45,6.06229230717959,-37.9200048430775
159.477097988129,1018.79641373149,771.415405312777,63.3,-45,6.01934030717959,-37.9629568430775
159.836106061935,1019.27373598934,771.056545760744,63.3,-45,5.98252530717959,-37.9997718430775
160.164776086807,1019.71072203451,770.728011706783,63.3,-45,5.95798130717959,-38.0243158430775
160.401884078979,1020.01444563215,770.497744196784,63.3,-45,5.92730130717959,-38.0549958430775
160.689116001129,1020.38094608161,770.21963503219,63.3,-45,5.90275830717959,-38.0795388430775
161.100135087967,1020.8951478491,769.829714417364,63.3,-45,5.84139930717959,-38.1408978430775
161.309242010117,1021.14315700145,769.642010648374,63.3,-44,5.82912730717959,-38.1531698430775
161.645794153214,1021.54232127049,769.339906322647,63.3,-44,5.79231130717959,-38.1899858430775
161.912122964859,1021.89566164375,769.077732230986,63.3,-44,5.76776730717959,-38.2145298430775
162.340589046478,1022.53230466841,768.613892313019,63.3,-44,5.76776730717959,-38.2145298430775
162.550446033478,1022.84412395278,768.386709691546,63.3,-44,5.74936030717959,-38.2329368430775
162.885359048843,1023.23893009733,768.08778418358,63.3,-44,5.74936030717959,-38.2329368430775
163.163293123245,1023.55577402008,767.846394844499,63.3,-44,5.73095230717959,-38.2513448430775
163.417685985565,1023.84578103915,767.625451352649,63.3,-44,5.71868030717959,-38.2636168430775
163.846778154373,1024.33477187253,767.254827498652,63.3,-44,5.68800030717959,-38.2942968430775
163.974802017212,1024.48066440441,767.144280064703,63.3,-44,5.68800030717959,-38.2942968430775
164.404128074646,1024.97391830548,766.771078060513,63.3,-44,5.68186530717959,-38.3004318430775
164.690461158752,1025.31027631309,766.517595891886,63.3,-44,5.68186530717959,-38.3004318430775
164.974979162216,1025.64450212942,766.265720560203,63.3,-44,5.68800030717959,-38.2942968430775
165.244833946228,1025.96613366977,766.022048678389,63.3,-44,5.66959330717959,-38.3127038430775
165.639809131622,1026.4442962445,765.657757809603,63.3,-44,5.69413630717959,-38.2881608430775
165.886703968048,1026.74319064353,765.430043416938,63.3,-44,5.69413630717959,-38.2881608430775
166.216606140137,1027.0830175913,765.281915250855,63.3,-45,5.68800030717959,-38.2942968430775
166.467066049576,1027.33642195592,765.181492039691,63.3,-45,5.70027230717959,-38.2820248430775
166.933886051178,1027.85446765243,764.88615750505,63.3,-45,5.70640830717959,-38.2758888430775
167.19672203064,1028.17600018869,764.649273330375,63.3,-45,5.73708830717959,-38.2452088430775
167.501153945923,1028.54841786925,764.374900304489,63.3,-45,5.74322430717959,-38.2390728430775
167.733586072922,1028.82246080162,764.172683928405,63.3,-45,5.74936030717959,-38.2329368430775
167.919451951981,1029.04092477941,764.011457512798,63.3,-45,5.74322430717959,-38.2390728430775
168.187968015671,1029.35653454958,763.778537502407,63.3,-45,5.76163230717959,-38.2206648430775
168.502498149872,1029.74799721777,763.487658224579,63.3,-45,5.78003930717959,-38.2022578430775
168.7643430233,1030.09864976363,763.224976405137,63.3,-45,5.79844730717959,-38.1838498430775
169.092057943344,1030.53751293298,762.896213995821,63.3,-45,5.81071930717959,-38.1715778430775
169.428812026978,1030.98784720111,762.55952344515,63.3,-45,5.84753430717959,-38.1347628430775
169.688488960266,1031.33480507603,762.3004399479,63.3,-45,5.84139930717959,-38.1408978430775
169.996536016464,1031.74639092865,761.993096867301,63.3,-46,5.85367030717959,-38.1286268430775
170.335154056549,1032.14441535164,761.768710354572,63.3,-46,5.87207830717959,-38.1102188430775
170.61300110817,1032.46742479397,761.592064565798,63.3,-46,5.89662230717959,-38.0856748430775
170.894731998444,1032.79428424061,761.402345824155,63.3,-46,5.90275830717959,-38.0795388430775
171.163120985031,1033.10252152217,761.171502903503,63.3,-46,5.93957330717959,-38.0427238430775
171.47886800766,1033.46514819011,760.899927061969,63.3,-46,5.95798130717959,-38.0243158430775
171.860392093658,1033.91639443364,760.563686605958,63.3,-46,5.98866130717959,-37.9936358430775
172.143069982529,1034.25848940966,760.309760438189,63.3,-46,6.02547630717959,-37.9568208430775
172.439206123352,1034.61687147626,760.043744883602,63.3,-47,6.05002030717959,-37.9322768430775
172.737762928009,1035.01349242237,759.750912866394,63.3,-47,6.09910730717959,-37.8831898430775
173.022734165192,1035.39333626473,759.470519048216,63.3,-47,6.13592330717959,-37.8463738430775
173.334210157394,1035.79990964386,759.169948463184,63.3,-47,6.17273830717959,-37.8095588430775
173.48824095726,1035.98273240109,759.033826964733,63.3,-47,6.17273830717959,-37.8095588430775
173.798151016235,1036.35057189504,758.759950430627,63.3,-48,6.18501050717959,-37.7972866430775
174.07964515686,1036.6846838712,758.511185870159,63.3,-48,6.23409790717959,-37.7481992430775
174.322389125824,1036.90142144207,758.258015665041,63.3,-48,6.25864160717959,-37.7236555430775
174.645758152008,1037.16755212086,757.908523464811,63.3,-48,6.27091350717959,-37.7113836430775
174.947597980499,1037.41596440508,757.582299685678,63.3,-48,0.0429553071795858,-37.6561565358979
175.190576076508,1037.71141578421,757.35873552489,63.3,-48,0.0552253071795858,-37.6438865358979
175.486700057983,1038.0738871425,757.087251874903,63.3,-48,0.116585307179586,-37.5825265358979
175.788228034973,1038.44076154676,756.812538413983,63.3,-48,0.165665307179586,-37.5334465358979
176.025387048721,1038.71611589753,756.606762850772,63.3,-48,0.177945307179586,-37.5211665358979
176.320302009583,1039.05852800448,756.35087423321,63.3,-48,0.196345307179587,-37.5027665358979
176.555104970932,1039.33131975278,756.147024369673,63.3,-48,0.239305307179587,-37.4598065358979
176.867854118347,1039.74918253512,755.838118331512,63.3,-48,0.294525307179586,-37.4045865358979
177.12487411499,1040.0925858403,755.584256635814,63.3,-49,0.306795307179586,-37.3923165358979
177.375522136688,1040.42688363164,755.337135983289,63.3,-49,0.355885307179586,-37.3432265358979
177.615441083908,1040.74053213061,755.105384592386,63.3,-49,0.398835307179586,-37.3002765358979
177.883655071259,1041.09117102557,754.846301408883,63.3,-49,0.441785307179586,-37.2573265358979
178.10595703125,1041.38178865655,754.631567270435,63.3,-49,0.466325307179586,-37.2327865358979
178.426505088806,1041.82325887422,754.387082110056,63.3,-49,0.490875307179587,-37.2082365358979
178.637400150299,1042.11822514834,754.239351102175,63.3,-49,0.533825307179586,-37.1652865358979
178.97846198082,1042.59524787558,754.00043887912,63.3,-49,0.589045307179586,-37.1100665358979
179.216089010239,1042.85696112158,753.826340323036,63.3,-49,0.607455307179587,-37.0916565358979
179.44967508316,1043.09407340052,753.65302253819,63.3,-50,0.656545307179586,-37.0425665358979
179.75070309639,1043.39964572061,753.42966372327,63.3,-50,0.711765307179586,-36.9873465358979
179.952124118805,1043.61457783045,753.273546533085,63.3,-50,0.748585307179586,-36.9505265358979
180.198143005371,1043.89209602543,753.073315663373,63.3,-50,0.754715307179586,-36.9443965358979
180.400880098343,1044.12079079307,752.908311158981,63.3,-50,0.803805307179586,-36.8953065358979
180.658273935318,1044.41114034319,752.698822397547,63.3,-50,0.852895307179586,-36.8462165358979
181.055484056473,1044.86629206864,752.368100035492,63.3,-50,0.944935307179586,-36.7541765358979
181.201643943787,1045.03395196721,752.246216940694,63.3,-50,0.969475307179586,-36.7296365358979
181.455673933029,1045.32534957986,752.03438069869,63.3,-50,1.01242530717959,-36.6866865358979
181.742004156113,1045.68599533077,751.76664703161,63.3,-50,1.06765530717959,-36.6314565358979
182.047431945801,1046.07118857377,751.480612445218,63.3,-50,1.12900530717959,-36.5701065358979
182.303411960602,1046.40693628668,751.224884240869,63.3,-50,1.17196530717959,-36.5271465358979
182.432793140411,1046.60911995271,751.055384400545,63.3,-50,1.19036530717959,-36.5087465358979
182.80860209465,1047.1963957235,750.563044186691,63.3,-50,1.25172530717959,-36.4473865358979
183.068103075027,1047.6019172965,750.223076852936,63.3,-50,1.30081530717959,-36.3982965358979
183.376879930496,1047.97232661087,749.945021064836,63.3,-51,1.36831530717959,-36.3307965358979
183.556723117828,1048.17733960758,749.795171358996,63.3,-51,1.41126530717959,-36.2878465358979
183.823507070541,1048.48146109492,749.572880498663,63.3,-51,1.46034530717959,-36.2387665358979
184.18278002739,1048.89858382977,749.26639439352,63.3,-51,1.52170530717959,-36.1774065358979
184.3520860672,1049.09740386206,749.119841483123,63.3,-51,1.57079530717959,-36.1283165358979
184.64947104454,1049.44662997864,748.862422232241,63.3,-52,1.58920530717959,-36.1099065358979
184.813338041306,1049.64059001098,748.719598224282,63.3,-51,1.66283530717959,-36.0362765358979
185.038927078247,1049.91942522673,748.515400717801,63.3,-52,1.68124530717959,-36.0178665358979
185.363471031189,1050.32057186206,748.221631717176,63.3,-51,1.77941530717959,-35.9196965358979
185.614727973938,1050.63428245015,747.992090183012,63.3,-51,1.83464530717959,-35.8644665358979
185.820026159287,1050.91370387262,747.789061039341,63.3,-52,1.85304530717959,-35.8460665358979
186.090620994568,1051.2819974046,747.521456931707,63.3,-51,1.93895530717959,-35.7601565358979
186.228497028351,1051.46965380019,747.385104761695,63.3,-52,1.93895530717959,-35.7601565358979
186.5893471241,1051.83357837992,747.107909355683,63.3,-52,2.00031530717959,-35.6987965358979
186.704256057739,1051.91650343609,747.040282542633,63.3,-52,2.04326530717959,-35.6558465358979
187.075371980667,1052.18432254972,746.821871437903,63.3,-52,2.12916530717959,-35.5699465358979
187.233607053757,1052.32184114114,746.714367171617,63.3,-52,2.13530530717959,-35.5638065358979
187.530508041382,1052.71138418311,746.431587778189,63.3,-52,2.19666530717959,-35.5024465358979
187.706452131271,1052.94222813058,746.264012171877,63.3,-53,2.25188530717959,-35.4472265358979
187.893059968948,1053.18706323647,746.086280020935,63.3,-53,2.26415530717959,-35.4349565358979
188.153141021729,1053.52274659598,745.843457930329,63.3,-53,2.33165530717959,-35.3674565358979
188.342720031738,1053.76373631369,745.669715819556,63.3,-53,2.37460530717959,-35.3245065358979
188.655580997467,1054.16144002473,745.38299038217,63.3,-53,2.44209530717959,-35.2570165358979
188.822656154633,1054.37382321505,745.229872215438,63.3,-53,2.50959530717959,-35.1895165358979
189.104187011719,1054.74034526057,744.961413475581,63.3,-53,2.55867530717959,-35.1404365358979
189.244903087616,1054.92388301668,744.826819121102,63.3,-53,2.58322530717959,-35.1158865358979
189.411196947098,1055.14078219916,744.667759720618,63.3,-53,2.63231530717959,-35.0667965358979
189.689499139786,1055.50377526615,744.40156480482,63.3,-53,2.71207530717959,-34.9870365358979
189.911304950714,1055.78856494868,744.194646216523,63.3,-53,2.76730530717959,-34.9318065358979
190.228134155273,1056.19521902455,743.899246557641,63.3,-53,2.86547530717959,-34.8336365358979
190.348169088364,1056.34928529774,743.787330491261,63.3,-54,2.85933530717959,-34.8397765358979
190.617140054703,1056.6765758881,743.54912693631,63.3,-54,2.93910530717959,-34.7600065358979
190.896471977234,1056.98345379333,743.324896830558,63.3,-54,2.99433530717959,-34.7047765358979
191.088371992111,1057.19427779813,743.170851563409,63.3,-54,3.05568530717959,-34.6434265358979
191.378721952438,1057.52621845282,742.928130435999,63.3,-54,3.10477530717959,-34.5943365358979
191.678174972534,1057.92259032088,742.637582377999,63.3,-54,3.15386530717959,-34.5452465358979
191.814415931702,1058.10292606594,742.505392874304,63.3,-54,3.19681530717959,-34.5022965358979
192.127525091171,1058.51687972266,742.201988594183,63.3,-54,3.28885530717959,-34.4102565358979
192.311849117279,1058.74450915268,742.036176176036,63.3,-54,3.36862530717959,-34.3304865358979
192.428197145462,1058.88819218684,741.93151294625,63.3,-54,3.33180530717959,-34.3673065358979
192.798433065414,1059.34541197101,741.598459711311,63.3,-54,3.46679530717959,-34.2323165358979
192.948531150818,1059.53077432763,741.463432918883,63.3,-54,3.52201530717959,-34.1770965358979
193.190595149994,1059.82969717919,741.244515889361,63.3,-54,3.55883530717959,-34.1402765358979
193.375954151154,1060.05859549276,741.076881536186,63.3,-54,3.60178530717959,-34.0973265358979
193.601422071457,1060.33702398233,740.872973612937,63.3,-54,3.67541530717959,-34.0236965358979
193.760872125626,1060.5339275493,740.728770706539,63.3,-54,3.73064530717959,-33.9684665358979
194.078565120697,1060.91501166473,740.44674388864,63.3,-55,3.76745530717959,-33.9316565358979
194.1980509758,1061.05815875862,740.340757201954,63.3,-55,3.83495530717959,-33.8641565358979
194.41467499733,1061.31767984688,740.148606739634,63.3,-55,3.87176530717959,-33.8273465358979
194.561310052872,1061.49335237351,740.018538091127,63.3,-55,3.90858530717959,-33.7905265358979
194.730082035065,1061.71139686687,739.872670658952,63.3,-55,4.00062530717959,-33.6984865358979
195.028365135193,1062.10516458722,739.616902268118,63.3,-55,4.12947530717959,-33.5696365358979
195.090572118759,1062.18728490211,739.563561733309,63.3,-55,4.11106530717959,-33.5880465358979
195.238497018814,1062.38256264548,739.436720777066,63.3,-55,4.12947530717959,-33.5696365358979
195.438965082169,1062.64545933006,739.264641460653,63.3,-55,4.19083530717959,-33.5082765358979
195.665671110153,1062.91439719954,739.067042899704,63.3,-55,4.20924530717959,-33.4898665358979
195.848212957382,1063.13094378157,738.907938147853,63.3,-55,4.29514530717959,-33.4039665358979
196.059141159058,1063.38116465871,738.724091650761,63.3,-55,4.30128530717959,-33.3978265358979
196.215332984924,1063.56645261621,738.587953761982,63.3,-55,4.38718530717959,-33.3119265358979
196.394546031952,1063.79790087842,738.420021863146,63.3,-55,4.40559530717959,-33.2935165358979
196.588957071304,1064.05036866483,738.236982717999,63.3,-55,4.44854530717959,-33.2505665358979
196.74276804924,1064.25011203976,738.092168771171,63.3,-56,4.54058530717959,-33.1585265358979
196.893177032471,1064.44543748619,737.95055782251,63.3,-56,4.56512530717959,-33.1339865358979
197.116629123688,1064.73002953044,737.743422818618,63.3,-56,4.55899530717959,-33.1401165358979
197.22047996521,1064.85837359666,737.649433477196,63.3,-56,4.60807530717959,-33.0910365358979
197.446265935898,1065.13741119663,737.445087760047,63.3,-56,4.69398530717959,-33.0051265358979
197.607311010361,1065.33643875767,737.299335253219,63.3,-56,4.79215530717959,-32.9069565358979
197.78847193718,1065.56032649558,737.13537706132,63.3,-56,4.84124530717959,-32.8578665358979
197.911082983017,1065.71179501592,737.02385132648,63.3,-56,4.82283530717959,-32.8762765358979
198.18780207634,1066.0535757065,736.771536757847,63.3,-56,4.89646530717959,-32.8026465358979
198.319931983948,1066.21677171342,736.651059705681,63.3,-56,4.94555530717959,-32.7535565358979
198.544239997864,1066.49381854448,736.44653395687,63.3,-56,4.96396530717959,-32.7351465358979
198.658535003662,1066.63391056937,736.343174613631,63.3,-56,5.01918530717959,-32.6799265358979
198.891376972198,1066.85945247872,736.180220584126,63.3,-56,5.08054530717959,-32.6185665358979
199.227885007858,1067.18541031764,735.944716045505,63.3,-57,5.14190530717959,-32.5572065358979
199.305245161057,1067.26034507605,735.890575682554,63.3,-57,5.14803530717959,-32.5510765358979
199.549911022186,1067.50490444152,735.71127461395,63.3,-57,5.24621530717959,-32.4528965358979
199.747699022293,1067.71801219773,735.549887391834,63.3,-57,5.30143730717959,-32.3976745358979
199.839564085007,1067.81699270907,735.474929116949,63.3,-57,5.30757330717959,-32.3915385358979
200.029695034027,1068.02185033395,735.319789747098,63.3,-57,5.36279730717959,-32.3363145358979
200.252402067184,1068.26180723782,735.138069574956,63.3,-58,5.37506830717959,-32.3240435358979
200.325951099396,1068.34318536799,735.076729266699,63.3,-57,5.45483530717959,-32.2442765358979
200.51864695549,1068.57183516417,734.906408500157,63.3,-58,5.48551530717959,-32.2135965358979
200.628826141357,1068.7025720098,734.809022890657,63.3,-58,5.57141830717959,-32.1276935358979
200.920854091644,1069.04908766751,734.550904084407,63.3,-58,5.65732130717959,-32.0417905358979
201.003981113434,1069.14772485138,734.47742944744,63.3,-58,5.69413630717959,-32.0049755358979
201.254915952683,1069.45141804873,734.250733361585,63.3,-58,5.77390330717959,-31.9252085358979
201.373204946518,1069.59750683371,734.14145322145,63.3,-58,5.80458330717959,-31.8945285358979
201.537080049515,1069.79989518709,733.990058796326,63.3,-58,5.84753430717959,-31.8515775358979
201.71227312088,1070.01626141105,733.828208375853,63.3,-58,5.89048630717959,-31.8086255358979
201.92574095726,1070.27989757733,733.630998184798,63.3,-58,5.95184530717959,-31.7472665358979
201.952302932739,1070.31270203867,733.606459161271,63.3,-58,5.97638930717959,-31.7227225358979
202.227829933167,1070.68886463636,733.328758312634,63.3,-59,6.05002030717959,-31.6490915358979
202.423933029175,1070.9571536673,733.130746762366,63.3,-59,6.16046730717959,-31.5386445358979
202.572920084,1071.16098314972,732.980309781531,63.3,-60,6.22796200717959,-31.4711498358979
202.727405071259,1071.37233436432,732.824321362974,63.3,-60,0.0122753071795865,-31.4036512287183
203.105040073395,1071.93561566429,732.43600436322,63.3,-60,0.159535307179587,-31.2563912287183
203.268342971802,1072.18276687013,732.26754610132,63.3,-60,0.269985307179586,-31.1459412287183
203.489105939865,1072.51688117118,732.039813793721,63.3,-60,0.368155307179586,-31.0477712287183
203.578195095062,1072.65171339002,731.947912153364,63.3,-60,0.417245307179586,-30.9986812287183
203.7723300457,1072.90623900737,731.76277597075,63.3,-60,0.478605307179587,-30.9373212287183
203.947432994843,1073.12884305794,731.598472981044,63.3,-61,0.595185307179587,-30.8207412287183
204.084857940674,1073.30354799433,731.469524099423,63.3,-61,0.625865307179586,-30.7900612287183
204.312147140503,1073.59249513532,731.256253590601,63.3,-62,0.668815307179586,-30.7471112287183
204.474471092224,1073.79512061482,731.106508409618,63.3,-62,0.748585307179586,-30.6673412287183
204.656392097473,1074.00872060097,730.947959966292,63.3,-62,0.883575307179586,-30.5323512287183
204.810467004776,1074.18962548339,730.813680053563,63.3,-62,1.03697530717959,-30.3789512287183
204.982828140259,1074.3920008831,730.663463262032,63.3,-62,1.08605530717959,-30.3298712287183
205.050287008286,1074.4712067629,730.604671268773,63.3,-62,1.14741530717959,-30.2685112287183
205.241910934448,1074.69619929699,730.437666501206,63.3,-62,1.15968530717959,-30.2562412287183
205.479968070984,1074.99429548827,730.216915840412,63.3,-62,1.34990530717959,-30.0660212287183
205.613400936127,1075.16235027805,730.092490659522,63.3,-62,1.53398530717959,-29.8819412287183
205.795369148254,1075.39153391734,729.922806618891,63.3,-62,1.52784530717959,-29.8880812287183
205.941349029541,1075.57539130686,729.786681436268,63.3,-63,1.67510530717959,-29.7408212287183
206.099318027496,1075.77436702082,729.63944521837,63.3,-63,1.57693530717959,-29.8389912287183
206.247250080109,1075.96092181197,729.50239209457,63.3,-63,1.73033530717959,-29.6855912287183
206.37627696991,1076.12363559885,729.382853847184,63.3,-63,1.88986530717959,-29.5260612287183
206.54810500145,1076.34032523421,729.223662055662,63.3,-62,1.88986530717959,-29.5260612287183
206.716024160385,1076.55208545164,729.068091678103,63.3,-63,1.94508530717959,-29.4708412287183
207.028285980225,1076.97429060826,728.73376205973,63.3,-63,2.00031530717959,-29.4156112287183
207.091284036636,1077.06657286291,728.655055211136,63.3,-63,2.02485530717959,-29.3910712287183
207.30991601944,1077.38683436717,728.381906556267,63.3,-63,2.16598530717959,-29.2499412287183
207.456737995148,1077.60190549352,728.198473992303,63.3,-63,2.25801530717959,-29.1579112287183
207.606305122375,1077.82099783554,728.011611763405,63.3,-63,2.31324530717959,-29.1026812287183
207.745027065277,1078.01142416266,727.852724195799,63.3,-64,2.39300530717959,-29.0229212287183
207.861226081848,1078.13242788277,727.763097021716,63.3,-64,2.47277530717959,-28.9431512287183
208.047913074493,1078.32683418046,727.619100729126,63.3,-63,2.60776530717959,-28.8081612287183
208.108397006989,1078.38981905808,727.572447976745,63.3,-63,2.60776530717959,-28.8081612287183
208.354293107986,1078.64588269666,727.382782235151,63.3,-64,2.71821530717959,-28.6977112287183
208.478785037994,1078.7755222332,727.286758531921,63.3,-64,2.81638530717959,-28.5995412287183
208.611644029617,1078.91988387571,727.17938773146,63.3,-64,2.78570530717959,-28.6302212287183
208.801702022552,1079.13389936973,727.019681545603,63.3,-63,2.84706530717959,-28.5688612287183
208.876299142838,1079.21789972827,726.956997407079,63.3,-64,2.93297530717959,-28.4829512287183
209.080116033554,1079.44740847916,726.785729586521,63.3,-64,3.06182530717959,-28.3541012287183
209.172127962112,1079.55101884588,726.70841174297,63.3,-64,3.06182530717959,-28.3541012287183
209.358646154404,1079.76104833451,726.551680060057,63.3,-64,3.16000530717959,-28.2559212287183
209.441123962402,1079.86382173689,726.475626042623,63.3,-64,3.14772530717959,-28.2682012287183
209.627975940704,1080.09904508958,726.301696467418,63.3,-64,3.23976530717959,-28.1761612287183
209.818865060806,1080.33935070062,726.124008953097,63.3,-64,3.33180530717959,-28.0841212287183
209.873854160309,1080.40857512342,726.072822817396,63.3,-64,3.33180530717959,-28.0841212287183
210.087553977966,1080.67759655971,725.873902159213,63.3,-64,3.47906530717959,-27.9368612287183
210.141723155975,1080.74578880354,725.823479240463,63.3,-64,3.38089530717959,-28.0350312287183
210.376210927963,1081.04655015312,725.60166253715,63.3,-64,3.46679530717959,-27.9491312287183
210.533139944077,1081.24886857976,725.452553856714,63.3,-64,3.60178530717959,-27.8141412287183
210.619688987732,1081.36045066174,725.370317862299,63.3,-64,3.54656530717959,-27.8693612287183
210.937741994858,1081.77049582474,725.06811457717,63.3,-64,3.69996530717959,-27.7159612287183
210.96658706665,1081.80768390943,725.040706958753,63.3,-64,3.66928530717959,-27.7466412287183
211.120077133179,1082.10934103378,724.845989308897,63.3,-63,3.74291530717959,-27.6730112287183
211.353476047516,1082.56991340033,724.549019028374,63.3,-64,3.87176530717959,-27.5441612287183
211.511602163315,1082.88194792532,724.347823761034,63.3,-64,3.87790530717959,-27.5380212287183
211.552924156189,1082.96348972728,724.29524680775,63.3,-64,3.89631530717959,-27.5196112287183
211.693484067917,1083.24086038845,724.116402289409,63.3,-64,3.93312530717959,-27.4828012287183
211.904973983765,1083.56118633563,723.898751313238,63.3,-63,3.93926530717959,-27.4766612287183
211.973842144012,1083.63666394751,723.843165196989,63.3,-63,3.93926530717959,-27.4766612287183
212.165807008743,1083.84705216614,723.688223040146,63.3,-63,4.06811530717959,-27.3478112287183
212.224813938141,1083.91172213989,723.640596299064,63.3,-64,3.95767530717959,-27.4582512287183
212.356621026993,1084.05617908863,723.53420977535,63.3,-63,4.08038530717959,-27.3355412287183
212.502078056335,1084.21559599721,723.416805864557,63.3,-63,4.16629530717959,-27.2496312287183
212.719985961914,1084.45191884392,723.242906735863,63.3,-63,4.21537530717959,-27.2005512287183
212.88251709938,1084.62187075623,723.118211681106,63.3,-63,4.19083530717959,-27.2250912287183
213.005213022232,1084.75016867529,723.024078488802,63.3,-63,4.18469530717959,-27.2312312287183
213.068567037582,1084.81641528027,722.975472833687,63.3,-63,4.31355530717959,-27.1023712287183
213.266683101654,1085.02357684003,722.823476767931,63.3,-62,4.35650530717959,-27.0594212287183
213.388385057449,1085.15083540993,722.730106154284,63.3,-62,4.34423530717959,-27.0716912287183
213.499536991119,1085.26706226946,722.644829593304,63.3,-62,4.39945530717959,-27.0164712287183
213.630203962326,1085.41245430915,722.538858529791,63.3,-62,4.43627530717959,-26.9796512287183
213.82101893425,1085.62735309649,722.382421455565,63.3,-62,4.48535530717959,-26.9305712287183
213.942018032074,1085.76362416123,722.283221981557,63.3,-63,4.52831530717959,-26.8876112287183
214.110366106033,1085.95322037887,722.145204089793,63.3,-62,4.58353530717959,-26.8323912287183
214.17314696312,1086.02392515596,722.093734053135,63.3,-62,4.60807530717959,-26.8078512287183
214.382159948349,1086.26269085881,721.919417476901,63.3,-62,4.61421530717959,-26.8017112287183
214.507225990295,1086.41562175794,721.806279821935,63.3,-62,4.59580530717959,-26.8201212287183
214.820418119431,1086.79859345163,721.522958926091,63.3,-62,4.84124530717959,-26.5746812287183
214.991364002228,1087.00762627262,721.368317298319,63.3,-62,4.83510530717959,-26.5808212287183
215.011585950851,1087.03235369452,721.350024052522,63.3,-62,4.83510530717959,-26.5808212287183
215.267926931381,1087.32961218355,721.141528611413,63.3,-62,4.90873530717959,-26.5071912287183
215.389976024628,1087.46227696503,721.055067771068,63.3,-61,4.95168530717959,-26.4642412287183
215.527451038361,1087.61170939562,720.957679049059,63.3,-61,5.03759530717959,-26.3783312287183
215.646789073944,1087.7414273148,720.87313875001,63.3,-61,5.06213530717959,-26.3537912287183
215.765752077103,1087.87073758166,720.788864127812,63.3,-61,5.09895530717959,-26.3169712287183
215.935896158218,1088.05568059714,720.668332300483,63.3,-61,5.17871530717959,-26.2372112287183
216.09022808075,1088.23257472943,720.538064308414,63.3,-61,5.18485530717959,-26.2310712287183
216.11704993248,1088.26346596274,720.51508501343,63.3,-61,5.19099530717959,-26.2249312287183
216.361811161041,1088.5453620933,720.305388810185,63.3,-61,5.20326530717959,-26.2126612287183
216.4767370224,1088.67772437882,720.206927477387,63.3,-61,5.31370930717959,-26.1022172287183
216.540827035904,1088.75153805806,720.152019138445,63.3,-61,5.35666130717959,-26.0592652287183
216.780650138855,1089.02774685607,719.946553614208,63.3,-61,5.30757330717959,-26.1083532287183
216.933267116547,1089.1894126331,719.826771994143,63.3,-61,5.43029230717959,-25.9856342287183
217.002911090851,1089.26225278583,719.772837543974,63.3,-61,5.44256430717959,-25.9733622287183
217.18519115448,1089.45289824809,719.631674218549,63.3,-61,5.45483530717959,-25.9610912287183
217.235938072205,1089.50597409958,719.592374234128,63.3,-61,5.50392330717959,-25.9120032287183
217.459998130798,1089.74031697062,719.418855186919,63.3,-61,5.59596230717959,-25.8199642287183
217.617718935013,1089.90527607273,719.296711312442,63.3,-61,5.69413630717959,-25.7217902287183
217.762290000916,1090.06133618214,719.181346043196,63.3,-60,5.71254430717959,-25.7033822287183
217.903341054916,1090.21500838422,719.067799360548,63.3,-60,5.73095230717959,-25.6849742287183
218.063184022903,1090.3891539874,718.939125109312,63.3,-60,5.83526330717959,-25.5806632287183
218.148838996887,1090.48247330759,718.870172500507,63.3,-60,5.85980630717959,-25.5561202287183
218.312325954437,1090.66058896192,718.738564822581,63.3,-60,5.93957330717959,-25.4763532287183
218.396044015884,1090.75179805602,718.671171436389,63.3,-60,5.95184530717959,-25.4640812287183
218.748558044434,1091.14860164877,718.378448674372,63.3,-60,6.10524330717959,-25.3106832287183
218.885265111923,1091.30395820444,718.263894554751,63.3,-61,6.12365130717959,-25.2922752287183
219.012078046799,1091.44807087643,718.15763125485,63.3,-60,6.14205930717959,-25.2738672287183
219.165544033051,1091.62247259154,718.029033946241,63.3,-61,0.00613530717958621,-25.1266059215388
219.326032161713,1091.85064685759,717.866415494647,63.3,-61,0.0122753071795865,-25.1204659215388
219.424669981003,1092.05631678247,717.726264372182,63.3,-61,0.0736353071795861,-25.0591059215388
219.627527952194,1092.47929636573,717.438030380716,63.3,-61,0.171805307179587,-24.9609359215388
219.661787986755,1092.550732036,717.389351462893,63.3,-60,0.159535307179587,-24.9732059215388
219.856163024902,1092.95602383769,717.11317058246,63.3,-60,0.294525307179586,-24.8382159215388
219.950487136841,1093.15269924228,716.979148660049,63.3,-60,0.294525307179586,-24.8382159215388
