22.9958281517029,846.871697559131,890.72716304603,63.3,-63,1.07992530717959,1.07992530717959
23.0833251476288,846.978824218757,890.655813812076,63.3,-63,1.12287530717959,1.12287530717959
23.164057970047,847.077669184761,890.589980408614,63.3,-63,1.09832530717959,1.09832530717959
23.252081155777,847.185440083146,890.518202094335,63.3,-63,1.07992530717959,1.07992530717959
23.4398291110992,847.415308675689,890.36510343481,63.3,-63,0.926525307179586,0.926525307179586
23.5804841518402,847.626000239254,890.223805809456,63.3,-62,0.828345307179586,0.828345307179586
23.6583170890808,847.748555011428,890.141492902772,63.3,-61,0.766995307179586,0.766995307179586
23.7483611106873,847.890337204735,890.046266056521,63.3,-61,0.705635307179587,0.705635307179587
23.8388450145721,848.032812031192,889.950574008901,63.3,-62,0.558365307179586,0.558365307179586
23.9450180530548,848.199990773296,889.838289779129,63.3,-61,0.582915307179587,0.582915307179587
24.0077860355377,848.298824455612,889.771908947723,63.3,-62,0.497005307179586,0.497005307179586
24.1282930374146,848.48857327769,889.644465709014,63.3,-61,0.447925307179586,0.447925307179586
24.1707601547241,848.555441470916,889.599554235952,63.3,-60,0.300655307179587,0.300655307179587
24.2648079395294,848.703527939818,889.500093174749,63.3,-61,0.423375307179586,0.423375307179586
24.3857131004334,848.873631189549,889.383761439222,63.3,-61,0.312935307179586,0.312935307179586
24.4641871452332,848.972370213193,889.31489304458,63.3,-61,0.245435307179586,0.245435307179586
24.6109800338745,849.157070600935,889.186068404389,63.3,-61,0.110445307179586,0.110445307179586
24.73086810112,849.307918320542,889.080855289034,63.3,-61,0.0920353071795859,0.0920353071795859
24.8427519798279,849.448694866128,888.982666605978,63.3,-60,0.171805307179587,0.171805307179587
24.9459490776062,849.57854137402,888.892101394591,63.3,-60,6.20341830717959,-0.0797670000000004
25.0321819782257,849.687042884741,888.816423870307,63.3,-60,6.27704938717959,-0.00613592000000018
25.1217250823975,849.799709419293,888.7378413294,63.3,-60,6.24636980717959,-0.0368155000000003
25.2602190971375,849.977908330813,888.614287431817,63.3,-59,6.07456430717959,-0.208621
25.3071930408478,850.039130621099,888.571981801807,63.3,-59,6.11751530717959,-0.16567
25.4518599510193,850.227678545114,888.441692022132,63.3,-59,6.05002030717959,-0.233165
25.5774419307709,850.391352612305,888.328590494952,63.3,-59,5.98252530717959,-0.30066
25.6488010883331,850.484356748509,888.264323076055,63.3,-59,5.95798130717959,-0.325204
25.7242431640625,850.582682251869,888.196378503151,63.3,-58,5.89048630717959,-0.392699
25.8525500297546,850.749907729585,888.080822891699,63.3,-59,5.82912730717959,-0.454058
25.9236199855804,850.842534942089,888.016815933404,63.3,-58,5.82912730717959,-0.454058
26.0546910762787,850.983519096043,887.866459501384,63.3,-59,5.72481630717959,-0.558369
26.1336381435394,851.063893756474,887.770977564483,63.3,-58,5.77390330717959,-0.509282
26.273255109787,851.206035404569,887.602118874425,63.3,-58,5.76163230717959,-0.521553
26.4066760540009,851.341868988484,887.440753916628,63.3,-57,5.66959330717959,-0.613592
26.4888761043549,851.425555455429,887.341337683784,63.3,-58,5.62050530717959,-0.66268
26.6285951137543,851.567800991912,887.172355578404,63.3,-58,5.54073830717959,-0.742447
26.7491850852966,851.690571581758,887.02650894403,63.3,-58,5.46710730717959,-0.816078
26.8447949886322,851.81256676822,886.941997939306,63.3,-58,5.51005930717959,-0.773126
26.9612171649933,851.961250478231,886.83925820035,63.3,-58,5.49778730717959,-0.785398
27.1076681613922,852.14828423898,886.710018758088,63.3,-57,5.37506830717959,-0.908117
27.4137239456177,852.539150574685,886.439931972563,63.3,-57,5.24007530717959,-1.04311
27.4513130187988,852.587155886312,886.406760529743,63.3,-57,5.27075530717959,-1.01243
27.5900120735168,852.762959804328,886.285171882497,63.3,-57,5.10508530717959,-1.1781
27.7062439918518,852.900607899417,886.189173260625,63.3,-57,5.09281530717959,-1.19037
27.8200070858002,853.035332279756,886.095213697749,63.3,-57,5.00077530717959,-1.28241
27.9240641593933,853.158562268264,886.009270560923,63.3,-57,4.97623530717959,-1.30695
28.0930421352386,853.358675084263,885.869707753733,63.3,-56,4.90873530717959,-1.37445
28.1985969543457,853.48367878364,885.782527594347,63.3,-57,4.90873530717959,-1.37445
28.3364901542664,853.646979334527,885.668638420464,63.3,-57,4.84737530717959,-1.43581
28.3835790157318,853.702744499324,885.629746643825,63.3,-57,4.79829530717959,-1.48489
28.5585510730743,853.929308585647,885.470863008881,63.3,-56,4.73693530717959,-1.54625
28.629271030426,854.023451657166,885.404736786261,63.3,-56,4.69398530717959,-1.5892
28.7493801116943,854.18334199437,885.292429594006,63.3,-57,4.69398530717959,-1.5892
28.8511290550232,854.318791143487,885.197289925801,63.3,-57,4.62648530717959,-1.6567
29.0212979316711,854.545321550527,885.038174657049,63.3,-56,4.57126530717959,-1.71192
29.1087961196899,854.661799960313,884.956360062181,63.3,-56,4.47922530717959,-1.80396
29.2117969989777,854.798915698338,884.860049779641,63.3,-56,4.46695530717959,-1.81623
29.3457989692688,854.975828284443,884.735775122576,63.3,-56,4.42400530717959,-1.85918
29.4795260429382,855.149273568385,884.613912699787,63.3,-56,4.36264530717959,-1.92054
29.5745470523834,855.272516719614,884.527322227798,63.3,-56,4.28287530717959,-2.00031
29.7158191204071,855.455747932854,884.39858422427,63.3,-55,4.28287530717959,-2.00031
29.8433890342712,855.621207322082,884.282332680347,63.3,-56,4.20924530717959,-2.07394
29.9281570911407,855.731152296495,884.205085489469,63.3,-56,4.17856530717959,-2.10462
30.0399670600891,855.876170887568,884.103195622787,63.3,-56,4.14174530717959,-2.14144
30.1683039665222,856.052613180779,883.989862399971,63.3,-56,4.12334530717959,-2.15984
30.3123891353607,856.261813779945,883.866644506223,63.3,-56,4.00062530717959,-2.28256
30.4553329944611,856.469357285027,883.744402630917,63.3,-56,3.93926530717959,-2.34392
30.5857329368591,856.658687986451,883.632887987344,63.3,-56,3.88403530717959,-2.39915
30.7547271251678,856.904054568833,883.488368547162,63.3,-55,3.84722530717959,-2.43596
30.8994090557098,857.114121620162,883.364640318306,63.3,-55,3.74904530717959,-2.53414
31.0455560684204,857.270731358474,883.256245822095,63.3,-55,3.73064530717959,-2.55254
31.2899341583252,857.529020636667,883.076064641775,63.3,-55,3.66314530717959,-2.62004
31.4635190963745,857.712486872824,882.948079604181,63.3,-55,3.63246530717959,-2.65072
31.567577123642,857.822468388612,882.871357103477,63.3,-54,3.54656530717959,-2.73662
31.6311650276184,857.88967602505,882.824473425824,63.3,-54,3.52815530717959,-2.75503
31.7815871238709,858.044754651648,882.71651775941,63.3,-54,3.46679530717959,-2.81639
31.937824010849,858.197864669107,882.610405541075,63.3,-54,3.40543530717959,-2.87775
32.0947360992432,858.351636374741,882.503834742686,63.3,-54,3.35021530717959,-2.93297
32.2372410297394,858.491289262214,882.407048928586,63.3,-54,3.31339530717959,-2.96979
32.4117300510406,858.662286122267,882.288540313345,63.3,-54,3.28271530717959,-3.00047
32.5009851455688,858.749754897061,882.227920467025,63.3,-55,3.22135530717959,-3.06183
32.6782190799713,858.928524813912,882.105257143238,63.3,-54,3.16613530717959,-3.11705
32.7676539421082,859.020887018476,882.042389609524,63.3,-54,3.15386530717959,-3.12932
32.9032270908356,859.160897687659,881.947089529726,63.3,-54,3.08636530717959,-3.19682
33.062126159668,859.324997770667,881.835392677645,63.3,-54,3.06182530717959,-3.22136
33.1903531551361,859.457421835546,881.745256518568,63.3,-53,2.98819530717959,-3.29499
33.3182489871979,859.589503897524,881.655353148205,63.3,-53,2.93297530717959,-3.35021
33.4658150672913,859.742081449608,881.551462543984,63.3,-53,2.92069530717959,-3.36249
33.5687119960785,859.850786455165,881.476977245404,63.3,-53,2.87774530717959,-3.40544
33.7054100036621,859.995200460998,881.378023933287,63.3,-53,2.85320530717959,-3.42998
33.9026920795441,860.20361823797,881.235214866975,63.3,-53,2.79798530717959,-3.4852
34.0603210926056,860.370144712014,881.121109963737,63.3,-53,2.72434530717959,-3.55884
34.206915140152,860.525013345519,881.014993080267,63.3,-53,2.69980530717959,-3.58338
34.3362369537354,860.653708328582,880.91760057325,63.3,-53,2.62617530717959,-3.65701
34.4256761074066,860.722040566876,880.840388392737,63.3,-53,2.65071530717959,-3.63247
34.5916230678558,860.848825389632,880.697127570829,63.3,-53,2.60776530717959,-3.67542
34.6954970359802,860.928185943159,880.607453918427,63.3,-53,2.57095530717959,-3.71223
34.8416290283203,861.039831969682,880.481299216508,63.3,-53,2.54027530717959,-3.74291
34.9888570308685,861.152315356887,880.35419833683,63.3,-52,2.49118530717959,-3.792
35.1824491024017,861.334198111132,880.180589639952,63.3,-53,2.38073530717959,-3.90245
35.3462290763855,861.576703019634,880.016806813889,63.3,-53,2.34392530717959,-3.93926
35.436026096344,861.709663219707,879.927008230198,63.3,-52,2.31324530717959,-3.96994
35.6049180030823,861.959737239101,879.758113382361,63.3,-52,2.26415530717959,-4.01903
35.757138967514,862.18512701145,879.60588976714,63.3,-52,2.21506530717959,-4.06812
35.9179720878601,862.423268587522,879.445053846032,63.3,-52,2.19052530717959,-4.09266
36.0575499534607,862.598371434639,879.326610088016,63.3,-52,2.12916530717959,-4.15402
36.1966321468353,862.768179603031,879.211715822011,63.3,-52,2.06780530717959,-4.21538
36.3581540584564,862.965384862036,879.078284352251,63.3,-52,2.07394530717959,-4.20924
36.4690041542053,863.100723910612,878.986712310721,63.3,-52,2.01258530717959,-4.2706
36.6541349887848,863.326753765118,878.833777770089,63.3,-51,1.97576530717959,-4.30742
36.8134450912476,863.527483477439,878.698241147845,63.3,-51,1.92054530717959,-4.36264
36.9541940689087,863.732486996705,878.561022380323,63.3,-51,1.88372530717959,-4.39946
37.0866560935974,863.925420413925,878.431882715699,63.3,-51,1.84691530717959,-4.43627
37.2284250259399,864.131909516268,878.293669575596,63.3,-51,1.82850530717959,-4.45468
37.4111571311951,864.398062246346,878.115520684666,63.3,-51,1.77941530717959,-4.50377
37.4883251190186,864.510458864364,878.040288193764,63.3,-52,1.74260530717959,-4.54058
37.6632311344147,864.763578685698,877.870834451156,63.3,-52,1.69965530717959,-4.58353
37.8273520469666,864.990862876847,877.718497691634,63.3,-51,1.64442530717959,-4.63876
37.9427721500397,865.150703352759,877.611364942903,63.3,-51,1.61374530717959,-4.66944
38.1044111251831,865.374550412543,877.461331913577,63.3,-51,1.57079530717959,-4.71239
38.2614970207214,865.59209210271,877.315525045208,63.3,-51,1.54011530717959,-4.74307
38.4381649494171,865.836752132022,877.151542166058,63.3,-51,1.48489530717959,-4.79829
38.549201965332,865.987980128966,877.043672958035,63.3,-51,1.46648530717959,-4.8167
38.7568669319153,866.260497495123,876.822441147871,63.3,-51,1.41126530717959,-4.87192
38.8801920413971,866.422336223003,876.691059154758,63.3,-51,1.36217530717959,-4.92101
39.056617975235,866.6538588125,876.503107237085,63.3,-50,1.30695530717959,-4.97623
39.2198059558868,866.868009323333,876.3292581139,63.3,-50,1.27013530717959,-5.01305
39.3538861274719,867.043498788124,876.189234716318,63.3,-50,1.24559530717959,-5.03759
39.5060160160065,867.237991101651,876.058468104003,63.3,-50,1.20877530717959,-5.07441
39.6636440753937,867.439512618839,875.922975417258,63.3,-50,1.15355530717959,-5.12963
39.7748069763184,867.581630186843,875.82742288574,63.3,-50,1.12287530717959,-5.16031
39.8962211608887,867.736853633594,875.723058636504,63.3,-50,1.07992530717959,-5.20326
40.0952961444855,867.99136347711,875.551939328837,63.3,-50,1.03697530717959,-5.24621
40.1647880077362,868.08020619819,875.492206059929,63.3,-50,1.03697530717959,-5.24621
40.3561379909515,868.328497043388,875.321073400128,63.3,-50,0.951065307179586,-5.33212
40.4607410430908,868.464242056629,875.227495447902,63.3,-50,0.951065307179586,-5.33212
40.564640045166,868.599073413115,875.13454733928,63.3,-50,0.877435307179586,-5.40575
40.7280831336975,868.811176059867,874.988331055745,63.3,-50,0.828345307179586,-5.45484
40.823625087738,868.935162344694,874.902859167231,63.3,-50,0.809945307179587,-5.47324
40.9872031211853,869.147440111569,874.756522161895,63.3,-50,0.730175307179587,-5.55301
41.0795249938965,869.252542178126,874.685655786423,63.3,-50,0.748585307179586,-5.5346
41.1896710395813,869.376919559673,874.601917840678,63.3,-50,0.674955307179586,-5.60823
41.3036980628967,869.505679357607,874.515229402319,63.3,-50,0.650405307179586,-5.63278
41.4314680099487,869.649957723262,874.41809297924,63.3,-50,0.607455307179587,-5.67573
41.5399210453033,869.77242335037,874.335642135599,63.3,-50,0.570645307179587,-5.71254
41.7025229930878,869.956034158858,874.212024869114,63.3,-50,0.558365307179586,-5.72482
41.8457410335541,870.117109255973,874.10357618256,63.3,-50,0.490875307179587,-5.79231
41.9145359992981,870.176550557199,874.063451341177,63.3,-50,0.460195307179586,-5.82299
42.0918350219727,870.329743229074,873.960041228458,63.3,-49,0.411105307179586,-5.87208
42.189532995224,870.414157758457,873.903058633327,63.3,-50,0.417245307179586,-5.86594
42.369204044342,870.569399945683,873.798265030061,63.3,-49,0.331335307179586,-5.95185
42.4324460029602,870.624043250926,873.761378994421,63.3,-49,0.331335307179586,-5.95185
42.6025941371918,870.771057300436,873.662139655849,63.3,-49,0.245435307179586,-6.03775
42.7261490821838,870.875858320893,873.591019288982,63.3,-49,0.233165307179586,-6.05002
42.9702310562134,871.01583392059,873.482882401511,63.3,-50,0.153395307179586,-6.12979
43.1131689548492,871.097805635874,873.419555891958,63.3,-50,0.0981753071795861,-6.18501
43.2061820030212,871.151146556478,873.378347844688,63.3,-50,0.0674953071795859,-6.21569
43.3269970417023,871.220431302141,873.324822539124,63.3,-50,0.00613530717958621,-6.27705
43.4962100982666,871.317471237857,873.249855211738,63.3,-50,6.28318530717959,-6.28318530717959
43.5706081390381,871.360265063223,873.216827622283,63.3,-49,6.24023380717959,-6.32613680717959
43.7139141559601,871.519427187356,873.11332022783,63.3,-49,6.18501050717959,-6.38136010717959
43.8342730998993,871.65310325754,873.026387097221,63.3,-49,6.14819530717959,-6.41817530717959
43.9804999828339,871.81550942717,872.920770013049,63.3,-49,6.09297130717959,-6.47339930717959
44.0928370952606,871.940276089568,872.839630909072,63.3,-49,6.05615630717959,-6.51021430717959
44.2718260288239,872.139069269883,872.710350376775,63.3,-49,6.03774830717959,-6.52862230717959
44.3493371009827,872.225156561636,872.654365504034,63.3,-49,5.97638930717959,-6.58998130717959
44.490875005722,872.407635900709,872.532703480383,63.3,-49,5.93957330717959,-6.62679730717959
44.6315131187439,872.60167560584,872.402037585883,63.3,-49,5.89048630717959,-6.67588430717959
44.8092141151428,872.846851313916,872.236936823728,63.3,-49,5.84753430717959,-6.71883630717959
44.9107930660248,872.987000731831,872.142560525624,63.3,-49,5.81071930717959,-6.75565130717959
45.0730249881744,873.21083361511,871.991831972968,63.3,-49,5.75549630717959,-6.81087430717959
45.1944949626923,873.378426862284,871.878975062887,63.3,-49,5.71868030717959,-6.84769030717959
45.3188619613647,873.541120768939,871.771691563957,63.3,-49,5.66345730717959,-6.90291330717959
45.4525380134583,873.713219619962,871.658953876773,63.3,-49,5.64504930717959,-6.92132130717959
45.6033239364624,873.907346269373,871.53178632542,63.3,-49,5.59596230717959,-6.97040830717959
45.7513921260834,874.097974021373,871.406910814946,63.3,-49,5.49778730717959,-7.06858330717959
45.9242191314697,874.320477069503,871.261154588869,63.3,-49,5.46097130717959,-7.10539930717959
46.0441899299622,874.474931336019,871.159975431198,63.3,-48,5.43642830717959,-7.12994230717959
46.2108299732208,874.681258276174,871.024782774965,63.3,-48,5.38734030717959,-7.17903030717959
46.3037600517273,874.796187233534,870.949476729447,63.3,-48,5.34438930717959,-7.22198130717959
46.4804861545563,875.014748834501,870.806266434592,63.3,-48,5.29530130717959,-7.27106930717959
46.6502950191498,875.224755713564,870.668661535383,63.3,-48,5.24007530717959,-7.32629530717959
47.0520629882813,875.621130235088,870.366409324202,63.3,-48,5.11735530717959,-7.44901530717959
47.1581749916077,875.692311155901,870.294355782643,63.3,-48,5.08054530717959,-7.48582530717959
47.354257106781,875.823844866278,870.161209574941,63.3,-48,5.04372530717959,-7.52264530717959
47.4835381507874,875.910567795518,870.073423492452,63.3,-48,5.00691530717959,-7.55945530717959
47.6486721038818,876.02134119033,869.96129210506,63.3,-48,4.96396530717959,-7.60240530717959
47.8423240184784,876.24789622909,869.791671495219,63.3,-48,4.88419530717959,-7.68217530717959
47.9194519519806,876.363543743297,869.714089777224,63.3,-48,4.85351530717959,-7.71285530717959
48.1115810871124,876.651626878367,869.520830244607,63.3,-48,4.79829530717959,-7.76807530717959
48.2726180553436,876.893089656193,869.358845810579,63.3,-48,4.72466530717959,-7.84170530717959
48.4029369354248,877.088492979623,869.227760195488,63.3,-48,4.68170530717959,-7.88466530717959
48.5764241218567,877.348623919823,869.053252292031,63.3,-48,4.60807530717959,-7.95829530717959
48.7485320568085,877.589107300988,868.893357612212,63.3,-48,4.55899530717959,-8.00737530717959
48.849406003952,877.730041650319,868.79965327271,63.3,-48,4.54058530717959,-8.02578530717959
49.029116153717,877.981120682542,868.632716007318,63.3,-48,4.49149530717959,-8.07487530717959
49.1980590820313,878.217156471268,868.475780683982,63.3,-47,4.42400530717959,-8.14236530717959
49.2922739982605,878.348787266851,868.388262085311,63.3,-48,4.39332530717959,-8.17304530717959
49.4738399982452,878.606547767613,868.216554782442,63.3,-47,4.34423530717959,-8.22213530717959
49.6430070400238,878.850083506957,868.0540569321,63.3,-47,4.28900530717959,-8.27736530717959
49.834105014801,879.125191388996,867.870492747377,63.3,-48,4.20924530717959,-8.35712530717959
49.9416270256042,879.279981897368,867.767209652536,63.3,-48,4.19697530717959,-8.36939530717959
50.1134769916534,879.527380019946,867.602134648737,63.3,-48,4.11106530717959,-8.45530530717959
50.2909801006317,879.788765662602,867.427124542928,63.3,-48,4.07425530717959,-8.49211530717959
50.47039103508,880.056437022186,867.247556068031,63.3,-48,4.01902530717959,-8.54734530717959
50.5846130847931,880.226850110079,867.133233720123,63.3,-48,3.97607530717959,-8.59029530717959
50.7906100749969,880.53418641936,866.927055844299,63.3,-48,3.90858530717959,-8.65778530717959
50.9455831050873,880.765397754335,866.771946732644,63.3,-48,3.85949530717959,-8.70687530717959
51.0914950370789,881.051685067598,866.623381522123,63.3,-48,3.79813530717959,-8.76823530717959
51.2796549797058,881.447653602064,866.430813909884,63.3,-47,3.74904530717959,-8.81732530717959
51.4331920146942,881.770760815437,866.273680251119,63.3,-47,3.69382530717959,-8.87254530717959
51.6055381298065,882.133450331968,866.097296907234,63.3,-47,3.65087530717959,-8.91549530717959
51.8017721176147,882.54641009099,865.89646611432,63.3,-47,3.55883530717959,-9.00753530717959
51.9613299369812,882.774478067085,865.755143089139,63.3,-47,3.54042530717959,-9.02594530717959
52.1399149894714,883.003199939209,865.60238205895,63.3,-47,3.47906530717959,-9.08730530717959
52.3229279518127,883.237592833721,865.445833410139,63.3,-47,3.41770530717959,-9.14866530717959
52.4783611297607,883.436663063591,865.312876412574,63.3,-47,3.36248530717959,-9.20388530717959
52.6177990436554,883.615247442666,865.193601708018,63.3,-47,3.35021530717959,-9.21615530717959
52.8183181285858,883.878873039086,865.015236440304,63.3,-47,3.28271530717959,-9.28365530717959
53.0682370662689,884.211410173639,864.788946828,63.3,-47,3.22749530717959,-9.33887530717959
53.2319021224976,884.429179620522,864.640755968736,63.3,-47,3.17840530717959,-9.38796530717959
53.4179661273956,884.676752660028,864.472283935674,63.3,-47,3.12932530717959,-9.43704530717959
53.6524641513824,884.984710731574,864.263369042808,63.3,-47,3.04955530717959,-9.51681530717959
53.857342004776,885.250345648688,864.083719994818,63.3,-47,2.96978530717959,-9.59658530717959
54.131844997406,885.606253222331,863.843019497036,63.3,-46,2.90229530717959,-9.66407530717959
54.3633420467377,885.899176194024,863.644846046285,63.3,-46,2.84093530717959,-9.72543530717959
54.5354199409485,886.080306902394,863.521943596478,63.3,-46,2.80411530717959,-9.76225530717959
54.6777861118317,886.23016278887,863.420262022261,63.3,-46,2.77343530717959,-9.79293530717959
54.9329860210419,886.498788462976,863.237991695348,63.3,-46,2.68139530717959,-9.88497530717959
55.1301190853119,886.706292464219,863.097194199842,63.3,-46,2.63231530717959,-9.93405530717959
55.4156241416931,886.69486074232,863.056458683223,63.3,-46,2.56481530717959,-10.0015553071796
55.5753059387207,886.68569047585,863.035127846,63.3,-46,2.52800530717959,-10.0383653071796
55.8552279472351,886.669615009162,862.997734912615,63.3,-46,2.45436530717959,-10.1120053071796
56.0817439556122,886.862320903013,862.85253327497,63.3,-46,2.36846530717959,-10.1979053071796
56.2664201259613,887.111648661126,862.682625847118,63.3,-46,2.34392530717959,-10.2224453071796
56.5529899597168,887.498541101326,862.418973296485,63.3,-46,2.29483530717959,-10.2715353071796
56.7061250209808,887.705285812576,862.278084602918,63.3,-46,2.22120530717959,-10.3451653071796
56.9454281330109,888.036767879095,862.050264043238,63.3,-45,2.14757530717959,-10.4187953071796
57.2221119403839,888.424957132644,861.782367941961,63.3,-45,2.11075530717959,-10.4556153071796
57.4072201251984,888.684665168221,861.603138945884,63.3,-45,2.07394530717959,-10.4924253071796
57.6606230735779,889.043718129247,861.355363934182,63.3,-45,2.01871530717959,-10.5476553071796
57.8966250419617,889.41110757071,861.101962352084,63.3,-45,1.99417530717959,-10.5721953071796
58.1459691524506,889.799267017481,860.834234957616,63.3,-45,1.93895530717959,-10.6274153071796
58.3616380691528,890.135003551336,860.602665513192,63.3,-45,1.90827530717959,-10.6580953071796
58.5749940872192,890.434906340765,860.39512909336,63.3,-45,1.84691530717959,-10.7194553071796
58.8597359657288,890.795648296888,860.144564483442,63.3,-45,1.78555530717959,-10.7808153071796
59.0875520706177,891.08427049656,859.94409290633,63.3,-45,1.73033530717959,-10.8360353071796
59.3332240581512,891.297090486302,859.799330579004,63.3,-45,1.68124530717959,-10.8851253071796
59.5280039310455,891.263120554847,859.831649194347,63.3,-45,1.61988530717959,-10.9464853071796
59.7769091129303,891.219711080131,859.872948486264,63.3,-45,1.57693530717959,-10.9894353071796
60.0167009830475,891.177890982035,859.912735662925,63.3,-44,1.55852530717959,-11.0078453071796
60.2412459850311,891.372885407244,859.782033193615,63.3,-44,1.50943530717959,-11.0569353071796
60.4797301292419,891.702019917554,859.555681039156,63.3,-44,1.44807530717959,-11.1182953071796
60.676500082016,891.973584227477,859.368921022507,63.3,-44,1.44807530717959,-11.1182953071796
60.9230020046234,892.313827091219,859.13492193989,63.3,-44,1.38058530717959,-11.1857853071796
61.1240849494934,892.592700151427,858.942898635606,63.3,-44,1.37444530717959,-11.1919253071796
61.3614339828491,892.92186904893,858.71624318413,63.3,-44,1.32535530717959,-11.2410153071796
61.6160049438477,893.274922277685,858.473141725987,63.3,-44,1.28240530717959,-11.2839653071796
61.8623950481415,893.615610666213,858.238169286588,63.3,-43,1.23332530717959,-11.3330453071796
62.1111841201782,893.958892521546,858.001133942136,63.3,-43,1.21491530717959,-11.3514553071796
62.3286111354828,894.258900671431,857.793978993392,63.3,-43,1.17809530717959,-11.3882753071796
62.4637830257416,894.44541230917,857.665193129505,63.3,-43,1.14741530717959,-11.4189553071796
62.7619199752808,894.828520155974,857.400033455202,63.3,-43,1.11060530717959,-11.4557653071796
62.9481730461121,895.063881651021,857.23703885662,63.3,-43,1.09832530717959,-11.4680453071796
63.1880431175232,895.366997075494,857.027122714959,63.3,-43,1.04924530717959,-11.5171253071796
63.4040031433105,895.632598009645,856.843930018904,63.3,-43,1.04310530717959,-11.5232653071796
63.6876709461212,895.956120502889,856.623440166821,63.3,-43,1.00629530717959,-11.5600753071796
63.9078929424286,896.207283196033,856.452265592512,63.3,-43,0.969475307179586,-11.5968953071796
64.200798034668,896.549824969041,856.217931404716,63.3,-43,0.908115307179586,-11.6582553071796
64.365550994873,896.784147660953,856.053406961459,63.3,-43,0.920385307179586,-11.6459853071796
64.5859179496765,897.097568299911,855.833345661765,63.3,-43,0.852895307179586,-11.7134753071796
64.8393430709839,897.458006476856,855.580272048165,63.3,-43,0.834485307179587,-11.7318853071796
65.0314970016479,897.730516398816,855.388795099451,63.3,-43,0.809945307179587,-11.7564253071796
65.2760870456696,898.072854854954,855.147440565062,63.3,-43,0.785395307179586,-11.7809753071796
65.4875020980835,898.36876020522,854.938822173655,63.3,-43,0.748585307179586,-11.8177853071796
65.7324090003967,898.711542149477,854.697154972471,63.3,-43,0.724035307179586,-11.8423353071796
65.966197013855,899.047726546106,854.45898848304,63.3,-43,0.705635307179587,-11.8607353071796
66.1619181632996,899.333898690525,854.255662074708,63.3,-43,0.681085307179586,-11.8852853071796
66.3813331127167,899.654714538841,854.027721181626,63.3,-43,0.619725307179587,-11.9466453071796
66.6423981189728,900.040194123132,853.754103224378,63.3,-43,0.619725307179587,-11.9466453071796
66.8659839630127,900.411987457694,853.49312216746,63.3,-43,0.576775307179586,-11.9895953071796
67.0398161411285,900.701047104709,853.290216184007,63.3,-42,0.552235307179586,-12.0141353071796
67.2601511478424,901.06743473188,853.033029673943,63.3,-42,0.546095307179586,-12.0202753071796
67.4869401454926,901.448443967761,852.776684417895,63.3,-42,0.515415307179587,-12.0509553071796
67.7530369758606,901.907546971302,852.501866970863,63.3,-42,0.478605307179587,-12.0877653071796
67.9302051067352,902.213219236934,852.318892625189,63.3,-42,0.447925307179586,-12.1184453071796
68.1724481582642,902.631166765246,852.068710701225,63.3,-42,0.447925307179586,-12.1184453071796
68.3773951530457,902.936272782607,851.868674979118,63.3,-42,0.417245307179586,-12.1491253071796
68.61936211586,903.261203544736,851.640967594634,63.3,-42,0.386565307179586,-12.1798053071796
68.8836081027985,903.616052194018,851.392294131751,63.3,-42,0.374295307179586,-12.1920753071796
69.0414960384369,903.828075549029,851.243710835719,63.3,-42,0.343615307179586,-12.2227553071796
69.2967729568481,904.136797317016,851.027187788995,63.3,-42,0.319065307179586,-12.2473053071796
69.5242130756378,904.402470852422,850.840803350166,63.3,-42,0.325205307179586,-12.2411653071796
69.7590680122375,904.676805660397,850.648342557421,63.3,-42,0.282255307179586,-12.2841153071796
70.0078589916229,904.989628370601,850.428620792712,63.3,-42,0.276115307179587,-12.2902553071796
70.316064119339,905.4352326171,850.115004677948,63.3,-42,0.257705307179586,-12.3086653071796
70.5402369499207,905.75934262136,849.886896168905,63.3,-42,0.227025307179586,-12.3393453071796
70.8144960403442,906.168043997796,849.598929969089,63.3,-42,0.220895307179586,-12.3454753071796
71.0409340858459,906.527611726887,849.345014446111,63.3,-42,0.196345307179587,-12.3700253071796
71.3070459365845,906.950178675131,849.046610838179,63.3,-42,0.196345307179587,-12.3700253071796
71.5534560680389,907.322897763851,848.770487591885,63.3,-42,0.171805307179587,-12.3945653071796
71.8147921562195,907.638433260112,848.4784459485,63.3,-42,0.159535307179587,-12.4068353071796
72.0686230659485,907.944907052634,848.19479130082,63.3,-42,0.134995307179587,-12.4313753071796
72.3241829872131,908.255841387645,847.912629029654,63.3,-42,0.104315307179586,-12.4620553071796
72.5802099704742,908.597614158737,847.673635751318,63.3,-42,0.0859053071795861,-12.4804653071796
72.858943939209,908.96969869326,847.413446203626,63.3,-42,0.0797653071795859,-12.4866053071796
73.0863561630249,909.273273359194,847.201163919114,63.3,-42,0.0674953071795859,-12.4988753071796
73.3708629608154,909.641652500785,846.943006884733,63.3,-42,0.0736353071795861,-12.4927353071796
73.6324310302734,909.978294510389,846.706988218036,63.3,-42,0.0736353071795861,-12.4927353071796
73.9553580284119,910.393906377059,846.415604029978,63.3,-42,0.0490853071795865,-12.5172853071796
74.1907291412354,910.682684421826,846.211632265799,63.3,-42,0.0674953071795859,-12.4988753071796
74.4848880767822,911.041272736167,845.958092166682,63.3,-42,0.0429553071795858,-12.5234153071796
74.7626750469208,911.379903147591,845.718663315705,63.3,-42,0.0368153071795865,-12.5295553071796
75.0242350101471,911.763446012146,845.449918248077,63.3,-42,0.0429553071795858,-12.5234153071796
75.3155610561371,912.20602060061,845.140292360689,63.3,-42,0.0490853071795865,-12.5172853071796
75.6341300010681,912.689981858592,844.801712293352,63.3,-42,0.0306753071795862,-12.5356953071796
75.8873779773712,913.072947788345,844.571342042396,63.3,-42,0.0613553071795865,-12.5050153071796
76.1738369464874,913.506130663652,844.310877399197,63.3,-42,0.0552253071795858,-12.5111453071796
76.4525420665741,913.927588178683,844.057462992641,63.3,-42,0.0490853071795865,-12.5172853071796
76.746150970459,914.368429757123,843.747335107065,63.3,-42,0.0306753071795862,-12.5356953071796
77.0269441604614,914.78994234315,843.449556860807,63.3,-42,0.0552253071795858,-12.5111453071796
77.36603307724,915.280934109182,843.101960753446,63.3,-42,0.0736353071795861,-12.4927353071796
77.5764589309692,915.548937236237,842.910680090215,63.3,-42,0.0613553071795865,-12.5050153071796
77.8559050559998,915.90484614203,842.656658831963,63.3,-42,0.0613553071795865,-12.5050153071796
78.0776009559631,916.187203054891,842.455133505921,63.3,-42,0.0736353071795861,-12.4927353071796
78.3566401004791,916.573033687072,842.178636826802,63.3,-42,0.0674953071795859,-12.4988753071796
78.6413941383362,916.967926686903,841.895606502282,63.3,-41,0.0981753071795861,-12.4681953071796
78.8868811130524,917.308364661356,841.651605543974,63.3,-41,0.0736353071795861,-12.4927353071796
79.1909739971161,917.691246061441,841.377170453071,63.3,-41,0.0797653071795859,-12.4866053071796
79.4213011264801,917.980993731881,841.169490041889,63.3,-41,0.0981753071795861,-12.4681953071796
79.7060589790344,918.339214340305,840.912730761863,63.3,-41,0.104315307179586,-12.4620553071796
79.9679651260376,918.905431321827,840.526840519154,63.3,-41,0.110445307179586,-12.4559253071796
80.2441940307617,919.511063289638,840.114502464869,63.3,-41,0.122715307179586,-12.4436553071796
80.536847114563,920.152705275676,839.677647374429,63.3,-41,0.141125307179586,-12.4252453071796
80.7569770812988,920.402940841256,839.497875909702,63.3,-41,0.159535307179587,-12.4068353071796
81.0376210212708,920.716785323975,839.272002986533,63.3,-41,0.184075307179587,-12.3822953071796
81.2975609302521,921.007476461937,839.062793455424,63.3,-41,0.196345307179587,-12.3700253071796
81.561450958252,921.290331596489,838.860473428778,63.3,-41,0.184075307179587,-12.3822953071796
81.8560509681702,921.601229914105,838.638613445911,63.3,-41,0.184075307179587,-12.3822953071796
82.0347700119019,921.789836323309,838.50402212668,63.3,-41,0.220895307179586,-12.3454753071796
82.2686419487,922.040349623626,838.325213794218,63.3,-41,0.227025307179586,-12.3393453071796
82.5211639404297,922.316094551815,838.128340475201,63.3,-41,0.245435307179586,-12.3209353071796
82.8235819339752,922.646324118523,837.8925668156,63.3,-41,0.257705307179586,-12.3086653071796
83.047443151474,922.893549742265,837.715920708596,63.3,-41,0.282255307179586,-12.2841153071796
83.3406851291656,923.228890582315,837.475763949783,63.3,-41,0.294525307179586,-12.2718453071796
83.6053719520569,923.531576787875,837.258993042744,63.3,-41,0.331335307179586,-12.2350353071796
83.8397121429443,923.75098317731,837.105576018201,63.3,-41,0.349745307179586,-12.2166253071796
84.0976860523224,923.76805205063,837.114593536182,63.3,-41,0.368155307179586,-12.1982153071796
84.3940970897675,923.78766412094,837.124954629931,63.3,-41,0.386565307179586,-12.1798053071796
84.6155631542206,923.826771115405,837.113147790228,63.3,-41,0.404975307179586,-12.1613953071796
84.9321250915527,924.236491271987,836.81342733892,63.3,-41,0.404975307179586,-12.1613953071796
85.1355860233307,924.499826926074,836.62079077999,63.3,-41,0.454055307179586,-12.1123153071796
85.4079949855804,924.852400718136,836.362874310962,63.3,-41,0.478605307179587,-12.0877653071796
85.7101030349731,925.169656176287,836.128924988823,63.3,-42,0.503145307179587,-12.0632253071796
85.9394750595093,925.40788939861,835.953165513613,63.3,-41,0.539965307179586,-12.0264053071796
86.2183170318604,925.697503712852,835.73949900905,63.3,-42,0.546095307179586,-12.0202753071796
86.4414269924164,925.971831022541,835.538964650208,63.3,-42,0.589045307179586,-11.9773253071796
86.720822095871,926.323448560391,835.28222803527,63.3,-42,0.613595307179586,-11.9527753071796
87.0137670040131,926.692118469251,835.013040482769,63.3,-42,0.644275307179586,-11.9220953071796
87.2638020515442,927.028020244853,834.769036823193,63.3,-42,0.662675307179586,-11.9036953071796
87.5657551288605,927.43782514334,834.471579541771,63.3,-42,0.717905307179587,-11.8484653071796
87.8867211341858,927.864569503876,834.178413430551,63.3,-42,0.736315307179586,-11.8300553071796
88.1152989864349,928.120264998691,834.094841959302,63.3,-42,0.779265307179586,-11.7871053071796
88.4217309951782,928.463050983123,833.982805847507,63.3,-42,0.797665307179586,-11.7687053071796
88.6835081577301,928.756980619426,833.8828174155,63.3,-42,0.846755307179587,-11.7196153071796
89.0343720912933,929.19789617434,833.565511134652,63.3,-42,0.895845307179586,-11.6705253071796
89.3414821624756,929.583828139703,833.287773968827,63.3,-42,0.957205307179586,-11.6091653071796
89.5844390392303,929.887036942959,833.068754830099,63.3,-42,0.987885307179586,-11.5784853071796
89.7926509380341,930.143400101951,832.882217231619,63.3,-42,1.03083530717959,-11.5355353071796
90.1509840488434,930.584601631672,832.561185636738,63.3,-42,1.07992530717959,-11.4864453071796
90.5158889293671,931.066705313182,832.213502805843,63.3,-42,1.15968530717959,-11.4066853071796
90.8179969787598,931.491309387363,831.909537314111,63.3,-42,1.19036530717959,-11.3760053071796
91.0953500270844,931.881121027741,831.630479023918,63.3,-42,1.23332530717959,-11.3330453071796
91.3830909729004,932.245947987259,831.366604372522,63.3,-42,1.31308530717959,-11.2532853071796
91.686977148056,932.619974345738,831.095222957436,63.3,-42,1.38058530717959,-11.1857853071796
92.0397419929504,933.089210944136,830.756153355936,63.3,-43,1.44194530717959,-11.1244253071796
92.3447239398956,933.64199490126,830.362123469143,63.3,-43,1.49716530717959,-11.0692053071796
92.6472210884094,934.190275127186,829.971303886613,63.3,-43,1.56466530717959,-11.0017053071796
92.9139189720154,934.602797496219,829.674167835624,63.3,-43,1.61374530717959,-10.9526253071796
93.2045669555664,934.975111794573,829.402051436261,63.3,-43,1.69351530717959,-10.8728553071796
93.5059790611267,935.361214719583,829.119857230447,63.3,-43,1.76714530717959,-10.7992253071796
93.8099060058594,935.725980675749,828.852877268861,63.3,-43,1.79782530717959,-10.7685453071796
94.0866529941559,936.046943440428,828.617772882194,63.3,-43,1.86532530717959,-10.7010453071796
94.3640699386597,936.3686832,828.382099348799,63.3,-43,1.92054530717959,-10.6458253071796
94.6586501598358,936.69598164567,828.139807845177,63.3,-43,2.00644530717959,-10.5599253071796
94.9835710525513,937.052205994952,827.875216769023,63.3,-43,2.04939530717959,-10.5169753071796
95.2938809394836,937.393662995011,827.621650803683,63.3,-43,2.12302530717959,-10.4433453071796
95.690731048584,937.87645381974,827.265202254481,63.3,-44,2.22120530717959,-10.3451653071796
95.9143531322479,938.148502857207,827.064346149206,63.3,-44,2.27642530717959,-10.2899453071796
96.2173020839691,938.524883539881,826.781893824303,63.3,-44,2.36846530717959,-10.1979053071796
96.5881900787354,939.003033338284,826.413147489346,63.3,-44,2.46050530717959,-10.1058653071796
96.8923580646515,939.395167522184,826.110735894469,63.3,-44,2.54640530717959,-10.0199653071796
97.1896171569824,939.734438875131,825.854492356415,63.3,-44,2.63231530717959,-9.93405530717959
97.6647429466248,940.255825000595,825.463601051886,63.3,-45,2.76116530717959,-9.80520530717959
97.9376771450043,940.564146308538,825.234424929482,63.3,-45,2.84093530717959,-9.72543530717959
98.2214930057526,940.889793052567,824.993467599841,63.3,-45,2.93910530717959,-9.62726530717959
98.531800031662,941.245835425852,824.730019489032,63.3,-45,3.01887530717959,-9.54749530717959
98.9389801025391,941.787006695399,824.33612326602,63.3,-46,3.16000530717959,-9.40636530717959
99.2327411174774,942.181780104974,824.049115299727,63.3,-46,3.25203530717959,-9.31433530717959
99.5706310272217,942.618128157095,823.732657209334,63.3,-46,3.33794530717959,-9.22842530717959
99.9392621517181,943.081908661607,823.396862286356,63.3,-46,3.46066530717959,-9.10570530717959
100.125699996948,943.316468990823,823.227031586452,63.3,-46,3.52815530717959,-9.03821530717959
100.465045928955,943.800724702017,822.739115954869,63.3,-46,3.60178530717959,-8.96458530717959
100.777671098709,944.259313715328,822.250738882153,63.3,-46,3.69996530717959,-8.86640530717959
101.131310939789,944.757235919982,821.759611845962,63.3,-47,3.82881530717959,-8.73755530717959
101.639882087708,945.386470819636,821.308926966758,63.3,-47,3.96994530717959,-8.59642530717959
101.920897006989,945.737973423951,821.057633950339,63.3,-47,4.05584530717959,-8.51052530717959
102.321125984192,946.261282640205,820.686269339377,63.3,-47,4.17856530717959,-8.38780530717959
102.532644987106,946.53784893086,820.49000500895,63.3,-47,4.24605530717959,-8.32031530717959
102.839033126831,946.931764123521,820.210250298049,63.3,-47,4.35650530717959,-8.20986530717959
103.136109113693,947.308612641817,819.942450465165,63.3,-47,4.44854530717959,-8.11782530717959
103.566754102707,947.84240982088,819.562536978691,63.3,-47,4.57126530717959,-7.99510530717959
103.807863950729,948.117684912507,819.365494892956,63.3,-47,4.66330530717959,-7.90306530717959
104.316185951233,948.697132049118,818.952442925431,63.3,-47,4.78601530717959,-7.78035530717959
104.600612163544,949.010135556954,818.750660686056,63.3,-47,4.90260530717959,-7.66376530717959
104.78360915184,949.211518892178,818.620836005702,63.3,-47,4.94555530717959,-7.62081530717959
105.116960048676,949.578362718569,818.384344826093,63.3,-47,5.03145530717959,-7.53491530717959
105.455744028091,949.91785340046,818.140753191219,63.3,-47,5.09895530717959,-7.46741530717959
105.867934942245,950.330504594262,817.844341770319,63.3,-47,5.24007530717959,-7.32629530717959
106.204929113388,950.742562370707,817.55279019184,63.3,-47,5.35052530717959,-7.21584530717959
106.636022090912,951.311958698261,817.151968579043,63.3,-48,5.47937930717959,-7.08699130717959
106.880573987961,951.644332809777,816.916632694357,63.3,-48,5.54687430717959,-7.01949630717959
107.173562049866,952.064273539922,816.616219013249,63.3,-48,5.67572930717959,-6.89064130717959
107.556172132492,952.612669800214,816.223911891232,63.3,-48,5.76163230717959,-6.80473830717959
107.8323969841,952.998704009153,815.949075258359,63.3,-48,5.88435030717959,-6.68202030717959
108.093261957169,953.360272079188,815.692068765334,63.3,-48,5.93957330717959,-6.62679730717959
108.511168003082,953.934161223794,815.243458038018,63.3,-48,6.09910730717959,-6.46726330717959
108.920876979828,954.47685187089,814.665986086489,63.3,-48,6.20955420717959,-6.35681640717959
109.127805948257,954.75094500078,814.374326196154,63.3,-49,0.0184053071795862,-6.26478
109.478163957596,955.205271917405,813.999018568904,63.3,-49,0.116585307179586,-6.1666
109.804734945297,955.62525256089,813.691744595281,63.3,-48,0.220895307179586,-6.06229
110.251039981842,956.172711731392,813.294131891688,63.3,-48,0.380425307179586,-5.90276
110.477725028992,956.434197439564,813.106139111678,63.3,-49,0.460195307179586,-5.82299
110.841499090195,956.853818050648,812.804456676418,63.3,-49,0.613595307179586,-5.66959
111.069585084915,957.156298825904,812.588737714091,63.3,-49,0.668815307179586,-5.61437
111.512382984161,957.771335329232,812.151187769264,63.3,-49,0.797665307179586,-5.48552
111.902866125107,958.28482317865,811.785269158107,63.3,-49,0.877435307179586,-5.40575
112.28685593605,958.75470225842,811.449641243986,63.3,-49,1.04924530717959,-5.23394
112.520342111588,959.04041366579,811.245561667293,63.3,-49,1.12900530717959,-5.15418
112.886821985245,959.466767478771,810.870909916703,63.3,-49,1.24559530717959,-5.03759
113.450706005096,960.125509788242,810.312013740837,63.3,-50,1.43580530717959,-4.84738
113.736180067062,960.465633573842,810.065562257979,63.3,-50,1.52170530717959,-4.76148
113.947772979736,960.717732773219,809.882892817779,63.3,-50,1.57693530717959,-4.70625
114.261203050613,961.072889874693,809.625583436343,63.3,-50,1.66897530717959,-4.61421
114.533123016357,961.349563301672,809.425198638127,63.3,-50,1.75487530717959,-4.52831
115.126583099365,961.990333244682,808.961877514862,63.3,-50,1.95122530717959,-4.33196
115.297232151031,962.20138247058,808.809797925611,63.3,-50,2.00644530717959,-4.27674
115.642354011536,962.628209931904,808.502231078481,63.3,-50,2.09848530717959,-4.1847
116.037686109543,963.155428840122,808.126269068918,63.3,-51,2.22120530717959,-4.06198
116.277964115143,963.488701571487,807.889837366824,63.3,-51,2.28869530717959,-3.99449
116.678766965866,964.062268783813,807.476521896023,63.3,-52,2.39300530717959,-3.89018
116.978559970856,964.554009562913,807.100071306734,63.3,-52,2.52186530717959,-3.76132
117.191267967224,964.902907616283,806.832973511766,63.3,-52,2.60163530717959,-3.68155
117.603368997574,965.522003224755,806.361349444674,63.3,-52,2.72434530717959,-3.55884
117.939423084259,965.938045391301,806.048371313318,63.3,-52,2.84706530717959,-3.43612
118.246581077576,966.318313574533,805.762305056165,63.3,-53,2.93297530717959,-3.35021
118.596388101578,966.712534016757,805.467513404949,63.3,-53,3.04341530717959,-3.23977
119.027744054794,967.196617570605,805.105625699645,63.3,-54,3.18454530717959,-3.09864
119.247931957245,967.456811205219,804.913468821916,63.3,-54,3.25817530717959,-3.02501
119.749828100204,968.060856807251,804.469246150804,63.3,-54,3.46679530717959,-2.81639
120.072322130203,968.432166466971,804.196763468502,63.3,-54,3.60178530717959,-2.6814
120.250987052917,968.628355203374,804.053136874267,63.3,-54,3.64473530717959,-2.63845
120.707424163818,969.129560580874,803.686212540573,63.3,-55,3.77972530717959,-2.50346
121.324638128281,970.134987497362,802.870166501418,63.3,-56,4.00675530717959,-2.27643
121.686929941177,970.658363225349,802.454799016109,63.3,-56,4.13561530717959,-2.14757
122.001697063446,970.981413776146,802.219781705432,63.3,-56,4.35036530717959,-1.93282
122.313199043274,971.301113258838,801.987202276417,63.3,-56,4.46695530717959,-1.81623
122.481578111649,971.489961084809,801.849514884058,63.3,-57,4.53444530717959,-1.74874
122.850938081741,971.920162854471,801.535583862953,63.3,-57,4.63875530717959,-1.64443
123.358778953552,972.491594616989,801.120567019081,63.3,-57,4.82283530717959,-1.46035
123.725505113602,972.874707184467,800.845329716837,63.3,-57,5.02532530717959,-1.25786
124.026391029358,973.189079494327,800.619433860503,63.3,-58,5.19099530717959,-1.09219
124.367552995682,973.547138868021,800.360491268456,63.3,-58,5.28302530717959,-1.00016
124.703335046768,973.899551864712,800.105632042475,63.3,-58,5.54687430717959,-0.736311
125.201588153839,974.32242090346,799.840936116725,63.3,-59,5.84139930717959,-0.441786
125.58301615715,974.616059876754,799.67241689463,63.3,-59,6.08070030717959,-0.202485
125.93036699295,975.001971354883,799.399822373815,63.3,-60,6.26477750717959,-0.0184078000000003
126.255212068558,975.399886869402,799.107686703366,63.3,-60,0.208625307179586,0.208625307179586
126.595119953156,975.805626849932,798.809972750863,63.3,-59,0.355885307179586,0.355885307179586
126.628911018372,975.842198710141,798.783198341274,63.3,-59,0.337475307179586,0.337475307179586
127.249305009842,976.513647277549,798.291628077716,63.3,-60,0.760855307179586,0.760855307179586
127.535827159882,976.97105248258,798.152316900581,63.3,-60,0.742445307179586,0.742445307179586
127.899376153946,977.692438835337,798.059524465164,63.3,-60,1.03083530717959,1.03083530717959
128.250710964203,978.369068033288,797.950812153891,63.3,-60,1.16582530717959,1.16582530717959
128.540282964706,978.731549927344,797.680120610365,63.3,-60,1.39285530717959,1.39285530717959
129.136239051819,979.424455422021,797.545824532196,63.3,-61,1.59533530717959,1.59533530717959
129.240885972977,979.504510883989,797.853578726154,63.3,-61,1.64442530717959,1.64442530717959
129.669701099396,979.83255678027,799.114673196283,63.3,-61,1.92054530717959,1.92054530717959
130.1435110569,980.36952352878,799.27133906129,63.3,-61,2.12302530717959,2.12302530717959
130.365101099014,980.660261763646,799.063866486456,63.3,-61,2.17825530717959,2.17825530717959
130.803698062897,981.269771823023,798.629349908789,63.3,-62,2.40528530717959,2.40528530717959
131.139605998993,981.774702796829,798.269845554953,63.3,-62,2.58322530717959,2.58322530717959
131.47255897522,982.270548114236,797.916843164096,63.3,-62,2.71207530717959,2.71207530717959
131.757969141006,982.633583712117,797.658836732898,63.3,-62,2.89001530717959,2.89001530717959
132.042478084564,982.995472974689,797.401644992831,63.3,-63,3.03114530717959,3.03114530717959
