3.98315095901489,1084.69168914255,783.889943160746,63.3,-66,2.39914530717959,2.39914530717959
4.34766793251038,1084.86019112061,783.406393252329,63.3,-66,2.31324530717959,2.31324530717959
4.75457191467285,1085.04486968811,782.878660254882,63.3,-65,2.13530530717959,2.13530530717959
4.98274397850037,1085.13952390907,782.604071960548,63.3,-65,2.14757530717959,2.14757530717959
5.30722093582153,1085.27346894462,782.215169478025,63.3,-65,2.08621530717959,2.08621530717959
5.6128089427948,1085.41203750091,781.811444675915,63.3,-65,1.61988530717959,1.61988530717959
5.89999079704285,1085.55528644706,781.39274847045,63.3,-65,1.91440530717959,1.91440530717959
6.20403385162354,1085.70596977374,780.938847185562,63.3,-65,1.76100530717959,1.76100530717959
6.50806283950806,1085.84888653947,780.400527368006,63.3,-64,1.74873530717959,1.74873530717959
6.77677989006042,1085.97520400685,779.924731574211,63.3,-65,1.60147530717959,1.60147530717959
7.06912994384766,1086.09018449044,779.518776422315,63.3,-65,1.50943530717959,1.50943530717959
7.30854797363281,1086.17545735389,779.230554143859,63.3,-64,1.51557530717959,1.51557530717959
7.60306286811829,1086.28041613802,778.87678105769,63.3,-64,1.40512530717959,1.40512530717959
8.05563688278198,1086.44257686075,778.344053053769,63.3,-64,1.42353530717959,1.42353530717959
8.34342098236084,1086.5463475425,778.004259142814,63.3,-64,1.31308530717959,1.31308530717959
8.58798885345459,1086.64406869812,777.700346348844,63.3,-64,1.21491530717959,1.21491530717959
8.73554396629334,1086.70302679462,777.516986668741,63.3,-63,1.12287530717959,1.12287530717959
9.1883008480072,1086.8838466141,776.94978366357,63.3,-64,1.15968530717959,1.15968530717959
9.366868019104,1086.95505526707,776.720442691584,63.3,-63,1.13514530717959,1.13514530717959
9.75879383087158,1087.11134664442,776.217076669347,63.3,-64,1.00015530717959,1.00015530717959
10.0004789829254,1087.06088438346,775.982195086492,63.3,-63,1.02469530717959,1.02469530717959
10.3163969516754,1086.94885835506,775.698862589679,63.3,-64,0.957205307179586,0.957205307179586
10.6416659355164,1086.95806044166,775.320182575311,63.3,-64,0.926525307179586,0.926525307179586
10.9184429645538,1087.07632296452,774.920849456476,63.3,-63,0.766995307179586,0.766995307179586
11.0391719341278,1087.12790857685,774.746662038823,63.3,-64,0.785395307179586,0.785395307179586
11.5360288619995,1087.3352058235,774.053314394809,63.3,-64,0.834485307179587,0.834485307179587
11.8780958652496,1087.47649853842,773.582663489267,63.3,-63,0.699495307179586,0.699495307179586
12.2697668075562,1087.64375951984,773.044240211169,63.3,-63,0.681085307179586,0.681085307179586
12.5645048618317,1087.76971704021,772.639076853975,63.3,-64,0.546095307179586,0.546095307179586
12.7735989093781,1087.86141987314,772.336805544445,63.3,-63,0.515415307179587,0.515415307179587
13.1572778224945,1088.03025048948,771.778609319163,63.3,-64,0.681085307179586,0.681085307179586
13.1877038478851,1088.0436388839,771.734343940111,63.3,-64,0.607455307179587,0.607455307179587
13.7514100074768,1088.21792460265,770.48481660875,63.3,-64,0.711765307179586,0.711765307179586
14.0330359935761,1088.29788301359,769.813956733174,63.3,-64,0.435655307179586,0.435655307179586
14.3092110157013,1088.43948778035,769.435950675221,63.3,-64,0.472465307179586,0.472465307179586
14.6755390167236,1088.6273171892,768.934550503262,63.3,-64,0.417245307179586,0.417245307179586
14.9873189926147,1088.78308173597,768.497188570451,63.3,-64,0.411105307179586,0.411105307179586
15.1981928348541,1088.88797571166,768.200188770708,63.3,-64,0.294525307179586,0.294525307179586
15.8266599178314,1089.20401142439,767.30264118482,63.3,-65,0.227025307179586,0.227025307179586
16.2136390209198,1089.39769299898,766.75178310583,63.3,-65,0.165665307179586,0.165665307179586
16.5046517848969,1089.52933902379,766.378140711893,63.3,-64,0.227025307179586,0.227025307179586
16.8271639347076,1089.67523448863,765.964055054335,63.3,-65,0.159535307179587,0.159535307179587
17.1360340118408,1089.72,765.573750399566,63.3,-65,0.0674953071795859,0.0674953071795859
17.3889048099518,1089.72,765.256627556773,63.3,-65,0.0490853071795865,0.0490853071795865
17.6794989109039,1089.73415605543,764.885735572579,63.3,-66,0.0490853071795865,0.0490853071795865
17.9638729095459,1089.88805580447,764.458866268668,63.3,-65,6.17887430717959,-0.104311
18.3806538581848,1090.1128900312,763.835337580346,63.3,-65,6.12978730717959,-0.153398
18.699798822403,1090.27643960233,763.382850433554,63.3,-65,6.09297130717959,-0.190214
18.9589579105377,1090.40924870938,763.015411904035,63.3,-65,6.07456430717959,-0.208621
19.2581989765167,1090.55915314677,762.598748316081,63.3,-65,5.98866130717959,-0.294524
19.8199899196625,1090.83899629649,761.821409863032,63.3,-65,5.93957330717959,-0.343612
20.1283957958221,1091.0059185255,761.376869611047,63.3,-65,5.87821430717959,-0.404971
20.450042963028,1091.18000749803,760.91324318946,63.3,-64,5.81071930717959,-0.472466
20.7148208618164,1091.15960187893,760.660029300713,63.3,-65,5.71254430717959,-0.570641
21.0764119625092,1091.09548837927,760.342667477385,63.3,-64,5.78003930717959,-0.503146
21.4099118709564,1091.20002094655,759.907028259872,63.3,-64,5.64504930717959,-0.638136
21.6880419254303,1091.33563643896,759.501414650746,63.3,-65,5.68186530717959,-0.60132
22.0378749370575,1091.51118200721,758.972643367047,63.3,-64,5.44256430717959,-0.840621
22.3324677944183,1091.66224153886,758.515268674,63.3,-64,5.48551530717959,-0.79767
22.6002609729767,1091.79457369688,758.113534969567,63.3,-64,5.47937930717959,-0.803806
22.8793659210205,1091.91355419094,757.748149710419,63.3,-63,5.45483530717959,-0.82835
23.6422128677368,1092.24902574689,756.741703341701,63.3,-63,5.33211730717959,-0.951068
23.9744398593903,1092.39981862571,756.299834511944,63.3,-62,5.27689530717959,-1.00629
24.3733379840851,1092.87075480501,755.870334034306,63.3,-62,5.24007530717959,-1.04311
24.5630209445953,1093.10290649059,755.668962010409,63.3,-62,5.20326530717959,-1.07992
24.9782388210297,1093.43034279132,755.137747007334,63.3,-62,5.16031530717959,-1.12287
25.3910658359528,1093.6420395635,754.552640650874,63.3,-62,5.10508530717959,-1.1781
25.5681319236755,1093.72878723038,754.31282353954,63.3,-61,5.06213530717959,-1.22105
25.8455588817596,1093.86313815927,753.941382736127,63.3,-61,5.06213530717959,-1.22105
26.4041299819946,1094.15328562459,753.144019292787,63.3,-61,5.03145530717959,-1.25173
26.4434778690338,1094.17514198697,753.084278568962,63.3,-61,5.05600530717959,-1.22718
26.9259259700775,1094.43865309121,752.358009952954,63.3,-60,4.98236530717959,-1.30082
27.6385757923126,1094.76668209024,751.413383007222,63.3,-60,4.90873530717959,-1.37445
27.9233889579773,1094.79018988768,751.319743614081,63.3,-60,4.84124530717959,-1.44194
28.2990989685059,1094.82699803548,751.180965624146,63.3,-60,4.88419530717959,-1.39899
28.4129478931427,1094.88179316391,751.024094999321,63.3,-60,4.85351530717959,-1.42967
28.9589188098907,1095.14456724455,750.271810345608,63.3,-59,4.82283530717959,-1.46035
29.1695477962494,1095.3587692176,749.664378608713,63.3,-60,4.77988530717959,-1.5033
29.6325058937073,1095.91263184917,748.095760512891,63.3,-59,4.73079530717959,-1.55239
29.9047977924347,1096.1019059261,747.54743328201,63.3,-59,4.70011530717959,-1.58307
30.2744159698486,1096.27984871963,747.019705797223,63.3,-59,4.76147530717959,-1.52171
30.5025568008423,1096.3871283081,746.702480146872,63.3,-59,4.72466530717959,-1.55852
30.8681199550629,1096.54798284089,746.230975297637,63.3,-59,4.70625530717959,-1.57693
31.2418999671936,1096.70636951158,745.905765509809,63.3,-59,4.73079530717959,-1.55239
31.568295955658,1096.82306758922,746.179108314738,63.3,-59,4.68784530717959,-1.59534
32.1998059749603,1097.12427321197,745.988966548043,63.3,-58,4.62648530717959,-1.6567
32.4852328300476,1097.29702747226,745.553939910775,63.3,-58,4.57739530717959,-1.70579
32.6684188842773,1097.40690238061,745.277284739532,63.3,-58,4.58967530717959,-1.69351
33.0953419208527,1097.65605216924,744.650156491087,63.3,-58,4.54058530717959,-1.7426
33.4547049999237,1097.87807540679,744.090393726756,63.3,-57,4.49149530717959,-1.79169
33.5927228927612,1097.97169757561,743.853768284384,63.3,-57,4.52831530717959,-1.75487
34.0514769554138,1098.28288585285,743.067255167981,63.3,-57,4.47308530717959,-1.8101
34.324560880661,1098.43636233658,742.673207889155,63.3,-58,4.46695530717959,-1.81623
34.7256729602814,1098.65704277359,742.105507464948,63.3,-57,4.44854530717959,-1.83464
35.3110649585724,1099.04676636672,739.897063481371,63.3,-57,4.42400530717959,-1.85918
35.5987319946289,1099.22756280808,738.959145326489,63.3,-57,4.37491530717959,-1.90827
36.1135048866272,1099.49154490862,738.22732828111,63.3,-57,4.38718530717959,-1.896
36.2333660125732,1099.55047819091,738.065431518391,63.3,-57,4.32582530717959,-1.95736
36.5822088718414,1099.69454265749,737.686392939077,63.3,-57,4.31968530717959,-1.9635
37.1335909366608,1099.92832661844,737.056836363153,63.3,-57,4.36877530717959,-1.91441
37.322881937027,1100.01164776165,736.82535981216,63.3,-56,4.30741530717959,-1.97577
37.8898909091949,1100.26757378138,736.123214865178,63.3,-57,4.33196530717959,-1.95122
38.0822048187256,1100.35705277941,735.881365916228,63.3,-57,4.23992530717959,-2.04326
38.4329400062561,1100.51494797712,735.448721062845,63.3,-57,4.26446530717959,-2.01872
39.3148047924042,1100.84206601575,734.482154450565,63.3,-57,4.26446530717959,-2.01872
39.5262517929077,1100.94049462664,734.22680251147,63.3,-57,4.28900530717959,-1.99418
39.8888440132141,1101.11192798739,733.783975230681,63.3,-57,4.28287530717959,-2.00031
40.2676889896393,1101.33856816309,733.23248413649,63.3,-57,4.25219530717959,-2.03099
40.8050518035889,1101.62941370929,732.525189047437,63.3,-57,4.27673530717959,-2.00645
41.13028383255,1101.78142932902,732.155880512433,63.3,-57,4.25219530717959,-2.03099
41.4525918960571,1101.93998168915,731.777145571135,63.3,-57,4.21537530717959,-2.06781
41.8153538703918,1102.12813111333,731.335235641516,63.3,-57,4.22765530717959,-2.05553
42.1990909576416,1102.35620158916,730.845787343824,63.3,-57,4.19697530717959,-2.08621
42.4774088859558,1102.55488619418,730.465611993831,63.3,-57,4.19697530717959,-2.08621
43.2264959812164,1103.00438231636,729.538975699577,63.3,-57,4.12947530717959,-2.15371
43.4877548217773,1103.14114112145,729.238466219982,63.3,-57,4.10493530717959,-2.17825
43.8751518726349,1103.37653924656,728.73735786275,63.3,-58,4.12334530717959,-2.15984
44.0708289146423,1103.49619299627,728.482963586196,63.3,-58,4.07425530717959,-2.20893
44.6776959896088,1103.88405511258,727.668280744317,63.3,-58,4.08038530717959,-2.2028
45.1005969047546,1104.16072778513,727.092629496045,63.3,-58,4.00062530717959,-2.28256
45.4393508434296,1104.38588849004,726.631500372406,63.3,-58,3.98834530717959,-2.29484
45.7500689029694,1104.59241449409,726.208535116105,63.3,-58,3.92085530717959,-2.36233
46.0383789539337,1104.72816969964,725.782500934216,63.3,-58,3.94539530717959,-2.33779
46.5079979896545,1104.94554578303,725.086293644908,63.3,-58,3.85949530717959,-2.42369
46.9233570098877,1105.23302719375,724.517895366329,63.3,-58,3.81654530717959,-2.46664
47.4108510017395,1105.57862155344,723.856577158037,63.3,-58,3.72450530717959,-2.55868
47.888365983963,1105.91186250802,723.216278466736,63.3,-58,3.71223530717959,-2.57095
47.981645822525,1105.97695923504,723.091199755534,63.3,-58,3.62633530717959,-2.65685
48.36048579216,1106.22526507251,722.615557372101,63.3,-58,3.58951530717959,-2.69367
48.92915391922,1106.57831845661,721.942132155801,63.3,-58,3.57110530717959,-2.71208
49.3260538578033,1106.80541239759,721.522272427706,63.3,-58,3.48520530717959,-2.79798
49.4286909103394,1106.86413816317,721.413698047161,63.3,-58,3.50361530717959,-2.77957
50.0378389358521,1107.31045005431,720.594175838047,63.3,-58,3.44838530717959,-2.8348
50.4108319282532,1107.61757575265,720.031751902961,63.3,-58,3.34407530717959,-2.93911
51.079197883606,1108.06394674068,719.249593203804,63.3,-58,3.23976530717959,-3.04342
51.3738579750061,1108.27328469746,718.888405001021,63.3,-58,3.20908530717959,-3.0741
51.5772268772125,1108.42254931716,718.632560205505,63.3,-58,3.22749530717959,-3.05569
52.141988992691,1108.84432919256,717.915830575013,63.3,-58,3.09250530717959,-3.19068
52.2582368850708,1108.93417427985,717.765702332384,63.3,-58,3.13545530717959,-3.14773
52.5817618370056,1109.18421862002,717.347886305904,63.3,-58,3.04955530717959,-3.23363
53.2724118232727,1109.74312069326,716.414516660651,63.3,-57,3.00046530717959,-3.28272
53.635146856308,1110.04636136346,715.916981784531,63.3,-57,2.89615530717959,-3.38703
53.8397488594055,1110.22876642527,715.6365680328,63.3,-57,2.87774530717959,-3.40544
54.2096259593964,1110.55851615529,715.129639343357,63.3,-57,2.82252530717959,-3.46066
54.9496619701386,1111.14151974941,714.171212830722,63.3,-56,2.77343530717959,-3.50975
55.1023600101471,1111.25878503127,713.974687938234,63.3,-56,2.77343530717959,-3.50975
55.423229932785,1111.50213978656,713.557793316469,63.3,-56,2.73048530717959,-3.5527
55.9826037883759,1111.92679745808,712.836424503285,63.3,-56,2.62617530717959,-3.65701
56.3868730068207,1112.23488179358,712.330358103002,63.3,-56,2.60163530717959,-3.68155
56.4620850086212,1112.29219914187,712.236207311221,63.3,-56,2.61390530717959,-3.66928
57.1385939121246,1112.78346287036,711.432929000999,63.3,-56,2.49732530717959,-3.78586
57.4275097846985,1112.98869097022,711.098083153849,63.3,-55,2.50959530717959,-3.77359
57.8197088241577,1113.17618664744,710.724214261965,63.3,-56,2.40528530717959,-3.8779
57.9145629405975,1113.21874331119,710.636263823532,63.3,-56,2.39914530717959,-3.88404
58.8856599330902,1113.86787436381,709.554186771902,63.3,-55,2.31324530717959,-3.96994
59.0559279918671,1114.00368114334,709.345743942123,63.3,-55,2.29483530717959,-3.98835
59.3089909553528,1114.22557921816,709.010126476392,63.3,-55,2.28869530717959,-3.99449
59.8407299518585,1114.70107964644,708.293020425097,63.3,-55,2.22120530717959,-4.06198
60.2781858444214,1115.09650804184,707.706412119529,63.3,-55,2.22120530717959,-4.06198
60.4810190200806,1115.28035130175,707.434814343542,63.3,-54,2.17825530717959,-4.10493
60.9119479656219,1115.66903896498,706.861011471898,63.3,-54,2.15984530717959,-4.12334
61.1463339328766,1115.87862253395,706.552017318186,63.3,-54,2.14143530717959,-4.14175
61.5092868804932,1116.20316830357,706.073531595686,63.3,-54,2.09234530717959,-4.19084
61.8155288696289,1116.43826353796,705.71554848018,63.3,-53,2.08007530717959,-4.20311
62.6145918369293,1117.04623091802,704.792569322818,63.3,-53,2.00644530717959,-4.27674
62.9981420040131,1117.38372257894,704.303431408923,63.3,-53,1.97576530717959,-4.30742
63.2181749343872,1117.57733292122,704.022825486184,63.3,-53,1.95122530717959,-4.33196
63.7990019321442,1118.09434874567,703.270803009597,63.3,-53,1.88372530717959,-4.39946
63.9180698394775,1118.20050563831,703.116316794775,63.3,-53,1.91440530717959,-4.36878
64.4691109657288,1118.6994059685,702.39569988373,63.3,-53,1.87759530717959,-4.40559
64.853777885437,1119.05130713438,701.889954746609,63.3,-53,1.82236530717959,-4.46082
65.1979320049286,1119.35459045234,701.460327464672,63.3,-53,1.83464530717959,-4.44854
65.5421328544617,1119.64992465198,701.046443621523,63.3,-53,1.79782530717959,-4.48536
65.8410329818726,1119.90792525624,700.69084238239,63.3,-53,1.79782530717959,-4.48536
66.5561668872833,1120.5790263824,699.973603053807,63.3,-53,1.74260530717959,-4.54058
66.7896938323975,1120.79506707999,699.713028108159,63.3,-53,1.76714530717959,-4.51604
67.2291169166565,1121.19558830169,699.171823807347,63.3,-53,1.74260530717959,-4.54058
67.4956748485565,1121.43854801946,698.8435244887,63.3,-53,1.73646530717959,-4.54672
68.0673458576202,1121.97309467309,698.137522768198,63.3,-53,1.69965530717959,-4.58353
68.2506008148193,1122.14492266782,697.911139385143,63.3,-53,1.69351530717959,-4.58967
68.7555558681488,1122.57339023964,697.360909627859,63.3,-53,1.67510530717959,-4.60808
69.1284499168396,1122.87511942395,696.97858155184,63.3,-53,1.67510530717959,-4.60808
69.2924048900604,1123.00778445443,696.810478602261,63.3,-53,1.66897530717959,-4.61421
69.7482199668884,1123.32746428435,696.40798543256,63.3,-53,1.60147530717959,-4.68171
70.1332008838654,1123.59604367381,696.069916455034,63.3,-53,1.61988530717959,-4.6633
70.4629240036011,1123.9686507939,695.539676830601,63.3,-53,1.60147530717959,-4.68171
70.8442168235779,1124.45006042593,694.841210575013,63.3,-53,1.59533530717959,-4.68785
71.2292230129242,1124.89732518375,694.223577664881,63.3,-53,1.62601530717959,-4.65717
71.6794209480286,1125.3147106733,693.739701696186,63.3,-53,1.60761530717959,-4.67557
72.0129549503326,1125.62393522094,693.381216958977,63.3,-54,1.57079530717959,-4.71239
72.134920835495,1125.73735472557,693.254077852104,63.3,-54,1.60147530717959,-4.68171
72.4301807880402,1126.01217401837,692.949159303426,63.3,-54,1.58920530717959,-4.69398
72.9868009090424,1126.52767585531,692.378464411094,63.3,-54,1.55852530717959,-4.72466
73.2580568790436,1126.76394922422,692.124257039479,63.3,-53,1.57079530717959,-4.71239
73.5420529842377,1127.01131969328,691.858110257715,63.3,-54,1.55852530717959,-4.72466
73.968169927597,1127.37720659702,691.466459975998,63.3,-54,1.50943530717959,-4.77375
74.2911419868469,1127.63477299138,691.19838758397,63.3,-54,1.49102530717959,-4.79216
74.7462649345398,1127.99772815506,690.820627670191,63.3,-53,1.48489530717959,-4.79829
75.092710018158,1128.22161083288,690.598109528217,63.3,-53,1.45421530717959,-4.82897
75.5792219638824,1128.50480293844,690.324357159507,63.3,-54,1.43580530717959,-4.84738
75.8794989585876,1128.72371405151,690.111713298627,63.3,-54,1.44807530717959,-4.83511
76.2189648151398,1129.06762558073,689.775850762653,63.3,-54,1.41126530717959,-4.87192
76.6202988624573,1129.4742155316,689.378776746803,63.3,-54,1.38058530717959,-4.9026
76.8677129745483,1129.73359111675,689.128948699433,63.3,-54,1.41126530717959,-4.87192
77.3332409858704,1130.23016381933,688.653944306154,63.3,-54,1.38671530717959,-4.89647
77.625864982605,1130.54230204811,688.355363596406,63.3,-54,1.36831530717959,-4.91487
78.2470498085022,1131.13909585793,687.8045756187,63.3,-54,1.36217530717959,-4.92101
78.6188299655914,1131.50693957917,687.467218316422,63.3,-54,1.31308530717959,-4.9701
79.0241799354553,1131.9733870906,687.050648360675,63.3,-54,1.31308530717959,-4.9701
79.2132749557495,1132.19098400239,686.856319237467,63.3,-54,1.31308530717959,-4.9701
79.6311149597168,1132.69814888829,686.384537139225,63.3,-54,1.25786530717959,-5.02532
80.2303709983826,1133.46963432419,685.63694726992,63.3,-54,1.22718530717959,-5.056
80.443755865097,1133.72374053764,685.406622705194,63.3,-54,1.20877530717959,-5.07441
80.7835028171539,1134.10629034035,685.078267457865,63.3,-55,1.21491530717959,-5.06827
81.2877388000488,1134.65936973898,684.606299138462,63.3,-55,1.19036530717959,-5.09282
81.4391407966614,1134.81117407479,684.479508017076,63.3,-55,1.14128530717959,-5.1419
82.3308188915253,1135.72141810003,683.720790566427,63.3,-55,1.09832530717959,-5.18486
82.6207928657532,1136.02867263645,683.46573626308,63.3,-55,1.04924530717959,-5.23394
82.9713819026947,1136.40163138441,683.158194551034,63.3,-55,1.05537530717959,-5.22781
83.4196839332581,1136.89063701861,682.771722356263,63.3,-56,1.00629530717959,-5.27689
83.5259640216827,1137.00656681258,682.680100422313,63.3,-55,1.01242530717959,-5.27076
83.8652729988098,1137.38915793471,682.370851895714,63.3,-56,0.981745307179586,-5.30144
84.4929239749908,1138.16213200016,681.71124735986,63.3,-56,0.877435307179586,-5.40575
84.736799955368,1138.44047958013,681.485725206794,63.3,-56,0.816075307179586,-5.46711
85.3092257976532,1139.02839933015,681.047897910609,63.3,-57,0.822215307179587,-5.46097
85.6384098529816,1139.3708560124,680.795258298967,63.3,-56,0.754715307179586,-5.52847
86.1855130195618,1139.94591225771,680.374211369927,63.3,-56,0.717905307179587,-5.56528
86.4587178230286,1140.21842428025,680.174418684363,63.3,-57,0.662675307179586,-5.62051
86.7853457927704,1140.53426493482,679.942670604078,63.3,-56,0.638135307179586,-5.64505
87.2619907855988,1141.00004640949,679.604340504099,63.3,-56,0.558365307179586,-5.72482
87.4349548816681,1141.1729185553,679.481455484789,63.3,-56,0.558365307179586,-5.72482
87.8392980098724,1141.57704672874,679.194183650654,63.3,-57,0.533825307179586,-5.74936
88.3268849849701,1141.95416007457,678.848763855778,63.3,-56,0.429515307179586,-5.85367
88.5789568424225,1142.13385800252,678.670326965918,63.3,-56,0.460195307179586,-5.82299
88.9976689815521,1142.54056256582,678.354079076829,63.3,-56,0.349745307179586,-5.93344
89.0980908870697,1142.65463441822,678.275199604421,63.3,-57,0.312935307179586,-5.97025
89.6118478775024,1143.23915096313,677.871795793797,63.3,-57,0.233165307179586,-6.05002
89.8518598079681,1143.5170254297,677.684076154157,63.3,-57,0.227025307179586,-6.05616
90.3899648189545,1144.1400653146,677.264161460314,63.3,-57,0.202485307179586,-6.0807
90.690701007843,1144.48857300738,677.035570393011,63.3,-57,0.147265307179587,-6.13592
91.1015667915344,1144.96470422006,676.723269275012,63.3,-57,0.116585307179586,-6.1666
91.3041169643402,1145.19750116385,676.574132412119,63.3,-57,0.0736353071795861,-6.20955
91.7857058048248,1145.74959283611,676.223074120519,63.3,-57,0.0368153071795865,-6.24637
92.1767249107361,1146.36152212559,675.699821697977,63.3,-57,6.25864160717959,-6.30772900717959
92.4033918380737,1146.78630459099,675.294532674489,63.3,-57,6.24023380717959,-6.32613680717959
92.7344698905945,1147.40413688736,674.706550404903,63.3,-57,6.19114650717959,-6.37522410717959
93.1724758148193,1147.90664944137,674.408995218427,63.3,-56,6.12978730717959,-6.43658330717959
93.3731238842011,1148.13684763784,674.272686848154,63.3,-57,6.09910730717959,-6.46726330717959
93.9967370033264,1148.9016722398,673.832653174384,63.3,-56,6.02547630717959,-6.54089430717959
94.2886497974396,1149.26585974077,673.624808988995,63.3,-56,5.96411730717959,-6.60225330717959
94.5938858985901,1149.63910968832,673.421550050165,63.3,-56,5.92116630717959,-6.64520430717959
94.9977998733521,1150.13302528129,673.152580797905,63.3,-56,5.87821430717959,-6.68815630717959
95.2705709934235,1150.45422037091,672.979342877201,63.3,-56,5.85367030717959,-6.71270030717959
95.5433149337769,1150.77335831426,672.807499369243,63.3,-56,5.82299130717959,-6.74337930717959
95.9807698726654,1151.20312146511,672.620364490425,63.3,-56,5.75549630717959,-6.81087430717959
96.2859578132629,1151.41004068806,672.589935192933,63.3,-56,5.73095230717959,-6.83541830717959
96.5809888839722,1151.62043408118,672.552171206954,63.3,-56,5.68800030717959,-6.87837030717959
96.8737518787384,1152.02308126152,672.35849791321,63.3,-56,5.62664130717959,-6.93972930717959
97.2175159454346,1152.49587199885,672.131085568555,63.3,-56,5.58982630717959,-6.97654430717959
97.8697409629822,1153.32039209397,671.736897818943,63.3,-57,5.49778730717959,-7.06858330717959
98.2230398654938,1153.69575544219,671.558134161506,63.3,-56,5.44869930717959,-7.11767130717959
98.5675020217896,1153.99793172947,671.414829346481,63.3,-56,5.39347630717959,-7.17289430717959
98.8634748458862,1154.09387239496,671.201989818507,63.3,-56,5.35052530717959,-7.21584530717959
99.2393238544464,1153.48607978362,670.531872710585,63.3,-56,5.29530130717959,-7.27106930717959
99.616888999939,1153.35364311251,670.040163435331,63.3,-56,5.24007530717959,-7.32629530717959
99.6567227840424,1153.50238862767,670.050044387409,63.3,-56,5.25848530717959,-7.30788530717959
100.280515909195,1155.82308892058,670.202776954419,63.3,-56,5.18485530717959,-7.38151530717959
100.358952999115,1155.90022729109,670.172234329339,63.3,-56,5.11735530717959,-7.44901530717959
100.934221982956,1156.46597127857,669.948230291051,63.3,-56,5.08054530717959,-7.48582530717959
101.239214897156,1156.30956555746,669.56844145896,63.3,-56,4.98236530717959,-7.58400530717959
101.384109973907,1156.13626091266,669.331385462681,63.3,-56,5.00691530717959,-7.55945530717959
101.74883890152,1155.74251478149,668.753361675673,63.3,-56,4.92101530717959,-7.64535530717959
102.154690980911,1156.2895157455,668.543491918053,63.3,-57,4.90873530717959,-7.65763530717959
102.276283979416,1156.4533968509,668.480615085777,63.3,-57,4.85965530717959,-7.70671530717959
102.820506811142,1157.14714530089,668.220059410557,63.3,-57,4.81056530717959,-7.75580530717959
103.098987817764,1157.49183808174,668.092140089666,63.3,-57,4.73693530717959,-7.82943530717959
103.310148000717,1157.92260583353,668.192677297899,63.3,-57,4.68784530717959,-7.87852530717959
103.585734844208,1158.640892398,668.505897340766,63.3,-57,4.65102530717959,-7.91534530717959
104.068180799484,1159.58318268051,668.353144563703,63.3,-57,4.58967530717959,-7.97669530717959
104.558765888214,1160.00140508515,666.996619957691,63.3,-57,4.50376530717959,-8.06260530717959
104.935276985168,1160.42784318547,666.724328986736,63.3,-56,4.44854530717959,-8.11782530717959
105.229539871216,1160.77583196785,666.618718437664,63.3,-57,4.45467530717959,-8.11169530717959
105.660279989243,1161.33008473046,666.447005836738,63.3,-57,4.30741530717959,-8.25895530717959
105.858507871628,1161.59253702948,666.365165872527,63.3,-57,4.29514530717959,-8.27122530717959
106.353072881699,1162.23010142584,666.173161153293,63.3,-57,4.19697530717959,-8.36939530717959
106.729121923447,1162.70692003765,666.032794325995,63.3,-57,4.12334530717959,-8.44302530717959
107.158715009689,1163.432999652,665.798696779188,63.3,-57,4.11106530717959,-8.45530530717959
107.570274829865,1164.09675061801,665.591069155963,63.3,-57,4.00062530717959,-8.56574530717959
107.871714830399,1164.51313514117,665.473880522123,63.3,-57,3.93926530717959,-8.62710530717959
108.283294916153,1165.04235658747,665.326039249744,63.3,-57,3.89631530717959,-8.67005530717959
108.57750582695,1165.36083143593,665.238877712273,63.3,-57,3.85949530717959,-8.70687530717959
109.000360965729,1165.84564782749,665.107354850626,63.3,-57,3.79200530717959,-8.77436530717959
109.628623962402,1166.63882332687,664.895658055963,63.3,-57,3.64473530717959,-8.92163530717959
109.917783975601,1166.99300953321,664.80258121569,63.3,-57,3.60792530717959,-8.95844530717959
110.287634849548,1167.44388738164,664.684745381395,63.3,-57,3.52815530717959,-9.03821530717959
110.7290828228,1167.95241974858,664.560872112525,63.3,-57,3.42384530717959,-9.14252530717959
110.984841823578,1168.25910736942,664.486146263988,63.3,-57,3.39930530717959,-9.16706530717959
111.3414478302,1168.75676920037,664.36477771542,63.3,-58,3.29499530717959,-9.27137530717959
111.801934957504,1169.43689121805,664.201725382456,63.3,-58,3.23976530717959,-9.32660530717959
111.911192893982,1169.61428359688,664.160333827394,63.3,-58,3.19067530717959,-9.37569530717959
112.503512859344,1170.54711272605,663.945738419565,63.3,-57,3.09864530717959,-9.46772530717959
112.90051984787,1171.12173804067,663.819086309402,63.3,-58,3.01273530717959,-9.55363530717959
113.544210910797,1172.07859123505,663.610012006832,63.3,-57,2.90842530717959,-9.65794530717959
113.928026914597,1172.60787853988,663.527998002944,63.3,-57,2.83479530717959,-9.73157530717959
114.059844970703,1172.77685116484,663.512227224615,63.3,-57,2.83479530717959,-9.73157530717959
114.636683940887,1173.48192414563,663.423480062073,63.3,-57,2.71821530717959,-9.84815530717959
114.822271823883,1173.69023972416,663.384283841375,63.3,-57,2.68139530717959,-9.88497530717959
115.196375846863,1174.1188061527,663.305034208347,63.3,-58,2.64458530717959,-9.92178530717959
115.750375986099,1174.78947156911,663.186681487805,63.3,-58,2.49732530717959,-10.0690453071796
116.107585906982,1175.2393888632,663.111685210236,63.3,-58,2.47891530717959,-10.0874553071796
116.495762825012,1175.73140224942,663.030420077905,63.3,-58,2.39300530717959,-10.1733653071796
116.721009969711,1176.06908339527,662.977056444471,63.3,-59,2.28256530717959,-10.2838053071796
117.216881990433,1176.79231319472,662.860266022247,63.3,-59,2.23347530717959,-10.3328953071796
117.798978805542,1177.29790066269,662.739256562699,63.3,-58,2.16598530717959,-10.4003853071796
118.095346927643,1177.6283008302,662.684014583795,63.3,-58,2.08007530717959,-10.4862953071796
118.52347278595,1178.14660893073,662.607792804305,63.3,-58,1.98190530717959,-10.5844653071796
118.767838954926,1178.51579797522,662.559550348091,63.3,-58,1.96963530717959,-10.5967353071796
119.009766817093,1178.90526109371,662.510242173456,63.3,-59,1.93895530717959,-10.6274153071796
119.626002788544,1179.86598229439,662.393009578142,63.3,-59,1.84077530717959,-10.7255953071796
119.797479867935,1180.12731245267,662.361991886459,63.3,-59,1.84691530717959,-10.7194553071796
120.152589797974,1180.63338067626,662.30558371673,63.3,-59,1.71805530717959,-10.8483153071796
120.782073020935,1181.46819913216,662.217394555071,63.3,-59,1.64442530717959,-10.9219453071796
121.262247800827,1182.07902035499,662.148953140947,63.3,-59,1.57079530717959,-10.9955753071796
121.550185918808,1182.45522552649,662.118708248065,63.3,-59,1.57079530717959,-10.9955753071796
121.80877494812,1182.79522703754,662.093876677034,63.3,-59,1.46648530717959,-11.0998853071796
122.168334960938,1183.26289420834,662.062165187068,63.3,-59,1.44194530717959,-11.1244253071796
122.774398803711,1184.03128666522,662.016238883402,63.3,-59,1.29467530717959,-11.2716953071796
122.992071866989,1184.28846112135,662.004023096736,63.3,-59,1.25172530717959,-11.3146453071796
123.509966850281,1184.90725407506,661.975742852672,63.3,-59,1.19036530717959,-11.3760053071796
123.677109003067,1185.11190185371,661.967176201472,63.3,-59,1.14128530717959,-11.4250853071796
124.170348882675,1185.77355497601,661.985318412268,63.3,-60,1.04310530717959,-11.5232653071796
124.436969995499,1186.22925123012,662.068862725522,63.3,-60,1.06151530717959,-11.5048553071796
125.117321968079,1187.26128205728,662.154043123373,63.3,-60,0.809945307179587,-11.7564253071796
125.593239784241,1187.94106514593,662.133489950677,63.3,-60,0.724035307179586,-11.8423353071796
125.886808872223,1188.39573184477,662.118634504082,63.3,-60,0.650405307179586,-11.9159653071796
126.28864979744,1188.98782410552,662.09634066227,63.3,-60,0.589045307179586,-11.9773253071796
126.416575908661,1189.16920712054,662.088783036644,63.3,-60,0.521555307179586,-12.0448153071796
126.912364006042,1189.87076139129,662.059361637945,63.3,-60,0.404975307179586,-12.1613953071796
127.37270283699,1190.51981288301,662.031826120115,63.3,-60,0.294525307179586,-12.2718453071796
127.456487894058,1190.62636663088,662.026871266836,63.3,-60,0.245435307179586,-12.3209353071796
128.090023994446,1191.14951822696,661.990791846416,63.3,-60,0.0736353071795861,-12.4927353071796
128.46453499794,1191.63975004305,661.972235565501,63.3,-60,6.27704938717959,-12.5725065343592
129.136093854904,1192.62596369471,661.934094754789,63.3,-60,6.02547630717959,-12.8240796143592
129.344155788422,1192.95454982665,661.920058065658,63.3,-60,5.98252530717959,-12.8670306143592
129.655409812927,1193.42867795711,661.900303707993,63.3,-60,5.93343730717959,-12.9161186143592
130.181310892105,1194.20330152729,661.868911898931,63.3,-60,5.78617530717959,-13.0633806143592
130.571276903152,1194.78375184847,661.846172607998,63.3,-60,5.65732130717959,-13.1922346143592
130.87762093544,1195.23166623007,661.810666753985,63.3,-60,5.59596230717959,-13.2535936143592
131.246387958527,1195.74357809316,661.708284381369,63.3,-60,5.46710730717959,-13.3824486143592
131.612722873688,1196.25708479756,661.638299116883,63.3,-60,5.36893230717959,-13.4806236143592
131.935063838959,1196.71612766319,661.622691659452,63.3,-59,5.25234530717959,-13.5972106143592
132.325841903687,1197.2598987665,661.603982277346,63.3,-59,5.13576530717959,-13.7137906143592
133.070333003998,1198.27937881866,661.567720967993,63.3,-59,4.92714530717959,-13.9224106143592
133.434787988663,1198.8105588829,661.548177550535,63.3,-60,4.85351530717959,-13.9960406143592
133.572569847107,1199.01137099825,661.540789180253,63.3,-59,4.74306530717959,-14.1064906143592
134.111989974976,1199.82184840434,661.505389040985,63.3,-59,4.63262530717959,-14.2169306143592
134.526290893555,1200.46752248279,661.420594298933,63.3,-59,4.55285530717959,-14.2967006143592
134.813774824142,1200.92631618845,661.333688183534,63.3,-58,4.43627530717959,-14.4132806143592
135.193037986755,1201.535242387,661.2871132765,63.3,-58,4.41172530717959,-14.4378306143592
135.262784957886,1201.64754164695,661.284439484596,63.3,-58,4.33809530717959,-14.5114606143592
135.871768951416,1202.64569126125,661.258471165965,63.3,-58,4.19083530717959,-14.6587206143592
136.117071866989,1203.05585138287,661.246806061588,63.3,-58,4.14174530717959,-14.7078106143592
136.405501842499,1203.52767934162,661.234369410804,63.3,-58,4.03130530717959,-14.8182506143592
136.897566795349,1204.31954612351,661.214754362078,63.3,-58,3.91471530717959,-14.9348406143592
137.177316904068,1204.7021174171,661.205597198001,63.3,-58,3.86563530717959,-14.9839206143592
137.50489282608,1205.14434763398,661.195043976916,63.3,-57,3.74291530717959,-15.1066406143592
137.752759933472,1205.52937178681,661.206063496152,63.3,-57,3.73677530717959,-15.1127806143592
138.328702926636,1206.4490923316,661.240646260401,63.3,-57,3.54656530717959,-15.3029906143592
138.700256824493,1206.9839303641,661.239057632582,63.3,-57,3.50974530717959,-15.3398106143592
138.8123087883,1207.14522500319,661.238578539594,63.3,-57,3.49133530717959,-15.3582206143592
139.356709957123,1207.93805486208,661.242228670742,63.3,-57,3.37475530717959,-15.4748006143592
139.626209974289,1208.33182709828,661.245029789646,63.3,-57,3.30726530717959,-15.5422906143592
139.848940849304,1208.62335178545,661.249782909545,63.3,-57,3.28271530717959,-15.5668406143592
140.255494832993,1209.15547613911,661.258458850094,63.3,-57,3.21522530717959,-15.6343306143592
141.249519824982,1210.25399266471,661.263513279375,63.3,-57,2.98819530717959,-15.8613606143592
141.604100942612,1210.50535679275,661.23680584077,63.3,-56,2.92683530717959,-15.9227206143592
141.975045919418,1210.98090607062,661.25096049407,63.3,-56,2.86547530717959,-15.9840806143592
142.017224788666,1211.04131958099,661.253825464665,63.3,-56,2.84706530717959,-16.0024906143592
142.673748016357,1211.97712920601,661.301685258249,63.3,-56,2.70594530717959,-16.1436106143592
142.982307910919,1212.41464267202,661.325839647517,63.3,-56,2.65685530717959,-16.1927006143592
143.202186822891,1212.73929827146,661.346145030914,63.3,-56,2.65685530717959,-16.1927006143592
143.6614818573,1213.42603555461,661.390619445441,63.3,-56,2.57708530717959,-16.2724706143592
143.985441923141,1213.89121465653,661.425804493642,63.3,-56,2.46664530717959,-16.3829106143592
144.166077852249,1214.14729780458,661.446077742863,63.3,-56,2.49118530717959,-16.3583706143592
144.699919939041,1214.94199297672,661.473579054308,63.3,-56,2.36233530717959,-16.4872206143592
144.997061014175,1215.40272926614,661.473140257842,63.3,-56,2.28256530717959,-16.5669906143592
145.393173933029,1216.01322525698,661.511173192473,63.3,-56,2.21506530717959,-16.6344906143592
145.788944959641,1216.62202754714,661.561343010829,63.3,-56,2.10462530717959,-16.7449306143592
145.964578866959,1216.86913111447,661.584151092709,63.3,-56,2.11689530717959,-16.7326606143592
146.46143078804,1217.56617976262,661.64871980959,63.3,-55,2.06780530717959,-16.7817506143592
146.703321933746,1217.98774131666,661.692144690713,63.3,-55,1.98803530717959,-16.8615206143592
147.132709980011,1218.74226261232,661.770133026315,63.3,-55,1.90827530717959,-16.9412806143592
147.329520940781,1219.0020492385,661.799298913697,63.3,-55,1.90213530717959,-16.9474206143592
147.721874952316,1219.50499057677,661.856298932034,63.3,-55,1.79168530717959,-17.0578706143592
148.038658857346,1219.9280384338,661.870838089777,63.3,-55,1.69965530717959,-17.1499006143592
148.604252815247,1220.71138728992,661.871679443991,63.3,-55,1.63215530717959,-17.2174006143592
148.8342897892,1221.0491025651,661.90709036605,63.3,-56,1.62601530717959,-17.2235406143592
149.109280824661,1221.45281450593,661.949421326835,63.3,-55,1.66283530717959,-17.1867206143592
149.665782928467,1222.35724300265,662.056170169348,63.3,-55,1.42966530717959,-17.4198906143592
149.726001977921,1222.45773123732,662.068353256206,63.3,-55,1.44194530717959,-17.4076106143592
150.343138933182,1223.43687009188,662.189453516051,63.3,-55,1.25172530717959,-17.5978306143592
150.699277877808,1223.98694206373,662.258018042871,63.3,-55,1.25786530717959,-17.5916906143592
151.018710851669,1224.47284327599,662.318401882842,63.3,-55,1.15968530717959,-17.6898706143592
151.162720918655,1224.69190227068,662.345624748202,63.3,-55,1.16582530717959,-17.6837306143592
151.447319984436,1225.1224050079,662.388249809451,63.3,-54,1.01856530717959,-17.8309906143592
151.962555885315,1225.89842967703,662.449875297882,63.3,-55,0.914255307179586,-17.9353006143592
152.302774906158,1226.50114091819,662.522136910182,63.3,-54,0.883575307179586,-17.9659806143592
152.828977823257,1227.4028276838,662.62872794539,63.3,-54,0.846755307179587,-18.0028006143592
153.036008834839,1227.73575425689,662.666907598268,63.3,-54,0.766995307179586,-18.0825606143592
153.615897893906,1228.61761276153,662.770652234561,63.3,-54,0.619725307179587,-18.2298306143592
153.803289890289,1228.88703789382,662.803196656481,63.3,-54,0.497005307179586,-18.3525506143592
154.145890951157,1229.39418363076,662.865228416315,63.3,-54,0.546095307179586,-18.3034606143592
154.535116910934,1229.99918260229,662.940714526524,63.3,-53,0.460195307179586,-18.3893606143592
154.702391862869,1230.25918883091,662.973155670646,63.3,-54,0.478605307179587,-18.3709506143592
155.309889793396,1231.33214694769,663.01173823159,63.3,-54,0.263845307179587,-18.5857106143592
155.592780828476,1231.81465964692,663.048962496963,63.3,-53,0.263845307179587,-18.5857106143592
155.880657911301,1232.28664799744,663.107216914999,63.3,-53,0.227025307179586,-18.6225306143592
156.196842908859,1232.80170380012,663.170549257237,63.3,-53,0.147265307179587,-18.7022906143592
156.641127824783,1233.50895321606,663.256335991948,63.3,-54,0.0490853071795865,-18.8004706143592
156.90562081337,1233.93369223691,663.308075463017,63.3,-54,6.28318530717959,-18.8495559215388
157.376268863678,1234.70022191988,663.402083820363,63.3,-54,6.24636980717959,-18.8863714215388
157.713533878326,1235.23709573078,663.468221155573,63.3,-53,6.17887430717959,-18.9538669215388
158.037604808807,1235.74927500766,663.531405888795,63.3,-53,6.08070030717959,-19.0520409215388
158.249857902527,1236.08142710812,663.572137436129,63.3,-53,6.05615630717959,-19.0765849215388
158.606750011444,1236.63538982953,663.639731052594,63.3,-53,5.97638930717959,-19.1563519215388
158.968001842499,1237.19078775123,663.707642133106,63.3,-53,5.92116630717959,-19.2115749215388
159.087265968323,1237.37111910686,663.729773708569,63.3,-53,5.92116630717959,-19.2115749215388
159.588317871094,1238.12721267398,663.822633342741,63.3,-53,5.81071930717959,-19.3220219215388
159.874274015427,1238.54268763239,663.874364048346,63.3,-53,5.77390330717959,-19.3588379215388
160.340095996857,1239.22586212233,663.959268205806,63.3,-53,5.66959330717959,-19.4631479215388
160.553862810135,1239.55451005953,663.999740590665,63.3,-53,5.65118530717959,-19.4815559215388
160.942089796066,1240.15137538271,664.073243449908,63.3,-53,5.56528230717959,-19.5674589215388
161.137548923492,1240.44610079839,664.109359281435,63.3,-53,5.54687430717959,-19.5858669215388
161.559314966202,1241.08022755463,664.187007455669,63.3,-53,5.51005930717959,-19.6226819215388
161.911653995514,1241.6886028677,664.312956969007,63.3,-53,5.47937930717959,-19.6533619215388
162.152404785156,1242.11526440769,664.407533610371,63.3,-53,5.43642830717959,-19.6963129215388
162.501799821854,1242.66156960961,664.504698258008,63.3,-53,5.38120430717959,-19.7515369215388
162.819759845734,1243.11235805868,664.567620812357,63.3,-53,5.39347630717959,-19.7392649215388
162.994382858276,1243.36055482081,664.60217790407,63.3,-53,5.36893230717959,-19.7638089215388
163.479672908783,1244.06293473898,664.698217607166,63.3,-53,5.29530130717959,-19.8374399215388
163.610953807831,1244.25294289396,664.724198314073,63.3,-52,5.25848530717959,-19.8742559215388
164.137521982193,1244.97184794798,664.824802592706,63.3,-52,5.19712530717959,-19.9356159215388
164.44438290596,1245.41911930167,664.887132848958,63.3,-53,5.13576530717959,-19.9969759215388
164.793200016022,1245.98366843923,664.965143275238,63.3,-52,5.10508530717959,-20.0276559215388
164.917549848557,1246.18492459521,664.992953216793,63.3,-53,5.08054530717959,-20.0521959215388
165.406307935715,1247.02215913006,665.085173858007,63.3,-53,5.04372530717959,-20.0890159215388
165.596210002899,1247.35148931185,665.119514270125,63.3,-53,5.03759530717959,-20.0951459215388
166.059584856033,1248.03262112014,665.218928176507,63.3,-53,4.97623530717959,-20.1565059215388
166.397902965546,1248.51124149612,665.294275557813,63.3,-53,4.95782530717959,-20.1749159215388
166.638039827347,1248.87711723074,665.350695647731,63.3,-53,4.92101530717959,-20.2117259215388
166.862628936768,1249.21930420187,665.403462797485,63.3,-53,4.85351530717959,-20.2792259215388
167.203494787216,1249.7353389924,665.483553270235,63.3,-53,4.83510530717959,-20.2976359215388
167.46848487854,1250.13159431264,665.545821963414,63.3,-53,4.85965530717959,-20.2730859215388
168.061009883881,1250.98037451163,665.677763919718,63.3,-54,4.77988530717959,-20.3528559215388
168.339005947113,1251.35808324578,665.735651888755,63.3,-54,4.73693530717959,-20.3958059215388
168.571934938431,1251.67768839159,665.771426918612,63.3,-54,4.73079530717959,-20.4019459215388
169.011187791824,1252.2874091053,665.81034526204,63.3,-54,4.64489530717959,-20.4878459215388
169.337902784348,1252.7553592506,665.86638921676,63.3,-54,4.61421530717959,-20.5185259215388
169.473686933517,1252.95388652331,665.897271236959,63.3,-54,4.60807530717959,-20.5246659215388
169.785856962204,1253.41030404181,665.968269517616,63.3,-54,4.63262530717959,-20.5001159215388
170.083933830261,1253.82662445021,666.033723849608,63.3,-53,4.55285530717959,-20.5798859215388
170.577476978302,1254.51582860139,666.142234403584,63.3,-53,4.55899530717959,-20.5737459215388
170.686569929123,1254.67274164513,666.166936556015,63.3,-54,4.54058530717959,-20.5921559215388
171.004314899445,1255.12976778708,666.238884235788,63.3,-53,4.50376530717959,-20.6289759215388
171.436420917511,1255.73432737183,666.33401399286,63.3,-53,4.47308530717959,-20.6596559215388
171.658232927322,1256.03751725515,666.381703234924,63.3,-53,4.46081530717959,-20.6719259215388
171.866868019104,1256.32269590344,666.426559459812,63.3,-54,4.35650530717959,-20.7762359215388
172.144901990891,1256.77912983504,666.515479246809,63.3,-53,4.31968530717959,-20.8130559215388
172.578538894653,1257.5079483909,666.660625315137,63.3,-53,4.31968530717959,-20.8130559215388
172.82950091362,1257.83029202354,666.713713251374,63.3,-53,4.30741530717959,-20.8253259215388
173.035389900208,1258.08570742717,666.754458089573,63.3,-53,4.23378530717959,-20.8989559215388
173.324913978577,1258.44879070563,666.811949251857,63.3,-53,4.25219530717959,-20.8805459215388
173.83104801178,1259.12146307381,666.914344934569,63.3,-53,4.20310530717959,-20.9296359215388
173.974213838577,1259.31317564086,666.943428063544,63.3,-54,4.21537530717959,-20.9173659215388
174.319339990616,1259.80223818573,667.015768564973,63.3,-54,4.12947530717959,-21.0032659215388
174.483847856522,1260.03535478694,667.050250395569,63.3,-54,4.18469530717959,-20.9480459215388
174.934305906296,1260.62893984618,667.138628089372,63.3,-53,4.12334530717959,-21.0093959215388
175.336809873581,1261.13908138359,667.214862723615,63.3,-54,4.04357530717959,-21.0891659215388
175.764064788818,1262.20945567596,667.372987770312,63.3,-54,4.02516530717959,-21.1075759215388
176.133678913116,1263.0167206246,667.490831073221,63.3,-54,3.98834530717959,-21.1443959215388
176.507425785065,1263.47979597533,667.553638994355,63.3,-54,4.00062530717959,-21.1321159215388
176.825018882751,1263.88863725932,667.609846490823,63.3,-54,3.96380530717959,-21.1689359215388
177.057498931885,1264.21946041896,667.656823379493,63.3,-54,3.94539530717959,-21.1873459215388
177.24041390419,1264.47975161087,667.693784728744,63.3,-54,3.93312530717959,-21.1996159215388
177.637807846069,1265.04445843957,667.77273803544,63.3,-54,3.90858530717959,-21.2241559215388
177.821431875229,1265.30500708135,667.808563473686,63.3,-54,3.94539530717959,-21.1873459215388
178.221287965775,1265.89437243445,667.89054524061,63.3,-54,3.89017530717959,-21.2425659215388
178.634557008743,1266.57138142325,667.98752220387,63.3,-54,3.84722530717959,-21.2855159215388
178.907349824905,1267.03457217024,668.042884361881,63.3,-54,3.85949530717959,-21.2732459215388
179.152288913727,1267.47253177878,668.080889121299,63.3,-54,3.86563530717959,-21.2671059215388
179.439956903458,1267.98689214803,668.125523698796,63.3,-54,3.88403530717959,-21.2487059215388
179.773809909821,1268.44966138916,668.189248521612,63.3,-54,3.84108530717959,-21.2916559215388
180.153565883636,1268.95801674822,668.263338611176,63.3,-54,3.79813530717959,-21.3346059215388
180.198153972626,1269.0188627748,668.272182157164,63.3,-54,3.79813530717959,-21.3346059215388
180.718789815903,1269.74495587691,668.377391565838,63.3,-54,3.76745530717959,-21.3652859215388
180.904933929443,1270.00564497277,668.41532909989,63.3,-54,3.77972530717959,-21.3530159215388
181.229692935944,1270.47281426705,668.485173222103,63.3,-54,3.77972530717959,-21.3530159215388
181.51393699646,1270.88170237945,668.546304019106,63.3,-54,3.76745530717959,-21.3652859215388
181.710654973984,1271.19394694832,668.593183472568,63.3,-54,3.74904530717959,-21.3836959215388
182.051991939545,1271.76276701319,668.678749567796,63.3,-55,3.74904530717959,-21.3836959215388
182.355811834335,1272.27341141754,668.761154884287,63.3,-55,3.75518530717959,-21.3775559215388
182.698956012726,1272.86610833893,668.877161375739,63.3,-54,3.74291530717959,-21.3898259215388
183.040719985962,1273.43475782897,668.983326182021,63.3,-55,3.73677530717959,-21.3959659215388
183.303249835968,1273.81620542119,669.040917289081,63.3,-55,3.77359530717959,-21.3591459215388
183.780272006989,1274.51422192701,669.145552549294,63.3,-55,3.77972530717959,-21.3530159215388
183.927179813385,1274.73387521295,669.177768364566,63.3,-55,3.81654530717959,-21.3161959215388
184.28477191925,1275.26853897936,669.256185716973,63.3,-55,3.79813530717959,-21.3346059215388
184.479869842529,1275.56320989676,669.298047587608,63.3,-55,3.81040530717959,-21.3223359215388
184.917472839355,1276.2288987894,669.390468472703,63.3,-55,3.85335530717959,-21.2793859215388
185.126127004623,1276.5401614081,669.432326710217,63.3,-55,3.85335530717959,-21.2793859215388
185.493800878525,1277.07225934019,669.500196344412,63.3,-56,3.86563530717959,-21.2671059215388
185.730517864227,1277.41196149485,669.541878870938,63.3,-56,3.87176530717959,-21.2609759215388
185.901953935623,1277.61198876713,669.539853278308,63.3,-56,3.87176530717959,-21.2609759215388
186.380750894547,1278.17063694945,669.534196081525,63.3,-56,3.90244530717959,-21.2302959215388
186.656664848328,1278.59960330541,669.578788398816,63.3,-56,3.92085530717959,-21.2118859215388
186.973850011826,1279.1006090039,669.633571264913,63.3,-56,3.95153530717959,-21.1812059215388
187.202256917953,1279.45586852489,669.67265853881,63.3,-57,3.94539530717959,-21.1873459215388
187.446403980255,1279.83094198376,669.71413300782,63.3,-56,3.98221530717959,-21.1505259215388
187.882360935211,1280.47557293444,669.783943168025,63.3,-56,4.01289530717959,-21.1198459215388
188.061072826386,1280.71576580412,669.80849035141,63.3,-56,3.98834530717959,-21.1443959215388
188.300717830658,1281.03785417162,669.841407074682,63.3,-57,3.98221530717959,-21.1505259215388
188.719779968262,1281.61388410881,669.900677402718,63.3,-57,4.07425530717959,-21.0584859215388
188.956021785736,1281.94179131643,669.934514635845,63.3,-57,4.11720530717959,-21.0155359215388
189.420794963837,1282.58701889115,669.978315858272,63.3,-57,4.11106530717959,-21.0216759215388
189.674299955368,1282.9389805764,669.996288369859,63.3,-57,4.19697530717959,-20.9357659215388
189.881405830383,1283.23230218375,670.018375424685,63.3,-57,4.21537530717959,-20.9173659215388
190.230179786682,1283.73703321224,670.069363559196,63.3,-57,4.24605530717959,-20.8866859215388
190.41007399559,1283.99736855966,670.095662742251,63.3,-57,4.24605530717959,-20.8866859215388
190.72612786293,1284.47828521457,670.144613685331,63.3,-57,4.31968530717959,-20.8130559215388
191.34389591217,1285.42700103791,670.241004912482,63.3,-57,4.34423530717959,-20.7885059215388
191.76059794426,1286.06696011289,670.305616165244,63.3,-57,4.38104530717959,-20.7516959215388
191.905778884888,1286.28457041842,670.32759161226,63.3,-57,4.46695530717959,-20.6657859215388
192.247149944305,1286.78877643728,670.378516420165,63.3,-57,4.43013530717959,-20.7026059215388
192.646637916565,1287.36044734307,670.437645964091,63.3,-57,4.49763530717959,-20.6351059215388
192.773751020432,1287.53311804189,670.456226832769,63.3,-57,4.49763530717959,-20.6351059215388
193.129391908646,1288.01622134778,670.50821294938,63.3,-57,4.53444530717959,-20.5982959215388
193.411377906799,1288.41868500511,670.547487569798,63.3,-57,4.57739530717959,-20.5553459215388
193.841293811798,1289.03711521927,670.606881362643,63.3,-57,4.58353530717959,-20.5492059215388
194.128943920136,1289.46545219215,670.648443927237,63.3,-57,4.64489530717959,-20.4878459215388
194.440440893173,1289.93112170985,670.693680394671,63.3,-58,4.67557530717959,-20.4571659215388
194.765806913376,1290.41484857086,670.741758749943,63.3,-57,4.70625530717959,-20.4264859215388
194.901395797729,1290.61565936635,670.762032916795,63.3,-57,4.72466530717959,-20.4080759215388
195.4055519104,1291.36931897327,670.837548591609,63.3,-57,4.73693530717959,-20.3958059215388
195.70233297348,1291.82483629679,670.882224329109,63.3,-58,4.75534530717959,-20.3773959215388
195.903169870377,1292.13309277647,670.912457176154,63.3,-57,4.76147530717959,-20.3712659215388
196.248622894287,1292.79060624161,670.929167466973,63.3,-57,4.81669530717959,-20.3160459215388
196.564186811447,1293.41095785125,670.938962492388,63.3,-57,4.83510530717959,-20.2976359215388
196.833653926849,1293.8470331827,670.970499266574,63.3,-57,4.82283530717959,-20.3099059215388
197.108935832977,1294.2617054858,671.010340330989,63.3,-57,4.85351530717959,-20.2792259215388
197.506531953812,1294.87829711303,671.06876667446,63.3,-57,4.86578530717959,-20.2669559215388
197.642853021622,1295.09571530576,671.089099301742,63.3,-57,4.91487530717959,-20.2178659215388
198.060408830643,1295.74538027818,671.149668912122,63.3,-57,4.94555530717959,-20.1871859215388
198.388348817825,1296.19836971206,671.191231860179,63.3,-57,4.97009530717959,-20.1626459215388
198.653366804123,1296.5644438484,671.224820105678,63.3,-57,4.97009530717959,-20.1626459215388
198.857343912125,1296.87185002157,671.254429665557,63.3,-57,4.97623530717959,-20.1565059215388
199.352015972137,1297.62934846905,671.327994418628,63.3,-57,5.00077530717959,-20.1319659215388
