1.31102085113525,1083.16168765434,787.519133929982,63.3,-56,2.43596530717959,2.43596530717959
1.58798384666443,1083.25640314953,787.24603758553,63.3,-57,2.39914530717959,2.39914530717959
1.87075996398926,1083.35686247771,786.952620928616,63.3,-57,2.36233530717959,2.36233530717959
2.1570258140564,1083.48281296549,786.561387225952,63.3,-56,2.29483530717959,2.29483530717959
2.49427795410156,1083.6311962656,786.100471599968,63.3,-56,2.23961530717959,2.23961530717959
2.70169687271118,1083.79025483081,785.799571868832,63.3,-56,2.24574530717959,2.24574530717959
3.07280087471008,1084.13077778042,785.246838965115,63.3,-56,2.17825530717959,2.17825530717959
3.33660387992859,1084.36266793789,784.85388636576,63.3,-56,2.13530530717959,2.13530530717959
3.60970878601074,1084.50164823508,784.446711657236,63.3,-56,2.08621530717959,2.08621530717959
3.74722480773926,1084.57162873393,784.241687709231,63.3,-56,2.05553530717959,2.05553530717959
3.94622588157654,1084.6728983478,783.944995110778,63.3,-55,2.07394530717959,2.07394530717959
4.38377094268799,1084.87657693273,783.35956955285,63.3,-56,1.98190530717959,1.98190530717959
4.67126989364624,1085.0070620023,782.98669858131,63.3,-56,1.95122530717959,1.95122530717959
4.87036395072937,1085.09313310543,782.738765259409,63.3,-56,1.90827530717959,1.90827530717959
5.26692080497742,1085.25683293292,782.263471277514,63.3,-55,1.90213530717959,1.90213530717959
5.51541686058044,1085.36345743593,781.953437265844,63.3,-56,1.85304530717959,1.85304530717959
5.65244889259338,1085.43181027189,781.753651691017,63.3,-55,1.81623530717959,1.81623530717959
5.96902680397034,1085.58972224129,781.292097563321,63.3,-56,1.77328530717959,1.77328530717959
6.35911297798157,1085.77886876711,780.664260977225,63.3,-56,1.64442530717959,1.64442530717959
6.64894080162048,1085.9151099047,780.151086025621,63.3,-56,1.58920530717959,1.58920530717959
7.02924180030823,1086.07597763968,779.566795577868,63.3,-55,1.55852530717959,1.55852530717959
7.17657089233398,1086.12845143858,779.38943413761,63.3,-56,1.53398530717959,1.53398530717959
7.55954694747925,1086.26485497044,778.928390199911,63.3,-55,1.48489530717959,1.48489530717959
7.96450781822205,1086.40992462157,778.451321706165,63.3,-55,1.41126530717959,1.41126530717959
8.09763193130493,1086.45762400707,778.294620391598,63.3,-55,1.34376530717959,1.34376530717959
8.43578100204468,1086.58325152264,777.889487764596,63.3,-54,1.30081530717959,1.30081530717959
8.82713794708252,1086.73962469119,777.403167210413,63.3,-55,1.23945530717959,1.23945530717959
9.0258629322052,1086.81902856018,777.156221177845,63.3,-55,1.17196530717959,1.17196530717959
9.44295978546143,1086.98539898675,776.622714987498,63.3,-54,1.09832530717959,1.09832530717959
9.62821698188782,1087.05927547441,776.384781747951,63.3,-54,1.11673530717959,1.11673530717959
10.0144438743591,1087.05593236591,775.969670608783,63.3,-54,1.06151530717959,1.06151530717959
10.1566278934479,1087.00551323014,775.842152211223,63.3,-55,1.01856530717959,1.01856530717959
10.4951429367065,1086.89545344153,775.531585545779,63.3,-55,0.975615307179586,0.975615307179586
10.6839499473572,1086.97612774275,775.259175321985,63.3,-55,0.987885307179586,0.987885307179586
11.0940430164337,1087.15135413752,774.667494195642,63.3,-54,0.889705307179586,0.889705307179586
11.3633918762207,1087.26389713783,774.29084608572,63.3,-55,0.877435307179586,0.877435307179586
11.8915839195251,1087.48214150638,773.564111487799,63.3,-55,0.809945307179587,0.809945307179587
12.0625178813934,1087.5551908384,773.329136136485,63.3,-55,0.766995307179586,0.766995307179586
12.3432378768921,1087.67515768367,772.94324278421,63.3,-55,0.736315307179586,0.736315307179586
12.6924569606781,1087.8257149002,772.454855111226,63.3,-54,0.766995307179586,0.766995307179586
13.0145878791809,1087.96746249084,771.986202139671,63.3,-55,0.736315307179586,0.736315307179586
13.2371549606323,1088.06539890656,771.662399865189,63.3,-55,0.711765307179586,0.711765307179586
13.5801088809967,1088.17155268066,770.902896094936,63.3,-54,0.644275307179586,0.644275307179586
13.905690908432,1088.25968907934,770.108276879414,63.3,-55,0.619725307179587,0.619725307179587
14.1783359050751,1088.37238345146,769.615081953174,63.3,-55,0.613595307179586,0.613595307179586
14.5262398719788,1088.55076620205,769.138899110629,63.3,-55,0.601325307179586,0.601325307179586
14.832592010498,1088.70611662674,768.715109779717,63.3,-55,0.546095307179586,0.546095307179586
15.2273290157318,1088.90246878399,768.159152671616,63.3,-55,0.527685307179587,0.527685307179587
15.6864478588104,1089.13307717115,767.50443046839,63.3,-55,0.497005307179586,0.497005307179586
16.1285610198975,1089.35674528607,766.86815354146,63.3,-55,0.454055307179586,0.454055307179586
16.4421429634094,1089.50106178347,766.458398173399,63.3,-55,0.460195307179586,0.460195307179586
16.7426598072052,1089.63700718783,766.072553128667,63.3,-55,0.441785307179586,0.441785307179586
17.0349140167236,1089.72,765.700564015667,63.3,-55,0.429515307179586,0.429515307179586
17.1994788646698,1089.72,765.494184818091,63.3,-55,0.368155307179586,0.368155307179586
17.6012859344482,1089.72,764.99028242535,63.3,-55,0.337475307179586,0.337475307179586
17.9842019081116,1089.89905761121,764.428350731002,63.3,-55,0.312935307179586,0.312935307179586
18.2999088764191,1090.06991438231,763.954448002746,63.3,-55,0.282255307179586,0.282255307179586
18.5136959552765,1090.18106901054,763.646709070842,63.3,-55,0.257705307179586,0.257705307179586
18.9514558315277,1090.40540418122,763.026048431967,63.3,-55,0.196345307179587,0.196345307179587
19.2339668273926,1090.54715208407,762.632184610212,63.3,-56,0.141125307179586,0.141125307179586
19.7018678188324,1090.77888180423,761.986559862112,63.3,-56,0.104315307179586,0.104315307179586
19.9004828929901,1090.88256247848,761.705386241525,63.3,-56,0.0920353071795859,0.0920353071795859
20.3489949703217,1091.12531607519,761.058895083969,63.3,-56,0.0245453071795865,0.0245453071795865
20.5136568546295,1091.19527014754,760.836587230337,63.3,-56,0.0245453071795865,0.0245453071795865
21.036248922348,1091.10260966366,760.377917835128,63.3,-56,6.27704938717959,-0.00613592000000018
21.3341548442841,1091.16308201704,760.017509239943,63.3,-56,6.20341830717959,-0.0797670000000004
21.6733667850494,1091.32848087861,759.522816281238,63.3,-56,6.16660230717959,-0.116583
21.9883909225464,1091.48580789556,759.049470538454,63.3,-56,6.09910730717959,-0.184078
22.2630848884583,1091.62666379481,758.622990176825,63.3,-56,6.06229230717959,-0.220893
22.4859168529511,1091.74092621276,758.277028966923,63.3,-56,6.04388430717959,-0.239301
22.8873329162598,1091.91695046548,757.737719860857,63.3,-56,5.98252530717959,-0.30066
23.1715948581696,1092.03812935007,757.365583415271,63.3,-56,5.93343730717959,-0.349748
23.7151038646698,1092.28210988377,756.644756795141,63.3,-56,5.81685530717959,-0.46633
23.9263229370117,1092.37797907194,756.363831022514,63.3,-56,5.80458330717959,-0.478602
24.1826999187469,1092.63743417312,756.072720020616,63.3,-56,5.76163230717959,-0.521553
24.674115896225,1093.23887484648,755.551020919684,63.3,-56,5.70027230717959,-0.582913
25.040846824646,1093.46244803588,755.049011678596,63.3,-56,5.62664130717959,-0.656544
25.3608980178833,1093.6265695737,754.595397983788,63.3,-56,5.54687430717959,-0.736311
25.7400968074799,1093.81206551752,754.082583569206,63.3,-57,5.49165130717959,-0.791534
25.8810439109802,1093.88032267036,753.893872617234,63.3,-57,5.46097130717959,-0.822214
26.2800109386444,1094.08434187708,753.332465535982,63.3,-56,5.44256430717959,-0.840621
26.7074768543243,1094.32178410484,752.683456780117,63.3,-56,5.43029230717959,-0.852893
26.7783858776093,1094.36117156437,752.575797724052,63.3,-56,5.37506830717959,-0.908117
27.4571378231049,1094.70888505474,751.586022965255,63.3,-56,5.33211730717959,-0.951068
27.8805618286133,1094.78665503886,751.333824095207,63.3,-56,5.30757330717959,-0.975612
28.0048668384552,1094.79691487704,751.292955739775,63.3,-56,5.24621530717959,-1.03697
28.5091028213501,1094.92807222765,750.891604651117,63.3,-56,5.22780530717959,-1.05538
28.753940820694,1095.0459119847,750.55424626095,63.3,-56,5.16031530717959,-1.12287
29.2975468635559,1095.5119016515,749.230685679854,63.3,-55,5.12963530717959,-1.15355
29.440908908844,1095.68341367409,748.74493913016,63.3,-55,5.16644530717959,-1.11674
29.7419528961182,1096.02350860278,747.779937343755,63.3,-55,5.09281530717959,-1.19037
30.0043988227844,1096.14985618034,747.405226528012,63.3,-55,5.12349530717959,-1.15969
30.4953207969666,1096.38394433289,746.711813174222,63.3,-55,5.07440530717959,-1.20878
30.789036989212,1096.51318487677,746.332976829958,63.3,-55,5.03759530717959,-1.24559
31.2636330127716,1096.71413984188,745.923966014251,63.3,-55,5.03759530717959,-1.24559
31.7129068374634,1096.87477107979,746.300213798424,63.3,-55,5.00077530717959,-1.28241
31.972916841507,1096.9869488372,746.334774291778,63.3,-55,5.00077530717959,-1.28241
32.4716229438782,1097.28879010504,745.574683099121,63.3,-55,5.00691530717959,-1.27627
32.7369058132172,1097.44687095201,745.176680920792,63.3,-55,4.97623530717959,-1.30695
32.9774458408356,1097.58724870609,744.823339842243,63.3,-55,4.94555530717959,-1.33763
33.4253058433533,1097.85813297221,744.140797252602,63.3,-55,4.92714530717959,-1.35604
33.7635889053345,1098.08760172649,743.560826224625,63.3,-55,4.99464530717959,-1.28854
34.1438839435577,1098.33695903395,742.928922885161,63.3,-55,4.97009530717959,-1.31309
34.4880428314209,1098.52630544767,742.441829235876,63.3,-55,4.95168530717959,-1.3315
34.8386487960815,1098.72385277493,741.850690711653,63.3,-55,4.97009530717959,-1.31309
34.9983808994293,1098.8330354645,741.190135439782,63.3,-55,4.97623530717959,-1.30695
35.3775329589844,1099.09219965722,739.622192073792,63.3,-55,4.97009530717959,-1.31309
35.6791179180145,1099.26878573423,738.844866214561,63.3,-55,4.95782530717959,-1.32536
35.8543059825897,1099.35862440676,738.595813450136,63.3,-55,4.96396530717959,-1.31922
36.4064409732819,1099.621954362,737.877375247555,63.3,-55,4.97623530717959,-1.30695
36.5583429336548,1099.68468654732,737.71232470481,63.3,-54,4.98236530717959,-1.30082
36.9406719207764,1099.84340851393,737.292749472237,63.3,-54,4.98850530717959,-1.29468
37.3516960144043,1100.02433099468,736.790124205404,63.3,-54,4.97009530717959,-1.31309
37.7240278720856,1100.1904017328,736.331799887929,63.3,-54,4.98236530717959,-1.30082
37.9561870098114,1100.29841974916,736.039842620848,63.3,-54,4.98850530717959,-1.29468
38.4477438926697,1100.52003459345,735.432972898686,63.3,-55,5.00077530717959,-1.28241
38.7583329677582,1100.62675301976,735.102572650827,63.3,-54,5.04986530717959,-1.23332
39.0792768001556,1100.73702934135,734.761157159176,63.3,-54,5.06827530717959,-1.21491
39.4525678157806,1100.90619472408,734.315786258673,63.3,-54,5.08054530717959,-1.20264
39.8072218894959,1101.07128624932,733.887491673196,63.3,-54,5.10508530717959,-1.1781
40.3862369060516,1101.40948825514,733.059911912481,63.3,-54,5.14803530717959,-1.13515
40.7345538139343,1101.59646247868,732.605241154738,63.3,-54,5.13576530717959,-1.14742
40.9478058815002,1101.69613791752,732.363088470973,63.3,-54,5.11122530717959,-1.17196
41.4295349121094,1101.92802299843,731.805233162654,63.3,-54,5.16031530717959,-1.12287
41.9148008823395,1102.17971010826,731.214091130349,63.3,-54,5.16031530717959,-1.12287
42.0946018695831,1102.28160929352,730.988516832591,63.3,-54,5.21553530717959,-1.06765
42.5797607898712,1102.62795280446,730.32580184531,63.3,-54,5.24007530717959,-1.04311
42.7522389888763,1102.75108092291,730.090200926354,63.3,-54,5.24621530717959,-1.03697
43.2002129554749,1102.99062417831,729.569207397654,63.3,-54,5.22780530717959,-1.05538
43.4067258834839,1103.09872563512,729.33166867019,63.3,-54,5.24621530717959,-1.03697
43.8886179924011,1103.38477358876,728.719850935209,63.3,-54,5.26462530717959,-1.01856
44.1996369361877,1103.57495728365,728.315503862157,63.3,-54,5.26462530717959,-1.01856
44.471736907959,1103.74990436161,727.948628436138,63.3,-54,5.25234530717959,-1.03084
45.0570387840271,1104.13177586444,727.151923029626,63.3,-53,5.25848530717959,-1.0247
45.3557238578796,1104.33030386395,726.745337686623,63.3,-53,5.25234530717959,-1.03084
45.6846199035645,1104.5489122904,726.297627629263,63.3,-53,5.25234530717959,-1.03084
46.1107277870178,1104.76165834634,725.675244240738,63.3,-53,5.25848530717959,-1.0247
46.4337170124054,1104.91116279027,725.196414730052,63.3,-53,5.22780530717959,-1.05538
47.043753862381,1105.31860090854,724.354254402968,63.3,-53,5.21553530717959,-1.06765
47.423985004425,1105.58778731316,723.838965805422,63.3,-53,5.24007530717959,-1.04311
47.5719599723816,1105.69105385225,723.64054652675,63.3,-53,5.19099530717959,-1.09219
47.9892690181732,1105.98227919585,723.080977830823,63.3,-53,5.22167530717959,-1.06151
48.4697268009186,1106.2934037525,722.485369000549,63.3,-53,5.22167530717959,-1.06151
48.7796218395233,1106.4866996503,722.116050455377,63.3,-53,5.21553530717959,-1.06765
49.0687649250031,1106.65819958136,721.79444496004,63.3,-52,5.24007530717959,-1.04311
49.5746188163757,1106.94763362402,721.259328532344,63.3,-53,5.21553530717959,-1.06765
49.9397768974304,1107.22970491259,720.742040378816,63.3,-53,5.19099530717959,-1.09219
50.1447379589081,1107.39847164661,720.432986297147,63.3,-53,5.17258530717959,-1.1106
50.6059789657593,1107.74960572281,719.799689985078,63.3,-53,5.18485530717959,-1.09833
50.8040118217468,1107.88115128698,719.569485247784,63.3,-52,5.16031530717959,-1.12287
51.3367049694061,1108.24601588108,718.935144709095,63.3,-52,5.15417530717959,-1.12901
51.7140958309174,1108.52300564111,718.460374541458,63.3,-53,5.12963530717959,-1.15355
51.9247229099274,1108.67759747155,718.195398719812,63.3,-53,5.11735530717959,-1.16583
52.3073348999023,1108.97212090699,717.702294742514,63.3,-53,5.11122530717959,-1.17196
52.7104909420013,1109.28371012424,717.181639211762,63.3,-53,5.08667530717959,-1.19651
53.1542708873749,1109.64605054233,716.576594397495,63.3,-52,5.06213530717959,-1.22105
53.38827085495,1109.83831592432,716.255569471817,63.3,-53,5.02532530717959,-1.25786
53.8196878433228,1110.21088179646,715.664062312906,63.3,-52,5.04372530717959,-1.23946
54.0388629436493,1110.40627894368,715.363675653743,63.3,-53,5.00691530717959,-1.27627
54.8925988674164,1111.09751788939,714.244422821964,63.3,-53,4.98236530717959,-1.30082
55.2881100177765,1111.39966189277,713.733349708284,63.3,-53,4.96396530717959,-1.31922
55.5779659748077,1111.61949497938,713.356750404181,63.3,-53,4.98236530717959,-1.30082
55.7911159992218,1111.78115261187,713.079812328849,63.3,-53,4.95782530717959,-1.32536
56.3762209415436,1112.22676409799,712.34369241609,63.3,-53,4.89646530717959,-1.38672
56.5933668613434,1112.39224604258,712.071867975951,63.3,-53,4.91487530717959,-1.36831
56.9693458080292,1112.66323940703,711.629083072735,63.3,-53,4.85965530717959,-1.42353
57.2162148952484,1112.83860005176,711.342968336605,63.3,-53,4.87805530717959,-1.40513
57.7213640213013,1113.13206387381,710.815401327466,63.3,-53,4.88419530717959,-1.39899
58.1758728027344,1113.33598098476,710.393972631496,63.3,-53,4.89033530717959,-1.39285
58.3541679382324,1113.44395330263,710.204841370357,63.3,-53,4.81056530717959,-1.47262
58.6150479316711,1113.65203268055,709.885471052425,63.3,-53,4.80442530717959,-1.47876
59.0415859222412,1113.9922418264,709.363301560382,63.3,-53,4.80442530717959,-1.47876
59.3441429138184,1114.25701338307,708.96272035742,63.3,-53,4.76147530717959,-1.52171
59.8776159286499,1114.73406443386,708.243275799747,63.3,-53,4.76147530717959,-1.52171
60.1500539779663,1114.98037230639,707.877983312699,63.3,-54,4.72466530717959,-1.55852
60.4877908229828,1115.28648910597,707.425746760777,63.3,-53,4.71852530717959,-1.56466
60.9043529033661,1115.66224760169,706.871024143994,63.3,-54,4.72466530717959,-1.55852
61.2331528663635,1115.9562544082,706.437562757646,63.3,-53,4.70625530717959,-1.57693
61.6148638725281,1116.29241296867,705.940440648311,63.3,-54,4.68784530717959,-1.59534
61.8230509757996,1116.44373087647,705.707118196921,63.3,-54,4.68170530717959,-1.60148
62.1423079967499,1116.67577841305,705.349315866322,63.3,-54,4.70625530717959,-1.57693
62.5313198566437,1116.97295862838,704.898765294605,63.3,-54,4.68784530717959,-1.59534
62.9838218688965,1117.37112207293,704.321693742299,63.3,-54,4.63262530717959,-1.65056
63.4924988746643,1117.82108105417,703.668479413273,63.3,-54,4.57739530717959,-1.70579
63.578871011734,1117.89808751114,703.556414753527,63.3,-54,4.56512530717959,-1.71806
64.0107309818268,1118.28311915828,702.996092382813,63.3,-54,4.55899530717959,-1.72419
64.5273849964142,1118.75271624367,702.319083449799,63.3,-54,4.54671530717959,-1.73647
64.7574779987335,1118.96321002837,702.016566100251,63.3,-54,4.57126530717959,-1.71192
65.0468709468842,1119.22497573253,701.641970628361,63.3,-54,4.54058530717959,-1.7426
65.5140328407288,1119.62581403436,701.080232444799,63.3,-55,4.49149530717959,-1.79169
65.9496698379517,1120.0098730396,700.581885688931,63.3,-55,4.54058530717959,-1.7426
66.2277429103851,1120.27082438123,700.30299394256,63.3,-55,4.51603530717959,-1.76715
66.6873459815979,1120.70178002315,699.83908224372,63.3,-55,4.48535530717959,-1.79783
67.0001080036163,1120.98685341061,699.453876828914,63.3,-55,4.50376530717959,-1.77942
67.3474748134613,1121.30346804475,699.026051304535,63.3,-55,4.53444530717959,-1.74874
67.7722117900848,1121.69636385077,698.50211562661,63.3,-55,4.50376530717959,-1.77942
67.9331560134888,1121.84727230964,698.303293732053,63.3,-55,4.51603530717959,-1.76715
68.4610447883606,1122.33508504761,697.662871686243,63.3,-55,4.46695530717959,-1.81623
68.6668407917023,1122.50160596808,697.451869150037,63.3,-55,4.46081530717959,-1.82237
69.1150867938995,1122.86430658261,696.992282754906,63.3,-55,4.46695530717959,-1.81623
69.4396209716797,1123.11217223722,696.678980025214,63.3,-55,4.45467530717959,-1.82851
69.8887188434601,1123.42548239596,696.28460707937,63.3,-55,4.41786530717959,-1.86532
70.333459854126,1123.8051929859,695.776834036243,63.3,-55,4.43013530717959,-1.85305
70.6838839054108,1124.24762857541,695.13491433006,63.3,-55,4.44240530717959,-1.84078
71.1414108276367,1124.81591314454,694.317958831266,63.3,-56,4.43627530717959,-1.84691
71.6197438240051,1125.25938308585,693.803843096988,63.3,-56,4.44240530717959,-1.84078
71.7514708042145,1125.38150921268,693.662261994139,63.3,-56,4.43013530717959,-1.85305
72.1566169261932,1125.75754880964,693.231672035024,63.3,-55,4.42400530717959,-1.85918
72.7037589550018,1126.26681254189,692.666631798761,63.3,-55,4.41786530717959,-1.86532
73.0942318439484,1126.62125193003,692.277785574081,63.3,-55,4.41786530717959,-1.86532
73.2802329063416,1126.78326531404,692.103474788632,63.3,-55,4.39945530717959,-1.88373
73.6025528907776,1127.06401721266,691.801412806136,63.3,-55,4.38718530717959,-1.896
74.4644968509674,1127.77302144359,691.054500050161,63.3,-55,4.37491530717959,-1.90827
74.779944896698,1128.02458752623,690.792672719413,63.3,-55,4.31968530717959,-1.9635
75.2292149066925,1128.30106850528,690.521300444894,63.3,-55,4.30741530717959,-1.97577
75.3693428039551,1128.38263508268,690.442452753413,63.3,-55,4.33809530717959,-1.94509
75.7030580043793,1128.57688624361,690.254676631176,63.3,-55,4.33196530717959,-1.95122
76.079060792923,1128.92588936398,689.914269748797,63.3,-55,4.29514530717959,-1.98804
76.4481508731842,1129.29981307816,689.549097440694,63.3,-55,4.35036530717959,-1.93282
77.1167747974396,1129.99926213868,688.874816923913,63.3,-55,4.23992530717959,-2.04326
77.3958048820496,1130.29689991739,688.590106846703,63.3,-55,4.28900530717959,-1.99418
77.7237548828125,1130.63699997353,688.267744968242,63.3,-55,4.28287530717959,-2.00031
78.3823919296265,1131.26895517562,687.684784045861,63.3,-55,4.24605530717959,-2.03713
78.6999959945679,1131.60033959161,687.383805632045,63.3,-55,4.27060530717959,-2.01258
78.9396510124207,1131.87611730221,687.137517023179,63.3,-55,4.27673530717959,-2.00645
79.2499039173126,1132.23313396967,686.8186763954,63.3,-55,4.25219530717959,-2.03099
79.5932350158691,1132.64938204556,686.431793504523,63.3,-55,4.20310530717959,-2.08008
80.0766768455505,1133.27176764811,685.828685332142,63.3,-56,4.20924530717959,-2.07394
80.5555889606476,1133.84966287007,685.298539369856,63.3,-55,4.19083530717959,-2.09235
80.9786520004272,1134.32602529635,684.889661620633,63.3,-55,4.13561530717959,-2.14757
81.2939538955688,1134.66560135064,684.60109432645,63.3,-56,4.11720530717959,-2.16598
81.608500957489,1134.98098429726,684.337677888083,63.3,-56,4.14788530717959,-2.1353
82.2742278575897,1135.66145460867,683.77056671194,63.3,-56,4.03743530717959,-2.24575
82.6349198818207,1136.04364153076,683.453310471244,63.3,-56,4.01902530717959,-2.26416
82.9863998889923,1136.41801292947,683.145247846068,63.3,-56,4.00675530717959,-2.27643
83.276704788208,1136.73467607546,682.894981811333,63.3,-56,3.96994530717959,-2.31324
83.7284607887268,1137.22744928297,682.505532018295,63.3,-56,3.92699530717959,-2.35619
83.9688198566437,1137.51667950116,682.262033492345,63.3,-56,3.89631530717959,-2.38687
84.3928389549255,1138.03887380765,681.816427684134,63.3,-56,3.86563530717959,-2.41755
84.7234778404236,1138.42679687417,681.495914798414,63.3,-56,3.85335530717959,-2.42983
85.285071849823,1139.00359160499,681.066372369464,63.3,-56,3.76745530717959,-2.51573
85.4666819572449,1139.19035404317,680.927418936206,63.3,-56,3.78586530717959,-2.49732
86.0438678264618,1139.79703000317,680.4832205609,63.3,-55,3.71836530717959,-2.56482
86.3895947933197,1140.15158412886,680.223462645452,63.3,-55,3.68155530717959,-2.60163
86.8660209178925,1140.61227565859,679.885430235507,63.3,-55,3.64473530717959,-2.63845
87.0517299175262,1140.79185137603,679.753666552835,63.3,-55,3.63860530717959,-2.64458
87.5362238883972,1141.27413372593,679.409507351447,63.3,-56,3.55883530717959,-2.72435
87.7881789207459,1141.52595481528,679.23050199878,63.3,-55,3.53429530717959,-2.74889
88.28679895401,1141.92558339498,678.877139997263,63.3,-56,3.46679530717959,-2.81639
88.6786978244781,1142.20496172663,678.599722215314,63.3,-56,3.46679530717959,-2.81639
88.990523815155,1142.53244618561,678.359691467401,63.3,-56,3.42998530717959,-2.8532
89.3899829387665,1142.98620218591,678.045924020381,63.3,-56,3.38089530717959,-2.90229
89.821888923645,1143.4823265567,677.707517170585,63.3,-56,3.34407530717959,-2.93911
90.4615218639374,1144.22298909156,677.209770595862,63.3,-56,3.25203530717959,-3.03115
90.6550250053406,1144.44722992404,677.062687899285,63.3,-56,3.22135530717959,-3.06183
90.865464925766,1144.69109791813,676.902731473053,63.3,-56,3.19067530717959,-3.09251
91.4294908046722,1145.34122927245,676.482740082193,63.3,-56,3.13545530717959,-3.14773
91.8158028125763,1145.7840959349,676.201134650093,63.3,-56,3.13545530717959,-3.14773
91.9708378314972,1145.97568188794,676.067955568558,63.3,-56,3.12932530717959,-3.15386
92.4477210044861,1146.86937913926,675.215270451375,63.3,-56,3.06182530717959,-3.22136
92.9257898330688,1147.62363317179,674.576579009515,63.3,-56,2.99433530717959,-3.28885
93.0291209220886,1147.74218218352,674.50638201043,63.3,-56,2.96978530717959,-3.3134
93.4305508136749,1148.20273202753,674.233674406168,63.3,-56,2.92069530717959,-3.36249
93.967325925827,1148.8649671149,673.853616719944,63.3,-56,2.88388530717959,-3.3993
94.1077399253845,1149.04020426462,673.753532822063,63.3,-55,2.89001530717959,-3.39317
94.6912229061127,1149.75813569087,673.356732629213,63.3,-55,2.79184530717959,-3.49134
94.7776539325714,1149.86382560098,673.299177580338,63.3,-56,2.81638530717959,-3.4668
95.2633459568024,1150.44576634871,672.983895043003,63.3,-55,2.74275530717959,-3.54043
95.702684879303,1150.95983723871,672.707087640694,63.3,-55,2.71821530717959,-3.56497
95.8243849277496,1151.0970915505,672.635957124926,63.3,-55,2.70594530717959,-3.57724
96.1862998008728,1151.34247196813,672.599871769393,63.3,-55,2.67526530717959,-3.60792
96.6833829879761,1151.76126027164,672.484433809343,63.3,-55,2.62617530717959,-3.65701
97.0598609447479,1152.27904356551,672.235380044989,63.3,-55,2.60163530717959,-3.68155
97.3385620117188,1152.65664912638,672.053941002398,63.3,-55,2.58935530717959,-3.69383
97.4495198726654,1152.7952982572,671.987713917571,63.3,-54,2.56481530717959,-3.71837
97.9167418479919,1153.37912278505,671.708844542033,63.3,-55,2.52186530717959,-3.76132
98.1466188430786,1153.62871579676,671.589927205476,63.3,-55,2.51572530717959,-3.76746
98.5548868179321,1153.98686515685,671.420077584704,63.3,-55,2.44209530717959,-3.84109
98.6990828514099,1154.11335981306,671.360088452292,63.3,-55,2.40528530717959,-3.8779
99.2317728996277,1153.4982905769,670.545335627581,63.3,-55,2.30710530717959,-3.97608
99.3787260055542,1153.26064990216,670.283326714159,63.3,-55,2.32551530717959,-3.95767
99.9189138412476,1154.48145061615,670.115082076644,63.3,-54,2.24574530717959,-4.03744
100.051236867905,1154.97556527811,670.14790540776,63.3,-54,2.23961530717959,-4.04357
100.443383932114,1155.98326026183,670.139357761195,63.3,-54,2.18438530717959,-4.0988
100.889889955521,1156.42237327715,669.965492742965,63.3,-54,2.12916530717959,-4.15402
101.282452821732,1156.2578499759,669.497701931316,63.3,-54,2.04939530717959,-4.23379
101.3509349823,1156.17594052267,669.385661500649,63.3,-54,2.07394530717959,-4.20924
101.588084936142,1155.89229259317,668.99767165423,63.3,-54,2.01258530717959,-4.2706
102.141750812531,1156.2720751928,668.550183395415,63.3,-54,1.96349530717959,-4.31969
102.290223836899,1156.47218476864,668.473406660196,63.3,-54,1.95122530717959,-4.33196
102.82728099823,1157.15553012187,668.216947710329,63.3,-54,1.85918530717959,-4.424
103.0317029953,1157.40855558845,668.123047148285,63.3,-54,1.83464530717959,-4.44854
103.51607298851,1158.45932649169,668.426722699656,63.3,-54,1.75487530717959,-4.52831
103.731522798538,1159.02087254339,668.671593600887,63.3,-54,1.72419530717959,-4.55899
104.240300893784,1159.7299145755,667.877212562365,63.3,-54,1.70578530717959,-4.5774
104.446568965912,1159.90575752529,667.306857446188,63.3,-54,1.64442530717959,-4.63876
104.81095290184,1160.28082027354,666.768948730936,63.3,-54,1.61374530717959,-4.66944
105.177584886551,1160.7143911518,666.637365010907,63.3,-54,1.52784530717959,-4.75534
105.710263967514,1161.39626316032,666.426369552157,63.3,-54,1.47262530717959,-4.81056
106.079361915588,1161.88304434442,666.275328518833,63.3,-54,1.45421530717959,-4.82897
106.253087997437,1162.10332366969,666.210482245553,63.3,-54,1.43580530717959,-4.84738
106.814394950867,1162.84461291007,665.988941825744,63.3,-54,1.36217530717959,-4.92101
107.048794984818,1163.24516428299,665.859430215168,63.3,-54,1.34376530717959,-4.93942
107.552932977676,1164.07279600402,665.59781102155,63.3,-54,1.30081530717959,-4.98237
107.926414966583,1164.58869342833,665.45261514852,63.3,-54,1.24559530717959,-5.03759
108.270278930664,1165.02826715756,665.329895304246,63.3,-54,1.20877530717959,-5.07441
108.627094984055,1165.41451027214,665.224186662361,63.3,-54,1.17196530717959,-5.11122
108.994246006012,1165.83789774533,665.109427344508,63.3,-54,1.09219530717959,-5.19099
109.150995016098,1166.0365609849,665.056301669206,63.3,-54,1.08605530717959,-5.19713
109.650203943253,1166.66525620555,664.888711741331,63.3,-54,1.05537530717959,-5.22781
109.926467895508,1167.00364628971,664.79978597503,63.3,-54,1.04310530717959,-5.24008
110.182088851929,1167.31675118902,664.717504920095,63.3,-54,0.987885307179586,-5.2953
110.498631954193,1167.68694854297,664.625538175431,63.3,-54,0.926525307179586,-5.35666
110.934474945068,1168.18902416953,664.503237702295,63.3,-54,0.797665307179586,-5.48552
111.425415992737,1168.87395104457,664.336199694232,63.3,-55,0.754715307179586,-5.52847
111.760752916336,1169.37002760627,664.21732689187,63.3,-54,0.674955307179586,-5.60823
112.155596971512,1170.01110072622,664.067743163882,63.3,-54,0.613595307179586,-5.66959
112.44855093956,1170.46756120338,663.963272224562,63.3,-54,0.589045307179586,-5.69414
112.611929893494,1170.7040348311,663.911151506615,63.3,-54,0.539965307179586,-5.74322
112.979158878326,1171.23555965824,663.793999095735,63.3,-54,0.441785307179586,-5.8414
113.453190803528,1171.94250419867,663.639691941432,63.3,-54,0.355885307179586,-5.9273
113.782181978226,1172.42092538292,663.545446964261,63.3,-54,0.257705307179586,-6.02548
114.112056016922,1172.84377854786,663.505980668866,63.3,-54,0.171805307179587,-6.11138
114.534068822861,1173.36674244662,663.44515240807,63.3,-54,0.0797653071795859,-6.20342
114.976106882095,1173.86291392375,663.351793827505,63.3,-54,6.28318530717959,-6.28318530717959
115.268131017685,1174.20567203614,663.289704934799,63.3,-54,6.20341830717959,-6.36295230717959
115.656911849976,1174.67632509254,663.206648513081,63.3,-54,6.10524330717959,-6.46112730717959
116.028256893158,1175.13883951339,663.128292799474,63.3,-54,6.01934030717959,-6.54703030717959
116.25723695755,1175.42907123925,663.080355649247,63.3,-54,5.98866130717959,-6.57770930717959
116.543720960617,1175.80202385056,663.019209960843,63.3,-53,5.92730130717959,-6.63906930717959
117.224620819092,1176.79903485113,662.858657232353,63.3,-53,5.74936030717959,-6.81701030717959
117.686350822449,1177.20007621955,662.762670281879,63.3,-53,5.66959330717959,-6.89677730717959
118.016768932343,1177.5331708335,662.698004289192,63.3,-54,5.58369030717959,-6.98268030717959
118.428872823715,1178.03208203219,662.624634995266,63.3,-54,5.48551530717959,-7.08085530717959
118.707383871078,1178.4184754706,662.571871912896,63.3,-53,5.41188430717959,-7.15448630717959
119.109570980072,1179.06592898952,662.489900733436,63.3,-53,5.30143730717959,-7.26493330717959
119.646528959274,1179.89726406957,662.389296694546,63.3,-53,5.21553530717959,-7.35083530717959
120.025332927704,1180.46304907659,662.323341692015,63.3,-53,5.12349530717959,-7.44287530717959
120.326575994492,1180.86625884709,662.281304928707,63.3,-53,5.04986530717959,-7.51650530717959
120.540627002716,1181.15276322651,662.251435323194,63.3,-53,5.04372530717959,-7.52264530717959
121.107200860977,1181.88178808591,662.171052660254,63.3,-53,4.96396530717959,-7.60240530717959
121.401510000229,1182.25974145237,662.132985174827,63.3,-53,4.90260530717959,-7.66376530717959
122.005292892456,1183.05331117429,662.075173789182,63.3,-53,4.78601530717959,-7.78035530717959
122.241446971893,1183.35687631507,662.056331814927,63.3,-54,4.74306530717959,-7.82330530717959
122.667819976807,1183.90495908192,662.02231288457,63.3,-53,4.70011530717959,-7.86625530717959
123.065492868423,1184.37520592031,661.999902718785,63.3,-53,4.58967530717959,-7.97669530717959
123.355199813843,1184.7177583094,661.98367523356,63.3,-53,4.55285530717959,-8.01351530717959
123.756366968155,1185.20894479725,661.96311393872,63.3,-53,4.49149530717959,-8.07487530717959
124.195642948151,1185.81678640193,661.993244173688,63.3,-53,4.44240530717959,-8.12396530717959
124.443642854691,1186.24065616691,662.0709536306,63.3,-53,4.39945530717959,-8.16691530717959
124.69612288475,1186.67218314809,662.150066910484,63.3,-53,4.33809530717959,-8.22827530717959
125.052732944489,1187.1741001141,662.156519883122,63.3,-53,4.34423530717959,-8.22213530717959
125.530766963959,1187.8443100306,662.136651256426,63.3,-53,4.25833530717959,-8.30803530717959
125.643261909485,1188.01853718057,662.130958686179,63.3,-53,4.21537530717959,-8.35099530717959
126.008093833923,1188.58357257942,662.112497133544,63.3,-53,4.17242530717959,-8.39394530717959
126.658690929413,1189.51249553936,662.074479352527,63.3,-53,4.08652530717959,-8.47984530717959
126.799758911133,1189.711994631,662.066097197473,63.3,-53,4.03130530717959,-8.53506530717959
127.17312002182,1190.23841249878,662.043764318234,63.3,-53,3.93926530717959,-8.62710530717959
127.713958978653,1190.83897710212,662.012208475716,63.3,-53,3.85949530717959,-8.70687530717959
127.818992853165,1190.92571034283,662.006226872908,63.3,-53,3.83495530717959,-8.73141530717959
128.255852937698,1191.35139877672,661.98234272329,63.3,-53,3.81040530717959,-8.75596530717959
128.933720827103,1192.30636188533,661.947747647617,63.3,-53,3.65700530717959,-8.90936530717959
129.228335857391,1192.77163879388,661.927871740844,63.3,-52,3.63246530717959,-8.93390530717959
129.795027971268,1193.63416956713,661.891955611335,63.3,-52,3.55269530717959,-9.01367530717959
130.03141784668,1193.98209090251,661.877821307086,63.3,-52,3.47906530717959,-9.08730530717959
130.284061908722,1194.35624270398,661.862920388916,63.3,-52,3.47293530717959,-9.09343530717959
130.710074901581,1194.9903476555,661.838079164011,63.3,-52,3.39316530717959,-9.17320530717959
130.984946012497,1195.3806518408,661.780869631839,63.3,-52,3.35021530717959,-9.21615530717959
131.378609895706,1195.92712481498,661.671575037005,63.3,-52,3.28885530717959,-9.27751530717959
131.758203983307,1196.46426313556,661.631255053391,63.3,-52,3.25203530717959,-9.31433530717959
132.158564805985,1197.03441337747,661.611869945166,63.3,-53,3.17840530717959,-9.38796530717959
132.477520942688,1197.46296909037,661.596853212785,63.3,-53,3.14159530717959,-9.42477530717959
133.050828933716,1198.25095233599,661.568766848015,63.3,-53,3.04955530717959,-9.51681530717959
133.339022874832,1198.67098466535,661.55331282835,63.3,-53,3.03114530717959,-9.53522530717959
133.505234956741,1198.91323281138,661.544399924864,63.3,-52,3.00046530717959,-9.56590530717959
133.974467992783,1199.61481364079,661.514522927612,63.3,-52,2.94524530717959,-9.62112530717959
134.447553873062,1200.34186659193,661.444396424412,63.3,-52,2.92069530717959,-9.64567530717959
134.776978969574,1200.86759392722,661.344811534939,63.3,-52,2.90229530717959,-9.66407530717959
135.10951590538,1201.40076388884,661.290315145504,63.3,-52,2.85933530717959,-9.70703530717959
135.372223854065,1201.82374868294,661.280244078978,63.3,-52,2.81025530717959,-9.75611530717959
135.8138859272,1202.54890762459,661.261223728108,63.3,-52,2.76116530717959,-9.80520530717959
136.187669992447,1203.17389537618,661.243448847099,63.3,-52,2.72434530717959,-9.84202530717959
136.874722957611,1204.28278415505,661.215664979646,63.3,-52,2.63231530717959,-9.93405530717959
137.193598985672,1204.72409836257,661.205072652711,63.3,-53,2.57708530717959,-9.98928530717959
137.436648845673,1205.05221769332,661.197242532318,63.3,-53,2.56481530717959,-10.0015553071796
137.804623842239,1205.61356266369,661.20973727987,63.3,-53,2.50345530717959,-10.0629153071796
138.284222841263,1206.38506490117,661.240836440888,63.3,-53,2.44209530717959,-10.1242753071796
138.636007785797,1206.89144625979,661.239332337842,63.3,-53,2.41141530717959,-10.1549553071796
138.794909000397,1207.12017865492,661.238652934688,63.3,-53,2.36233530717959,-10.2040353071796
139.362856864929,1207.94704111346,661.242292209893,63.3,-53,2.31324530717959,-10.2531253071796
139.598644971848,1208.29174307896,661.244729496518,63.3,-53,2.31324530717959,-10.2531253071796
140.00351190567,1208.8256644592,661.253081485748,63.3,-53,2.22120530717959,-10.3451653071796
140.120625972748,1208.97895098386,661.255580722563,63.3,-53,2.22733530717959,-10.3390353071796
140.68380689621,1209.6869779826,661.271582548936,63.3,-53,2.19972530717959,-10.3666453071796
141.163414955139,1210.19295254031,661.269998792592,63.3,-52,2.11075530717959,-10.4556153071796
141.341183900833,1210.31897373492,661.256609040665,63.3,-52,2.08007530717959,-10.4862953071796
141.733274936676,1210.63461338821,661.234538366863,63.3,-52,2.05553530717959,-10.5108353071796
142.055976867676,1211.09682484153,661.256457672897,63.3,-52,1.98803530717959,-10.5783353071796
142.474817991257,1211.69506220279,661.286112809112,63.3,-52,1.92667530717959,-10.6396953071796
142.99675488472,1212.43512733542,661.326970571643,63.3,-52,1.85304530717959,-10.7133253071796
143.270311832428,1212.84115868897,661.352741705571,63.3,-52,1.84077530717959,-10.7255953071796
143.648730993271,1213.40697048082,661.389384754948,63.3,-52,1.76100530717959,-10.8053653071796
143.933122873306,1213.81704321649,661.419932587973,63.3,-52,1.74873530717959,-10.8176353071796
144.283977985382,1214.31444194582,661.459309987378,63.3,-52,1.69351530717959,-10.8728553071796
144.596247911453,1214.78124285059,661.473732149666,63.3,-52,1.61374530717959,-10.9526253071796
145.033578872681,1215.45935254724,661.473086330907,63.3,-52,1.54011530717959,-11.0262553071796
145.242271900177,1215.78109734207,661.492044132819,63.3,-52,1.52170530717959,-11.0446653071796
145.497531890869,1216.17375586548,661.52440210373,63.3,-52,1.45421530717959,-11.1121553071796
146.000337839127,1216.91929846243,661.588798173362,63.3,-52,1.39899530717959,-11.1673753071796
146.264740943909,1217.29023760734,661.623158852049,63.3,-52,1.35603530717959,-11.2103353071796
146.753387928009,1218.07571735415,661.701238012236,63.3,-52,1.25786530717959,-11.3085053071796
147.05180978775,1218.60010467752,661.755439391038,63.3,-52,1.21491530717959,-11.3514553071796
147.44600892067,1219.1513700528,661.816221939318,63.3,-52,1.12900530717959,-11.4373653071796
147.713908910751,1219.49477925871,661.85514164932,63.3,-52,1.12287530717959,-11.4434953071796
147.986810922623,1219.85689636662,661.871985542474,63.3,-52,1.06151530717959,-11.5048553071796
148.532401800156,1220.60590344131,661.860619001613,63.3,-52,0.981745307179586,-11.5846253071796
148.875764846802,1221.10999173544,661.91347486158,63.3,-52,0.889705307179586,-11.6766653071796
149.200069904327,1221.58610116197,661.963397015041,63.3,-52,0.809945307179587,-11.7564253071796
149.56950879097,1222.19658921934,662.036692675265,63.3,-52,0.809945307179587,-11.7564253071796
149.863660812378,1222.68744415022,662.096203405823,63.3,-52,0.766995307179586,-11.7993753071796
150.190360784531,1223.19968788393,662.159860139646,63.3,-52,0.766995307179586,-11.7993753071796
150.459774971008,1223.61794306091,662.212046106682,63.3,-52,0.730175307179587,-11.8361953071796
150.809823989868,1224.15509780924,662.278915067556,63.3,-52,0.668815307179586,-11.8975553071796
151.178444862366,1224.71582053816,662.348597115422,63.3,-52,0.607455307179587,-11.9589153071796
151.580357789993,1225.32278044537,662.404161976544,63.3,-51,0.472465307179586,-12.0939053071796
151.847813844681,1225.72561048107,662.436151420556,63.3,-52,0.472465307179586,-12.0939053071796
152.563435792923,1226.96312446784,662.57757493614,63.3,-51,0.404975307179586,-12.1613953071796
152.79945397377,1227.35535038096,662.623283300568,63.3,-51,0.398835307179586,-12.1675353071796
153.138273954391,1227.90020679731,662.685766834554,63.3,-51,0.398835307179586,-12.1675353071796
153.539978981018,1228.50845941698,662.75746737512,63.3,-51,0.380425307179586,-12.1859453071796
153.81654882431,1228.9061010882,662.805499339367,63.3,-51,0.362015307179586,-12.2043553071796
154.222558021545,1229.51335219486,662.880097154588,63.3,-51,0.239305307179587,-12.3270653071796
154.51478099823,1229.96757318375,662.936770599073,63.3,-51,0.196345307179587,-12.3700253071796
154.846256971359,1230.50996962092,662.984332320697,63.3,-51,0.159535307179587,-12.4068353071796
155.100052833557,1230.96003526254,662.999334508751,63.3,-52,0.0920353071795859,-12.4743353071796
155.492552995682,1231.65033128493,663.02868052796,63.3,-52,0.0429553071795858,-12.5234153071796
155.896697998047,1232.31294649265,663.110462765309,63.3,-52,0.0122753071795865,-12.5540953071796
157.065581798553,1234.19421566451,663.340026449421,63.3,-52,6.24636980717959,-12.6031861143592
157.412150859833,1234.75866179894,663.409250975341,63.3,-52,6.22182610717959,-12.6277298143592
157.664069890976,1235.15892016213,663.458577066731,63.3,-52,6.23409790717959,-12.6154580143592
157.81193780899,1235.39261864046,663.487407159383,63.3,-52,6.20955420717959,-12.6400017143592
158.346138954163,1236.23087315092,663.59037259548,63.3,-52,6.17887430717959,-12.6706816143592
158.59161400795,1236.61189594587,663.636864367707,63.3,-52,6.16660230717959,-12.6829536143592
158.812713861465,1236.95508391079,663.678739596454,63.3,-52,6.12365130717959,-12.7259046143592
159.258883953094,1237.63061125196,663.761620471831,63.3,-52,6.08070030717959,-12.7688556143592
159.5812458992,1238.1169375766,663.821353992381,63.3,-52,6.11137930717959,-12.7381766143592
159.86713385582,1238.53231346287,663.873072362534,63.3,-53,6.12978730717959,-12.7197686143592
160.325900793076,1239.20403822755,663.956580633578,63.3,-53,6.08683530717959,-12.7627206143592
160.59175491333,1239.61276588213,664.006914687336,63.3,-53,6.11751530717959,-12.7320406143592
160.979911804199,1240.20909282477,664.080337896911,63.3,-53,6.10524330717959,-12.7443126143592
161.296694993973,1240.68537748551,664.138658467614,63.3,-53,6.07456430717959,-12.7749916143592
161.603218793869,1241.14623711681,664.195090259202,63.3,-53,6.08070030717959,-12.7688556143592
161.868806838989,1241.61266860466,664.296124874034,63.3,-53,6.12365130717959,-12.7259046143592
162.186038970947,1242.17487132955,664.42074647805,63.3,-54,6.13592330717959,-12.7136326143592
162.5651948452,1242.75144802861,664.517243787327,63.3,-53,6.15433130717959,-12.6952246143592
162.929240942001,1243.26757509818,664.589286524121,63.3,-54,6.12978730717959,-12.7197686143592
163.130904912949,1243.55814871231,664.629195844337,63.3,-54,6.14819530717959,-12.7013606143592
163.435069799423,1243.99837885478,664.689390578103,63.3,-54,6.16660230717959,-12.6829536143592
163.845705986023,1244.57538002443,664.769210894729,63.3,-54,6.16046730717959,-12.6890886143592
164.131513834,1244.96368513967,664.823658025019,63.3,-54,6.17273830717959,-12.6768176143592
164.538927793503,1245.57213712443,664.908277129921,63.3,-55,6.17273830717959,-12.6768176143592
164.786983013153,1245.97360642247,664.963752887468,63.3,-55,6.16660230717959,-12.6829536143592
165.041627883911,1246.3897271111,665.019227955174,63.3,-55,6.18501050717959,-12.6645454143592
165.345641851425,1246.91695136238,665.074203475393,63.3,-55,6.22796200717959,-12.6215939143592
165.618767976761,1247.3906095897,665.123593478584,63.3,-55,6.20955420717959,-12.6400017143592
165.932011842728,1247.85274006532,665.19058328302,63.3,-55,6.22796200717959,-12.6215939143592
166.296326875687,1248.36643313188,665.271528857144,63.3,-55,6.19114650717959,-12.6584094143592
166.645771980286,1248.88889804238,665.352512314947,63.3,-55,6.21569010717959,-12.6338658143592
167.000970840454,1249.43008377674,665.435966189871,63.3,-55,6.23409790717959,-12.6154580143592
167.311988830566,1249.8975765375,665.509047741607,63.3,-55,6.25250570717959,-12.5970502143592
167.610444784164,1250.34387533636,665.57918041,63.3,-55,6.22796200717959,-12.6215939143592
167.721357822418,1250.50973014728,665.605243308858,63.3,-55,6.27091350717959,-12.5786424143592
168.026318788528,1250.93324028405,665.670540087012,63.3,-56,6.23409790717959,-12.6154580143592
168.452039957047,1251.51166071846,665.759189305764,63.3,-55,0.00613530717958621,-12.5602353071796
168.608736991882,1251.72877280487,665.774687625843,63.3,-56,0.00613530717958621,-12.5602353071796
169.090991020203,1252.39818284527,665.817415926294,63.3,-56,0.0122753071795865,-12.5540953071796
169.34522986412,1252.76607202653,665.868055648571,63.3,-56,0.0674953071795859,-12.4988753071796
169.650395870209,1253.2122491045,665.937460971811,63.3,-56,0.0920353071795859,-12.4743353071796
170.005602836609,1253.71787975001,666.016602343619,63.3,-56,0.116585307179586,-12.4497853071796
170.134791851044,1253.8972292002,666.044840342159,63.3,-56,0.122715307179586,-12.4436553071796
170.384093999863,1254.24332831332,666.099332542949,63.3,-56,0.159535307179587,-12.4068353071796
170.863878965378,1254.92777279382,666.207085023978,63.3,-56,0.153395307179586,-12.4129753071796
171.185734987259,1255.39071203656,666.279963578032,63.3,-56,0.177945307179586,-12.3884253071796
171.252705812454,1255.48321129694,666.294515526915,63.3,-56,0.153395307179586,-12.4129753071796
171.651473999023,1256.02827862698,666.380250075701,63.3,-56,0.227025307179586,-12.3393453071796
171.992165803909,1256.52242436035,666.464355698884,63.3,-56,0.257705307179586,-12.3086653071796
172.301134824753,1257.04171216456,666.567773185314,63.3,-56,0.319065307179586,-12.2473053071796
172.534966945648,1257.43471651263,666.646041000397,63.3,-56,0.306795307179586,-12.2595753071796
172.922140836716,1257.94521639974,666.732046425673,63.3,-56,0.337475307179586,-12.2288953071796
173.118568897247,1258.18889505976,666.770918973819,63.3,-56,0.343615307179586,-12.2227553071796
173.46681189537,1258.63737871092,666.840656537106,63.3,-55,0.380425307179586,-12.1859453071796
173.691865921021,1258.93648450992,666.88618708651,63.3,-56,0.429515307179586,-12.1368553071796
174.09095788002,1259.47860830272,666.967898311443,63.3,-56,0.503145307179587,-12.0632253071796
174.461754798889,1260.00404772161,667.045619558821,63.3,-55,0.490875307179587,-12.0754953071796
174.628678798676,1260.24058811605,667.080607825499,63.3,-56,0.546095307179586,-12.0202753071796
175.01065993309,1260.72571245907,667.153089614671,63.3,-55,0.546095307179586,-12.0202753071796
175.242689847946,1261.01979179024,667.197036301238,63.3,-55,0.607455307179587,-11.9589153071796
175.86949300766,1262.4737999767,667.412038632922,63.3,-56,0.662675307179586,-11.9036953071796
176.175144910812,1263.06809732596,667.497799407429,63.3,-56,0.705635307179587,-11.8607353071796
176.540422916412,1263.52067968384,667.559184141027,63.3,-56,0.717905307179587,-11.8484653071796
176.72185087204,1263.74547036569,667.589672992129,63.3,-56,0.748585307179586,-11.8177853071796
177.115474939346,1264.3019612875,667.668538502825,63.3,-56,0.779265307179586,-11.7871053071796
177.430676937103,1264.75049922103,667.732230889386,63.3,-56,0.803805307179586,-11.7625653071796
177.618043899536,1265.01641489075,667.768882047478,63.3,-55,0.760855307179586,-11.8055153071796
177.827907800674,1265.31419593091,667.8098269405,63.3,-56,0.803805307179586,-11.7625653071796
178.16858792305,1265.80804029019,667.878178744271,63.3,-55,0.926525307179586,-11.6398453071796
178.431859016418,1266.23932567131,667.939957461025,63.3,-55,0.969475307179586,-11.5968953071796
178.822057962418,1266.8820673541,668.029650472877,63.3,-55,0.975615307179586,-11.5907553071796
179.238014936447,1267.62581288852,668.094190374623,63.3,-55,1.01856530717959,-11.5478053071796
179.323222875595,1267.77816764681,668.107411242078,63.3,-55,1.03083530717959,-11.5355353071796
179.659163951874,1268.29619207957,668.166881186065,63.3,-55,1.03697530717959,-11.5293953071796
180.14740395546,1268.94976816379,668.262136423872,63.3,-55,1.05537530717959,-11.5109953071796
180.227978944778,1269.0604575033,668.278209148437,63.3,-55,1.06765530717959,-11.4987153071796
180.639244794846,1269.63402019731,668.361317212264,63.3,-55,1.13514530717959,-11.4312253071796
180.854297876358,1269.93393915428,668.404774857048,63.3,-55,1.16582530717959,-11.4005453071796
181.300570964813,1270.57477306746,668.500416567512,63.3,-55,1.20877530717959,-11.3575953071796
181.587126970291,1270.98809404001,668.562217564994,63.3,-55,1.25172530717959,-11.3146453071796
181.733032941818,1271.23123865241,668.598793164807,63.3,-55,1.25786530717959,-11.3085053071796
181.964378833771,1271.61676438957,668.65678677997,63.3,-55,1.27627530717959,-11.2900953071796
182.333102941513,1272.23418740701,668.753477706159,63.3,-55,1.30081530717959,-11.2655553071796
182.78232884407,1273.01011433867,668.905347165432,63.3,-55,1.34376530717959,-11.2226053071796
183.003569841385,1273.38077984057,668.975176564164,63.3,-55,1.38058530717959,-11.1857853071796
183.240672826767,1273.72528300041,669.027189786337,63.3,-55,1.41739530717959,-11.1489753071796
183.708529949188,1274.40695479721,669.129820036924,63.3,-55,1.45421530717959,-11.1121553071796
183.956547021866,1274.77778441016,669.184208380156,63.3,-56,1.49716530717959,-11.0692053071796
184.144692897797,1275.05909594083,669.225467404656,63.3,-56,1.52170530717959,-11.0446653071796
184.458161830902,1275.53018731161,669.293462898603,63.3,-56,1.57693530717959,-10.9894353071796
184.829602956772,1276.09522967548,669.371910527761,63.3,-56,1.62601530717959,-10.9403553071796
185.174898862839,1276.61074408134,669.441329602212,63.3,-56,1.69965530717959,-10.8667153071796
185.48147892952,1277.05442700547,669.497921811922,63.3,-56,1.75487530717959,-10.8114953071796
185.739085912704,1277.42195847712,669.541777635675,63.3,-56,1.76714530717959,-10.7992253071796
186.043267011642,1277.77686929025,669.538183602124,63.3,-56,1.81623530717959,-10.7501353071796
186.353782892227,1278.1391713664,669.53451472034,63.3,-56,1.89599530717959,-10.6703753071796
186.548630952835,1278.42895977129,669.560129246019,63.3,-56,1.90827530717959,-10.6580953071796
186.901603937149,1278.98649365655,669.621093231604,63.3,-56,2.00644530717959,-10.5599253071796
187.179724931717,1279.42125352714,669.668830918866,63.3,-56,2.01871530717959,-10.5476553071796
187.439073801041,1279.81968091985,669.712887794022,63.3,-56,2.04326530717959,-10.5231053071796
187.837396860123,1280.41514018899,669.777767074259,63.3,-56,2.08621530717959,-10.4801553071796
187.991887807846,1280.62277955663,669.798987361282,63.3,-56,2.11689530717959,-10.4494753071796
188.531447887421,1281.35247633861,669.87370234558,63.3,-57,2.23961530717959,-10.3267553071796
188.605610847473,1281.4554156463,669.884324806055,63.3,-56,2.24574530717959,-10.3206253071796
188.904689788818,1281.87054173009,669.927162284914,63.3,-56,2.28256530717959,-10.2838053071796
189.318790912628,1282.44539833548,669.971084170323,63.3,-57,2.36233530717959,-10.2040353071796
189.630584955215,1282.87828747119,669.993189147465,63.3,-57,2.42368530717959,-10.1426853071796
189.926785945892,1283.29797438192,670.025009656949,63.3,-56,2.48504530717959,-10.0813253071796
190.207804918289,1283.70465324197,670.066092521383,63.3,-56,2.53413530717959,-10.0322353071796
190.55335688591,1284.21296305684,670.11757123464,63.3,-56,2.55867530717959,-10.0076953071796
190.860432863235,1284.68453566872,670.165635366235,63.3,-56,2.63231530717959,-9.93405530717959
191.176738977432,1285.17028619351,670.215086586845,63.3,-56,2.69980530717959,-9.86656530717959
191.494030952454,1285.65757414316,670.264283927915,63.3,-56,2.69366530717959,-9.87270530717959
191.767983913422,1286.0783032733,670.30676138817,63.3,-56,2.80411530717959,-9.76225530717959
192.116073846817,1286.5951766711,670.358962843781,63.3,-56,2.83479530717959,-9.73157530717959
192.281755924225,1286.83988956735,670.383678846303,63.3,-56,2.87161530717959,-9.69475530717959
192.640008926392,1287.35144250933,670.436676965678,63.3,-56,2.91456530717959,-9.65180530717959
192.971035003662,1287.80110900597,670.485064990859,63.3,-56,2.99433530717959,-9.57203530717959
193.267659902573,1288.21194793142,670.527632623117,63.3,-56,3.03114530717959,-9.53522530717959
193.49335694313,1288.53661112137,670.5588131473,63.3,-56,3.06182530717959,-9.50454530717959
193.798178911209,1288.97509481739,670.600924947808,63.3,-57,3.13545530717959,-9.43091530717959
194.122907876968,1289.45642866526,670.647567356054,63.3,-56,3.18454530717959,-9.38182530717959
194.387870788574,1289.85253251838,670.686046016072,63.3,-56,3.23363530717959,-9.33273530717959
194.549841880798,1290.09466970406,670.709567914109,63.3,-56,3.31339530717959,-9.25297530717959
194.843309879303,1290.52963255418,670.75334751749,63.3,-56,3.38089530717959,-9.18547530717959
195.384811878204,1291.33748593158,670.834426504828,63.3,-56,3.43611530717959,-9.13025530717959
195.693941831589,1291.81195707042,670.880961174214,63.3,-55,3.52201530717959,-9.04435530717959
195.925196886063,1292.16690115739,670.915772998128,63.3,-55,3.55883530717959,-9.00753530717959
196.089649915695,1292.47808906904,670.924232985301,63.3,-56,3.56497530717959,-9.00139530717959
196.473656892776,1293.23298952942,670.936152466254,63.3,-55,3.69382530717959,-8.87254530717959
196.75056886673,1293.7218775787,670.958474512463,63.3,-56,3.73064530717959,-8.83572530717959
197.025362968445,1294.13581507513,670.998244977807,63.3,-55,3.77972530717959,-8.78664530717959
197.36336183548,1294.64995538361,671.047412494208,63.3,-56,3.85949530717959,-8.70687530717959
197.571797847748,1294.98238955402,671.07850124533,63.3,-56,3.87790530717959,-8.68846530717959
198.030571937561,1295.70416603828,671.145887399388,63.3,-56,3.98221530717959,-8.58415530717959
198.221879005432,1295.96842195021,671.17013356038,63.3,-56,4.03130530717959,-8.53506530717959
198.44017291069,1296.26995526858,671.197800019488,63.3,-56,4.11106530717959,-8.45530530717959
198.887806892395,1296.91849842185,671.258959942891,63.3,-56,4.18469530717959,-8.38167530717959
199.160621881485,1297.33626394246,671.299531402104,63.3,-55,4.25219530717959,-8.31417530717959
