18.2581470012665,815.008530578914,959.249661813748,107.3,-66,0.223965307179586,0.223965307179586
18.5016040802002,815.24274380919,958.986916583533,107.3,-65,0.227025307179586,0.227025307179586
18.6904239654541,815.431503675611,958.777038083182,107.3,-64,0.177945307179586,0.177945307179586
18.7932000160217,815.535279440651,958.6619139802,107.3,-64,0.177945307179586,0.177945307179586
19.2645130157471,816.011176956168,958.133974970891,107.3,-63,0.0490853071795865,0.0490853071795865
19.5635681152344,816.30017080395,957.811876466278,107.3,-64,6.12365130717959,-0.159534
20.0379960536957,816.756466046261,957.303049241586,107.3,-62,6.03774830717959,-0.245437
20.2792339324951,817.046423152124,956.990244206126,107.3,-62,6.03161230717959,-0.251573
20.6287040710449,817.479190407083,956.525226420587,107.3,-61,5.88435030717959,-0.398835
20.9177250862122,817.823724175598,956.153312238141,107.3,-61,5.85367030717959,-0.429515
21.0937070846558,817.990600818916,955.967491690162,107.3,-61,5.79231130717959,-0.490874
21.4807870388031,818.357653153898,955.558771424295,107.3,-61,5.59596230717959,-0.687223
21.7341248989105,818.5976334762,955.291685705611,107.3,-61,5.38120430717959,-0.901981
21.9405739307404,818.791957684197,955.076094826424,107.3,-61,5.55914630717959,-0.724039
22.2312331199646,819.065546357596,954.772564848138,107.3,-60,5.51005930717959,-0.773126
22.6052000522614,819.419807291255,954.379288003814,107.3,-60,5.28916530717959,-0.99402
22.7516899108887,819.560233435061,954.223217068147,107.3,-60,5.21553530717959,-1.06765
23.1860818862915,819.976644445201,953.76041395889,107.3,-60,5.25848530717959,-1.0247
23.2915680408478,820.076847958341,953.649553410239,107.3,-60,5.17871530717959,-1.10447
23.4844210147858,820.257232890831,953.451551792458,107.3,-59,5.19712530717959,-1.08606
23.8838200569153,820.630810584656,953.041489894697,107.3,-59,5.11735530717959,-1.16583
24.0648350715637,820.791511309504,952.86319807021,107.3,-59,5.09281530717959,-1.19037
24.4067089557648,821.028145864532,952.585141451546,107.3,-59,4.99464530717959,-1.28854
24.874932050705,821.371885031828,952.183466775428,107.3,-59,4.90260530717959,-1.38058
25.0346879959106,821.527509185416,952.005724464288,107.3,-59,4.83510530717959,-1.44808
25.3514289855957,821.836058256079,951.653322708806,107.3,-59,4.76761530717959,-1.51557
25.7531290054321,822.236561986278,951.198128433739,107.3,-60,4.75534530717959,-1.52784
25.9649848937988,822.456264596688,950.950434865753,107.3,-60,4.69398530717959,-1.5892
26.4516170024872,822.962180899382,950.379325710489,107.3,-59,4.59580530717959,-1.68738
26.5362100601196,823.052424428202,950.276112399145,107.3,-60,4.60194530717959,-1.68124
26.8852970600128,823.424829015732,949.850185896258,107.3,-60,4.54058530717959,-1.7426
27.0959069728851,823.649506811688,949.593217450884,107.3,-59,4.50990530717959,-1.77328
27.3924250602722,823.939413802968,949.261222710196,107.3,-59,4.37491530717959,-1.90827
27.6665189266205,824.196836909937,948.96624354088,107.3,-60,4.36877530717959,-1.91441
28.0854709148407,824.549929223013,948.563847861403,107.3,-60,4.38718530717959,-1.896
28.1231288909912,824.575045470285,948.535628448444,107.3,-60,4.35650530717959,-1.92668
28.5095551013947,824.832775100106,948.246055775557,107.3,-61,4.23992530717959,-2.04326
28.762188911438,825.020346162515,948.035865724619,107.3,-61,4.19083530717959,-2.09235
28.9745080471039,825.245657454116,947.785155705602,107.3,-61,4.15401530717959,-2.12917
29.1659009456635,825.44876199786,947.559155740563,107.3,-61,4.12947530717959,-2.15371
29.5143020153046,825.819046561278,947.14701694533,107.3,-62,4.10493530717959,-2.17825
29.6647388935089,825.982368311316,946.964547128047,107.3,-62,3.99448530717959,-2.2887
29.9378569126129,826.278878803818,946.633273336424,107.3,-62,4.00675530717959,-2.27643
30.1270279884338,826.484252323452,946.403821542074,107.3,-62,3.86563530717959,-2.41755
30.5819001197815,826.974336351253,945.852235215892,107.3,-63,3.81654530717959,-2.46664
30.6396090984344,827.036240503835,945.782266626559,107.3,-63,3.78586530717959,-2.49732
37.76939702034,833.723269608693,938.152604511434,107.3,-66,5.25848530717959,-7.30788530717959
37.9501099586487,833.893485285951,937.958941906448,107.3,-65,5.14190530717959,-7.42446530717959
38.3653631210327,834.301000547715,937.500013101751,107.3,-64,4.92714530717959,-7.63922530717959
38.8989050388336,834.835075119965,936.901172055982,107.3,-64,4.63875530717959,-7.92761530717959
39.7982358932495,835.802180682011,935.770782031671,107.3,-62,4.31355530717959,-8.25281530717959
39.9644849300385,836.031818070856,935.459603535462,107.3,-62,4.28287530717959,-8.28349530717959
40.4248070716858,836.66765438412,934.597990412306,107.3,-62,4.30128530717959,-8.26508530717959
40.693589925766,836.965657988518,934.251768920005,107.3,-62,4.07425530717959,-8.49211530717959
41.3387339115143,837.670904362906,933.44692395094,107.3,-61,3.78586530717959,-8.78050530717959
41.5105829238892,837.860837229346,933.232306668645,107.3,-61,3.73677530717959,-8.82959530717959
41.9627680778503,838.36002570526,932.668278085067,107.3,-61,3.62633530717959,-8.94003530717959
42.4547979831696,838.88921933336,932.071223856738,107.3,-60,3.54042530717959,-9.02594530717959
43.2060511112213,839.659085268863,931.203567383899,107.3,-61,3.16613530717959,-9.40023530717959
43.7291359901428,840.179640541646,930.636282894663,107.3,-60,3.03114530717959,-9.53522530717959
44.1098110675812,840.566366122535,930.25508196493,107.3,-61,2.92069530717959,-9.64567530717959
44.5506389141083,841.016544209204,929.791702394952,107.3,-61,2.76730530717959,-9.79906530717959
44.6487929821014,841.118067137133,929.676477786519,107.3,-60,2.73662530717959,-9.82974530717959
45.053633928299,841.536803100334,929.201228614917,107.3,-60,2.61390530717959,-9.95246530717959
45.6111929416656,842.131022021609,928.524881390254,107.3,-60,2.49732530717959,-10.0690453071796
46.0094449520111,842.55795701228,928.03843030389,107.3,-60,2.30097530717959,-10.2653953071796
46.4440259933472,843.017337292963,927.51414367417,107.3,-60,2.11689530717959,-10.4494753071796
47.1589341163635,843.826152356847,926.593025181907,107.3,-60,1.92667530717959,-10.6396953071796
47.5429749488831,844.285546108922,926.058448955283,107.3,-60,1.78555530717959,-10.7808153071796
47.6915380954742,844.484787262794,925.784294708834,107.3,-60,1.70578530717959,-10.8605853071796
48.2646350860596,845.251515677641,924.73124867385,107.3,-61,1.42353530717959,-11.1428353071796
48.6702229976654,845.697776587629,924.22023406471,107.3,-60,1.31922530717959,-11.2471453071796
48.8931469917297,845.943055753015,923.939364210272,107.3,-60,1.24559530717959,-11.3207753071796
49.3867859840393,846.449373611184,923.358621298589,107.3,-60,1.05537530717959,-11.5109953071796
49.9617810249329,847.028563565359,922.695661208535,107.3,-61,0.809945307179587,-11.7564253071796
50.1177349090576,847.18719131723,922.515146842798,107.3,-61,0.785395307179586,-11.7809753071796
51.0401289463043,848.064607400876,921.515591260287,107.3,-61,0.355885307179586,-12.2104853071796
51.3476068973541,848.346533761142,921.195656651109,107.3,-61,0.300655307179587,-12.2657153071796
51.8325219154358,848.895972808863,920.59189806117,107.3,-61,0.110445307179586,-12.4559253071796
52.3338539600372,849.452083184531,919.968966619117,107.3,-61,6.14819530717959,-12.7013606143592
52.7651178836823,849.919611197318,919.434252276702,107.3,-60,6.03161230717959,-12.8179436143592
52.9824960231781,850.135013366929,919.188409706783,107.3,-61,5.95798130717959,-12.8915746143592
53.6230521202087,850.71715059693,918.525465892449,107.3,-60,5.75549630717959,-13.0940596143592
53.8864970207214,850.9795685772,918.226169858232,107.3,-61,5.65732130717959,-13.1922346143592
54.970251083374,852.076465072759,916.97718780337,107.3,-61,5.31370930717959,-13.5358466143592
55.2482779026031,852.368127342685,916.639054856543,107.3,-60,5.20326530717959,-13.6462906143592
55.7856080532074,852.999786895482,915.851728929838,107.3,-61,4.95782530717959,-13.8917306143592
56.3940579891205,853.609578978335,915.132069483744,107.3,-61,4.78601530717959,-14.0635406143592
56.9321739673615,854.147146377015,914.518668684413,107.3,-62,4.49763530717959,-14.3519206143592
57.3296740055084,854.591652344349,914.012269481121,107.3,-61,4.39332530717959,-14.4562306143592
57.5222289562225,854.80421411295,913.769975917963,107.3,-61,4.29514530717959,-14.5544106143592
58.3843340873718,855.645113718664,912.80636390832,107.3,-62,3.93312530717959,-14.9164306143592
58.9559750556946,856.193509911105,912.179204772804,107.3,-62,3.66928530717959,-15.1802706143592
59.4055008888245,856.610711805365,911.764959534689,107.3,-62,3.40543530717959,-15.4441206143592
59.8459138870239,857.017277061975,911.376879037031,107.3,-63,3.16613530717959,-15.6834206143592
60.3437740802765,857.538192501673,910.788686695528,107.3,-62,2.93297530717959,-15.9165806143592
60.6394469738007,857.846709053748,910.440236548306,107.3,-63,2.76116530717959,-16.0883906143592
61.3173680305481,858.536950772506,909.658864877138,107.3,-63,2.33165530717959,-16.5179006143592
61.6734600067139,858.894762693238,909.252945801255,107.3,-63,2.20893530717959,-16.6406206143592
62.205363035202,859.423957862341,908.651755105593,107.3,-63,1.91440530717959,-16.9351506143592
62.9448258876801,860.130292831248,907.847001861918,107.3,-63,1.27013530717959,-17.5794206143592
63.4047229290009,860.731843683,907.219991672936,107.3,-63,1.03083530717959,-17.8187206143592
63.7537961006165,861.159150435735,906.770276762288,107.3,-64,0.760855307179586,-18.0887006143592
64.4492409229279,861.745648423362,906.111250015886,107.3,-63,0.429515307179586,-18.4200406143592
65.0754690170288,862.339514400791,905.439550691392,107.3,-63,6.22182610717959,-18.9109151215388
65.4895179271698,862.742218553118,904.985096077619,107.3,-62,6.00706830717959,-19.1256729215388
66.0281019210815,863.273551141387,904.386541339126,107.3,-62,5.82299130717959,-19.3097499215388
66.8127861022949,864.03276108407,903.528343802196,107.3,-62,5.51005930717959,-19.6226819215388
67.0066270828247,864.185553313052,903.332760078705,107.3,-62,5.38734030717959,-19.7454009215388
67.9122440814972,864.967497150368,902.380758425622,107.3,-61,5.14803530717959,-19.9847059215388
68.2537379264832,865.305491455088,901.997551895725,107.3,-61,5.07440530717959,-20.0583359215388
68.8848679065704,865.914024489413,901.307976284173,107.3,-61,4.83510530717959,-20.2976359215388
69.4695041179657,866.494252417018,900.65317598693,107.3,-61,4.81056530717959,-20.3221759215388
69.9651141166687,866.993894952657,900.090672587204,107.3,-61,4.72466530717959,-20.4080759215388
70.4063251018524,867.414202188358,899.616406990163,107.3,-61,4.66943530717959,-20.4633059215388
71.2831449508667,868.281418293568,898.641939276356,107.3,-61,4.55285530717959,-20.5798859215388
71.7191600799561,868.726657997245,898.141104893069,107.3,-61,4.43627530717959,-20.6964659215388
72.4178850650787,869.452510701759,897.321573423207,107.3,-62,4.37491530717959,-20.7578259215388
72.9945220947266,870.06595158384,896.624710334418,107.3,-62,4.36264530717959,-20.7700959215388
73.4918870925903,870.548366149004,896.077748071007,107.3,-63,4.30741530717959,-20.8253259215388
73.8719379901886,870.912955506388,895.664505454198,107.3,-63,4.27673530717959,-20.8560059215388
74.5164570808411,871.557111478441,894.934241228812,107.3,-66,4.22765530717959,-20.9050859215388
80.6782419681549,877.553184788795,888.146169849558,107.3,-62,2.72434530717959,-22.4083959215388
81.2010209560394,878.137592876116,887.476404659498,107.3,-60,2.54640530717959,-22.5863359215388
81.7352480888367,878.723751053493,886.804728432714,107.3,-59,2.46664530717959,-22.6660959215388
82.3860719203949,879.385753084201,886.060224182327,107.3,-58,2.30710530717959,-22.8256359215388
82.6994469165802,879.777734986247,885.691252546417,107.3,-57,2.32551530717959,-22.8072259215388
83.7080669403076,880.824086780308,884.60387716805,107.3,-56,2.08007530717959,-23.0526659215388
84.4340949058533,881.554727759682,883.774106589443,107.3,-55,1.95122530717959,-23.1815159215388
84.8390169143677,882.002686937524,883.266347194654,107.3,-55,1.80396530717959,-23.3287759215388
85.5047709941864,882.756978197336,882.412153234592,107.3,-54,1.68737530717959,-23.4453659215388
86.0606379508972,883.291393910895,881.802004812962,107.3,-54,1.61374530717959,-23.5189959215388
86.8534939289093,884.188216280327,880.714364500291,107.3,-54,1.40512530717959,-23.7276159215388
87.4532248973846,884.839484994299,879.969358675504,107.3,-53,1.25172530717959,-23.8810159215388
88.0342059135437,885.427912498703,879.304216785269,107.3,-53,1.08605530717959,-24.0466859215388
88.6657190322876,886.048206442086,878.602708351439,107.3,-53,0.932665307179586,-24.2000759215388
89.4986069202423,886.879096761525,877.665955356328,107.3,-53,0.748585307179586,-24.3841559215388
90.0032649040222,887.32884615994,877.162911954056,107.3,-52,0.638135307179586,-24.4946059215388
90.6482169628143,887.912757684704,876.49236970936,107.3,-52,0.417245307179586,-24.7154959215388
91.2715599536896,888.538759486793,875.78243929515,107.3,-52,0.282255307179586,-24.8504859215388
91.9940609931946,889.281322133558,874.938252657148,107.3,-52,0.0981753071795861,-25.0345659215388
92.6557071208954,890.004432424707,874.114293848059,107.3,-52,6.26477750717959,-25.1511490287183
93.1185250282288,890.55008978186,873.495177747012,107.3,-51,6.12365130717959,-25.2922752287183
94.09792304039,891.523599816966,872.340942571618,107.3,-51,5.86594230717959,-25.5499842287183
94.4455440044403,891.907003975552,871.823431037386,107.3,-51,5.81071930717959,-25.6052072287183
95.1907510757446,892.61028534666,870.957353510168,107.3,-51,5.64504930717959,-25.7708772287183
95.9746329784393,893.356130025348,870.099803282355,107.3,-51,5.43029230717959,-25.9856342287183
96.48601603508,893.888705191378,869.486905671884,107.3,-51,5.33211730717959,-26.0838092287183
97.4422540664673,894.833670550996,868.397265675014,107.3,-50,5.17258530717959,-26.2433412287183
98.0270199775696,895.401678750765,867.691074570608,107.3,-51,5.03759530717959,-26.3783312287183
98.4070389270782,895.819914620853,867.128045931461,107.3,-50,4.95782530717959,-26.4581012287183
99.3014550209045,896.742625617587,866.049099456978,107.3,-51,4.77988530717959,-26.6360412287183
100.000341892242,897.499069514138,865.196905145422,107.3,-51,4.66943530717959,-26.7464912287183
100.514554023743,898.044484602609,864.58064318576,107.3,-51,4.56512530717959,-26.8508012287183
101.584743976593,899.086373397971,863.399856852581,107.3,-51,4.25833530717959,-27.1575912287183
102.701318025589,899.880773475702,862.56479502445,107.3,-52,3.95767530717959,-27.4582512287183
102.986628055573,900.18088585733,862.225010504247,107.3,-52,3.87176530717959,-27.5441612287183
103.789555072784,901.016546738713,861.276011901994,107.3,-52,3.63246530717959,-27.7834612287183
104.459687948227,901.724387326019,860.473635275021,107.3,-53,3.36248530717959,-28.0534412287183
105.250761032104,902.572396546818,859.509736795479,107.3,-53,3.09250530717959,-28.3234212287183
105.452074050903,902.788562816731,859.262985849487,107.3,-53,3.01273530717959,-28.4031912287183
106.279418945313,903.841422785025,858.056878623826,107.3,-53,2.63231530717959,-28.7836112287183
106.857084035873,904.492237163512,857.309887916648,107.3,-53,2.47277530717959,-28.9431512287183
107.51313495636,905.198329575102,856.499482748765,107.3,-53,2.23347530717959,-29.1824512287183
108.189215898514,905.857820805615,855.740688132255,107.3,-53,2.00644530717959,-29.4094812287183
109.123523950577,906.706530337164,854.764505389555,107.3,-53,1.64442530717959,-29.7715012287183
109.722723960876,907.359226807819,853.985172976512,107.3,-53,1.49102530717959,-29.9249012287183
110.565237998962,908.379308732872,852.737228298698,107.3,-52,1.22718530717959,-30.1887412287183
110.884387969971,908.713076481057,852.354439744586,107.3,-53,1.12900530717959,-30.2869212287183
111.635179042816,909.543813934988,851.3977263522,107.3,-53,0.871305307179586,-30.5446212287183
112.156435012817,910.089350914312,850.767037903404,107.3,-53,0.754715307179586,-30.6612112287183
113.440889120102,911.40674555856,849.251380491902,107.3,-52,0.460195307179586,-30.9557312287183
114.005325078964,911.995592621935,848.605102665555,107.3,-52,0.306795307179586,-31.1091312287183
115.080976009369,913.007465225789,847.423240512162,107.3,-52,0.0920353071795859,-31.3238912287183
115.400052070618,913.306541446518,847.073633556337,107.3,-52,6.27704938717959,-31.4220624558979
116.2952439785,914.154870973077,846.084374623254,107.3,-51,6.11751530717959,-31.5815965358979
116.998574972153,914.845999811812,845.279176058184,107.3,-51,5.95184530717959,-31.7472665358979
117.298644065857,915.105732022528,844.955985909663,107.3,-51,5.92116630717959,-31.7779455358979
118.065195083618,915.578991815185,844.257359547548,107.3,-50,5.78617530717959,-31.9129365358979
118.81175494194,916.235416166214,843.503363870582,107.3,-50,5.66345730717959,-32.0356545358979
119.59238409996,917.016922496492,842.603805533079,107.3,-50,5.52846630717959,-32.1706455358979
120.216869115829,917.640026885114,841.885024470592,107.3,-50,5.43642830717959,-32.2626835358979
120.852535009384,918.288851196382,841.134448929973,107.3,-50,5.35052530717959,-32.3485865358979
121.363397121429,918.799317628939,840.559183106253,107.3,-50,5.30757330717959,-32.3915385358979
121.782413005829,919.210689012527,840.104890860149,107.3,-49,5.23394530717959,-32.4651665358979
122.570084095001,920.088251450437,839.086114404779,107.3,-49,5.15417530717959,-32.5449365358979
123.21230006218,920.724013709975,838.354435209441,107.3,-49,5.06827530717959,-32.6308365358979
123.911875963211,921.383082832603,837.593179826561,107.3,-49,4.99464530717959,-32.7044665358979
124.624447107315,922.06085433137,836.81173396924,107.3,-49,4.94555530717959,-32.7535565358979
124.978763103485,922.384165923829,836.434474575564,107.3,-49,4.88419530717959,-32.8149165358979
125.777506113052,922.920075898337,835.749367669442,107.3,-50,4.78601530717959,-32.9130965358979
126.512310028076,923.607085299489,834.942647541253,107.3,-50,4.73079530717959,-32.9683165358979
127.440099954605,924.441638074753,833.961438859314,107.3,-50,4.64489530717959,-33.0542165358979
128.031668901443,925.049853237339,833.245004353576,107.3,-50,4.58353530717959,-33.1155765358979
129.08390212059,926.026227626506,832.121159517979,107.3,-50,4.47308530717959,-33.2260265358979
129.621999979019,926.563965565959,831.52122010169,107.3,-50,4.41172530717959,-33.2873865358979
130.655271053314,927.565225462795,830.344916601286,107.3,-50,4.28900530717959,-33.4101065358979
131.06977391243,927.930133152299,829.921086140389,107.3,-50,4.22765530717959,-33.4714565358979
131.709873914719,928.508898310045,829.244465164617,107.3,-51,4.14788530717959,-33.5512265358979
132.585272073746,929.389429730284,828.213853241907,107.3,-51,3.98834530717959,-33.7107665358979
132.956451892853,929.865617084607,827.641081961223,107.3,-51,3.95153530717959,-33.7475765358979
133.59175491333,930.709639768801,826.622076184794,107.3,-51,3.88403530717959,-33.8150765358979
134.262115001678,931.372364276358,825.855016823896,107.3,-51,3.76745530717959,-33.9316565358979
135.202424049377,932.29473581893,824.786566801322,107.3,-51,3.66314530717959,-34.0359665358979
135.685578107834,932.729028416407,824.285173201658,107.3,-51,3.63860530717959,-34.0605065358979
136.390554904938,933.410725316911,823.500326361612,107.3,-51,3.57110530717959,-34.1280065358979
136.749222993851,933.722569906013,823.154440864248,107.3,-51,3.52201530717959,-34.1770965358979
137.576056003571,934.410829708787,822.404114470086,107.3,-51,3.41770530717959,-34.2814065358979
138.361140012741,935.2368408083,821.441474004437,107.3,-51,3.38702530717959,-34.3120865358979
138.923640966415,935.850390985525,820.724964402234,107.3,-52,3.30112530717959,-34.3979865358979
139.888125896454,936.854945552081,819.558520783336,107.3,-52,3.30112530717959,-34.3979865358979
140.354346036911,937.279666802539,819.065145960887,107.3,-52,3.25203530717959,-34.4470765358979
140.786314964294,937.724659920935,818.574090729546,107.3,-52,3.23363530717959,-34.4654765358979
141.341834068298,938.307150608682,817.925203994488,107.3,-53,3.20295530717959,-34.4961565358979
142.059585094452,939.058780355942,817.044977935093,107.3,-52,3.11091530717959,-34.5881965358979
146.282672166824,939.687607974901,816.249899466794,107.3,-52,3.08636530717959,-34.6127465358979
146.647114992142,939.512159208758,816.409612917588,107.3,-53,3.06796530717959,-34.6311465358979
147.708759069443,939.18265323692,816.647609797893,107.3,-53,3.19067530717959,-34.5084365358979
148.178390979767,938.806855396819,816.930170707441,107.3,-54,3.20295530717959,-34.4961565358979
149.11982011795,938.221013078028,817.286685316552,107.3,-54,3.36248530717959,-34.3366265358979
149.459402084351,938.019984606958,817.382316495332,107.3,-54,3.41157530717959,-34.2875365358979
150.830698013306,936.676999258802,818.019251678713,107.3,-56,3.66314530717959,-34.0359665358979
151.359704971313,936.486983425215,818.074811863972,107.3,-56,3.70609530717959,-33.9930165358979
152.199134111404,936.352224335354,818.112523640712,107.3,-56,3.71836530717959,-33.9807465358979
153.081044197083,936.288764467437,818.12850971431,107.3,-56,3.74904530717959,-33.9500665358979
153.775056123734,936.238825243572,818.141089824138,107.3,-56,3.68768530717959,-34.0114265358979
154.278692007065,936.202584965619,818.150219054462,107.3,-56,3.72450530717959,-33.9746065358979
155.272066116333,936.131104447606,818.168225597168,107.3,-56,3.77359530717959,-33.9255165358979
155.986428022385,936.079700894183,818.181174583908,107.3,-57,3.82267530717959,-33.8764365358979
156.766867160797,936.023542601581,818.195321329373,107.3,-56,3.83495530717959,-33.8641565358979
157.415196180344,935.947506237027,818.213375422777,107.3,-57,3.89017530717959,-33.8089365358979
158.331778049469,935.801166322408,818.247230179144,107.3,-57,3.90858530717959,-33.7905265358979
159.486450195313,935.616813315954,818.289879008996,107.3,-57,3.95767530717959,-33.7414365358979
159.804099082947,935.566098030543,818.30161164965,107.3,-57,3.96380530717959,-33.7353065358979
160.894026041031,935.44461000487,818.306770534155,107.3,-57,4.03743530717959,-33.6616765358979
161.204712152481,935.430739363863,818.294369629944,107.3,-57,4.08652530717959,-33.6125865358979
162.649569034576,935.366233451374,818.23669878103,107.3,-57,4.13561530717959,-33.5634965358979
163.29052901268,935.337617670275,818.211115135677,107.3,-57,4.12334530717959,-33.5757665358979
163.726359128952,935.318159951183,818.193719161654,107.3,-57,4.20924530717959,-33.4898665358979
166.765515089035,936.398392743801,818.04263553719,107.3,-58,3.84108530717959,-33.8580265358979
167.513922214508,936.892784091538,817.967954064722,107.3,-58,3.74904530717959,-33.9500665358979
168.007508039474,937.238460728411,817.915491894443,107.3,-58,3.70609530717959,-33.9930165358979
168.843120098114,938.303365062986,817.747794544634,107.3,-59,3.36862530717959,-34.3304865358979
169.88671708107,939.758254253996,817.542295730417,107.3,-59,2.91456530717959,-34.7845465358979
170.600887060165,940.803830379583,817.394837774207,107.3,-59,2.60776530717959,-35.0913465358979
171.077581167221,941.519825054463,817.279923366732,107.3,-59,2.37460530717959,-35.3245065358979
171.761345148087,942.560236321257,817.106302685064,107.3,-58,2.11075530717959,-35.5883565358979
172.692133188248,943.982184820826,816.858949003226,107.3,-57,1.73646530717959,-35.9626465358979
173.574140071869,945.159682993873,816.615986092716,107.3,-55,1.35603530717959,-36.3430765358979
174.207512140274,946.012244391045,816.441805429326,107.3,-55,1.15355530717959,-36.5455565358979
174.870351076126,946.98592085436,816.254252641337,107.3,-54,0.981745307179586,-36.7173665358979
175.336738109589,947.705292983437,816.11514546169,107.3,-54,0.852895307179586,-36.8462165358979
176.301739215851,949.258578812787,815.812210038045,107.3,-53,0.607455307179587,-37.0916565358979
177.018410205841,950.158005479151,815.678152521022,107.3,-53,0.380425307179586,-37.3186865358979
177.592368125916,950.739816025927,815.606238911243,107.3,-53,0.233165307179586,-37.4659465358979
178.113624095917,951.420892681262,815.468220322229,107.3,-52,0.0981753071795861,-37.6009365358979
178.604380130768,952.11332896752,815.331492152848,107.3,-52,6.24636980717959,-37.7359273430775
179.494910240173,953.438834902471,815.072714734149,107.3,-52,6.02547630717959,-37.9568208430775
179.944327116013,954.087079294387,814.944546610855,107.3,-51,5.92116630717959,-38.0611308430775
180.920521259308,955.330666079336,814.678833062092,107.3,-52,5.65118530717959,-38.3311118430775
181.511304140091,956.202372912025,814.499047660575,107.3,-52,5.51619530717959,-38.4661018430775
181.815070152283,956.682702794963,814.402653300274,107.3,-52,5.46710730717959,-38.5151898430775
182.796334028244,958.152823675551,814.107671556514,107.3,-51,5.25234530717959,-38.7299518430775
183.468817234039,959.134667991056,813.909970661859,107.3,-51,5.06827530717959,-38.9140218430775
184.311167240143,960.355042655987,813.685757809452,107.3,-52,4.89033530717959,-39.0919618430775
185.003064155579,961.469951706211,813.502118786051,107.3,-53,4.71238530717959,-39.2699118430775
185.843689203262,962.712393154801,813.270643508195,107.3,-53,4.49149530717959,-39.4908018430775
186.45281124115,963.569773509483,813.109022126927,107.3,-53,4.35650530717959,-39.6257918430775
187.451758146286,964.98598091882,812.839435898437,107.3,-53,4.09266530717959,-39.8896318430775
187.81792807579,965.549816976833,812.762251850695,107.3,-53,3.98221530717959,-40.0000818430775
188.671300172806,966.860563502582,812.629468251989,107.3,-53,3.68155530717959,-40.3007418430775
188.951892137527,967.250494180515,812.556114956141,107.3,-53,3.55883530717959,-40.4234618430775
189.835997104645,968.608269003987,812.292105813626,107.3,-53,3.29499530717959,-40.6873018430775
190.554582118988,969.747380991676,812.065839195231,107.3,-53,3.07409530717959,-40.9082018430775
191.234438180923,970.854165435746,811.847274033074,107.3,-52,2.87161530717959,-41.1106818430775
191.782021045685,971.868120144155,811.626831366747,107.3,-51,2.76116530717959,-41.2211318430775
192.666934251785,973.380468046437,811.297376041829,107.3,-50,2.55867530717959,-41.4236218430775
192.902121067047,973.742232325258,811.219741544842,107.3,-51,2.44823530717959,-41.5340618430775
193.670881032944,974.822379610409,810.989070609541,107.3,-50,2.27642530717959,-41.7058718430775
194.390080213547,975.784837269812,810.784075568789,107.3,-49,2.12916530717959,-41.8531318430775
195.206344127655,976.920881231425,810.552776490121,107.3,-48,1.96349530717959,-42.0188018430775
195.943226099014,978.018670588181,810.346847426482,107.3,-48,1.82236530717959,-42.1599318430775
196.414678096771,978.745407315333,810.200851208973,107.3,-48,1.74873530717959,-42.2335618430775
196.881935119629,979.466277923769,810.056136009948,107.3,-47,1.69351530717959,-42.2887818430775
197.479864120483,980.38665422332,809.870356621834,107.3,-48,1.57079530717959,-42.4115018430775
198.334348201752,981.631151815049,809.615498359503,107.3,-47,1.46034530717959,-42.5219518430775
198.812793254852,982.299431381433,809.487934780914,107.3,-46,1.36831530717959,-42.6139818430775
199.615490198135,983.51592273042,809.295483766705,107.3,-46,1.23332530717959,-42.7489718430775
200.179799079895,984.448601107025,809.114539502134,107.3,-46,1.14741530717959,-42.8348818430775
200.717845201492,985.188588068766,808.967797698416,107.3,-45,1.07992530717959,-42.9023718430775
201.320161104202,986.07944866361,808.790808398198,107.3,-46,0.981745307179586,-43.0005518430775
202.319632053375,987.590888563775,808.490764722129,107.3,-46,0.834485307179587,-43.1478118430775
202.726345062256,988.196738910366,808.315798088063,107.3,-46,0.791535307179586,-43.1907618430775
203.368458032608,989.145565277589,808.059230221346,107.3,-46,0.717905307179587,-43.2643918430775
204.00488114357,990.077295947104,807.883658760102,107.3,-45,0.631995307179587,-43.3503018430775
204.666459083557,991.058064491123,807.696310098492,107.3,-45,0.546095307179586,-43.4362018430775
205.296500205994,991.963112891534,807.521139440348,107.3,-45,0.490875307179587,-43.4914218430775
205.952936172485,992.972014444206,807.32463346872,107.3,-45,0.429515307179586,-43.5527818430775
206.565498113632,993.903294182639,807.127555342527,107.3,-45,0.349745307179586,-43.6325518430775
207.272135257721,994.984570253378,806.901843244117,107.3,-45,0.294525307179586,-43.6877718430775
208.120578050613,996.275594173055,806.648228524803,107.3,-45,0.251575307179587,-43.7307218430775
208.511888027191,996.8479155055,806.535996959706,107.3,-45,0.227025307179586,-43.7552718430775
209.156843185425,997.771496753983,806.3545383665,107.3,-45,0.153395307179586,-43.8289018430775
209.943292140961,998.964063528818,806.117524065172,107.3,-45,0.0859053071795861,-43.8963918430775
210.632717132568,1000.06824886974,805.901983575994,107.3,-45,0.0306753071795862,-43.9516218430775
211.298451185226,1001.09927595178,805.694117527434,107.3,-45,0.00613530717958621,-43.9761618430775
212.079995155334,1002.19622566908,805.471078586427,107.3,-45,6.23409790717959,-44.0313845502571
212.364988088608,1002.59648972268,805.387886449796,107.3,-45,6.24023380717959,-44.0252486502571
213.06028008461,1003.59125033002,805.179718112214,107.3,-45,6.22796200717959,-44.0375204502571
213.794373035431,1004.59399630022,804.982883240072,107.3,-45,6.22182610717959,-44.0436563502571
214.487405061722,1005.47315270096,804.819060757128,107.3,-46,6.17887430717959,-44.0866081502571
215.275422096252,1006.5499942284,804.589667892444,107.3,-46,6.19114650717959,-44.0743359502571
215.894517183304,1007.4284441156,804.402715626107,107.3,-46,6.18501050717959,-44.0804719502571
216.267766237259,1007.99348027378,804.281489686717,107.3,-46,6.19728240717959,-44.0682000502571
216.931092023849,1008.97073348635,804.071741618528,107.3,-46,6.20341830717959,-44.0620641502571
217.772998094559,1010.2883810733,803.90616437326,107.3,-46,6.22796200717959,-44.0375204502571
218.322692155838,1011.09241713746,803.782500496053,107.3,-47,6.26477750717959,-44.0007049502571
218.988585233688,1012.02728623312,803.575149107107,107.3,-47,0.0122753071795865,-43.9700218430775
219.468992233276,1012.75382458991,803.416004672187,107.3,-47,0.0306753071795862,-43.9516218430775
220.285961151123,1013.89965588243,803.167730069187,107.3,-47,0.116585307179586,-43.8657118430775
220.861391067505,1014.81101303463,802.97014171182,107.3,-47,0.159535307179587,-43.8227618430775
221.579126119614,1015.93908319682,802.710476373623,107.3,-48,0.239305307179587,-43.7429918430775
222.092089176178,1016.69756030899,802.547198195459,107.3,-48,0.306795307179586,-43.6755018430775
222.612334251404,1017.45810372526,802.389195908137,107.3,-48,0.343615307179586,-43.6386818430775
223.390606164932,1018.64095445296,802.138941058516,107.3,-48,0.429515307179586,-43.5527818430775
223.778343200684,1019.20155197342,802.020414725621,107.3,-49,0.454055307179586,-43.5282418430775
224.174492120743,1019.73755715916,801.909000782372,107.3,-49,0.558365307179586,-43.4239318430775
224.82791018486,1020.62964394705,801.737730030971,107.3,-49,0.638135307179586,-43.3441618430775
225.586734056473,1021.94210544986,801.539317645572,107.3,-49,0.773125307179586,-43.2091718430775
225.88076710701,1022.37683476086,801.444930470839,107.3,-50,0.809945307179587,-43.1723518430775
226.581186056137,1023.39452131397,801.222057786334,107.3,-50,0.944935307179586,-43.0373618430775
227.257149219513,1024.38501329099,801.004168149601,107.3,-50,1.09219530717959,-42.8901018430775
227.779787063599,1025.16807597362,800.832994005816,107.3,-50,1.17196530717959,-42.8103318430775
228.015183210373,1025.46957814472,800.766533849819,107.3,-50,1.21491530717959,-42.7673818430775
228.542611122131,1026.15914799179,800.628171897239,107.3,-51,1.27627530717959,-42.7060218430775
229.10884308815,1026.97274803519,800.534758558923,107.3,-51,1.44807530717959,-42.5342218430775
229.76401424408,1027.8695851398,800.349210380515,107.3,-52,1.61988530717959,-42.3624118430775
230.328238248825,1028.69981309473,800.16564111916,107.3,-52,1.71192530717959,-42.2703718430775
231.08229804039,1029.82673508178,799.918853015197,107.3,-52,1.93895530717959,-42.0433418430775
231.49502825737,1030.4330095934,799.786780523173,107.3,-52,2.02485530717959,-41.9574418430775
232.032034158707,1031.25509028945,799.60806732838,107.3,-52,2.16598530717959,-41.8163118430775
232.754324197769,1032.49504662211,799.315184271371,107.3,-53,2.33165530717959,-41.6506418430775
233.10453414917,1033.057122049,799.184256964801,107.3,-53,2.42982530717959,-41.5524718430775
233.656573057175,1033.84429768,799.009165562767,107.3,-53,2.58322530717959,-41.3990718430775
234.282597064972,1034.79095930169,798.806953412008,107.3,-53,2.77343530717959,-41.2088618430775
234.893657207489,1035.69967634987,798.613618361648,107.3,-54,2.96365530717959,-41.0186418430775
235.575038194656,1036.74133083397,798.396041450893,107.3,-55,3.16000530717959,-40.8222918430775
236.196952104568,1037.61664361092,798.210402836217,107.3,-55,3.35634530717959,-40.6259518430775
236.815274238586,1038.40666338924,798.041598127394,107.3,-54,3.51588530717959,-40.4664118430775
237.389813184738,1039.24572515438,797.877003383477,107.3,-55,3.72450530717959,-40.2577918430775
237.789436101913,1039.79859613,797.769618828596,107.3,-55,3.82267530717959,-40.1596218430775
238.438003063202,1040.78409961576,797.579372873773,107.3,-55,4.08038530717959,-39.9019118430775
239.240211248398,1042.04852651305,797.337631446618,107.3,-54,4.28287530717959,-39.6994218430775
239.478013038635,1042.39857753806,797.271090215739,107.3,-55,4.34423530717959,-39.6380618430775
239.936248064041,1043.02274686237,797.106121110357,107.3,-55,4.52831530717959,-39.4539818430775
240.496216058731,1043.77470249386,796.894902111595,107.3,-55,4.66330530717959,-39.3189918430775
241.216470241547,1044.85453448357,796.678909023758,107.3,-55,4.89033530717959,-39.0919618430775
241.859483242035,1045.95538595533,796.464927750177,107.3,-54,5.02532530717959,-38.9569718430775
242.494608163834,1046.8765264353,796.281544737192,107.3,-54,5.19712530717959,-38.7851718430775
242.990086078644,1047.6512167608,796.12675664784,107.3,-54,5.36893230717959,-38.6133648430775
243.631750106812,1048.67215826428,795.87608409687,107.3,-55,5.50392330717959,-38.4783738430775
244.30512714386,1049.72536186765,795.583409447755,107.3,-54,5.73095230717959,-38.2513448430775
244.824265241623,1050.5127896743,795.424542434132,107.3,-54,5.90275830717959,-38.0795388430775
245.256159067154,1051.2048965692,795.28602068616,107.3,-54,6.05615630717959,-37.9261408430775
245.7895591259,1052.03072004759,795.12030223801,107.3,-55,6.21569010717959,-37.7666070430775
246.463448047638,1053.0168554476,794.921220161927,107.3,-54,0.196345307179587,-37.5027665358979
247.006458044052,1053.84660122449,794.753775969111,107.3,-54,0.380425307179586,-37.3186865358979
247.226694107056,1054.1702962716,794.69965059795,107.3,-55,0.454055307179586,-37.2450565358979
247.506786108017,1054.57888651409,794.634121974155,107.3,-54,0.539965307179586,-37.1591465358979
248.277131080627,1055.68779438087,794.43006380628,107.3,-55,0.785395307179586,-36.9137165358979
248.692080259323,1056.28986391383,794.31220505963,107.3,-55,0.938795307179586,-36.7603165358979
249.170130252838,1057.00197215871,794.17359827625,107.3,-54,1.09219530717959,-36.6069165358979
249.395908117294,1057.34643235076,794.106739315754,107.3,-54,1.12287530717959,-36.5762365358979
249.943948030472,1058.20760489862,793.940151839284,107.3,-54,1.31922530717959,-36.3798865358979
250.405777215958,1058.90958003992,793.802458982952,107.3,-54,1.47875530717959,-36.2203565358979
250.9361140728,1059.68848342852,793.660366253721,107.3,-55,1.61374530717959,-36.0853665358979
251.524366140366,1060.49924979791,793.550102027484,107.3,-54,1.77328530717959,-35.9258265358979
252.094402074814,1061.31078264933,793.396936359659,107.3,-54,1.93895530717959,-35.7601565358979
252.291807174683,1061.59489689169,793.343358206634,107.3,-54,1.98190530717959,-35.7172065358979
252.692035198212,1062.24482869092,793.222184481355,107.3,-54,2.13530530717959,-35.5638065358979
253.271458148956,1063.14743168167,793.054043147932,107.3,-54,2.29483530717959,-35.4042765358979
253.636837244034,1063.68858868924,792.953340887394,107.3,-55,2.39300530717959,-35.3061065358979
254.023752212524,1064.20812994876,792.856147030028,107.3,-54,2.53413530717959,-35.1649765358979
254.230270147324,1064.46874065969,792.807216039405,107.3,-54,2.57095530717959,-35.1281565358979
254.589708089828,1064.92879348226,792.721061724932,107.3,-54,2.70594530717959,-34.9931665358979
255.125569105148,1065.7083501589,792.578257979741,107.3,-54,2.84706530717959,-34.8520465358979
255.508024215698,1066.28961600947,792.472620908638,107.3,-55,3.00046530717959,-34.6986465358979
255.699557065964,1066.5954675425,792.41751489967,107.3,-55,3.06182530717959,-34.6372865358979
256.193775177002,1067.3845363931,792.27627118604,107.3,-55,3.23363530717959,-34.4654765358979
256.715893030167,1068.21778445243,792.129734458366,107.3,-55,3.38702530717959,-34.3120865358979
257.037566184998,1068.69807072212,792.045085709008,107.3,-55,3.46679530717959,-34.2323165358979
257.442999124527,1069.291757154,791.940381011021,107.3,-55,3.57724530717959,-34.1218665358979
257.67002415657,1069.61322131347,791.883231572783,107.3,-55,3.67541530717959,-34.0236965358979
258.199773073196,1070.34510784914,791.752336480827,107.3,-55,3.87176530717959,-33.8273465358979
258.589215040207,1070.98293965624,791.625098055265,107.3,-55,3.95153530717959,-33.7475765358979
258.855616092682,1071.43988890348,791.531646780642,107.3,-55,4.03130530717959,-33.6678065358979
259.357885122299,1072.21846883706,791.381951336342,107.3,-55,4.21537530717959,-33.4837365358979
259.672233104706,1072.66846469878,791.300173242241,107.3,-55,4.34423530717959,-33.3548765358979
260.03964805603,1073.21225215468,791.200149822718,107.3,-55,4.44240530717959,-33.2567065358979
260.517475128174,1073.93067302516,791.067273750214,107.3,-55,4.55285530717959,-33.1462565358979
260.905537128448,1074.53344944808,790.953570659807,107.3,-56,4.73079530717959,-32.9683165358979
261.27481508255,1075.10837730493,790.844973175736,107.3,-56,4.81669530717959,-32.8824165358979
261.793604135513,1075.9152635116,790.688063741104,107.3,-56,5.00691530717959,-32.6921965358979
261.882598161697,1076.053672555,790.661116847699,107.3,-56,5.01304530717959,-32.6860665358979
262.405771255493,1076.8934965882,790.436039525758,107.3,-56,5.16644530717959,-32.5326665358979
262.87740111351,1077.65912675761,790.226897391497,107.3,-56,5.36893230717959,-32.3301795358979
263.22819018364,1078.22860820431,790.112067526015,107.3,-57,5.49471930717959,-32.2043925358979
263.592921257019,1078.81889804552,789.992948145782,107.3,-57,5.63277730717959,-32.0663345358979
263.983329057693,1079.44224843202,789.866719692516,107.3,-57,5.77390330717959,-31.9252085358979
264.441153049469,1080.14473101005,789.724834423214,107.3,-57,5.92116630717959,-31.7779455358979
264.871765136719,1080.75781327278,789.601644996591,107.3,-57,6.06842830717959,-31.6306835358979
265.343868255615,1081.47621310631,789.457336859156,107.3,-58,6.25864160717959,-31.4404702358979
265.413222074509,1081.58510343191,789.435466514099,107.3,-58,6.25250570717959,-31.4466061358979
265.852429151535,1082.26983025738,789.297256389181,107.3,-57,0.245435307179586,-31.1704912287183
266.26718211174,1082.89343319662,789.168120913267,107.3,-57,0.398835307179586,-31.0170912287183
266.798299074173,1083.65287486414,789.012713507831,107.3,-58,0.619725307179587,-30.7962012287183
267.354449033737,1084.4210649177,788.857116797129,107.3,-58,0.828345307179586,-30.5875812287183
267.436651229858,1084.54789467142,788.830985494424,107.3,-58,0.828345307179586,-30.5875812287183
267.91715502739,1085.28926389481,788.678237869949,107.3,-57,1.01242530717959,-30.4035012287183
268.46350812912,1086.03933244987,788.52105326056,107.3,-57,1.23945530717959,-30.1764712287183
268.678973197937,1086.32513781535,788.460839897154,107.3,-57,1.34376530717959,-30.0721612287183
268.96785902977,1086.72783947797,788.376132806922,107.3,-57,1.41739530717959,-29.9985312287183
269.324257135391,1087.24485114532,788.267512924516,107.3,-57,1.56466530717959,-29.8512612287183
269.819356203079,1087.97316080192,788.205263235766,107.3,-57,1.76714530717959,-29.6487812287183
270.095043182373,1088.38390501273,788.216265312841,107.3,-57,1.80396530717959,-29.6119612287183
270.287482023239,1088.67061837157,788.223945134953,107.3,-57,1.91440530717959,-29.5015212287183
271.085619211197,1089.72372561248,787.999985830076,107.3,-57,2.05553530717959,-29.3603912287183
271.508343219757,1090.4099054429,787.850938571829,107.3,-57,2.18438530717959,-29.2315412287183
271.748372077942,1090.79952835967,787.766307364497,107.3,-57,2.25188530717959,-29.1640412287183
272.200209140778,1091.51675291082,787.61349707022,107.3,-57,2.38073530717959,-29.0351912287183
272.514428138733,1092.0143306589,787.507709532184,107.3,-57,2.49732530717959,-28.9186012287183
272.758096218109,1092.40586332649,787.426254797562,107.3,-57,2.51572530717959,-28.9002012287183
273.073652029037,1092.9138938214,787.320869959363,107.3,-57,2.62617530717959,-28.7897512287183
273.467027187347,1093.53763427731,787.191185672083,107.3,-57,2.74275530717959,-28.6731712287183
273.778355121613,1094.02154433752,787.090267676619,107.3,-57,2.83479530717959,-28.5811312287183
274.216610193253,1094.67499385348,786.950649884125,107.3,-57,2.96978530717959,-28.4461412287183
274.402921199799,1094.93400063467,786.892950353663,107.3,-57,3.00046530717959,-28.4154612287183
275.012275218964,1095.84974650468,786.691388257319,107.3,-58,3.19067530717959,-28.2252512287183
275.408247232437,1096.51431887146,786.54739757785,107.3,-58,3.33180530717959,-28.0841212287183
275.75919008255,1097.09364353401,786.420211555088,107.3,-58,3.40543530717959,-28.0104912287183
276.048698186874,1097.56758343315,786.31546685469,107.3,-58,3.51588530717959,-27.9000412287183
276.314333200455,1097.9916967994,786.221326539771,107.3,-58,3.62633530717959,-27.7895912287183
276.643131256104,1098.47349881803,786.112702084661,107.3,-58,3.73064530717959,-27.6852812287183
276.971639156342,1098.95487565939,786.004173487702,107.3,-58,3.79200530717959,-27.6239212287183
277.290769100189,1099.43729127634,785.913446343833,107.3,-58,3.89017530717959,-27.5257512287183
277.565426111221,1099.85383758848,785.836714128438,107.3,-58,3.98221530717959,-27.4337112287183
277.883147239685,1100.33540032349,785.741722475462,107.3,-58,4.11106530717959,-27.3048612287183
278.421526193619,1101.15067854255,785.56532591534,107.3,-58,4.28287530717959,-27.1330512287183
278.805743217468,1101.73239518111,785.43991122007,107.3,-59,4.41172530717959,-27.0042012287183
279.205783128738,1102.33804720251,785.309420739097,107.3,-59,4.57739530717959,-26.8385312287183
279.527220249176,1102.83756474941,785.202257476835,107.3,-60,4.75534530717959,-26.6605812287183
279.768750190735,1103.21294443834,785.121727304254,107.3,-60,4.85351530717959,-26.5624112287183
280.018242120743,1103.59656266866,785.039182028553,107.3,-60,4.88419530717959,-26.5317312287183
280.544140100479,1104.3766299847,784.869602177239,107.3,-60,5.11735530717959,-26.2985712287183
280.794657230377,1104.74347188984,784.78410712878,107.3,-60,5.23394530717959,-26.1819812287183
281.067113161087,1105.12584145073,784.674658226947,107.3,-60,5.34438930717959,-26.0715372287183
281.52472114563,1105.77178246723,784.491324738741,107.3,-61,5.54073830717959,-25.8751882287183
281.785269260406,1106.212888226,784.396648380761,107.3,-61,5.71254430717959,-25.7033822287183
281.849508047104,1106.32164394957,784.373305688872,107.3,-61,5.71254430717959,-25.7033822287183
282.383245229721,1107.21713183578,784.180139460305,107.3,-61,5.96411730717959,-25.4518092287183
282.781085252762,1107.86835915614,784.037716574795,107.3,-62,6.10524330717959,-25.3106832287183
283.112002134323,1108.40334397821,783.920632449992,107.3,-63,0.0306753071795862,-25.1020659215388
283.361565113068,1108.79818223535,783.834111371037,107.3,-63,0.104315307179586,-25.0284259215388
283.582138061523,1109.14715482326,783.757640856121,107.3,-62,0.196345307179587,-24.9363959215388
283.860003232956,1109.60023565231,783.660474247729,107.3,-63,0.343615307179586,-24.7891259215388
284.231251239777,1110.22247014386,783.529607469744,107.3,-63,0.564505307179586,-24.5682359215388
284.443905115128,1110.57889111737,783.454645915791,107.3,-63,0.539965307179586,-24.5927759215388
284.591395139694,1110.7689482696,783.416685712899,107.3,-63,0.656545307179586,-24.4761959215388
284.859024047852,1111.09313423151,783.352883156565,107.3,-63,0.816075307179586,-24.3166659215388
285.173185110092,1111.47368582012,783.277987365188,107.3,-63,0.828345307179586,-24.3043959215388
285.42294216156,1111.83350198095,783.205610103017,107.3,-63,1.03697530717959,-24.0957659215388
285.821224212646,1112.44375543128,783.082020958876,107.3,-63,1.07992530717959,-24.0528159215388
286.02557015419,1112.75707944736,783.018566263182,107.3,-63,1.20877530717959,-23.9239659215388
286.346340179443,1113.26449716806,782.915803514704,107.3,-63,1.28854530717959,-23.8441959215388
286.623385190964,1113.70274743214,782.827048629288,107.3,-64,1.33149530717959,-23.8012459215388
286.934266090393,1114.22361983718,782.723383922553,107.3,-64,1.48489530717959,-23.6478459215388
287.177536249161,1114.6524371416,782.639295529263,107.3,-64,1.57079530717959,-23.5619459215388
287.509503126144,1115.23664514139,782.524615946461,107.3,-64,1.69965530717959,-23.4330859215388
287.77858710289,1115.6851812892,782.433425952773,107.3,-63,1.79168530717959,-23.3410559215388
287.937004089355,1115.94924660337,782.379739946752,107.3,-64,1.79782530717959,-23.3349159215388
288.079834222794,1116.18733018835,782.331336176583,107.3,-64,1.83464530717959,-23.2980959215388
288.530729055405,1116.76199271271,782.06977681023,107.3,-64,1.93895530717959,-23.1937859215388
288.735550165176,1116.98471181794,781.927405736633,107.3,-64,2.04939530717959,-23.0833459215388
289.01256608963,1117.30310594221,781.760298126177,107.3,-64,2.03712530717959,-23.0956159215388
289.137953042984,1117.4749582146,781.725760824833,107.3,-64,2.01258530717959,-23.1201559215388
289.571235179901,1118.06880404802,781.606415108796,107.3,-65,2.17825530717959,-22.9544859215388
