1.36875891685486,1083.18143285343,787.462201939289,63.3,-61,1.85304530717959,1.85304530717959
1.56780481338501,1083.24950234631,787.265934901461,63.3,-60,1.81009530717959,1.81009530717959
1.74271297454834,1083.30931724348,787.09346861463,63.3,-61,1.75487530717959,1.75487530717959
2.22105979919434,1083.51098646806,786.473873283594,63.3,-61,1.60761530717959,1.60761530717959
2.31148290634155,1083.55077058638,786.350293866044,63.3,-61,1.58920530717959,1.58920530717959
2.78251695632935,1083.86441488598,785.679196127109,63.3,-61,1.41126530717959,1.41126530717959
3.00992488861084,1084.07308312843,785.340488255297,63.3,-61,1.35603530717959,1.35603530717959
3.37615585327148,1084.38279553313,784.794917951577,63.3,-61,1.27627530717959,1.27627530717959
3.65894889831543,1084.52670602529,784.373299104298,63.3,-60,1.28240530717959,1.28240530717959
4.03296279907227,1084.71703787917,783.81567821345,63.3,-61,1.10446530717959,1.10446530717959
4.41894888877869,1084.8925428927,783.313945612686,63.3,-61,0.987885307179586,0.987885307179586
4.74840092658997,1085.04206890638,782.886663700857,63.3,-61,0.883575307179586,0.883575307179586
4.9760468006134,1085.13675929449,782.612098876011,63.3,-61,0.883575307179586,0.883575307179586
5.34137201309204,1085.28756660905,782.174237638547,63.3,-61,0.668815307179586,0.668815307179586
5.48507785797119,1085.34832406282,781.997669953538,63.3,-61,0.644275307179586,0.644275307179586
5.8769748210907,1085.54380586689,781.426304566191,63.3,-61,0.509285307179586,0.509285307179586
6.18763279914856,1085.6982600307,780.96788721769,63.3,-61,0.472465307179586,0.472465307179586
6.50212097167969,1085.84609340932,780.411048158236,63.3,-61,0.386565307179586,0.386565307179586
6.71611380577087,1085.94668632958,780.032148158576,63.3,-61,0.343615307179586,0.343615307179586
6.9883508682251,1086.06141362848,779.616021935732,63.3,-61,0.257705307179586,0.257705307179586
7.34632992744446,1086.18891404882,779.185070514987,63.3,-61,0.122715307179586,0.122715307179586
7.59596085548401,1086.2778714327,778.885140885899,63.3,-61,0.116585307179586,0.116585307179586
8.04279589653015,1086.43797583739,778.35916826753,63.3,-61,6.27704938717959,-0.00613592000000018
8.28440380096436,1086.52454579309,778.074769931589,63.3,-61,6.25864160717959,-0.0245436999999997
8.51465702056885,1086.61476774611,777.791472309583,63.3,-61,6.14205930717959,-0.141126
8.90002083778381,1086.76874626088,777.312599128651,63.3,-61,6.06229230717959,-0.220893
9.04980492591858,1086.82859498149,777.126469607575,63.3,-61,6.03161230717959,-0.251573
9.38721680641174,1086.96316991504,776.694307928787,63.3,-61,5.91503030717959,-0.368155
9.68748998641968,1087.08291224249,776.308655053507,63.3,-61,5.89662230717959,-0.386563
9.98563098907471,1087.06614955336,775.995511578704,63.3,-61,5.81071930717959,-0.472466
10.2936658859253,1086.95691890011,775.719249051518,63.3,-61,5.63277730717959,-0.650408
10.628842830658,1086.95258132826,775.338683714925,63.3,-61,5.64504930717959,-0.638136
10.8915410041809,1087.06482817496,774.959663529218,63.3,-61,5.56528230717959,-0.717903
11.2171308994293,1087.20348321219,774.492086955252,63.3,-61,5.47324330717959,-0.809942
11.3481378555298,1087.2575963781,774.311834133626,63.3,-61,5.51619530717959,-0.76699
11.8415958881378,1087.46142201595,773.632883905492,63.3,-61,5.31984530717959,-0.96334
12.0691108703613,1087.55800837936,773.320073046377,63.3,-61,5.22167530717959,-1.06151
12.4951109886169,1087.74006128293,772.734469539896,63.3,-61,5.20326530717959,-1.07992
12.6576399803162,1087.81039434946,772.505508682088,63.3,-61,5.04986530717959,-1.23332
12.9851930141449,1087.95452783894,772.028967332505,63.3,-61,5.06213530717959,-1.22105
13.4537668228149,1088.13735136402,771.211247965433,63.3,-61,4.93328530717959,-1.3499
13.7313230037689,1088.21248696784,770.533841179468,63.3,-61,4.77988530717959,-1.5033
14.0161519050598,1088.28959132706,769.838684509166,63.3,-61,4.72466530717959,-1.55852
14.3734159469604,1088.47240793456,769.348072152465,63.3,-61,4.67557530717959,-1.60761
14.6624329090118,1088.62059722115,768.952489084648,63.3,-61,4.70011530717959,-1.58307
14.9527668952942,1088.76589464999,768.54585257674,63.3,-61,4.51603530717959,-1.76715
15.2404928207397,1088.90901679311,768.140612451503,63.3,-61,4.49149530717959,-1.79169
15.7845869064331,1089.18272639609,767.363191489031,63.3,-60,4.28287530717959,-2.00031
16.2075629234314,1089.39494434264,766.759584439285,63.3,-61,4.14174530717959,-2.14144
16.4836678504944,1089.51984647951,766.405082786107,63.3,-60,4.09879530717959,-2.18439
16.5743899345398,1089.56088660972,766.288601240066,63.3,-60,4.07425530717959,-2.20893
16.9294018745422,1089.72,765.832885781279,63.3,-60,3.99448530717959,-2.2887
17.4187889099121,1089.72,765.219150193611,63.3,-60,3.94539530717959,-2.33779
17.6592090129852,1089.72317540947,764.916192416884,63.3,-60,3.88403530717959,-2.39915
18.0854158401489,1089.9538333601,764.276420101193,63.3,-60,3.78586530717959,-2.49732
18.4011390209198,1090.12338789253,763.806293497322,63.3,-60,3.71836530717959,-2.56482
18.5369458198547,1090.19298367568,763.613745163947,63.3,-60,3.68155530717959,-2.60163
19.0872619152069,1090.47449592632,762.834612738615,63.3,-60,3.57110530717959,-2.71208
19.2652659416199,1090.56265308773,762.588997091681,63.3,-60,3.52815530717959,-2.75503
19.5249879360199,1090.69128137915,762.230624379764,63.3,-60,3.47293530717959,-2.81025
20.0053939819336,1090.93934477145,761.554166029719,63.3,-59,3.45452530717959,-2.82866
20.3565239906311,1091.12939109759,761.048042655905,63.3,-59,3.36248530717959,-2.9207
20.6131689548492,1091.17762571716,760.749247299934,63.3,-59,3.38702530717959,-2.89616
20.7908728122711,1091.14611715353,760.593279909985,63.3,-59,3.35634530717959,-2.92684
21.2784769535065,1091.13593362206,760.098707621288,63.3,-59,3.31339530717959,-2.96979
21.6036419868469,1091.29448324805,759.62450010357,63.3,-59,3.25203530717959,-3.03115
22.0106158256531,1091.49720424605,759.014964921694,63.3,-59,3.20295530717959,-3.08023
22.3038358688354,1091.6475598344,758.559721612514,63.3,-59,3.22135530717959,-3.06183
22.7317409515381,1091.85062269536,757.941410303286,63.3,-59,3.16000530717959,-3.12318
23.0249009132385,1091.97559474377,757.55762517397,63.3,-59,3.14772530717959,-3.13546
23.7280039787292,1092.28796505323,756.627599374323,63.3,-59,3.02500530717959,-3.25818
24.0264568328857,1092.44620932274,756.238591463867,63.3,-58,2.98819530717959,-3.29499
24.1757278442383,1092.62890109854,756.080121743738,63.3,-58,2.97592530717959,-3.30726
24.4568228721619,1092.97293139185,755.781704455605,63.3,-58,2.93910530717959,-3.34408
25.0264799594879,1093.45508073949,755.069374067254,63.3,-58,2.84093530717959,-3.44225
25.3678908348084,1093.63015547462,754.585486952086,63.3,-58,2.80411530717959,-3.47907
25.7339508533478,1093.80908918583,754.090812250933,63.3,-58,2.81638530717959,-3.4668
25.954066991806,1093.91568591987,753.796103633293,63.3,-58,2.77957530717959,-3.50361
26.192962884903,1094.03598975579,753.464628000841,63.3,-58,2.73662530717959,-3.54656
26.7409789562225,1094.34039333991,752.632591537593,63.3,-58,2.63231530717959,-3.65087
26.8668739795685,1094.40861284407,752.443827631929,63.3,-58,2.67526530717959,-3.60792
27.3555719852448,1094.6572176538,751.733624161982,63.3,-58,2.59549530717959,-3.68769
27.8743720054626,1094.78614414566,751.33585915311,63.3,-59,2.58935530717959,-3.69383
28.2785828113556,1094.81950673874,751.202964824027,63.3,-58,2.46664530717959,-3.81654
28.4359037876129,1094.89284176353,750.992464436974,63.3,-58,2.47277530717959,-3.81041
28.9390239715576,1095.13499192159,750.299223127327,63.3,-58,2.38073530717959,-3.90245
29.2048809528351,1095.40104024644,749.544661016328,63.3,-58,2.36233530717959,-3.92085
29.3441188335419,1095.56761830058,749.072888170146,63.3,-58,2.30710530717959,-3.97608
29.7359998226166,1096.02064265464,747.788436927103,63.3,-58,2.27642530717959,-4.00676
30.2819819450378,1096.28349115618,747.008903371096,63.3,-58,2.17211530717959,-4.11107
30.5816979408264,1096.42195186991,746.600403581316,63.3,-58,2.16598530717959,-4.1172
30.662633895874,1096.45756518347,746.496012055962,63.3,-58,2.17825530717959,-4.10493
31.4941790103912,1096.79656816723,746.117038514778,63.3,-57,2.04326530717959,-4.23992
31.8228988647461,1096.91409710888,746.392327458885,63.3,-58,2.00031530717959,-4.28287
32.1798629760742,1097.11220273591,746.019362201388,63.3,-57,1.95122530717959,-4.33196
32.3994579315186,1097.24511231822,745.684671707745,63.3,-58,1.88986530717959,-4.39332
32.7974588871002,1097.48220937197,745.087731532006,63.3,-57,1.79168530717959,-4.4915
33.116073846817,1097.66815120005,744.61970234525,63.3,-58,1.79782530717959,-4.48536
33.4055387973785,1097.84472432151,744.174686959958,63.3,-57,1.75487530717959,-4.52831
33.8288049697876,1098.13183997176,743.449016228227,63.3,-57,1.69965530717959,-4.58353
34.1352729797363,1098.33222152702,742.941110121753,63.3,-57,1.61374530717959,-4.66944
34.4293429851532,1098.49401046483,742.524908079222,63.3,-57,1.59533530717959,-4.68785
34.8661298751831,1098.74263708983,741.737045606525,63.3,-57,1.53398530717959,-4.7492
35.4185919761658,1099.12026498556,739.452396837339,63.3,-57,1.38058530717959,-4.9026
35.734267950058,1099.29706737362,738.76646322534,63.3,-56,1.36831530717959,-4.91487
36.0024509429932,1099.43459503078,738.385205998004,63.3,-56,1.33763530717959,-4.94555
36.4336597919464,1099.63319513844,737.847800377142,63.3,-56,1.27013530717959,-5.01305
36.763267993927,1099.7693161125,737.489661400553,63.3,-56,1.27627530717959,-5.00691
37.0450208187103,1099.88934027747,737.165145291653,63.3,-56,1.18423530717959,-5.09895
37.4386270046234,1100.0625958328,736.683819702013,63.3,-56,1.14128530717959,-5.1419
37.7323658466339,1100.19428119014,736.321314268943,63.3,-56,1.12900530717959,-5.15418
38.1349039077759,1100.38157238746,735.815092918458,63.3,-56,1.06151530717959,-5.22167
38.5339639186859,1100.54965979997,735.341253259295,63.3,-56,1.03697530717959,-5.24621
38.8629598617554,1100.66270282731,734.991272046646,63.3,-56,0.975615307179586,-5.30757
39.2927567958832,1100.83180267002,734.50878050178,63.3,-56,0.865165307179586,-5.41802
39.4212889671326,1100.89163441528,734.353559859792,63.3,-56,0.859025307179587,-5.42416
40.1077389717102,1101.24287968252,733.465326105878,63.3,-56,0.785395307179586,-5.49779
40.2533559799194,1101.32999358498,733.253348943219,63.3,-56,0.779265307179586,-5.50392
40.636834859848,1101.55078798772,732.716203300413,63.3,-56,0.717905307179587,-5.56528
41.0495629310608,1101.74369984123,732.247540973946,63.3,-55,0.668815307179586,-5.61437
41.3020429611206,1101.86189826965,731.960541500006,63.3,-55,0.693355307179586,-5.58983
41.8938539028168,1102.16884578836,731.239608353491,63.3,-55,0.631995307179587,-5.65119
42.2056047916412,1102.36085166162,730.836889609008,63.3,-55,0.607455307179587,-5.67573
42.6239168643951,1102.65947478466,730.265485748579,63.3,-55,0.564505307179586,-5.71868
42.6999778747559,1102.71377294609,730.161588305069,63.3,-55,0.582915307179587,-5.70027
43.134712934494,1102.95633747405,729.644547918864,63.3,-55,0.552235307179586,-5.73095
43.598573923111,1103.20741573361,729.096929157666,63.3,-55,0.521555307179586,-5.76163
43.9447538852692,1103.41909989503,728.646870223172,63.3,-55,0.497005307179586,-5.78618
44.227264881134,1103.59185138209,728.279585539827,63.3,-55,0.472465307179586,-5.81072
44.6331758499146,1103.85505707023,727.728880734873,63.3,-55,0.490875307179587,-5.79231
44.7756309509277,1103.94784471827,727.534973486708,63.3,-55,0.466325307179586,-5.81686
45.2139959335327,1104.23610109402,726.938264959454,63.3,-55,0.466325307179586,-5.81686
45.6779489517212,1104.54447828669,726.306708468852,63.3,-55,0.404975307179586,-5.87821
46.0467059612274,1104.73202408392,725.770156197877,63.3,-55,0.417245307179586,-5.86594
46.4608609676361,1104.9237271163,725.156173985843,63.3,-55,0.374295307179586,-5.90889
47.0801708698273,1105.34448479623,724.304757144046,63.3,-55,0.343615307179586,-5.93957
47.5033748149872,1105.64319067691,723.732512199361,63.3,-55,0.312935307179586,-5.97025
47.8608858585358,1105.8926850925,723.253126500835,63.3,-55,0.288385307179587,-5.9948
48.2051107883453,1106.1283504817,722.800726100917,63.3,-55,0.251575307179587,-6.03161
48.558513879776,1106.34878436846,722.379556674733,63.3,-55,0.263845307179587,-6.01934
48.800076007843,1106.49945786304,722.091674125506,63.3,-55,0.263845307179587,-6.01934
48.9946839809418,1106.61581274301,721.872811323969,63.3,-55,0.251575307179587,-6.03161
49.6439390182495,1106.98729651207,721.185998309079,63.3,-55,0.245435307179586,-6.03775
50.0175650119781,1107.29375632774,720.624746224829,63.3,-55,0.214755307179586,-6.06843
50.167407989502,1107.41713834845,720.398802899403,63.3,-55,0.190215307179586,-6.09297
51.0726618766785,1108.05960512417,719.257191032711,63.3,-56,0.134995307179587,-6.14819
51.3509500026703,1108.25647116431,718.917223986787,63.3,-56,0.122715307179586,-6.16047
51.7640929222107,1108.55970150138,718.397476549388,63.3,-56,0.104315307179586,-6.17887
52.020213842392,1108.75021222593,718.073096990224,63.3,-56,0.0981753071795861,-6.18501
52.5056779384613,1109.12541527859,717.446144792549,63.3,-56,0.0674953071795859,-6.21569
52.8267538547516,1109.37694714016,717.025915532647,63.3,-56,0.0184053071795862,-6.26478
53.0965058803558,1109.59858809499,716.655842302003,63.3,-56,0.0122753071795865,-6.27091
53.6159639358521,1110.0292595671,715.943272605797,63.3,-56,0.0306753071795862,-6.25251
53.6685438156128,1110.07613514052,715.871210157112,63.3,-56,0.0122753071795865,-6.27091
54.0318229198456,1110.40000268071,715.373324237125,63.3,-56,6.26477750717959,-6.30159310717959
54.7031798362732,1110.95145520972,714.487440901064,63.3,-57,6.17887430717959,-6.38749630717959
55.3159618377686,1111.42078532118,713.697162851424,63.3,-57,6.11751530717959,-6.44885530717959
55.5080268383026,1111.56645161118,713.447619780844,63.3,-56,6.12978730717959,-6.43658330717959
55.9311699867249,1111.88760093289,712.900809615153,63.3,-56,6.11751530717959,-6.44885530717959
56.4353959560394,1112.27186002463,712.269616811997,63.3,-57,6.06229230717959,-6.50407830717959
56.7100749015808,1112.47906927125,711.929571189009,63.3,-57,6.03774830717959,-6.52862230717959
57.0549178123474,1112.72402450579,711.529907385283,63.3,-57,6.03161230717959,-6.53475830717959
57.266786813736,1112.87452323814,711.28435682199,63.3,-57,6.00093330717959,-6.56543730717959
57.6303958892822,1113.09125067189,710.899748611429,63.3,-57,5.97638930717959,-6.58998130717959
58.0359089374542,1113.27318565888,710.523749638316,63.3,-57,5.91503030717959,-6.65134030717959
58.4210669994354,1113.49731237726,710.122943275512,63.3,-57,5.89662230717959,-6.66974830717959
58.8370749950409,1113.82912273878,709.613664644877,63.3,-57,5.85980630717959,-6.70656430717959
59.1118178367615,1114.04925981531,709.276035197444,63.3,-57,5.82912730717959,-6.73724330717959
59.5497448444366,1114.44087013743,708.68544449544,63.3,-58,5.77390330717959,-6.79246730717959
59.7926797866821,1114.65811143408,708.357821134543,63.3,-57,5.74936030717959,-6.81701030717959
59.9777109622955,1114.82416461639,708.108754140059,63.3,-58,5.72481630717959,-6.84155430717959
60.4716868400574,1115.27189283143,707.447310323705,63.3,-58,5.68186530717959,-6.88450530717959
61.0063059329987,1115.753412103,706.736618102205,63.3,-58,5.60209830717959,-6.96427230717959
61.3609340190887,1116.0705139364,706.269107155935,63.3,-58,5.49165130717959,-7.07471930717959
61.644110918045,1116.31367077795,705.907662477863,63.3,-58,5.46710730717959,-7.09926330717959
62.070102930069,1116.62329716205,705.430238569486,63.3,-58,5.44869930717959,-7.11767130717959
62.573912858963,1117.01043686286,704.844446840101,63.3,-58,5.33825330717959,-7.22811730717959
62.826623916626,1117.23280118936,704.522166809556,63.3,-58,5.28916530717959,-7.27720530717959
63.5057299137115,1117.83287739815,703.651312628484,63.3,-58,5.18485530717959,-7.38151530717959
63.7602949142456,1118.05983888624,703.321023936597,63.3,-58,5.15417530717959,-7.41219530717959
64.1863379478455,1118.44071942808,702.767478873232,63.3,-58,5.07440530717959,-7.49196530717959
64.394889831543,1118.63150695688,702.493282950438,63.3,-58,5.04986530717959,-7.51650530717959
64.8807489871979,1119.07598084993,701.854494188762,63.3,-58,4.93328530717959,-7.63308530717959
65.1900749206543,1119.34784884872,701.469775204966,63.3,-58,4.89646530717959,-7.66990530717959
65.4989268779755,1119.61285268513,701.098396589156,63.3,-58,4.84737530717959,-7.71899530717959
65.9982719421387,1120.05548257734,700.533140495463,63.3,-58,4.77374530717959,-7.79262530717959
66.1778929233551,1120.22404379625,700.352990692759,63.3,-58,4.72466530717959,-7.84170530717959
66.6934728622437,1120.70736449472,699.83153622651,63.3,-58,4.65716530717959,-7.90920530717959
67.0133190155029,1120.99889485952,699.437605821069,63.3,-58,4.60807530717959,-7.95829530717959
67.3767349720001,1121.33013781897,698.990013772118,63.3,-58,4.55285530717959,-8.01351530717959
67.7313799858093,1121.65807813585,698.552557056023,63.3,-58,4.49763530717959,-8.06873530717959
68.1325078010559,1122.03419340813,698.057025184794,63.3,-57,4.48535530717959,-8.08101530717959
68.4693918228149,1122.34183909452,697.654313476117,63.3,-57,4.39945530717959,-8.16691530717959
68.7776238918304,1122.59124669728,697.338283294547,63.3,-57,4.34423530717959,-8.22213530717959
69.1953418254852,1122.92924536429,696.909997312366,63.3,-57,4.25833530717959,-8.30803530717959
69.5410368442535,1123.18292434969,696.589922207452,63.3,-57,4.22151530717959,-8.34485530717959
69.7100789546967,1123.30085545956,696.441478762813,63.3,-57,4.20310530717959,-8.36326530717959
70.3609509468079,1123.83990246932,695.726474838373,63.3,-57,4.06198530717959,-8.50438530717959
70.8141269683838,1124.41206981777,694.896330281935,63.3,-57,3.98834530717959,-8.57802530717959
71.0277988910675,1124.68184600102,694.50491817045,63.3,-57,3.95767530717959,-8.60869530717959
71.5607898235321,1125.20472591746,693.867207279413,63.3,-57,3.90244530717959,-8.66392530717959
71.7644619941711,1125.39355354642,693.648298970023,63.3,-57,3.85335530717959,-8.71301530717959
72.2983939647675,1125.88951071351,693.085257160724,63.3,-57,3.79813530717959,-8.76823530717959
72.6901838779449,1126.25417725883,692.680650946155,63.3,-56,3.76745530717959,-8.79891530717959
72.8671069145203,1126.4188520255,692.49794037171,63.3,-56,3.69996530717959,-8.86640530717959
73.4644258022308,1126.94370372224,691.930858525352,63.3,-56,3.65087530717959,-8.91549530717959
73.7775008678436,1127.21640297555,691.637460413055,63.3,-56,3.55269530717959,-9.01367530717959
74.1739919185638,1127.54134719858,691.295624165685,63.3,-56,3.49747530717959,-9.06889530717959
74.8227047920227,1128.05868803662,690.757181267151,63.3,-56,3.39930530717959,-9.16706530717959
74.9990499019623,1128.1670925302,690.650810554137,63.3,-56,3.36862530717959,-9.19774530717959
75.3768918514252,1128.38702928238,690.438205027033,63.3,-56,3.33794530717959,-9.22842530717959
75.8480060100555,1128.69180866875,690.142871959668,63.3,-56,3.21522530717959,-9.35114530717959
76.3732528686523,1129.22393420322,689.623200427065,63.3,-56,3.14772530717959,-9.41864530717959
76.454216003418,1129.30595763783,689.543096689861,63.3,-56,3.12318530717959,-9.44318530717959
77.0460798740387,1129.92385277916,688.946950927413,63.3,-56,3.03114530717959,-9.53522530717959
77.4395899772644,1130.34360491157,688.545430453272,63.3,-56,2.96365530717959,-9.60271530717959
77.7445077896118,1130.65691216564,688.249376530347,63.3,-55,2.93297530717959,-9.63339530717959
78.2543368339539,1131.14608768091,687.798125858397,63.3,-55,2.87161530717959,-9.69475530717959
78.6771018505096,1131.57399466176,687.40733348029,63.3,-55,2.82866530717959,-9.73770530717959
79.0772528648376,1132.0344595901,686.996106385869,63.3,-55,2.76730530717959,-9.79906530717959
79.3233978748322,1132.31770551559,686.7431481435,63.3,-55,2.70594530717959,-9.86042530717959
79.8289039134979,1132.95278344744,686.137789491197,63.3,-55,2.63844530717959,-9.92792530717959
80.1358959674835,1133.34800666307,685.754807702598,63.3,-55,2.60163530717959,-9.96473530717959
80.62637591362,1133.92936788208,685.230125901214,63.3,-55,2.53413530717959,-10.0322353071796
80.8728129863739,1134.20685220679,684.991951855839,63.3,-55,2.48504530717959,-10.0813253071796
81.2217810153961,1134.59323667658,684.661535275813,63.3,-55,2.41141530717959,-10.1549553071796
81.7092878818512,1135.08203905515,684.253274198259,63.3,-55,2.33165530717959,-10.2347153071796
81.9850769042969,1135.35856096577,684.022315556998,63.3,-55,2.30097530717959,-10.2653953071796
82.4858808517456,1135.88572074419,683.584401704823,63.3,-55,2.22120530717959,-10.3451653071796
82.8405449390411,1136.26152050352,683.272447496007,63.3,-55,2.15984530717959,-10.4065253071796
83.1406350135803,1136.58625183934,683.012284836654,63.3,-55,2.11075530717959,-10.4556153071796
83.6650269031525,1137.15825591482,682.560217099578,63.3,-54,2.03712530717959,-10.5292453071796
83.9459040164948,1137.48845784486,682.286115972384,63.3,-54,2.01258530717959,-10.5537853071796
84.4563589096069,1138.117100847,681.749673943895,63.3,-55,1.90827530717959,-10.6580953071796
84.6062250137329,1138.30166618056,681.592178192588,63.3,-54,1.90213530717959,-10.6642353071796
85.3026208877563,1139.02161564449,681.052949761221,63.3,-55,1.77328530717959,-10.7930853071796
85.6038329601288,1139.33451248636,680.821868443892,63.3,-55,1.73033530717959,-10.8360353071796
85.8874719142914,1139.63264337277,680.603581806377,63.3,-54,1.63215530717959,-10.9342153071796
86.4922959804535,1140.25089347519,680.150594412581,63.3,-55,1.52170530717959,-11.0446653071796
86.7768938541412,1140.5260921325,679.948667397781,63.3,-54,1.49716530717959,-11.0692053071796
87.2686908245087,1141.00674288656,679.599580357748,63.3,-54,1.41126530717959,-11.1551053071796
87.6142609119415,1141.35212926384,679.354064740159,63.3,-54,1.36217530717959,-11.2041953071796
87.8611919879913,1141.5989290677,679.178628735009,63.3,-54,1.29467530717959,-11.2716953071796
88.3135199546814,1141.94463236182,678.858224707385,63.3,-54,1.23332530717959,-11.3330453071796
88.5289688110352,1142.09822234786,678.705712545812,63.3,-54,1.18423530717959,-11.3821353071796
88.8135559558868,1142.33142379493,678.498696312014,63.3,-54,1.14741530717959,-11.4189553071796
89.3824319839478,1142.97762486009,678.051855149941,63.3,-54,1.17196530717959,-11.3944053071796
89.5678629875183,1143.18826075632,677.906202668499,63.3,-55,1.15355530717959,-11.4128153071796
89.8592009544373,1143.52552466203,677.678334450538,63.3,-54,1.05537530717959,-11.5109953071796
90.4174909591675,1144.17196394194,677.243238704748,63.3,-54,0.828345307179586,-11.7380253071796
90.5380749702454,1144.31170254687,677.151582200441,63.3,-55,0.822215307179587,-11.7441553071796
90.9704740047455,1144.81278753577,676.822913551807,63.3,-54,0.717905307179587,-11.8484653071796
91.3840398788452,1145.28912449855,676.515871922117,63.3,-54,0.656545307179586,-11.9098253071796
91.7262318134308,1145.68141207151,676.266428193658,63.3,-54,0.613595307179586,-11.9527753071796
91.9302318096161,1145.91527691548,676.117720657007,63.3,-54,0.552235307179586,-12.0141353071796
92.440819978714,1146.85644635381,675.227609745991,63.3,-54,0.503145307179587,-12.0632253071796
92.8451769351959,1147.53114813687,674.631342620079,63.3,-54,0.404975307179586,-12.1613953071796
93.1552379131317,1147.88687285497,674.42070562408,63.3,-54,0.362015307179586,-12.2043553071796
93.3411448001862,1148.1001588848,674.294411536751,63.3,-54,0.319065307179586,-12.2473053071796
93.7875258922577,1148.64057606058,673.981774084989,63.3,-54,0.227025307179586,-12.3393453071796
94.1606788635254,1149.10627223974,673.7157991538,63.3,-54,0.165665307179586,-12.4007053071796
94.6500508785248,1149.70778955855,673.384149381705,63.3,-54,0.0797653071795859,-12.4866053071796
94.872220993042,1149.97946444654,673.236204687265,63.3,-55,0.0245453071795865,-12.5418253071796
95.1489119529724,1150.31186701227,673.055994685702,63.3,-55,6.23409790717959,-12.6154580143592
95.4993119239807,1150.72187035076,672.835223657285,63.3,-55,6.18501050717959,-12.6645454143592
95.7873208522797,1151.05886987098,672.653762377163,63.3,-54,6.12978730717959,-12.7197686143592
96.3918068408966,1151.48180695282,672.579381330468,63.3,-54,6.05002030717959,-12.7995356143592
96.5357367992401,1151.57939231311,672.56503054219,63.3,-54,6.00706830717959,-12.8424876143592
97.0013248920441,1152.19853688608,672.274103757796,63.3,-54,5.90275830717959,-12.9467976143592
97.3040499687195,1152.61352406319,672.07454010173,63.3,-54,5.87207830717959,-12.9774776143592
97.721519947052,1153.13518020495,671.82536605104,63.3,-54,5.78003930717959,-13.0695166143592
98.1894328594208,1153.6662740024,671.572115510983,63.3,-55,5.68800030717959,-13.1615556143592
98.4742658138275,1153.91614111576,671.453617925404,63.3,-55,5.63277730717959,-13.2167786143592
98.840304851532,1154.13134103543,671.24330058228,63.3,-55,5.56528230717959,-13.2842736143592
99.1951439380646,1153.55752397034,670.610642953741,63.3,-55,5.49778730717959,-13.3517686143592
99.5157389640808,1153.03908362966,670.039040510326,63.3,-55,5.45483530717959,-13.3947206143592
99.8417279720306,1154.19322663397,670.095935769257,63.3,-55,5.39961230717959,-13.4499436143592
100.19434595108,1155.50995674453,670.183404269458,63.3,-55,5.31984530717959,-13.5297106143592
100.407697916031,1155.94816511573,670.153253542017,63.3,-55,5.27075530717959,-13.5788006143592
100.961116790771,1156.49242077654,669.937757719561,63.3,-55,5.20326530717959,-13.6462906143592
101.208137989044,1156.34673571288,669.619284921546,63.3,-55,5.14190530717959,-13.7076506143592
101.825829982758,1155.84628213368,668.713548895651,63.3,-55,5.03145530717959,-13.8181006143592
101.909626960754,1155.95922236504,668.67021672525,63.3,-55,5.00691530717959,-13.8426406143592
102.19152879715,1156.3391651671,668.524442752217,63.3,-55,4.97623530717959,-13.8733206143592
102.805796861649,1157.12893790694,668.226816376759,63.3,-56,4.84737530717959,-14.0021806143592
102.966260910034,1157.32755396243,668.153107751722,63.3,-56,4.82897530717959,-14.0205806143592
103.41136598587,1158.18641929391,668.30771726587,63.3,-56,4.74920530717959,-14.1003506143592
103.877669811249,1159.40178853465,668.837697951175,63.3,-56,4.63875530717959,-14.2108006143592
104.150004863739,1159.65293746453,668.126891546489,63.3,-56,4.60194530717959,-14.2476106143592
104.330061912537,1159.80643559085,667.629012946444,63.3,-56,4.60194530717959,-14.2476106143592
104.779336929321,1160.24343192353,666.780295660419,63.3,-56,4.51603530717959,-14.3335206143592
105.027304887772,1160.53667334819,666.691300297816,63.3,-56,4.44854530717959,-14.4010106143592
105.667761802673,1161.33999059795,666.443916910317,63.3,-56,4.35036530717959,-14.4991906143592
105.977494001389,1161.75007381458,666.31604149868,63.3,-56,4.25833530717959,-14.5912206143592
106.282606840134,1162.14075265377,666.199463825521,63.3,-56,4.19083530717959,-14.6587206143592
106.743988990784,1162.72577102149,666.027244935247,63.3,-56,4.11720530717959,-14.7323506143592
107.226499795914,1163.54883278021,665.761244067733,63.3,-56,4.02516530717959,-14.8243906143592
107.474006891251,1163.96377397375,665.628494541409,63.3,-56,4.01902530717959,-14.8305306143592
107.973342895508,1164.65351582508,665.434371319334,63.3,-56,3.91471530717959,-14.9348406143592
108.007979869843,1164.70136050401,665.420905755058,63.3,-57,3.89017530717959,-14.9593806143592
108.555285930634,1165.33677903728,665.245460474007,63.3,-56,3.79200530717959,-15.0575506143592
108.973599910736,1165.81173094421,665.116424758739,63.3,-56,3.71836530717959,-15.1311906143592
109.592268943787,1166.59429280557,664.907360262722,63.3,-56,3.52815530717959,-15.3214006143592
109.810842990875,1166.86201970075,664.837004125151,63.3,-56,3.49133530717959,-15.3582206143592
110.064146995544,1167.17228661309,664.755468866792,63.3,-56,3.44225530717959,-15.4073006143592
110.652052879334,1167.86368399296,664.582487232485,63.3,-56,3.30726530717959,-15.5422906143592
110.778642892838,1168.00951118687,664.546965223711,63.3,-57,3.29499530717959,-15.5545606143592
111.16983294487,1168.51727189392,664.423185731994,63.3,-57,3.16000530717959,-15.6895506143592
111.598459005356,1169.11544137534,664.27730562377,63.3,-57,3.05568530717959,-15.7938706143592
112.181970834732,1170.05392161856,664.057751622335,63.3,-56,2.98205530717959,-15.8675006143592
112.435735940933,1170.44901285831,663.96736043123,63.3,-56,2.85320530717959,-15.9963506143592
112.627595901489,1170.72670970845,663.906153778545,63.3,-56,2.81638530717959,-16.0331706143592
113.089072942734,1171.39810008783,663.758423885607,63.3,-56,2.73662530717959,-16.1129306143592
113.525038003922,1172.04992521659,663.616263928954,63.3,-56,2.61390530717959,-16.2356506143592
113.838091850281,1172.49259415213,663.538757879134,63.3,-56,2.52800530717959,-16.3215506143592
114.103725910187,1172.83310049629,663.506977287013,63.3,-56,2.49732530717959,-16.3522306143592
114.477160930634,1173.3028654289,663.457171373247,63.3,-56,2.38687530717959,-16.4626806143592
114.939530849457,1173.82185867124,663.359518697386,63.3,-56,2.26415530717959,-16.5854006143592
115.33252286911,1174.28362398017,663.275948709381,63.3,-56,2.15984530717959,-16.6897106143592
115.665215015411,1174.68637679742,663.204874682808,63.3,-56,2.08007530717959,-16.7694806143592
115.804837942123,1174.85565648643,663.175065726399,63.3,-56,2.06166530717959,-16.7878906143592
116.383760929108,1175.58944009374,663.053867759798,63.3,-56,1.88372530717959,-16.9658306143592
116.792833805084,1176.17727532929,662.95997909018,63.3,-56,1.79782530717959,-17.0517306143592
116.979664802551,1176.45870846142,662.915556801677,63.3,-56,1.74260530717959,-17.1069506143592
117.337577819824,1176.89714506666,662.835175115193,63.3,-56,1.65056530717959,-17.1989906143592
117.707341909409,1177.21830829062,662.758306540277,63.3,-56,1.57079530717959,-17.2787606143592
118.132685899735,1177.67350504135,662.677366905683,63.3,-55,1.44194530717959,-17.4076106143592
118.530107021332,1178.15464062952,662.606611672129,63.3,-55,1.32535530717959,-17.5242006143592
118.856133937836,1178.65793802922,662.541554634833,63.3,-55,1.28240530717959,-17.5671506143592
119.166809797287,1179.15807384647,662.478234687327,63.3,-55,1.15968530717959,-17.6898706143592
119.505554914474,1179.68242037401,662.414796834113,63.3,-55,1.07992530717959,-17.7696306143592
119.967533826828,1180.38568576181,662.331407229087,63.3,-55,0.975615307179586,-17.8739406143592
120.269526958466,1180.78989948398,662.289265798479,63.3,-56,0.865165307179586,-17.9843906143592
120.505572795868,1181.10584364476,662.256326939164,63.3,-56,0.828345307179586,-18.0212106143592
120.887493848801,1181.60230296619,662.202368462824,63.3,-56,0.736315307179586,-18.1132406143592
121.202522993088,1182.00304556076,662.157465979336,63.3,-55,0.650405307179586,-18.1991506143592
121.639484882355,1182.57263879271,662.110133121881,63.3,-55,0.521555307179586,-18.3280006143592
121.86236000061,1182.86568245811,662.08873105643,63.3,-55,0.490875307179587,-18.3586806143592
122.348262786865,1183.49418310218,662.047809324692,63.3,-55,0.368155307179586,-18.4814006143592
122.639253854752,1183.86823865396,662.024592083547,63.3,-55,0.276115307179587,-18.5734406143592
122.976625919342,1184.27021217899,662.004889921498,63.3,-55,0.141125307179586,-18.7084306143592
123.383782863617,1184.75275521201,661.982210246939,63.3,-56,0.0306753071795862,-18.8188806143592
123.645931005478,1185.07372771366,661.968774188731,63.3,-55,6.27091350717959,-18.8618277215388
124.002295017242,1185.51005752146,661.950509220032,63.3,-55,6.17273830717959,-18.9600029215388
124.45206284523,1186.25504721835,662.07359199003,63.3,-55,6.03774830717959,-19.0949929215388
125.205281019211,1187.38000874755,662.150670206035,63.3,-55,5.79844730717959,-19.3342939215388
125.359863996506,1187.58866408238,662.14474249766,63.3,-55,5.72481630717959,-19.4079249215388
125.908724784851,1188.42967423195,662.117525495392,63.3,-55,5.63277730717959,-19.4999639215388
126.275259017944,1188.96883767707,662.097131763456,63.3,-55,5.47937930717959,-19.6533619215388
126.537692785263,1189.34093550374,662.081627687344,63.3,-55,5.37506830717959,-19.7576729215388
126.998914003372,1189.99279195031,662.054184583926,63.3,-55,5.26462530717959,-19.8681159215388
127.351039886475,1190.48926935855,662.033121906001,63.3,-55,5.16031530717959,-19.9724259215388
127.678505897522,1190.80970120771,662.014227502917,63.3,-55,5.04986530717959,-20.0828759215388
127.919506788254,1191.0087111782,662.000502677366,63.3,-55,4.98850530717959,-20.1442359215388
128.30827999115,1191.42384107116,661.979803508846,63.3,-55,4.85351530717959,-20.2792259215388
128.984952926636,1192.3872712431,661.944291325538,63.3,-55,4.65716530717959,-20.4755759215388
129.500831842422,1193.20116832361,661.909546286854,63.3,-55,4.51603530717959,-20.6167059215388
129.851224899292,1193.71688085165,661.888595465402,63.3,-54,4.43013530717959,-20.7026059215388
130.059466838837,1194.02337373153,661.876144192157,63.3,-55,4.33809530717959,-20.7946459215388
130.312438011169,1194.39847950747,661.861265751254,63.3,-55,4.30741530717959,-20.8253259215388
130.7016248703,1194.97777008917,661.838571893414,63.3,-55,4.16629530717959,-20.9664459215388
130.976770877838,1195.36930335205,661.78313932959,63.3,-55,4.10493530717959,-21.0278059215388
131.567359924316,1196.1924838299,661.640495549784,63.3,-55,3.93926530717959,-21.1934759215388
131.699792861938,1196.38108038367,661.634083266955,63.3,-55,3.87790530717959,-21.2548359215388
132.304022789001,1197.23068698671,661.605007797275,63.3,-54,3.72450530717959,-21.4082359215388
132.97567486763,1198.14141798105,661.572796885603,63.3,-54,3.49747530717959,-21.6352659215388
133.331727981567,1198.66035262015,661.553704007372,63.3,-54,3.42384530717959,-21.7088959215388
133.62091588974,1199.08255272594,661.538005026797,63.3,-55,3.33180530717959,-21.8009359215388
133.942803859711,1199.56714434314,661.516625984861,63.3,-55,3.25817530717959,-21.8745659215388
134.31062579155,1200.12334397122,661.485789651606,63.3,-55,3.12932530717959,-22.0034159215388
134.732841014862,1200.79715445688,661.358154396149,63.3,-54,3.01887530717959,-22.1138659215388
135.179085016251,1201.51277677686,661.28764817198,63.3,-54,2.87161530717959,-22.2611259215388
135.452626943588,1201.95320530744,661.277161778394,63.3,-54,2.79798530717959,-22.3347559215388
135.707291841507,1202.37067638322,661.266292690019,63.3,-54,2.73662530717959,-22.3961159215388
136.325938940048,1203.39964092076,661.237541004715,63.3,-54,2.56481530717959,-22.5679259215388
136.493095874786,1203.66864204188,661.230877674192,63.3,-54,2.50345530717959,-22.6292859215388
136.772965908051,1204.11902929524,661.219721292687,63.3,-54,2.42368530717959,-22.7090559215388
137.147835016251,1204.66231662356,661.206546989665,63.3,-54,2.32551530717959,-22.8072259215388
137.38177895546,1204.97814288557,661.199010226594,63.3,-54,2.26415530717959,-22.8685859215388
137.930591821671,1205.81804695537,661.21866023078,63.3,-53,2.12302530717959,-23.0097159215388
138.087031841278,1206.07199662373,661.229741670854,63.3,-53,2.09234530717959,-23.0403959215388
138.49094080925,1206.68262773638,661.239952590882,63.3,-53,2.03099530717959,-23.1017459215388
138.84890794754,1207.19790813324,661.23842205505,63.3,-53,1.91440530717959,-23.2183359215388
139.382032871246,1207.97507478808,661.242490427794,63.3,-53,1.79168530717959,-23.3410559215388
139.707165002823,1208.4377863164,661.246757385593,63.3,-53,1.74260530717959,-23.3901359215388
139.93082690239,1208.73052958918,661.251530373737,63.3,-53,1.69351530717959,-23.4392259215388
140.306674003601,1209.22246277354,661.259551023482,63.3,-53,1.61374530717959,-23.5189959215388
140.655444860458,1209.65217371963,661.270660026303,63.3,-54,1.58306530717959,-23.5496759215388
141.006330966949,1210.08159500389,661.281830530837,63.3,-53,1.47875530717959,-23.6539859215388
141.363426923752,1210.33474191259,661.254933671788,63.3,-53,1.39899530717959,-23.7337459215388
141.725128889084,1210.62294566597,661.233985052201,63.3,-53,1.32535530717959,-23.8073859215388
142.099581003189,1211.15927978497,661.25941945372,63.3,-53,1.24559530717959,-23.8871459215388
142.461183786392,1211.67572998129,661.285045509384,63.3,-52,1.17809530717959,-23.9546459215388
142.931775808334,1212.34299215704,661.321883942003,63.3,-52,1.05537530717959,-24.0773659215388
143.180169820786,1212.70637848119,661.344013082591,63.3,-53,1.00015530717959,-24.1325859215388
143.596277952194,1213.3285427683,661.384305626899,63.3,-52,0.951065307179586,-24.1816759215388
143.844712972641,1213.69170665808,661.410010110431,63.3,-53,0.865165307179586,-24.2675759215388
144.298496007919,1214.33502379205,661.460939383537,63.3,-53,0.773125307179586,-24.3596159215388
144.692442893982,1214.93039933894,661.473590095868,63.3,-53,0.687225307179586,-24.4455159215388
144.939595937729,1215.3136259805,661.473225118114,63.3,-52,0.631995307179587,-24.5007459215388
145.329314947128,1215.9149929604,661.503078123589,63.3,-52,0.576775307179586,-24.5559659215388
145.775998830795,1216.60211291884,661.559701897941,63.3,-52,0.466325307179586,-24.6664159215388
146.029691934586,1216.96048021435,661.592612904066,63.3,-52,0.392695307179586,-24.7400459215388
146.383586883545,1217.45697018509,661.638603553988,63.3,-52,0.343615307179586,-24.7891259215388
146.556618928909,1217.72995458447,661.66549950747,63.3,-52,0.306795307179586,-24.8259459215388
147.095374822617,1218.67665721977,661.763351964732,63.3,-52,0.159535307179587,-24.9732059215388
147.309095859528,1218.97586722584,661.796331618928,63.3,-53,0.0920353071795859,-25.0407059215388
147.675948858261,1219.4461199382,661.849626926329,63.3,-53,6.28318530717959,-25.1327412287183
148.017123937607,1219.89848974078,661.8713146816,63.3,-52,6.22796200717959,-25.1879645287183
148.618951797485,1220.73296673754,661.873942143354,63.3,-52,6.07456430717959,-25.3413622287183
148.763391017914,1220.94501669732,661.896176508069,63.3,-52,6.05615630717959,-25.3597702287183
149.177433013916,1221.55286814058,661.959912387556,63.3,-52,6.04388430717959,-25.3720422287183
149.464598894119,1222.02152484303,662.015468056191,63.3,-52,5.92730130717959,-25.4886252287183
149.842717885971,1222.6524964431,662.091966382924,63.3,-51,5.82912730717959,-25.5867992287183
150.13303399086,1223.11069023854,662.148755846276,63.3,-52,5.73095230717959,-25.6849742287183
150.534531831741,1223.73400021597,662.226526632451,63.3,-52,5.65732130717959,-25.7586052287183
150.773447990417,1224.09976494233,662.272038750115,63.3,-52,5.54687430717959,-25.8690522287183
151.201861858368,1224.75144098964,662.353023734635,63.3,-51,5.41802030717959,-25.9979062287183
151.529946804047,1225.24685373176,662.398132502228,63.3,-52,5.36279730717959,-26.0531292287183
151.897691965103,1225.80073461709,662.442117160769,63.3,-51,5.29530130717959,-26.1206252287183
152.386245012283,1226.64907955369,662.539889546443,63.3,-50,5.16031530717959,-26.2556112287183
152.653440952301,1227.12054683875,662.596356288848,63.3,-50,5.09895530717959,-26.3169712287183
153.123418807983,1227.87631823613,662.683027320657,63.3,-51,4.91487530717959,-26.5010512287183
153.524894952774,1228.48677217108,662.754847727596,63.3,-51,4.85351530717959,-26.5624112287183
153.707674980164,1228.7495663886,662.786591187534,63.3,-51,4.79215530717959,-26.6237712287183
154.181001901627,1229.44875884187,662.872037800454,63.3,-51,4.70625530717959,-26.7096712287183
154.55725479126,1230.03359293514,662.945007925852,63.3,-51,4.65102530717959,-26.7649012287183
154.839286804199,1230.49760916426,662.983920305475,63.3,-51,4.66943530717959,-26.7464912287183
155.004419803619,1230.79044565377,662.993681521792,63.3,-51,4.59580530717959,-26.8201212287183
155.585896968842,1231.80337322731,663.047569488416,63.3,-51,4.53444530717959,-26.8814812287183
155.696915864944,1231.98539405763,663.070035122429,63.3,-51,4.52217530717959,-26.8937512287183
156.009082794189,1232.49720678192,663.133204801011,63.3,-51,4.47922530717959,-26.9367012287183
156.297585010529,1232.96207339633,663.190001495295,63.3,-51,4.41786530717959,-26.9980612287183
156.648319959641,1233.52040225022,663.257724717388,63.3,-51,4.34423530717959,-27.0716912287183
157.015511989594,1234.11266854079,663.330025387078,63.3,-51,4.29514530717959,-27.1207812287183
157.19647192955,1234.40739230585,663.366170754491,63.3,-51,4.25219530717959,-27.1637312287183
157.460508823395,1234.83720120931,663.418888373485,63.3,-51,4.22765530717959,-27.1882712287183
157.973646879196,1235.64819242648,663.518935888126,63.3,-51,4.11720530717959,-27.2987212287183
158.134701967239,1235.90268374646,663.550327466312,63.3,-51,4.09266530717959,-27.3232612287183
158.451545953751,1236.39448435691,663.610336164651,63.3,-51,4.03743530717959,-27.3784912287183
158.75341296196,1236.86303792028,663.667508296694,63.3,-51,3.97607530717959,-27.4398512287183
159.12416100502,1237.42690563896,663.736620237508,63.3,-51,3.89631530717959,-27.5196112287183
159.437357902527,1237.90046984542,663.794739481029,63.3,-51,3.81654530717959,-27.5993812287183
159.700143814087,1238.28968821414,663.842863140388,63.3,-51,3.79200530717959,-27.6239212287183
160.21144080162,1239.0325681936,663.935358980968,63.3,-51,3.73064530717959,-27.6852812287183
160.401192903519,1239.3197933179,663.970835658593,63.3,-51,3.71223530717959,-27.7036912287183
160.860234975815,1240.02553069516,664.057745909682,63.3,-51,3.63246530717959,-27.7834612287183
161.08638381958,1240.36917388135,664.099939658941,63.3,-51,3.62633530717959,-27.7895912287183
161.542577981949,1241.05506343884,664.183926135368,63.3,-51,3.54656530717959,-27.8693612287183
161.904968976974,1241.6767555948,664.310330823515,63.3,-51,3.50361530717959,-27.9123112287183
162.166360855103,1242.13999752821,664.413016118753,63.3,-51,3.48520530717959,-27.9307212287183
162.381485939026,1242.49099436566,664.480888796873,63.3,-51,3.44838530717959,-27.9675412287183
162.813454866409,1243.10341916184,664.56637309134,63.3,-51,3.38089530717959,-28.0350312287183
163.166571855545,1243.60977092092,664.636254391228,63.3,-51,3.33794530717959,-28.0779812287183
163.457429885864,1244.03074151226,664.693815676167,63.3,-51,3.30112530717959,-28.1148012287183
163.687832832336,1244.36088992708,664.739135652819,63.3,-52,3.27044530717959,-28.1454812287183
163.985269784927,1244.76499461129,664.795798157453,63.3,-52,3.21522530717959,-28.2007012287183
164.429463863373,1245.3949733169,664.883796312881,63.3,-52,3.19067530717959,-28.2252512287183
164.593259811401,1245.66007172672,664.920428093147,63.3,-52,3.17840530717959,-28.2375212287183
164.997627973557,1246.31452843373,665.010862110843,63.3,-52,3.11704530717959,-28.2988812287183
165.247634887695,1246.74698664498,665.056480658708,63.3,-52,3.07409530717959,-28.3418312287183
165.697474956512,1247.52203734542,665.138472551399,63.3,-51,3.03114530717959,-28.3847812287183
166.066145896912,1248.04187234752,665.22038594567,63.3,-51,2.96978530717959,-28.4461412287183
166.410635948181,1248.53064163877,665.297267168596,63.3,-51,2.93297530717959,-28.4829512287183
166.695150852203,1248.96413235211,665.364113867381,63.3,-51,2.92069530717959,-28.4952312287183
166.877291917801,1249.2416449159,665.406907860863,63.3,-51,2.85933530717959,-28.5565912287183
167.277320861816,1249.84573547812,665.500901289419,63.3,-51,2.84093530717959,-28.5749912287183
167.625133991241,1250.36584097449,665.582632153134,63.3,-51,2.82252530717959,-28.5934012287183
168.04705786705,1250.96141813306,665.674858648654,63.3,-51,2.74275530717959,-28.6731712287183
168.346050977707,1251.36765521437,665.737118896986,63.3,-51,2.69366530717959,-28.7222612287183
168.579473018646,1251.68815189482,665.772094801797,63.3,-52,2.70594530717959,-28.7099812287183
168.869831800461,1252.09119483993,665.797820947229,63.3,-52,2.66912530717959,-28.7468012287183
169.294825792313,1252.6923772472,665.856592016231,63.3,-52,2.60776530717959,-28.8081612287183
169.51581788063,1253.01548533347,665.906853274095,63.3,-52,2.57708530717959,-28.8388412287183
169.808538913727,1253.4434668668,665.973428179281,63.3,-52,2.54027530717959,-28.8756512287183
170.090234994888,1253.83537217862,666.035101151528,63.3,-52,2.49732530717959,-28.9186012287183
170.43306183815,1254.31130897648,666.110035881403,63.3,-52,2.49118530717959,-28.9247412287183
170.826193809509,1254.87356862695,666.198551892757,63.3,-52,2.40528530717959,-29.0106412287183
171.042057991028,1255.18405528536,666.247430485518,63.3,-52,2.39300530717959,-29.0229212287183
171.332762002945,1255.59263831613,666.311727485142,63.3,-52,2.35619530717959,-29.0597312287183
171.624351978302,1255.99120614247,666.374418882825,63.3,-52,2.30710530717959,-29.1088212287183
171.802635908127,1256.2348984652,666.412749654422,63.3,-52,2.30097530717959,-29.1149512287183
172.116101980209,1256.73072532424,666.50583936542,63.3,-52,2.29483530717959,-29.1210912287183
172.402233839035,1257.2116304463,666.601612843119,63.3,-52,2.21506530717959,-29.2008612287183
172.72938990593,1257.70609939983,666.693901570926,63.3,-52,2.20279530717959,-29.2131312287183
173.057575941086,1258.11323030093,666.758848643243,63.3,-52,2.15370530717959,-29.2622212287183
173.382593870163,1258.52544958791,666.823618437271,63.3,-52,2.12302530717959,-29.2929012287183
173.63179898262,1258.85665314697,666.874034979039,63.3,-52,2.08621530717959,-29.3297112287183
173.981413841248,1259.32337843659,666.944937227079,63.3,-52,2.02485530717959,-29.3910712287183
174.191773891449,1259.62147007897,666.989029949182,63.3,-52,1.98803530717959,-29.4278912287183
174.643831014633,1260.26078618843,667.083611868608,63.3,-52,1.92054530717959,-29.4953812287183
174.804816007614,1260.46482177192,667.114102579399,63.3,-52,1.89599530717959,-29.5199312287183
175.219703912735,1260.99065895856,667.192682743246,63.3,-52,1.84077530717959,-29.5751512287183
175.389751911163,1261.27092634301,667.234341391581,63.3,-52,1.83464530717959,-29.5812812287183
175.793514966965,1262.28329726063,667.38389618623,63.3,-52,1.76100530717959,-29.6549212287183
176.00045800209,1262.80217363467,667.460548377849,63.3,-52,1.71805530717959,-29.6978712287183
176.44127202034,1263.39783093401,667.542521896797,63.3,-52,1.68737530717959,-29.7285512287183
176.62016582489,1263.61948178249,667.572584885442,63.3,-52,1.68124530717959,-29.7346812287183
177.02742600441,1264.1766661193,667.650746588941,63.3,-52,1.61988530717959,-29.7960412287183
177.268685817719,1264.51998303631,667.699497591156,63.3,-52,1.60761530717959,-29.8083112287183
177.479990959167,1264.82052818533,667.741947625483,63.3,-52,1.52784530717959,-29.8880812287183
177.893498897552,1265.40726474812,667.822623902866,63.3,-52,1.51557530717959,-29.9003512287183
178.256852865219,1265.9526341335,667.89889083534,63.3,-52,1.47262530717959,-29.9433012287183
178.408684015274,1266.20136085309,667.934519257335,63.3,-52,1.46034530717959,-29.9555812287183
178.787214994431,1266.82146264825,668.023344649614,63.3,-52,1.41126530717959,-30.0046612287183
179.165794849396,1267.49668086142,668.082984702851,63.3,-52,1.36217530717959,-30.0537512287183
179.338726997375,1267.8058895557,668.109816862272,63.3,-52,1.33763530717959,-30.0782912287183
179.688180923462,1268.33503526843,668.172542374228,63.3,-52,1.30081530717959,-30.1151112287183
180.033754825592,1268.79763324504,668.239963568693,63.3,-52,1.24559530717959,-30.1703312287183
180.272422790527,1269.122440116,668.287190302522,63.3,-52,1.22104530717959,-30.1948812287183
180.608435869217,1269.59105322016,668.355091384962,63.3,-52,1.17809530717959,-30.2378312287183
180.934795856476,1270.04860167327,668.421751339272,63.3,-52,1.17809530717959,-30.2378312287183
181.098541975021,1270.28415221109,668.456967310767,63.3,-52,1.14128530717959,-30.2746412287183
181.357296943665,1270.656373993,668.512616309844,63.3,-52,1.12287530717959,-30.2930512287183
181.746189832687,1271.25316391769,668.60209132437,63.3,-52,1.04924530717959,-30.3666812287183
182.142624855042,1271.91380199057,668.701469359265,63.3,-52,1.02469530717959,-30.3912312287183
182.47469997406,1272.47876135159,668.801347307278,63.3,-53,1.00629530717959,-30.4096312287183
182.72149682045,1272.90504202391,668.884781729465,63.3,-53,0.987885307179586,-30.4280412287183
182.995329856873,1273.36880740295,668.973368960837,63.3,-53,0.963335307179586,-30.4525912287183
183.218052864075,1273.69241690802,669.022227650819,63.3,-53,0.932665307179586,-30.4832612287183
183.619052886963,1274.27505729427,669.110194924821,63.3,-53,0.914255307179586,-30.5016712287183
184.005386829376,1274.8508086045,669.194918595327,63.3,-53,0.859025307179587,-30.5569012287183
184.204222917557,1275.14810390286,669.238521905753,63.3,-53,0.852895307179586,-30.5630312287183
184.540385007858,1275.65526656385,669.310828270515,63.3,-54,0.803805307179586,-30.6121212287183
184.85785984993,1276.13821452717,669.377878327558,63.3,-54,0.773125307179586,-30.6428012287183
185.14640879631,1276.56951323368,669.43607056552,63.3,-54,0.754715307179586,-30.6612112287183
185.365622997284,1276.88676020525,669.476535740465,63.3,-54,0.766995307179586,-30.6489312287183
185.672675848007,1277.33112734284,669.533215222301,63.3,-54,0.724035307179586,-30.6918912287183
185.943621873856,1277.66060586363,669.53936095328,63.3,-54,0.693355307179586,-30.7225712287183
186.224750995636,1277.98862021283,669.536039288984,63.3,-54,0.668815307179586,-30.7471112287183
186.584898948669,1278.48624641227,669.566393299285,63.3,-54,0.650405307179586,-30.7655212287183
186.820339918137,1278.85813413255,669.607057657485,63.3,-55,0.668815307179586,-30.7471112287183
187.129926919937,1279.34475081461,669.660371484307,63.3,-55,0.625865307179586,-30.7900612287183
187.51953291893,1279.94328707493,669.726555782324,63.3,-55,0.613595307179586,-30.8023312287183
187.742321014404,1280.28554759929,669.764401897999,63.3,-55,0.570645307179587,-30.8452812287183
187.998992919922,1280.63232898979,669.799963292363,63.3,-55,0.570645307179587,-30.8452812287183
188.423123836517,1281.20237064347,669.85822029653,63.3,-55,0.564505307179586,-30.8514212287183
188.663112878799,1281.53522933351,669.892560899309,63.3,-56,0.558365307179586,-30.8575612287183
189.095772981644,1282.13576808525,669.95453138752,63.3,-56,0.533825307179586,-30.8821012287183
189.412506818771,1282.57551178241,669.977728261229,63.3,-56,0.515415307179587,-30.9005112287183
189.544167995453,1282.75830774768,669.987062523286,63.3,-56,0.527685307179587,-30.8882412287183
189.822772979736,1283.14745118363,670.009803742019,63.3,-56,0.497005307179586,-30.9189212287183
190.311225891113,1283.85431973237,670.081211891331,63.3,-57,0.503145307179587,-30.9127812287183
190.611140966415,1284.30170132288,670.126615711755,63.3,-57,0.509285307179586,-30.9066412287183
190.695400953293,1284.43109829634,670.139804249435,63.3,-57,0.521555307179586,-30.8943712287183
191.161471843719,1285.14683936576,670.212719359043,63.3,-57,0.484735307179586,-30.9311912287183
191.471745967865,1285.62334950055,670.260828555344,63.3,-57,0.509285307179586,-30.9066412287183
191.707467794418,1285.98536434678,670.297378131166,63.3,-57,0.515415307179587,-30.9005112287183
192.148981809616,1286.6437818251,670.363871964335,63.3,-58,0.527685307179587,-30.8882412287183
192.180149793625,1286.6898170255,670.368521519576,63.3,-58,0.521555307179586,-30.8943712287183
192.527685880661,1287.19886265556,670.420258046631,63.3,-58,0.478605307179587,-30.9373212287183
192.935096979141,1287.75229072036,670.479811718822,63.3,-58,0.539965307179586,-30.8759612287183
193.261048793793,1288.20243791011,670.526719284437,63.3,-58,0.552235307179586,-30.8636912287183
193.552304983139,1288.62140735381,670.56695694388,63.3,-59,0.582915307179587,-30.8330112287183
193.827383995056,1289.01710607133,670.604959691999,63.3,-59,0.601325307179586,-30.8146012287183
194.14328289032,1289.48688810295,670.650526272858,63.3,-59,0.595185307179587,-30.8207412287183
194.245322942734,1289.63943193518,670.66534481656,63.3,-59,0.589045307179586,-30.8268812287183
194.564689874649,1290.11686657508,670.71172418158,63.3,-60,0.638135307179586,-30.7777912287183
194.952241897583,1290.6909638119,670.76963576947,63.3,-60,0.724035307179586,-30.6918912287183
195.341830015183,1291.27151479784,670.827956259019,63.3,-60,0.797665307179586,-30.6182612287183
195.672840833664,1291.77956999694,670.877784749699,63.3,-60,0.852895307179586,-30.5630312287183
196.029701948166,1292.36024030329,670.922372215315,63.3,-60,0.883575307179586,-30.5323512287183
196.21430182457,1292.72313613592,670.928102149515,63.3,-60,0.926525307179586,-30.4894012287183
196.4807908535,1293.2470138325,670.936373902618,63.3,-60,0.957205307179586,-30.4587212287183
196.929850816727,1293.99193985833,670.984421672663,63.3,-60,1.06765530717959,-30.3482712287183
197.237987995148,1294.45610386839,671.02901782265,63.3,-60,1.13514530717959,-30.2807812287183
197.440691947937,1294.77328902209,671.058946473362,63.3,-60,1.17809530717959,-30.2378312287183
197.723565816879,1295.22444397813,671.101137816473,63.3,-60,1.20264530717959,-30.2132812287183
198.037992954254,1295.71441682282,671.146827935289,63.3,-60,1.30695530717959,-30.1089712287183
198.32407784462,1296.10959105467,671.183086189552,63.3,-60,1.32535530717959,-30.0905712287183
198.701358795166,1296.6329877662,671.231232465756,63.3,-60,1.39285530717959,-30.0230712287183
198.734752893448,1296.68412462968,671.236198641921,63.3,-60,1.42353530717959,-29.9923912287183
199.152735948563,1297.32418809984,671.298358652003,63.3,-60,1.48489530717959,-29.9310312287183
