1.36166095733643,1083.17900550117,787.469200804946,63.3,-63,3.66314530717959,3.66314530717959
1.6381778717041,1083.27356844602,787.196544313963,63.3,-63,3.28885530717959,3.28885530717959
1.93456101417542,1083.38493349418,786.865425333709,63.3,-63,3.23976530717959,3.23976530717959
2.17865180969238,1083.49232791356,786.531831418494,63.3,-63,3.11091530717959,3.11091530717959
2.51659297943115,1083.64101437113,786.069974109672,63.3,-62,2.89001530717959,2.89001530717959
2.7894549369812,1083.87078113809,785.668862500495,63.3,-62,2.86547530717959,2.86547530717959
3.1096019744873,1084.16454626305,785.192026355631,63.3,-62,2.76116530717959,2.76116530717959
3.32977700233459,1084.35919380961,784.864064622659,63.3,-62,2.71207530717959,2.71207530717959
3.58265781402588,1084.48788227173,784.487042209299,63.3,-62,2.62003530717959,2.62003530717959
4.07598686218262,1084.73688519811,783.75874926721,63.3,-62,2.49732530717959,2.49732530717959
4.42722201347351,1084.89629775597,783.30321580643,63.3,-62,2.33778530717959,2.33778530717959
4.59702897071838,1084.97336681155,783.082985141549,63.3,-62,2.36233530717959,2.36233530717959
4.99616479873657,1085.14506406286,782.587986410589,63.3,-61,2.23347530717959,2.23347530717959
5.21627283096313,1085.23592530134,782.324175504376,63.3,-61,2.24574530717959,2.24574530717959
5.60676097869873,1085.40902072088,781.820262292976,63.3,-61,2.08621530717959,2.08621530717959
5.74876379966736,1085.47985303202,781.613229566412,63.3,-61,2.03712530717959,2.03712530717959
6.12283396720886,1085.66644266676,781.067854719741,63.3,-60,1.96349530717959,1.96349530717959
6.32159996032715,1085.76123479348,780.730682277905,63.3,-60,1.91440530717959,1.91440530717959
6.6118049621582,1085.89765323353,780.216839487037,63.3,-60,1.90213530717959,1.90213530717959
7.00941300392151,1086.06891527162,779.590666381912,63.3,-60,1.82850530717959,1.82850530717959
7.37403202056885,1086.1987806274,779.151721479388,63.3,-60,1.76100530717959,1.76100530717959
7.63069701194763,1086.29031766261,778.844252715794,63.3,-60,1.71805530717959,1.71805530717959
7.95124292373657,1086.40517170866,778.46693590524,63.3,-60,1.74260530717959,1.74260530717959
8.2215268611908,1086.5020165058,778.148782812428,63.3,-59,1.55238530717959,1.55238530717959
8.37700295448303,1086.55976577732,777.962528432524,63.3,-60,1.58306530717959,1.58306530717959
8.74190497398376,1086.70556844091,777.509082148777,63.3,-59,1.51557530717959,1.51557530717959
9.11417984962463,1086.85428879325,777.044980231389,63.3,-59,1.47262530717959,1.47262530717959
9.25143694877625,1086.90902389983,776.868695439856,63.3,-59,1.42353530717959,1.42353530717959
9.73815298080444,1087.10311552825,776.243586540047,63.3,-59,1.39899530717959,1.39899530717959
10.0508790016174,1087.04301229487,775.936993595764,63.3,-59,1.34990530717959,1.34990530717959
10.1367168426514,1087.01257378434,775.86000952956,63.3,-59,1.34376530717959,1.34376530717959
10.5962870121002,1086.93867073297,775.385655158351,63.3,-58,1.30695530717959,1.30695530717959
10.8134717941284,1087.03147041485,775.072301565849,63.3,-58,1.34990530717959,1.34990530717959
11.1883888244629,1087.19161113518,774.531633253146,63.3,-59,1.25786530717959,1.25786530717959
11.4500169754028,1087.29967812613,774.171658379845,63.3,-58,1.23332530717959,1.23332530717959
11.8496208190918,1087.46473675917,773.621842381508,63.3,-58,1.24559530717959,1.24559530717959
12.1753408908844,1087.60340621578,773.174043339234,63.3,-58,1.13514530717959,1.13514530717959
12.5378057956696,1087.75830708442,772.675778878445,63.3,-59,1.15968530717959,1.15968530717959
12.8381958007813,1087.88984450795,772.242826595607,63.3,-58,1.14128530717959,1.14128530717959
13.1384449005127,1088.02196341996,771.806008442758,63.3,-58,1.06151530717959,1.06151530717959
13.3005418777466,1088.09329111517,771.570181250467,63.3,-58,1.04310530717959,1.04310530717959
13.5941150188446,1088.17534419998,770.868712554902,63.3,-59,1.05537530717959,1.05537530717959
13.9659879207611,1088.27601172946,769.961115302306,63.3,-58,1.03083530717959,1.03083530717959
14.3536489009857,1088.4622726663,769.375127688004,63.3,-59,1.01242530717959,1.01242530717959
14.5184679031372,1088.54678123692,769.149536753677,63.3,-58,1.09219530717959,1.09219530717959
14.8885488510132,1088.73395097265,768.636298817434,63.3,-59,1.09219530717959,1.09219530717959
15.0758488178253,1088.82711870724,768.37250103178,63.3,-59,1.04924530717959,1.04924530717959
15.4736909866333,1089.02544199372,767.810624223127,63.3,-59,0.901985307179586,0.901985307179586
15.8186378479004,1089.19995300357,767.314186324058,63.3,-59,0.994015307179586,0.994015307179586
16.0455408096313,1089.31474478583,766.987633911896,63.3,-59,0.963335307179586,0.963335307179586
16.4700269699097,1089.51367572713,766.422596833283,63.3,-59,0.871305307179586,0.871305307179586
16.605703830719,1089.57505213942,766.248396133692,63.3,-59,0.975615307179586,0.975615307179586
17.0565609931946,1089.72,765.673416750077,63.3,-60,0.846755307179587,0.846755307179587
17.4471368789673,1089.72,765.183599277486,63.3,-60,0.803805307179586,0.803805307179586
17.7243568897247,1089.75843264793,764.818399971274,63.3,-60,0.779265307179586,0.779265307179586
17.9128098487854,1089.86042109709,764.535516220163,63.3,-60,0.766995307179586,0.766995307179586
18.306914806366,1090.07370590638,763.943931512301,63.3,-61,0.687225307179586,0.687225307179586
18.768364906311,1090.3115770943,763.285636705772,63.3,-60,0.662675307179586,0.662675307179586
19.0248448848724,1090.44301326031,762.921996646488,63.3,-60,0.582915307179587,0.582915307179587
19.3898918628693,1090.62437454245,762.417034260899,63.3,-60,0.558365307179586,0.558365307179586
19.8123128414154,1090.83484113891,761.832475703738,63.3,-59,0.423375307179586,0.423375307179586
20.0321898460388,1090.9538478199,761.515542121738,63.3,-60,0.380425307179586,0.380425307179586
20.3273968696594,1091.11362627489,761.090026867936,63.3,-60,0.435655307179586,0.435655307179586
20.4758558273315,1091.19397850565,760.876036190214,63.3,-60,0.380425307179586,0.380425307179586
21.0637109279633,1091.09774039203,760.353814940567,63.3,-60,0.257705307179586,0.257705307179586
21.3852598667145,1091.18800069329,759.942979744625,63.3,-60,0.251575307179587,0.251575307179587
21.7336888313293,1091.35789375176,759.434845051563,63.3,-60,0.177945307179586,0.177945307179586
21.9672949314117,1091.47499042167,759.082223445487,63.3,-60,0.147265307179587,0.147265307179587
22.1924448013306,1091.59044140105,758.732663535698,63.3,-60,0.0674953071795859,0.0674953071795859
22.7159209251404,1091.84387872837,757.962120808368,63.3,-60,0.00613530717958621,0.00613530717958621
23.0759558677673,1091.99735911504,757.490787491865,63.3,-60,6.24636980717959,-0.0368155000000003
23.2963228225708,1092.09203141176,757.201744317666,63.3,-60,6.23409790717959,-0.0490874000000003
23.734710931778,1092.29100923923,756.618678986849,63.3,-59,6.14205930717959,-0.141126
23.7924008369446,1092.31719382717,756.541950209461,63.3,-59,6.17273830717959,-0.110447
24.4147138595581,1092.92139445766,755.826408403021,63.3,-58,6.07456430717959,-0.208621
24.4701068401337,1092.98918954993,755.767601873545,63.3,-59,6.05615630717959,-0.227029
25.0485219955444,1093.4663838464,755.038133535652,63.3,-58,6.05002030717959,-0.233165
25.3398089408875,1093.61575514207,754.625287871213,63.3,-58,5.98866130717959,-0.294524
25.5911037921906,1093.73991193107,754.282067014089,63.3,-58,5.99479730717959,-0.288388
25.8175599575043,1093.84957898136,753.978869875055,63.3,-58,6.00706830717959,-0.276117
26.3390769958496,1094.11715098698,753.242787302246,63.3,-58,5.95184530717959,-0.33134
26.5794579982758,1094.25067414902,752.877823992668,63.3,-57,5.93343730717959,-0.349748
26.8524458408356,1094.40127312784,752.464795415865,63.3,-57,5.94570930717959,-0.337476
27.5941438674927,1094.76301478544,751.427991104662,63.3,-57,5.86594230717959,-0.417243
27.710599899292,1094.77262678775,751.38970329546,63.3,-57,5.87207830717959,-0.411107
28.1135737895966,1094.80588728877,751.257215633059,63.3,-57,5.88435030717959,-0.398835
28.3327968120575,1094.84321670132,751.134533900789,63.3,-56,5.90889430717959,-0.374291
28.8007040023804,1095.06841895659,750.489812015714,63.3,-56,5.88435030717959,-0.398835
29.2134168148041,1095.41125217491,749.515739376072,63.3,-56,5.85367030717959,-0.429515
29.5996248722076,1095.8732944465,748.207169656864,63.3,-56,5.90889430717959,-0.374291
29.9187738895416,1096.10863434455,747.527478715314,63.3,-55,5.87821430717959,-0.404971
29.9903140068054,1096.1430754221,747.425336319588,63.3,-55,5.89662230717959,-0.386563
30.5754508972168,1096.41920305546,746.608461043676,63.3,-55,5.89662230717959,-0.386563
30.9182569980621,1096.57004406488,746.166308334822,63.3,-55,5.90275830717959,-0.380427
31.0534448623657,1096.6295292195,745.991942475351,63.3,-55,5.93343730717959,-0.349748
31.4497108459473,1096.78066923008,746.079798311991,63.3,-55,5.86594230717959,-0.417243
31.6190629005432,1096.84121856253,746.221623479149,63.3,-55,5.89662230717959,-0.386563
32.1527049541473,1097.09576537585,746.060754462639,63.3,-55,5.88435030717959,-0.398835
32.2502508163452,1097.15480489146,745.912082227861,63.3,-55,5.90889430717959,-0.374291
32.7828488349915,1097.47368303096,745.109192956206,63.3,-55,5.84753430717959,-0.435651
32.9149668216705,1097.55078631571,744.91511834679,63.3,-55,5.87207830717959,-0.411107
33.4334750175476,1097.86367439723,744.126791572484,63.3,-55,5.90275830717959,-0.380427
33.8151569366455,1098.12258205283,743.472415164505,63.3,-55,5.93343730717959,-0.349748
34.1504049301147,1098.34054669495,742.919693627249,63.3,-55,5.95184530717959,-0.33134
34.54620885849,1098.55830673839,742.359505915489,63.3,-54,5.99479730717959,-0.288388
34.6685009002686,1098.62558833522,742.186424007658,63.3,-54,5.99479730717959,-0.288388
35.3329689502716,1099.06173853997,739.80648183317,63.3,-54,6.00093330717959,-0.282252
35.7131237983704,1099.28622438313,738.796522404554,63.3,-54,6.03161230717959,-0.251573
35.8755419254303,1099.36951446894,738.565623777784,63.3,-54,6.02547630717959,-0.257709
36.1988928318024,1099.5353329353,738.105938140486,63.3,-54,6.04388430717959,-0.239301
36.7148590087891,1099.74932426105,737.54226065109,63.3,-54,6.11137930717959,-0.171806
37.081887960434,1099.90556826712,737.120061907896,63.3,-54,6.16660230717959,-0.116583
37.4942848682404,1100.08709502619,736.615757880369,63.3,-54,6.16046730717959,-0.122718
37.7890298366547,1100.22064557045,736.250055115285,63.3,-54,6.19728240717959,-0.0859028999999998
38.0287389755249,1100.33217641924,735.948603163988,63.3,-54,6.20341830717959,-0.0797670000000004
38.5047709941864,1100.53962910922,735.372308277851,63.3,-54,6.23409790717959,-0.0490874000000003
38.7803869247437,1100.63433076081,735.079111964542,63.3,-54,6.27704938717959,-0.00613592000000018
39.2326769828796,1100.80383550793,734.581335310855,63.3,-54,6.27704938717959,-0.00613592000000018
39.6427369117737,1100.99471846718,734.086130376575,63.3,-54,0.0245453071795865,0.0245453071795865
39.9454259872437,1101.14577758111,733.70160788596,63.3,-54,0.0245453071795865,0.0245453071795865
40.1857268810272,1101.28953516053,733.351797776035,63.3,-54,0.0306753071795862,0.0306753071795862
40.6676099300385,1101.56517246081,732.681257492268,63.3,-54,0.0859053071795861,0.0859053071795861
41.0708270072937,1101.7536388123,732.223395120701,63.3,-54,0.104315307179586,0.104315307179586
41.2884759902954,1101.85536939874,731.97624963717,63.3,-54,0.0920353071795859,0.0920353071795859
41.9357149600983,1102.19055736339,731.188613987527,63.3,-54,0.134995307179587,0.134995307179587
42.1253798007965,1102.30358093273,730.946474946026,63.3,-54,0.190215307179586,0.190215307179586
42.4397459030151,1102.52799947892,730.517058689371,63.3,-54,0.214755307179586,0.214755307179586
42.7883059978485,1102.77500696433,730.042997854705,63.3,-53,0.251575307179587,0.251575307179587
43.2207520008087,1103.00137556683,729.545582636052,63.3,-53,0.288385307179587,0.288385307179587
43.4499049186707,1103.1213281746,729.282002563713,63.3,-54,0.282255307179586,0.282255307179586
43.808718919754,1103.3359164334,728.823725495938,63.3,-53,0.312935307179586,0.312935307179586
44.2993168830872,1103.6375991618,728.183323384325,63.3,-53,0.362015307179586,0.362015307179586
44.4874517917633,1103.76014019801,727.92723762702,63.3,-53,0.368155307179586,0.368155307179586
44.8760340213776,1104.0132419185,727.398306684609,63.3,-53,0.398835307179586,0.398835307179586
45.2501618862152,1104.26013963784,726.889034021708,63.3,-53,0.441785307179586,0.441785307179586
45.6328608989716,1104.514509461,726.368084623864,63.3,-54,0.404975307179586,0.404975307179586
45.9506638050079,1104.68756833113,725.912538095021,63.3,-54,0.490875307179587,0.490875307179587
46.331937789917,1104.86405147861,725.347301792132,63.3,-54,0.478605307179587,0.478605307179587
46.56480884552,1104.97818416656,725.005226769214,63.3,-54,0.472465307179586,0.472465307179586
47.064829826355,1105.3335809391,724.325608379612,63.3,-54,0.552235307179586,0.552235307179586
47.3959867954254,1105.5682483453,723.876508536537,63.3,-54,0.564505307179586,0.564505307179586
47.8754959106445,1105.90288093534,723.233535917098,63.3,-54,0.631995307179587,0.631995307179587
48.2321619987488,1106.14522357533,722.768487722025,63.3,-54,0.687225307179586,0.687225307179586
48.572546005249,1106.35753685544,722.362833837902,63.3,-54,0.736315307179586,0.736315307179586
48.7713317871094,1106.48152876041,722.125930155648,63.3,-54,0.705635307179587,0.705635307179587
49.1724679470062,1106.71753526189,721.684742946035,63.3,-54,0.760855307179586,0.760855307179586
49.6858689785004,1107.02063490725,721.124899826107,63.3,-54,0.791535307179586,0.791535307179586
49.9684038162231,1107.25327656837,720.698874784167,63.3,-54,0.785395307179586,0.785395307179586
50.2324438095093,1107.47068941253,720.300737513309,63.3,-55,0.791535307179586,0.791535307179586
50.9238259792328,1107.96073919608,719.430206406854,63.3,-54,0.883575307179586,0.883575307179586
51.2915418148041,1108.21286793652,718.99196144916,63.3,-54,0.895845307179586,0.895845307179586
51.5019209384918,1108.36727777769,718.727297563499,63.3,-54,0.895845307179586,0.895845307179586
52.1945278644562,1108.88493517193,717.847979293357,63.3,-54,0.889705307179586,0.889705307179586
52.3817667961121,1109.02964745715,717.606169732892,63.3,-54,0.944935307179586,0.944935307179586
52.7561399936676,1109.31899113405,717.122685782465,63.3,-54,0.963335307179586,0.963335307179586
53.1832478046417,1109.66985934079,716.536840918859,63.3,-54,0.963335307179586,0.963335307179586
53.5408170223236,1109.96365503203,716.046291143486,63.3,-54,0.963335307179586,0.963335307179586
53.7140920162201,1110.11674189031,715.808784855191,63.3,-54,0.994015307179586,0.994015307179586
54.2305319309235,1110.57715407169,715.100987024119,63.3,-54,0.981745307179586,0.981745307179586
54.8864779472351,1111.09279799404,714.252275751291,63.3,-54,0.932665307179586,0.932665307179586
55.1249058246613,1111.27588426927,713.945394981334,63.3,-54,1.01242530717959,1.01242530717959
55.5484569072723,1111.59711465825,713.395090462507,63.3,-54,0.994015307179586,0.994015307179586
55.7759048938751,1111.76961617745,713.099575564861,63.3,-54,0.987885307179586,0.987885307179586
56.3110988140106,1112.17713601237,712.425212648538,63.3,-54,1.01856530717959,1.01856530717959
56.6737339496613,1112.45325488991,711.971689390142,63.3,-54,0.975615307179586,0.975615307179586
57.0842719078064,1112.74487585321,711.495886765807,63.3,-54,1.01856530717959,1.01856530717959
57.4487819671631,1113.00380142278,711.073429257562,63.3,-54,1.01856530717959,1.01856530717959
57.5556669235229,1113.0577232343,710.969038649109,63.3,-54,1.04310530717959,1.04310530717959
58.0605700016022,1113.28424994005,710.500883457222,63.3,-54,1.03697530717959,1.03697530717959
58.8308928012848,1113.82419178561,709.621232910881,63.3,-54,1.02469530717959,1.02469530717959
59.0632059574127,1114.00948609037,709.336834227969,63.3,-54,1.02469530717959,1.02469530717959
59.5356769561768,1114.42829011803,708.7044165247,63.3,-54,1.01856530717959,1.01856530717959
59.717661857605,1114.59102766246,708.458990714451,63.3,-54,1.03083530717959,1.03083530717959
60.0076198577881,1114.85127334172,708.068705516496,63.3,-53,1.01856530717959,1.01856530717959
60.5248658657074,1115.32009306003,707.376102519317,63.3,-53,1.02469530717959,1.02469530717959
60.7351489067078,1115.51068870415,707.094529221074,63.3,-53,1.03697530717959,1.03697530717959
61.1260378360748,1115.86047414199,706.578773933902,63.3,-53,1.00015530717959,1.00015530717959
61.6581399440765,1116.3238675809,705.891939665582,63.3,-53,1.01856530717959,1.01856530717959
61.8917620182037,1116.49367254441,705.630111367011,63.3,-53,1.00629530717959,1.00629530717959
62.3110008239746,1116.79839045422,705.160256009293,63.3,-53,1.02469530717959,1.02469530717959
62.6085410118103,1117.04090670441,704.800285883075,63.3,-53,1.03083530717959,1.03083530717959
63.15514087677,1117.5218682894,704.103212225894,63.3,-53,1.02469530717959,1.02469530717959
63.2511730194092,1117.60636844115,703.980743339296,63.3,-53,1.01856530717959,1.01856530717959
63.6510047912598,1117.96239953325,703.462823837139,63.3,-53,1.01856530717959,1.01856530717959
64.0191838741302,1118.29065546929,702.985125067056,63.3,-53,1.04924530717959,1.04924530717959
64.4625599384308,1118.69341295474,702.404312920177,63.3,-53,1.03697530717959,1.03697530717959
64.8008677959442,1119.00290390233,701.959518878835,63.3,-53,1.03083530717959,1.03083530717959
64.9941058158875,1119.17968199534,701.705457029775,63.3,-52,1.01242530717959,1.01242530717959
65.563688993454,1119.66842043741,701.020523471524,63.3,-53,1.01242530717959,1.01242530717959
65.7198848724365,1119.80244098084,700.832705949385,63.3,-53,1.03083530717959,1.03083530717959
66.2203748226166,1120.26390996707,700.31038372269,63.3,-53,1.03083530717959,1.03083530717959
66.4978168010712,1120.52426907294,700.032124928299,63.3,-53,1.03083530717959,1.03083530717959
66.884801864624,1120.88175525507,699.595890711589,63.3,-52,1.00629530717959,1.00629530717959
67.3615620136261,1121.31630811352,699.008701161612,63.3,-52,1.04924530717959,1.04924530717959
67.7516629695892,1121.67709636315,698.527500541554,63.3,-52,1.05537530717959,1.05537530717959
67.975692987442,1121.88715686746,698.250745827125,63.3,-52,1.05537530717959,1.05537530717959
68.4335839748383,1122.31286498566,697.6910272442,63.3,-52,1.06151530717959,1.06151530717959
68.6951367855072,1122.52450182056,697.422857282166,63.3,-52,1.07992530717959,1.07992530717959
69.0762739181519,1122.83290093969,697.032077576415,63.3,-52,1.09219530717959,1.09219530717959
69.4320797920227,1123.10691118313,696.685602272664,63.3,-52,1.07378530717959,1.07378530717959
69.9099450111389,1123.4402906914,696.265967431306,63.3,-52,1.07378530717959,1.07378530717959
70.0304708480835,1123.52437474407,696.16012829834,63.3,-52,1.07378530717959,1.07378530717959
70.3763430118561,1123.85933605942,695.698279085721,63.3,-52,1.07992530717959,1.07992530717959
70.6412649154663,1124.19381903274,695.212985368286,63.3,-52,1.09219530717959,1.09219530717959
71.0494079589844,1124.70912900476,694.465333882564,63.3,-52,1.07992530717959,1.07992530717959
71.4423468112946,1125.09491556341,693.994510678235,63.3,-52,1.12287530717959,1.12287530717959
71.8984680175781,1125.51779260955,693.504268335205,63.3,-52,1.11673530717959,1.11673530717959
72.1878659725189,1125.78663450425,693.199400764332,63.3,-52,1.14128530717959,1.14128530717959
72.6370799541473,1126.20474968609,692.735492014962,63.3,-52,1.14741530717959,1.14741530717959
72.8436398506165,1126.39700957158,692.522175094386,63.3,-52,1.14741530717959,1.14741530717959
73.3164207935333,1126.81478622036,692.069561331586,63.3,-52,1.17809530717959,1.17809530717959
73.6971008777618,1127.14637179239,691.712807216137,63.3,-52,1.17196530717959,1.17196530717959
74.4057397842407,1127.72616337836,691.103269431211,63.3,-52,1.18423530717959,1.18423530717959
74.663614988327,1127.93181580125,690.889228554223,63.3,-52,1.17809530717959,1.17809530717959
75.0588209629059,1128.20188446645,690.617178349096,63.3,-52,1.14741530717959,1.14741530717959
75.3413558006287,1128.36634422184,690.45820058555,63.3,-52,1.19036530717959,1.19036530717959
75.6883947849274,1128.56835097942,690.262927386565,63.3,-52,1.20264530717959,1.20264530717959
76.1146829128265,1128.96197799408,689.879025746207,63.3,-51,1.22104530717959,1.22104530717959
76.5064389705658,1129.35886452124,689.491428052666,63.3,-52,1.24559530717959,1.24559530717959
76.997142791748,1129.87165222706,688.996884182807,63.3,-52,1.27627530717959,1.27627530717959
77.2382769584656,1130.12886692078,688.750841440426,63.3,-51,1.27013530717959,1.27013530717959
77.5663058757782,1130.47877111996,688.416135100407,63.3,-51,1.28854530717959,1.28854530717959
78.3528637886047,1131.24062324012,687.710919460517,63.3,-51,1.34376530717959,1.34376530717959
78.5868859291077,1131.47018068579,687.500046555854,63.3,-52,1.33763530717959,1.33763530717959
78.902951002121,1131.83388557716,687.175232880593,63.3,-52,1.36831530717959,1.36831530717959
79.3626079559326,1132.36282564909,686.702852737152,63.3,-52,1.38671530717959,1.38671530717959
79.6893498897552,1132.77312084933,686.311887318568,63.3,-52,1.39285530717959,1.39285530717959
79.9720969200134,1133.13713089147,685.959151923748,63.3,-52,1.38058530717959,1.38058530717959
80.4062948226929,1133.68155998445,685.442827680012,63.3,-52,1.42353530717959,1.42353530717959
80.7924768924713,1134.11639501008,685.069594283014,63.3,-52,1.42353530717959,1.42353530717959
81.0915198326111,1134.45311272619,684.780578243349,63.3,-52,1.41739530717959,1.41739530717959
81.4716320037842,1134.84375162481,684.452298358825,63.3,-52,1.41739530717959,1.41739530717959
82.0880069732666,1135.46413617126,683.934362232026,63.3,-52,1.44807530717959,1.44807530717959
82.464056968689,1135.8625962997,683.603597480252,63.3,-52,1.42353530717959,1.42353530717959
82.9147839546204,1136.3401836814,683.207148599959,63.3,-52,1.48489530717959,1.48489530717959
83.2832639217377,1136.74183074582,682.889327313789,63.3,-52,1.46648530717959,1.46648530717959
83.4653289318085,1136.94042635691,682.732372717923,63.3,-52,1.49102530717959,1.49102530717959
83.8498289585114,1137.3701380605,682.387082188375,63.3,-52,1.49102530717959,1.49102530717959
84.227306842804,1137.83501523892,681.990386996122,63.3,-52,1.44807530717959,1.44807530717959
84.82404088974,1138.53008187363,681.418997851753,63.3,-52,1.47875530717959,1.47875530717959
85.211327791214,1138.92785150854,681.122776464816,63.3,-52,1.46648530717959,1.46648530717959
85.3568317890167,1139.07729387766,681.011485853463,63.3,-52,1.47875530717959,1.47875530717959
86.0520617961884,1139.80564262644,680.476914536734,63.3,-52,1.44194530717959,1.44194530717959
86.4657638072968,1140.22523756169,680.169419439108,63.3,-53,1.44194530717959,1.44194530717959
86.9146649837494,1140.65931319066,679.850916446353,63.3,-53,1.45421530717959,1.45421530717959
86.9907989501953,1140.73293273346,679.796898106826,63.3,-53,1.44194530717959,1.44194530717959
87.5078678131104,1141.24579272515,679.429653364049,63.3,-52,1.42353530717959,1.42353530717959
87.8259468078613,1141.56370262443,679.203669218782,63.3,-53,1.44807530717959,1.44807530717959
88.2203328609467,1141.87820079812,678.924190084675,63.3,-52,1.43580530717959,1.43580530717959
88.4155509471893,1142.01736859714,678.785998901789,63.3,-52,1.42966530717959,1.42966530717959
88.9326899051666,1142.46675114417,678.405118889672,63.3,-52,1.36831530717959,1.36831530717959
89.1054389476776,1142.66298127124,678.269427844356,63.3,-52,1.35603530717959,1.35603530717959
89.5889229774475,1143.21260959762,677.889725960722,63.3,-52,1.30695530717959,1.30695530717959
89.9311399459839,1143.60881222554,677.6220690743,63.3,-53,1.36217530717959,1.36217530717959
90.4389967918396,1144.19688594469,677.226892014774,63.3,-52,1.38058530717959,1.38058530717959
90.5694689750671,1144.34808344345,677.127719461821,63.3,-52,1.37444530717959,1.37444530717959
90.8501038551331,1144.67329676389,676.914407498954,63.3,-52,1.34990530717959,1.34990530717959
91.275456905365,1145.16464537784,676.595024406482,63.3,-52,1.37444530717959,1.37444530717959
91.711033821106,1145.66398914911,676.277506899751,63.3,-52,1.34990530717959,1.34990530717959
91.9770729541779,1145.98736674561,676.056806933809,63.3,-52,1.33763530717959,1.33763530717959
92.3617289066315,1146.70822666872,675.369027568818,63.3,-52,1.33149530717959,1.33149530717959
92.799115896225,1147.47830353123,674.662633751734,63.3,-52,1.32535530717959,1.32535530717959
93.0059628486633,1147.71561354146,674.522114228821,63.3,-52,1.32535530717959,1.32535530717959
93.3252789974213,1148.08195647103,674.305189819964,63.3,-52,1.28854530717959,1.28854530717959
93.8523168563843,1148.7214354045,673.935592562792,63.3,-52,1.29467530717959,1.29467530717959
94.310341835022,1149.29238527906,673.610364103468,63.3,-53,1.26399530717959,1.26399530717959
94.490672826767,1149.51289829491,673.490280385053,63.3,-52,1.28240530717959,1.28240530717959
94.7918088436127,1149.88113456209,673.289751722169,63.3,-52,1.26399530717959,1.26399530717959
95.1636869907379,1150.32915529797,673.046685608784,63.3,-52,1.25172530717959,1.25172530717959
95.5998859405518,1150.83955210296,672.771856559946,63.3,-53,1.27627530717959,1.27627530717959
95.8528180122375,1151.11636934941,672.633122154499,63.3,-53,1.25172530717959,1.25172530717959
96.1925888061523,1151.34673595078,672.59924471312,63.3,-53,1.25786530717959,1.25786530717959
96.5725638866425,1151.60884688785,672.557744646944,63.3,-53,1.27013530717959,1.27013530717959
96.7817587852478,1151.89655994439,672.41935466675,63.3,-53,1.28240530717959,1.28240530717959
97.3754258155823,1152.70271286915,672.031938214631,63.3,-53,1.24559530717959,1.24559530717959
97.7435050010681,1153.1626519731,671.812243897956,63.3,-53,1.25172530717959,1.25172530717959
98.0521328449249,1153.545828816,671.62923572817,63.3,-53,1.23332530717959,1.23332530717959
98.4299550056458,1153.87726986312,671.47205232249,63.3,-53,1.21491530717959,1.21491530717959
98.7753868103027,1154.18029676558,671.328344109656,63.3,-53,1.18423530717959,1.18423530717959
99.1720278263092,1153.59490547623,670.651857647948,63.3,-53,1.20264530717959,1.20264530717959
99.4931728839874,1153.07557566884,670.079274529799,63.3,-53,1.16582530717959,1.16582530717959
99.8257508277893,1154.1335655045,670.091972565656,63.3,-53,1.19036530717959,1.19036530717959
100.17374587059,1155.43303285559,670.178294325407,63.3,-53,1.17809530717959,1.17809530717959
100.553665876389,1156.09171621661,670.096415065584,63.3,-53,1.17196530717959,1.17196530717959
100.765061855316,1156.29961201391,670.014099567464,63.3,-53,1.14128530717959,1.14128530717959
101.275710821152,1156.26591388008,669.508732200254,63.3,-53,1.15968530717959,1.15968530717959
101.677166938782,1155.78574428821,668.851928794226,63.3,-53,1.10446530717959,1.10446530717959
101.983453989029,1156.05872525707,668.632040105451,63.3,-53,1.09832530717959,1.09832530717959
102.44658780098,1156.68292962725,668.392549449137,63.3,-53,1.09832530717959,1.09832530717959
102.742524862289,1157.05062232745,668.255880158478,63.3,-53,1.08605530717959,1.08605530717959
103.092564821243,1157.48388795056,668.09509047168,63.3,-53,1.07992530717959,1.07992530717959
103.264923810959,1157.80473399509,668.141277447037,63.3,-53,1.06765530717959,1.06765530717959
103.643611907959,1158.79174255019,668.571677898936,63.3,-53,1.05537530717959,1.05537530717959
104.076969861984,1159.5906753315,668.328841787653,63.3,-53,1.00629530717959,1.00629530717959
104.36750292778,1159.83835395076,667.525484201647,63.3,-53,1.01856530717959,1.01856530717959
104.608063936234,1160.04343153206,666.860305143599,63.3,-53,1.01242530717959,1.01242530717959
105.291108846664,1160.84864207682,666.596621416221,63.3,-53,0.963335307179586,0.963335307179586
105.690233945847,1161.36974355484,666.434639106554,63.3,-53,0.969475307179586,0.969475307179586
106.072628974915,1161.87450718286,666.27784170572,63.3,-53,0.920385307179586,0.920385307179586
106.325877904892,1162.19561903219,666.183312150075,63.3,-53,0.926525307179586,0.926525307179586
106.555909872055,1162.48729248719,666.097448728492,63.3,-54,0.852895307179586,0.852895307179586
107.08850979805,1163.31303041209,665.837486833425,63.3,-54,0.840625307179586,0.840625307179586
107.340849876404,1163.7442383907,665.698062920341,63.3,-54,0.828345307179586,0.828345307179586
107.688206911087,1164.25965233417,665.54522155956,63.3,-54,0.834485307179587,0.834485307179587
108.289883852005,1165.04948892101,665.32408724267,63.3,-53,0.791535307179586,0.791535307179586
108.620315790176,1165.40717198976,665.226195034381,63.3,-54,0.766995307179586,0.766995307179586
108.90647983551,1165.72666315605,665.139173223438,63.3,-54,0.760855307179586,0.760855307179586
109.579065799713,1166.57812054351,664.911610182752,63.3,-54,0.730175307179587,0.730175307179587
109.987578868866,1167.07849987538,664.780115149029,63.3,-53,0.724035307179586,0.724035307179586
110.162369966507,1167.29259792819,664.72385217236,63.3,-54,0.730175307179587,0.730175307179587
110.613195896149,1167.81892213011,664.593390763178,63.3,-53,0.668815307179586,0.668815307179586
111.020137786865,1168.3083646825,664.474133511104,63.3,-53,0.650405307179586,0.650405307179586
111.311421871185,1168.71486644646,664.374996856425,63.3,-53,0.650405307179586,0.650405307179586
111.496580839157,1168.97326520953,664.311979198899,63.3,-53,0.619725307179587,0.619725307179587
112.120610952377,1169.95429704348,664.080997356521,63.3,-53,0.589045307179586,0.589045307179586
112.30092382431,1170.24705499149,664.012687168653,63.3,-53,0.613595307179586,0.613595307179586
112.844220876694,1171.04025127858,663.837046656967,63.3,-53,0.582915307179587,0.582915307179587
113.22513794899,1171.60153517499,663.714055661836,63.3,-53,0.539965307179586,0.539965307179586
113.719060897827,1172.34001283603,663.55299880197,63.3,-53,0.515415307179587,0.515415307179587
113.966459989548,1172.65714445801,663.523399850586,63.3,-53,0.484735307179586,0.484735307179586
114.418979883194,1173.23721274706,663.469260143607,63.3,-53,0.484735307179586,0.484735307179586
114.880436897278,1173.75552788155,663.37199935913,63.3,-53,0.435655307179586,0.435655307179586
115.275266885757,1174.2143106259,663.288180477782,63.3,-53,0.423375307179586,0.423375307179586
115.546728849411,1174.54293897452,663.230187239791,63.3,-52,0.380425307179586,0.380425307179586
115.963310003281,1175.05651947392,663.14188948015,63.3,-53,0.368155307179586,0.368155307179586
116.377046823502,1175.58092997972,663.055273362901,63.3,-53,0.349745307179586,0.349745307179586
116.786010980606,1176.16699775818,662.961601334248,63.3,-53,0.325205307179586,0.325205307179586
117.154230833054,1176.72166624356,662.874050720379,63.3,-52,0.306795307179586,0.306795307179586
117.701147794724,1177.21292831486,662.759594206608,63.3,-52,0.263845307179587,0.263845307179587
118.000158786774,1177.51306185659,662.700961491678,63.3,-53,0.245435307179586,0.245435307179586
118.313808917999,1177.89278057853,662.645120503157,63.3,-52,0.227025307179586,0.227025307179586
118.890218019485,1178.71280766106,662.534607837407,63.3,-53,0.165665307179586,0.165665307179586
119.033434867859,1178.94336266985,662.505418304184,63.3,-53,0.165665307179586,0.165665307179586
119.447171926498,1179.59344501041,662.425357461382,63.3,-53,0.141125307179586,0.141125307179586
119.975490808487,1180.39633607414,662.330296877376,63.3,-53,0.0981753071795861,0.0981753071795861
120.249032020569,1180.7624672868,662.292125750951,63.3,-53,0.0981753071795861,0.0981753071795861
120.657071828842,1181.30862305133,662.235186107414,63.3,-53,0.0368153071795865,0.0368153071795865
121.09388589859,1181.864850375,662.172950500151,63.3,-53,0.0368153071795865,0.0368153071795865
121.617015838623,1182.54309574195,662.11229076042,63.3,-53,0.0122753071795865,0.0122753071795865
121.853693962097,1182.85428806061,662.089563231528,63.3,-53,6.24636980717959,-0.0368155000000003
122.270406007767,1183.39410181557,662.05402126662,63.3,-53,6.25250570717959,-0.0306796
122.78216791153,1184.04046564239,662.015802881986,63.3,-53,6.19114650717959,-0.0920388000000001
122.882824897766,1184.1593889731,662.010154023778,63.3,-53,6.19114650717959,-0.0920388000000001
123.229282855988,1184.5687190741,661.99071084398,63.3,-53,6.14819530717959,-0.13499
123.56378698349,1184.97315110058,661.972984372534,63.3,-53,6.11137930717959,-0.171806
124.113109827042,1185.67572467681,661.967382857415,63.3,-53,6.11137930717959,-0.171806
124.429365873337,1186.21625462251,662.066480014126,63.3,-53,6.05615630717959,-0.227029
124.754710912704,1186.77183145607,662.167947969998,63.3,-53,6.00093330717959,-0.282252
125.101600885391,1187.24006181797,662.15464597108,63.3,-53,5.98866130717959,-0.294524
125.523149967194,1187.83251316603,662.137036698536,63.3,-53,5.93343730717959,-0.349748
125.721421003342,1188.1395864962,662.12700360953,63.3,-53,5.91503030717959,-0.368155
126.261571884155,1188.94943105577,662.097940372676,63.3,-53,5.84753430717959,-0.435651
126.430301904678,1189.18866884355,662.087972131519,63.3,-53,5.81685530717959,-0.46633
126.964674949646,1189.94451683771,662.056232619006,63.3,-53,5.78003930717959,-0.503146
127.293893814087,1190.40869665636,662.036540141851,63.3,-53,5.71868030717959,-0.564505
127.557627916336,1190.7098844668,662.021111416083,63.3,-53,5.68186530717959,-0.60132
127.895757913589,1190.98910020153,662.001855158515,63.3,-54,5.66345730717959,-0.619728
128.163755893707,1191.22414155476,661.986803285709,63.3,-53,5.57755430717959,-0.705631
128.65580701828,1191.90404458381,661.962971633145,63.3,-54,5.51619530717959,-0.76699
129.00564289093,1192.41994629914,661.942895497901,63.3,-54,5.46710730717959,-0.816078
129.189847946167,1192.71085596032,661.930468289074,63.3,-54,5.42415630717959,-0.859029
129.86411690712,1193.73585545694,661.887824622062,63.3,-54,5.38120430717959,-0.901981
130.0978038311,1194.07979855733,661.873851933608,63.3,-54,5.33825330717959,-0.944932
130.429636001587,1194.57292448281,661.854431824385,63.3,-53,5.28302530717959,-1.00016
130.672837018967,1194.93492041233,661.840250540548,63.3,-53,5.25234530717959,-1.03084
131.057377815247,1195.4811996034,661.760760079319,63.3,-54,5.22780530717959,-1.05538
131.453799009323,1196.03150019788,661.650699960425,63.3,-54,5.16031530717959,-1.12287
131.856793880463,1196.60466412019,661.626481419913,63.3,-53,5.14803530717959,-1.13515
132.345641851425,1197.28640725328,661.603051660257,63.3,-54,5.06213530717959,-1.22105
132.597797870636,1197.62399776561,661.591200078441,63.3,-54,5.06827530717959,-1.21491
133.004249811172,1198.18306493605,661.571264591975,63.3,-54,4.99464530717959,-1.28854
133.28212594986,1198.58805943855,661.556363850846,63.3,-54,4.97623530717959,-1.30695
133.566599845886,1199.00266993566,661.541109313688,63.3,-54,4.94555530717959,-1.33763
133.987942934036,1199.63509971602,661.513627953705,63.3,-54,4.92101530717959,-1.36217
134.242116928101,1200.01775019794,661.496746314797,63.3,-54,4.91487530717959,-1.36831
134.547194004059,1200.50088161875,661.414275308755,63.3,-54,4.92714530717959,-1.35604
134.979209899902,1201.19095882137,661.295310504253,63.3,-54,4.85965530717959,-1.42353
135.386640787125,1201.84696131694,661.279691397216,63.3,-54,4.79829530717959,-1.48489
135.669662952423,1202.30775878729,661.268082089536,63.3,-54,4.80442530717959,-1.47876
136.145459890366,1203.10331773725,661.245456101051,63.3,-54,4.79829530717959,-1.48489
136.831996917725,1204.21402629796,661.217368155922,63.3,-54,4.75534530717959,-1.52784
137.156070947647,1204.67343519938,661.206281660015,63.3,-54,4.76147530717959,-1.52171
137.592415809631,1205.26908457146,661.194705508573,63.3,-55,4.76147530717959,-1.52171
137.980439901352,1205.89896552937,661.2221912231,63.3,-55,4.74920530717959,-1.53398
138.313118934631,1206.42665975407,661.24071289182,63.3,-55,4.74920530717959,-1.53398
138.600780010223,1206.84073718559,661.239482958855,63.3,-55,4.72466530717959,-1.55852
138.921424865723,1207.30229354291,661.238111999377,63.3,-55,4.69398530717959,-1.5892
139.294576883316,1207.84722164346,661.241586415661,63.3,-55,4.73079530717959,-1.55239
139.548878908157,1208.21898936719,661.244215076334,63.3,-55,4.74306530717959,-1.54012
139.974006891251,1208.78704637314,661.25245184304,63.3,-55,4.69398530717959,-1.5892
140.391222953796,1209.32793575577,661.26206576702,63.3,-55,4.73079530717959,-1.55239
141.097523927689,1210.1462420985,661.274961777034,63.3,-55,4.67557530717959,-1.60761
141.598233938217,1210.5011976473,661.237247749975,63.3,-55,4.70625530717959,-1.57693
141.968424797058,1210.97142252467,661.250510758902,63.3,-55,4.70011530717959,-1.58307
142.331790924072,1211.49187799619,661.275192152397,63.3,-55,4.68784530717959,-1.59534
142.491698980331,1211.71899810687,661.287434270483,63.3,-55,4.66943530717959,-1.61375
142.968154907227,1212.39457483491,661.324731735678,63.3,-55,4.67557530717959,-1.60761
143.298197984695,1212.88285402424,661.355441974903,63.3,-55,4.68170530717959,-1.60148
143.518537998199,1213.21230609949,661.376777918824,63.3,-55,4.65716530717959,-1.62602
143.715948820114,1213.50747448005,661.395893585375,63.3,-55,4.66943530717959,-1.61375
144.322465896606,1214.36900531822,661.463629587693,63.3,-55,4.64489530717959,-1.63829
144.780153989792,1215.06640101695,661.47346057046,63.3,-56,4.63262530717959,-1.65056
145.06250500679,1215.5042043729,661.473043614883,63.3,-55,4.64489530717959,-1.63829
145.444536924362,1216.09223535285,661.517684209633,63.3,-56,4.62648530717959,-1.6567
145.698593854904,1216.48304324616,661.549889674915,63.3,-56,4.62034530717959,-1.66284
146.134897947311,1217.10807692443,661.606285020368,63.3,-56,4.60807530717959,-1.67511
146.330408811569,1217.38236505304,661.631692762808,63.3,-56,4.61421530717959,-1.66897
146.609210014343,1217.82236771582,661.67505145298,63.3,-56,4.58967530717959,-1.69351
147.110111951828,1218.70255332452,661.766028620938,63.3,-56,4.63262530717959,-1.65056
147.286930799484,1218.94745481094,661.79311154524,63.3,-56,4.55285530717959,-1.73033
147.787675857544,1219.58933786101,661.865858290915,63.3,-56,4.51603530717959,-1.76715
148.073381900787,1219.97568293695,661.870069630049,63.3,-56,4.54671530717959,-1.73647
148.487164020538,1220.54344548176,661.860912169649,63.3,-56,4.52217530717959,-1.76101
148.991091966629,1221.27930247424,661.93122783225,63.3,-57,4.54058530717959,-1.7426
149.250831842422,1221.66480925467,661.97222023707,63.3,-56,4.43627530717959,-1.84691
149.596901893616,1222.24230041127,662.042234651631,63.3,-56,4.45467530717959,-1.82851
149.803500890732,1222.58705458281,662.084032281279,63.3,-56,4.46695530717959,-1.81623
150.263484954834,1223.31321034981,662.174024410618,63.3,-56,4.46081530717959,-1.82237
150.683375835419,1223.96275288382,662.255012008863,63.3,-56,4.36877530717959,-1.91441
151.00139093399,1224.44649731397,662.315127821542,63.3,-56,4.41786530717959,-1.86532
151.374282836914,1225.01239980806,662.379514102405,63.3,-56,4.36877530717959,-1.91441
151.732311964035,1225.55164684896,662.422336661535,63.3,-56,4.19083530717959,-2.09235
151.996989965439,1225.9591815391,662.457101784692,63.3,-56,4.16015530717959,-2.12303
152.463936805725,1226.78677696951,662.556413236341,63.3,-57,4.39332530717959,-1.88986
152.719810962677,1227.22727645352,662.608595923569,63.3,-58,4.32582530717959,-1.95736
153.101089000702,1227.84040967268,662.678909366133,63.3,-57,4.22151530717959,-2.06167
153.628520965576,1228.63576173705,662.77284448705,63.3,-58,4.28287530717959,-2.00031
153.790284872055,1228.86833976996,662.800938071223,63.3,-57,4.25833530717959,-2.02485
154.13781285286,1229.38162732243,662.863661757661,63.3,-57,4.15401530717959,-2.12917
154.571514844894,1230.05575825471,662.947773507009,63.3,-57,4.17856530717959,-2.10462
154.955132961273,1230.70304346316,662.990768115439,63.3,-58,3.92085530717959,-2.36233
155.283593893051,1231.28551544961,663.01018384832,63.3,-58,3.90244530717959,-2.38074
155.627081871033,1231.87089785921,663.055903609651,63.3,-58,3.89017530717959,-2.39301
155.910615921021,1232.33576559809,663.113279177422,63.3,-58,3.79813530717959,-2.48505
156.433565855026,1233.1785389332,663.216257963194,63.3,-59,3.74904530717959,-2.53414
156.620718002319,1233.47646317533,663.25239507034,63.3,-59,3.76745530717959,-2.51573
156.849687814713,1233.84259592045,663.296903273263,63.3,-58,3.74291530717959,-2.54027
157.433600902557,1234.79359680916,663.413535457727,63.3,-59,3.69382530717959,-2.58936
157.649411916733,1235.13575390456,663.455719173273,63.3,-59,3.71223530717959,-2.57095
158.00297999382,1235.69455207192,663.524655021957,63.3,-58,3.66928530717959,-2.6139
158.303431987762,1236.16458402113,663.582284105331,63.3,-59,3.64473530717959,-2.63845
158.634410858154,1236.67832459199,663.644969881408,63.3,-58,3.58337530717959,-2.69981
158.918773889542,1237.11635343639,663.698507012647,63.3,-59,3.58337530717959,-2.69981
159.295593976974,1237.68611803848,663.768432668359,63.3,-59,3.63246530717959,-2.65072
159.604615926743,1238.15089264773,663.82558173163,63.3,-59,3.52815530717959,-2.75503
159.774811983109,1238.39817601912,663.856370935714,63.3,-59,3.54656530717959,-2.73662
160.226598978043,1239.05459199985,663.938101160766,63.3,-58,3.50974530717959,-2.77344
160.445129871368,1239.38734259568,663.979154227061,63.3,-59,3.52815530717959,-2.75503
160.87540102005,1240.04884717295,664.060617290743,63.3,-59,3.54656530717959,-2.73662
161.18896985054,1240.52341234642,664.118826001603,63.3,-59,3.55883530717959,-2.72435
161.610732793808,1241.15753444264,664.196473605222,63.3,-59,3.56497530717959,-2.71821
161.876092910767,1241.62558107157,664.298987137532,63.3,-59,3.58337530717959,-2.69981
162.221646785736,1242.23797594123,664.434734666974,63.3,-60,3.58337530717959,-2.69981
162.601054906845,1242.80228870152,664.524340297921,63.3,-59,3.61405530717959,-2.66913
162.945389986038,1243.29047043712,664.592482331848,63.3,-60,3.58951530717959,-2.69367
163.224921941757,1243.69422336073,664.647801969732,63.3,-60,3.63246530717959,-2.65072
163.536942005157,1244.14582261847,664.709551255995,63.3,-60,3.64473530717959,-2.63845
164.193620920181,1245.04806525529,664.835489584709,63.3,-60,3.69996530717959,-2.58322
164.509825944901,1245.52503672982,664.901768711757,63.3,-60,3.70609530717959,-2.57709
164.870992898941,1246.10957368783,664.982541091409,63.3,-61,3.78586530717959,-2.49732
165.13724398613,1246.55554557107,665.036518427069,63.3,-61,3.86563530717959,-2.41755
165.498713970184,1247.18241065645,665.101883846228,63.3,-61,3.86563530717959,-2.41755
165.740674972534,1247.58295041981,665.148070975243,63.3,-62,3.94539530717959,-2.33779
166.015033960342,1247.96980327252,665.209029606579,63.3,-62,3.92085530717959,-2.36233
166.444984912872,1248.58297618082,665.305337448444,63.3,-62,4.03130530717959,-2.25188
166.710421800613,1248.98739937336,665.367701772528,63.3,-62,4.06811530717959,-2.21507
167.050997972488,1249.50630578425,665.447720050842,63.3,-63,4.01902530717959,-2.26416
167.283442020416,1249.85488880778,665.502339669793,63.3,-63,4.00675530717959,-2.27643
167.569253921509,1250.28228020882,665.569501175672,63.3,-63,4.18469530717959,-2.09849
168.147287845612,1251.09759897636,665.695729843117,63.3,-63,4.25833530717959,-2.02485
168.387794017792,1251.42437080468,665.745811177674,63.3,-64,4.17856530717959,-2.10462
168.700079917908,1251.855564637,665.78278072151,63.3,-63,4.36877530717959,-1.91441
168.905797958374,1252.14111895835,665.801007593086,63.3,-64,4.27060530717959,-2.01258
169.402933835983,1252.85043984286,665.881179531112,63.3,-64,4.49763530717959,-1.78555
169.565250873566,1253.08776031791,665.918096049453,63.3,-65,4.66943530717959,-1.61375
169.891565799713,1253.55956536115,665.991676248351,63.3,-64,4.62648530717959,-1.6567
170.320249795914,1254.15469521301,666.085377544176,63.3,-65,4.71852530717959,-1.56466
170.34706401825,1254.19192063851,666.091238568617,63.3,-65,4.81669530717959,-1.46649
