14.6301050186157,4,4.2706,-64,8.11274650166734,9.63950402838306,1.928,-2.41669912545237
14.9135940074921,4,4.1847,-64,8.11532054496354,9.63653997852684,1.928,-2.41642287080568
15.0963342189789,4,4.22152,-64,8.11705299100928,9.63454697835956,1.928,-2.41601437023977
15.3961410522461,4,4.31355,-64,8.11993334565961,9.6312343933681,1.928,-2.41522430986212
15.7103841304779,4,4.39946,-63,8.12295239463143,9.62776230137714,1.928,-2.41439620663861
16.0303771495819,4,4.35651,-63,8.12598866101176,9.62426519318395,1.928,-2.41337473538324
16.3937320709229,4,4.5099,-63,8.1294185634865,9.62031223058181,1.928,-2.41213139573614
16.5167012214661,4,4.41786,-63,8.13057933541773,9.61897444093107,1.928,-2.41171061591107
16.898285150528,4,4.60808,-63,8.13344891630912,9.61553985449297,1.928,-2.41149846048679
17.0608041286469,4,4.5774,-62,8.13450107263782,9.61424341323969,1.928,-2.41166195827096
17.2883231639862,4,4.60194,-63,8.13597404272232,9.6124284555853,1.928,-2.41189084758939
17.5968689918518,4,4.73693,-62,8.13830911003784,9.60963210686381,1.928,-2.41246898208391
17.9439551830292,4,4.68785,-62,8.1417201546641,9.60570796888221,1.928,-2.41374145360514
18.3053510189056,4,4.85352,-62,8.14527182959458,9.6016220468202,1.928,-2.41506638649136
18.5412440299988,4,4.87806,-61,8.14774728609313,9.59880888312249,1.928,-2.41528469144373
18.8243951797485,4,4.91487,-61,8.1507531441695,9.59540007758507,1.928,-2.41540492576678
19.0954551696777,4,4.9026,-61,8.15363064567578,9.59213683533632,1.928,-2.41552002582703
19.3349401950836,4,5.00691,-61,8.15607909255159,9.58937154434826,1.928,-2.41546251440457
19.6023411750793,4,5.03759,-60,8.15871167636535,9.58641103682313,1.928,-2.41522653192068
19.9451730251312,4,5.14804,-60,8.16208688306543,9.58261540274598,1.928,-2.4149239813783
20.2023921012878,4,5.19099,-60,8.16460153285892,9.57976523868465,1.928,-2.41454824085535
20.5464191436768,4,5.28303,-60,8.16793636372241,9.57594934420028,1.928,-2.41380626137228
20.814658164978,4,5.30757,-60,8.1705365423619,9.57297407866658,1.928,-2.4132277375185
20.9147920608521,4,5.31985,-60,8.17150719165773,9.57186340905668,1.928,-2.41301177398324
21.3121511936188,4,5.40575,-60,8.1755575930657,9.56858026463237,1.928,-2.41210158394583
21.5435721874237,4,5.44256,-59,8.1779209903421,9.56669338082769,1.928,-2.4115702988107
21.7724981307983,4,5.46097,-59,8.1802589068041,9.56482684033833,1.928,-2.41104474169178
22.1689081192017,4,5.60823,-59,8.18423804305168,9.56034905265469,1.928,-2.41260924765696
22.5130910873413,4,5.57755,-59,8.18769261328093,9.55645554879631,1.928,-2.41397888314785
22.7631640434265,4,5.55915,-59,8.19037333091861,9.55342679936082,1.928,-2.41464001721375
23.0730872154236,4,5.66346,-58,8.19385736149497,9.54948386064742,1.928,-2.41514298053194
23.2879571914673,4,5.73095,-58,8.19627284260165,9.54675021817264,1.928,-2.41549168539139
23.4425849914551,4,5.74322,-59,8.1980111056029,9.54478299534509,1.928,-2.41574262536101
23.822998046875,4,5.82299,-58,8.20236906401504,9.53983541601578,1.928,-2.41644914905379
24.1501481533051,4,5.86594,-58,8.20612136667314,9.53557458774076,1.928,-2.41706169127416
24.5215060710907,4,5.9273,-58,8.21002465899478,9.5311403993071,1.928,-2.41691729427294
24.6453940868378,4,5.95798,-58,8.2112321994999,9.52976806503893,1.928,-2.41664595281826
24.9041411876678,4,5.97025,-58,8.21375421587856,9.52690186760154,1.928,-2.41607924090258
25.3436360359192,4,6.00093,-58,8.21814601062696,9.52199690358732,1.928,-2.41484491772459
25.6076211929321,4,5.98866,-58,8.22090099124424,9.51901107564158,1.928,-2.41380914221137
25.8603570461273,4,6.09911,-58,8.22353857278376,9.51615248396203,1.928,-2.41281750460941
26.2000651359558,4,6.17274,-58,8.22696882987577,9.51236665180147,1.928,-2.41186383419222
26.5078802108765,4,6.1666,-58,8.22993561355586,9.50900570469058,1.928,-2.41146615144506
26.6629211902618,4,6.21569,-58,8.23142992973743,9.50731285539829,1.928,-2.41126584571728
26.8649740219116,4,6.14819,-58,8.2333773556184,9.50510669677868,1.928,-2.41100480286491
27.1378111839294,4,6.26478,-58,8.23597716374664,9.50218000681331,1.928,-2.41163867702963
27.4493231773376,4,6.27705,-59,8.23893469896544,9.49885738931688,1.928,-2.41271917306344
27.7322611808777,4,0.0736311,-58,8.24162094902295,9.4958395448009,1.928,-2.41370055868295
28.02645611763,4,0.104311,-58,8.24410251940226,9.49305346707769,1.928,-2.41343434151264
28.2597601413727,4,0.153398,-58,8.24602807596576,9.49089190915265,1.928,-2.41304815746648
28.6518270969391,4,0.251573,-58,8.2492794652298,9.48724248979927,1.928,-2.41241580166173
28.9261221885681,4,0.282252,-57,8.25219331469134,9.48399117893015,1.928,-2.41265916325373
29.2560131549835,4,0.319068,-58,8.25569776170549,9.48008087168273,1.928,-2.41295185092195
29.6055841445923,4,0.319068,-57,8.2583558161984,9.47719126806663,1.928,-2.41194492064454
29.9735300540924,4,0.404971,-57,8.25888651503437,9.47684326882992,1.928,-2.40805602917437
30.1863720417023,4,0.368155,-57,8.25919350307841,9.47664196519448,1.928,-2.40580646104836
30.486622095108,4,0.435651,-57,8.2607826942778,9.47495882257441,1.928,-2.40399299112719
30.7901151180267,4,0.46633,-57,8.26355731687412,9.47184364552505,1.928,-2.40353413881152
30.9132680892944,4,0.454058,-57,8.26468321760685,9.47057955284192,1.928,-2.4033479433415
31.3259952068329,4,0.503146,-57,8.268749330956,9.46600531425313,1.928,-2.40310010712508
31.6333820819855,4,0.570641,-57,8.27218944330146,9.46212348998519,1.928,-2.40344449269177
31.9195241928101,4,0.576777,-58,8.27539179541072,9.45850995447126,1.928,-2.40376507636321
32.3365261554718,4,0.582913,-57,8.27997604959592,9.45334503152304,1.928,-2.40534658338388
32.5310750007629,4,0.576777,-58,8.28210496807731,9.45094741459255,1.928,-2.40621698263355
32.9344692230225,4,0.607456,-58,8.28644079288037,9.44606396660859,1.928,-2.40771375146341
33.2799360752106,4,0.570641,-57,8.28989498351045,9.44217221711672,1.928,-2.40797881115854
33.5738360881805,4,0.613592,-58,8.29283357708188,9.43886137783101,1.928,-2.40820430615854
33.865296125412,4,0.570641,-58,8.29548208753429,9.4357322394131,1.928,-2.40824580066802
34.1099841594696,4,0.687223,-58,8.29759144586819,9.43317149575673,1.928,-2.40820239823316
34.2698512077332,4,0.632,-58,8.29896959618056,9.43149843262031,1.928,-2.40817404123085
34.7848892211914,4,0.736311,-58,8.30404337948334,9.42564489502493,1.928,-2.40742661975829
35.1561980247498,4,0.613592,-58,8.30812658499496,9.42111385407011,1.928,-2.40644752854422
35.5687410831451,4,0.552233,-59,8.31266073835322,9.41610127737393,1.928,-2.40583451515567
35.9800541400909,4,0.558369,-58,8.31717885053053,9.41112551159245,1.928,-2.40570306146086
36.1335761547089,4,0.576777,-59,8.31886522948694,9.40926831407796,1.928,-2.40565399655588
36.5081300735474,4,0.582913,-59,8.3229655366038,9.40476171660295,1.928,-2.40533128754242
36.8365280628204,4,0.570641,-58,8.3265574846397,9.40081584496603,1.928,-2.40500371995424
37.2880551815033,4,0.521553,-58,8.33148995656188,9.39539233383871,1.928,-2.40579815989408
37.5275700092316,4,0.546097,-58,8.33410250967334,9.39251654406488,1.928,-2.40699829263434
38.002158164978,4,0.484738,-58,8.33926934637626,9.38690356187017,1.928,-2.40894947125581
38.1939852237701,4,0.49701,-58,8.3413366453853,9.38481814852151,1.928,-2.40882040658602
38.4557301998138,4,0.454058,-58,8.34415744206021,9.38197263511779,1.928,-2.40864429989328
39.1564111709595,4,0.454058,-58,8.35160081196193,9.37407399813609,1.928,-2.40785139106123
39.4782061576843,4,0.46633,-59,8.35497799832041,9.37033879311448,1.928,-2.40736419040624
39.7899680137634,4,0.472466,-59,8.35803116766085,9.36695316214151,1.928,-2.40678058671217
40.2023541927338,4,0.484738,-59,8.36173215491453,9.36283462760793,1.928,-2.40583636047693
40.7128441333771,4,0.46633,-59,8.36653095274975,9.35750589285563,1.928,-2.40488870480584
40.8790822029114,4,0.417243,-59,8.36820571792107,9.35565182480719,1.928,-2.4046941421094
41.223964214325,4,0.392699,-59,8.37168023120524,9.35180532490718,1.928,-2.40429049705816
41.6615500450134,4,0.411107,-59,8.37609672155567,9.34687847462844,1.928,-2.40397713621435
41.9212582111359,4,0.435651,-59,8.37872074191421,9.34393806243463,1.928,-2.40386102911884
42.4995501041412,4,0.368155,-60,8.38510002665896,9.33698863747675,1.928,-2.40407340588867
43.1821110248566,4,0.30066,-60,8.39350939082149,9.32812312079918,1.928,-2.40519763629877
43.5859110355377,4,0.233165,-61,8.39733733702174,9.32371286856847,1.928,-2.40555561131749
43.7728810310364,4,0.239301,-61,8.39910977650886,9.32167080611698,1.928,-2.40572136313986
44.4191741943359,4,0.202485,-61,8.40519738112238,9.31460952510918,1.928,-2.40493841415673
44.4414060115814,4,0.282252,-61,8.40540617863646,9.31436658460538,1.928,-2.40489035133274
44.801500082016,4,0.251573,-61,8.40878812199769,9.31043161905929,1.928,-2.40411186625713
45.2793200016022,4,0.208621,-61,8.4130657534823,9.30551067013174,1.928,-2.40346691209928
45.5361070632935,4,0.171806,-61,8.41535984547883,9.3028729049424,1.928,-2.40312911366189
46.1767570972443,4,0.16567,-61,8.42146043776622,9.29587665138532,1.928,-2.40413036231677
46.516969203949,4,0.171806,-61,8.42476620215122,9.29208855127155,1.928,-2.40498523377102
47.0596070289612,4,0.208621,-61,8.430441698199,9.28603158464545,1.928,-2.40538739149299
47.399670124054,4,6.27705,-62,8.43402164735934,9.28223491210546,1.928,-2.40558404789306
47.8807501792908,4,0.141126,-62,8.43882114853588,9.27683482437141,1.928,-2.40725549652162
48.1689732074738,4,0.141126,-63,8.44169313847691,9.27359916233134,1.928,-2.4082751379208
48.5556681156158,4,0.0920388,-62,8.44563853238376,9.26914590684605,1.928,-2.40843813291859
48.7691290378571,4,0.16567,-62,8.44783165804706,9.26666914368357,1.928,-2.40832923637873
49.2182431221008,4,0.0306796,-63,8.45246945862063,9.26142239878902,1.928,-2.40799320255037
49.3904252052307,4,0.0368155,-63,8.45427301689275,9.25937218320398,1.928,-2.40774851849595
49.7243762016296,4,0.0674952,-62,8.45777105844904,9.25539574427949,1.928,-2.4072739483067
50.1666421890259,4,0.0736311,-62,8.46242643367766,9.25009977053606,1.928,-2.40648322054767
50.5089020729065,4,0.190214,-62,8.46605183829446,9.24597160124867,1.928,-2.40570943429685
50.9869790077209,4,0.0613592,-63,8.47142902576403,9.23998003272066,1.928,-2.40500393337845
51.360316991806,4,0.0429515,-63,8.47620594366005,9.23488551201754,1.928,-2.4051455670627
51.6233530044556,4,0.0245437,-64,8.47957153058045,9.23129615741331,1.928,-2.40524535535414
51.8898191452026,4,0.00613592,-63,8.48241217959898,9.22813215450932,1.928,-2.40585184413446
52.1843211650848,4,0.0490874,-64,8.48522390999537,9.22490734273371,1.928,-2.40681338650459
52.440083026886,4,6.08684,-64,8.48766577236816,9.22210673761725,1.928,-2.40764844314319
52.8647742271423,4,6.17274,-64,8.49199319765867,9.21714971366601,1.928,-2.40899631639813
53.205087184906,4,6.06843,-65,8.49554993225579,9.21307739353272,1.928,-2.41006373957847
68.657350063324,4,5.26462,-65,8.64750748414937,9.03865171710556,1.928,-2.41013520164709
69.1242070198059,4,5.24008,-64,8.65170786417402,9.03344378419172,1.928,-2.4084244912632
69.7147350311279,4,5.32598,-64,8.65796820550373,9.02629718358847,1.928,-2.40681458768245
69.9029312133789,4,5.1419,-63,8.659983942683,9.02400556185045,1.928,-2.40699257772035
70.6481699943542,4,5.30757,-62,8.66789489951519,9.0150176860984,1.928,-2.4077522644459
71.2212769985199,4,5.15418,-63,8.67375260181523,9.00838121412841,1.928,-2.40851071838532
71.7440102100372,4,5.18486,-62,8.67941107992526,9.00199921190431,1.928,-2.4098166846914
72.2713680267334,4,5.07441,-62,8.68462451139715,8.99581387910445,1.928,-2.41106453247835
72.6802830696106,4,5.17258,-62,8.68585416596963,8.99271322071188,1.928,-2.41076073546633
73.2685270309448,4,5.10509,-62,8.68897668097059,8.9876680500522,1.928,-2.40955917069926
73.7070541381836,4,5.19099,-62,8.6929473446776,8.98319726458057,1.928,-2.40773549436563
74.201865196228,4,5.22781,-62,8.69767041555209,8.9779114487125,1.928,-2.40602154388414
74.9348971843719,4,5.30144,-63,8.70506669523285,8.96969011992331,1.928,-2.4042934354704
75.3755421638489,4,5.30144,-63,8.70984812286334,8.96442903482196,1.928,-2.40430353352241
75.8794531822205,4,5.28917,-63,8.71527738315875,8.95843746554525,1.928,-2.40520697517459
76.118821144104,4,5.34439,-63,8.71783301872469,8.9556063892572,1.928,-2.40617527709458
76.5728600025177,4,5.35666,-63,8.72315599044962,8.94973344983443,1.928,-2.40791216331582
77.2551782131195,4,5.3628,-64,8.73493477237781,8.93690950838303,1.928,-2.40972875010616
77.6206891536713,4,5.28303,-64,8.73930776665576,8.9320945154136,1.928,-2.40975521261512
77.8522930145264,4,5.43029,-64,8.74179779280473,8.92934151620599,1.928,-2.40963468329658
78.4212801456451,4,5.30144,-65,8.74771301192884,8.92276923784262,1.928,-2.40872264692637
78.9552140235901,4,5.30757,-65,8.75302618190446,8.91682654535805,1.928,-2.40714254542889
79.3759000301361,4,5.41802,-65,8.75736276296293,8.9120123194229,1.928,-2.40632783270441
79.8602330684662,4,5.3812,-65,8.76238517989933,8.90644362406279,1.928,-2.40547496945106
173.928745508194,4,0.110447,-64,9.47702541830665,8.16679249367571,1.928,-1.78493726712076
174.342719316483,4,6.14819,-65,9.48384209018598,8.16513781685692,1.928,-1.78485867984742
174.973861455917,4,5.97639,-64,9.49390184342675,8.16268718082115,1.928,-1.78531675392961
175.672624349594,4,5.87208,-64,9.50389470461049,8.16033573981786,1.928,-1.78657662673443
176.116188526154,4,5.80458,-63,9.509449207586,8.15912959354368,1.928,-1.78781718555371
176.726248502731,4,5.66959,-63,9.51867451485059,8.15680579455468,1.928,-1.79235995049461
177.255784511566,4,5.69414,-63,9.52620095782344,8.15487079052182,1.928,-1.79295007253906
177.504255533218,4,5.52847,-63,9.52969975477512,8.15396843280998,1.928,-1.79299847486843
178.245060443878,4,5.52233,-62,9.540732691995,8.15120445487401,1.928,-1.7928648332402
178.843110322952,4,5.31985,-63,9.54985075428963,8.14892708775989,1.928,-1.79311405454703
179.138827323914,4,5.31371,-63,9.55654079803761,8.14683888553073,1.928,-1.79369566908119
180.089233398438,4,5.23394,-63,9.57457356576221,8.14157493080029,1.928,-1.79326889060283
180.650785446167,4,4.99464,-62,9.58240077813233,8.13969066961324,1.928,-1.79359065581004
181.262740373611,4,4.98851,-64,9.59118469140814,8.13755249815154,1.928,-1.79399227758298
181.816388368607,4,4.87806,-63,9.59927093210824,8.13556103552725,1.928,-1.79187601829075
182.050007343292,4,4.85965,-64,9.60246238688277,8.13478164867705,1.928,-1.791758438378
182.704243421555,4,4.80443,-64,9.61153900333502,8.13169882112542,1.928,-1.79129032886063
183.314689397812,4,4.74307,-64,9.62008203196251,8.1278768294045,1.928,-1.79073959350596
184.011700391769,4,4.52831,-65,9.6294637028871,8.12557943545356,1.928,-1.79098196690679
184.556037425995,4,4.4915,-65,9.6379780316749,8.12346594958424,1.928,-1.79299732664645
185.131551504135,4,4.3381,-64,9.64580881589356,8.1215642697734,1.928,-1.79096479868533
185.436697483063,4,4.39332,-66,9.64997661147573,8.12056505568913,1.928,-1.78977163220482
186.000001430511,4,4.30742,-64,9.65817024723059,8.11864189463424,1.928,-1.78854339489246
