14.637903213501,4,4.57126,-63,8.11281730826673,9.63942249351104,1.928,-2.41669152625925
14.8764719963074,4,4.63262,-63,8.11498348191072,9.63692811173917,1.928,-2.41645904550201
15.1484282016754,4,4.69398,-63,8.11755347708453,9.63397138859282,1.928,-2.41587709054139
15.4775700569153,4,4.71239,-62,8.1207156640935,9.63033467905606,1.928,-2.41500972559305
15.8550441265106,4,4.7492,-62,8.12433359833222,9.62617265292211,1.928,-2.41397469560457
16.1203601360321,4,4.88419,-62,8.12683805880379,9.62328626222864,1.928,-2.41306682868363
16.3412370681763,4,4.88419,-61,8.12892303492955,9.62088332724369,1.928,-2.41231102483804
16.6547751426697,4,4.90874,-61,8.13187241983569,9.61748237482769,1.928,-2.41125348388672
16.8677082061768,4,4.91487,-61,8.13325095957887,9.61578377192658,1.928,-2.41146769938611
17.161719083786,4,5.10509,-60,8.13515440131327,9.61343839765055,1.928,-2.41176348100846
17.3431332111359,4,5.06827,-60,8.1363288858222,9.61199122661031,1.928,-2.41194598774202
17.6580231189728,4,5.13577,-60,8.13891011192726,9.60894070156142,1.928,-2.41269318254808
17.8329770565033,4,5.12963,-59,8.14062949951348,9.60696268166681,1.928,-2.4133345906729
18.2304930686951,4,5.19713,-59,8.14453615120895,9.60246838681618,1.928,-2.41479194569768
18.5064811706543,4,5.28917,-59,8.14737825272841,9.59922738690584,1.928,-2.41526993010914
18.6628110408783,4,5.3812,-59,8.14903780948248,9.59734535984095,1.928,-2.4153363123793
19.0510010719299,4,5.38734,-59,8.15315873267504,9.59267201018798,1.928,-2.415501149307
19.2300810813904,4,5.43643,-59,8.15504674627733,9.59053248323178,1.928,-2.41555505301123
19.6386229991913,4,5.47324,-59,8.15906887379557,9.58600934565016,1.928,-2.41519451305907
19.7926471233368,4,5.46711,-58,8.16058525348931,9.58430408047651,1.928,-2.41505858612494
20.0622591972351,4,5.6021,-59,8.16323960569756,9.58131909301066,1.928,-2.41482065234143
20.5006351470947,4,5.57755,-59,8.16749255592232,9.57645717317447,1.928,-2.41390500589504
20.7115859985352,4,5.66959,-59,8.16953741089992,9.57411733911696,1.928,-2.41345003816163
21.0297341346741,4,5.68186,-58,8.17267339618734,9.57088294325252,1.928,-2.41274994338315
21.2695050239563,4,5.74322,-58,8.17512206714572,9.56892797883731,1.928,-2.41219948896145
21.4860141277313,4,5.74936,-58,8.17733317607652,9.56716267865965,1.928,-2.41170243782289
21.8031611442566,4,5.84753,-57,8.18056703452412,9.56448649520694,1.928,-2.41115380074662
22.0879001617432,4,5.80458,-58,8.18342496482273,9.56126543964685,1.928,-2.41228688605325
22.3241951465607,4,5.87208,-58,8.18579666155219,9.55859239792118,1.928,-2.41322719405069
22.6876020431519,4,5.90276,-58,8.18952389356395,9.55438812256303,1.928,-2.41451739032483
22.9411799907684,4,5.89049,-58,8.1923745139848,9.55116202526905,1.928,-2.41492891297778
23.201122045517,4,6.00707,-58,8.19529667711636,9.54785496183038,1.928,-2.41535076371437
23.5727910995483,4,6.05002,-58,8.19949927374117,9.54309413063888,1.928,-2.41598067199676
23.7716920375824,4,6.05616,-58,8.20178060119244,9.54050362944678,1.928,-2.41635308582094
24.0700380802155,4,6.12979,-58,8.20520253084125,9.53661794752523,1.928,-2.4169116965131
24.4237101078033,4,6.17274,-58,8.20907143857072,9.53222370628315,1.928,-2.4171314885094
24.7386000156403,4,6.1666,-58,8.21214068070906,9.52873560286476,1.928,-2.41644181174655
25.0701160430908,4,6.17887,-58,8.21537197817418,9.52506332833381,1.928,-2.41571572019851
25.3513200283051,4,6.20342,-58,8.21822620168894,9.52190999309788,1.928,-2.41481476871452
25.4797821044922,4,6.2341,-58,8.21956684725384,9.52045701119016,1.928,-2.41431073328163
25.8212430477142,4,6.21569,-58,8.22313037442628,9.51659488637152,1.928,-2.41297097279012
26.1429650783539,4,6.27705,-58,8.22641848802175,9.51299011143443,1.928,-2.41193760480847
26.3609850406647,4,6.25864,-58,8.22851980832351,9.5106096121602,1.928,-2.4116559331666
26.6954212188721,4,6.20342,-58,8.23174317155805,9.50695799663352,1.928,-2.41122385719329
26.9171922206879,4,0.0306796,-58,8.23388064513394,9.50453654080319,1.928,-2.41093733938299
27.4264121055603,4,6.26478,-58,8.23871717828208,9.49910176105717,1.928,-2.41263970478385
27.7477722167969,4,0,-58,8.24176821280727,9.49567410256939,1.928,-2.41375435954181
27.9744501113892,4,0.0245437,-58,8.24367329188594,9.4935353018662,1.928,-2.41352042613987
28.330717086792,4,0.0736311,-58,8.24661371358051,9.49023449422578,1.928,-2.41293070368302
28.6063711643219,4,0.0920388,-58,8.24888880300986,9.48768056375216,1.928,-2.41247441833785
29.0088410377502,4,0.153398,-58,8.25307204085708,9.48301068492339,1.928,-2.4127325535237
29.135870218277,4,0.202485,-57,8.2544214777248,9.48150496583492,1.928,-2.41284525704828
29.5375142097473,4,0.184078,-57,8.25825763699799,9.47725564787017,1.928,-2.41266436494915
29.7817661762238,4,0.184078,-57,8.25860992854668,9.47702463701857,1.928,-2.41008281868249
30.2010371685028,4,0.257709,-57,8.25921465500733,9.47662809507716,1.928,-2.40565146248729
30.4043481349945,4,0.245437,-57,8.26003052150419,9.47580331629568,1.928,-2.40411738145667
30.7664120197296,4,0.319068,-58,8.26334061616876,9.47208694386221,1.928,-2.40356997562067
30.9384081363678,4,0.325204,-57,8.26491305532111,9.47032150507229,1.928,-2.40330993400374
31.3104770183563,4,0.349748,-57,8.26857565954687,9.46620128514679,1.928,-2.4030827210863
31.663743019104,4,0.460194,-57,8.27252922695211,9.4617400779659,1.928,-2.40347850803003
31.8706331253052,4,0.527689,-58,8.27484463228014,9.45912737358596,1.928,-2.40371030051118
32.211620092392,4,0.576777,-57,8.27860922150845,9.45488437189339,1.928,-2.40478776154445
32.6671850681305,4,0.625864,-57,8.28359439988292,9.44926999624836,1.928,-2.40682593048072
32.8133771419525,4,0.681087,-58,8.28519415755471,9.44746832741411,1.928,-2.40747998458817
33.0717852115631,4,0.674952,-59,8.28781376281359,9.44451707600174,1.928,-2.4078191072561
33.5370290279388,4,0.82835,-58,8.29246555739547,9.43927601633275,1.928,-2.40817606591463
33.885715007782,4,0.859029,-58,8.29565811060735,9.43551854885115,1.928,-2.40824217879409
34.0450670719147,4,0.951068,-59,8.29703182144612,9.43385087519915,1.928,-2.40821391313897
34.5243542194366,4,0.969476,-59,8.30117833037883,9.42882417532156,1.928,-2.40811361540379
34.6922430992126,4,1.04924,-59,8.30302456939248,9.42677544557738,1.928,-2.40767091508116
35.2873210906982,4,1.04924,-60,8.30956851801796,9.41951377355427,1.928,-2.40610177471182
35.6631572246552,4,1.08606,-60,8.31369786253756,9.4149590996623,1.928,-2.40580434020634
35.9336659908295,4,1.06151,-60,8.31666929495353,9.41168668163523,1.928,-2.40571788689252
36.3853120803833,4,1.07992,-61,8.32162217926384,9.40623743829297,1.928,-2.40545379497279
36.4632451534271,4,1.10447,-61,8.32247459480168,9.40530103212562,1.928,-2.40537605896463
37.0741941928864,4,1.04311,-62,8.32915702671053,9.39796016352973,1.928,-2.40476665479684
37.1817121505737,4,1.04311,-63,8.33032999991547,9.39666916585686,1.928,-2.4052653087369
70.6911840438843,4,1.30082,-63,8.6683345442849,9.01451959144601,1.928,-2.40780918954903
71.2562921047211,4,1.25173,-63,8.67411048972558,9.00797574574443,1.928,-2.40855705762921
71.4544680118561,4,1.22105,-64,8.67622020284994,9.00559321905981,1.928,-2.40898309367814
71.9729740619659,4,1.45421,-63,8.68193435808916,8.99915714699166,1.928,-2.41047587084984
72.6147081851959,4,1.47876,-63,8.68565697474895,8.99321045190756,1.928,-2.41080945329732
73.1451461315155,4,1.44808,-62,8.68785952298557,8.9889259187758,1.928,-2.41007226743284
73.6264140605927,4,1.61375,-61,8.69221718541461,8.98401939046828,1.928,-2.40807084741136
74.5565321445465,4,1.69965,-62,8.7011796112661,8.97399969172887,1.928,-2.40496837854239
74.6776440143585,4,1.73033,-61,8.70237793340036,8.97266390274491,1.928,-2.40460874304671
75.2128582000732,4,1.64443,-61,8.70808284324899,8.96637140162043,1.928,-2.40429980537117
75.7331809997559,4,1.72419,-61,8.7137156938296,8.96016747027988,1.928,-2.40461526843988
76.1124551296234,4,1.68738,-61,8.71776505134555,8.95568168200943,1.928,-2.40614952500981
76.6615650653839,4,1.73033,-61,8.72468729589508,8.94806626799029,1.928,-2.40814832943734
77.2348201274872,4,1.73033,-61,8.73458333305315,8.93729213176044,1.928,-2.40967454925256
77.4274351596832,4,1.71806,-61,8.7372300487082,8.93439166231931,1.928,-2.40985578422094
78.4906132221222,4,1.77942,-61,8.74840294458806,8.92199755960767,1.928,-2.40851746553128
78.9099690914154,4,1.84691,-61,8.75257595009653,8.91733012216691,1.928,-2.40727644138124
79.3198781013489,4,1.77942,-61,8.75678182905654,8.91265644036906,1.928,-2.40642648185832
79.8330800533295,4,1.84078,-62,8.76210360967326,8.90675582012921,1.928,-2.40552278326303
80.1634871959686,4,1.93895,-62,8.76573212857025,8.90275200111044,1.928,-2.40607131246648
80.7933521270752,4,1.88373,-62,8.77271589701727,8.89501703947136,1.928,-2.40748378608601
81.1162950992584,4,1.92054,-62,8.77624307944497,8.89082018702502,1.928,-2.40786428041478
81.6825911998749,4,1.86532,-62,8.78244528952384,8.88349565539155,1.928,-2.40907555873083
82.3690321445465,4,1.82237,-63,8.79009397444848,8.87488298331731,1.928,-2.41469354941412
82.7298531532288,4,1.82851,-64,8.7939869368204,8.87048417829062,1.928,-2.41618246107485
83.1938760280609,4,1.79783,-64,8.79892638530171,8.86489466215589,1.928,-2.41732807210342
83.7634921073914,4,1.68124,-64,8.80472710411337,8.85835887582064,1.928,-2.41882713750041
95.1639142036438,4,5.35359,-66,8.92395764534574,8.72367420182901,1.928,-2.42328208811058
96.1348180770874,4,5.28303,-65,8.93366069218735,8.71237180759974,1.928,-2.42080496701842
96.6438159942627,4,5.09895,-64,8.93949499707138,8.7056489111903,1.928,-2.420442515212
97.0224821567535,4,5.01305,-64,8.94343344886573,8.70111128667688,1.928,-2.42016546355201
98.0228400230408,4,4.72466,-65,8.95311837889318,8.68944833511392,1.928,-2.41974904085613
98.5629072189331,4,4.71852,-64,8.95933164201058,8.68126423261428,1.928,-2.42003058933931
99.0213460922241,4,4.61421,-64,8.96380456167538,8.67599845368699,1.928,-2.42071211733011
99.5551171302795,4,4.60808,-64,8.96912317991535,8.66981643701127,1.928,-2.4214642796842
99.95294713974,4,4.5774,-64,8.97351528552752,8.66471249068798,1.928,-2.4218323061743
100.551113128662,4,4.50377,-64,8.97990167049563,8.65728954207398,1.928,-2.42147595135186
100.974290132523,4,4.31355,-64,8.98427559779336,8.65220465839571,1.928,-2.42062074295207
102.016909122467,4,4.17856,-64,8.99483407265082,8.63990083891624,1.928,-2.41768274205524
102.406668186188,4,4.16629,-63,8.99940090909655,8.63427869919497,1.928,-2.42018044675109
103.141502141953,4,3.9454,-64,9.00732088712353,8.62481071121874,1.928,-2.42349724729941
103.480051994324,4,3.80427,-64,9.01064219402218,8.62098581266038,1.928,-2.42436454404671
104.17084813118,4,3.6386,-64,9.01704391674344,8.61359711378622,1.928,-2.42384599484344
104.868175029755,4,3.44839,-64,9.02334337708081,8.60633680103633,1.928,-2.42258657359059
105.266070127487,4,3.34408,-64,9.02690735633738,8.60223681434539,1.928,-2.42181077335664
105.903812170029,4,3.08637,-64,9.03271085739782,8.59554443151974,1.928,-2.4195856333125
106.585046052933,4,2.87161,-64,9.04082390273202,8.58678452168739,1.928,-2.4180005337227
107.129356145859,4,2.80412,-63,9.04758451798,8.57957055088,1.928,-2.41763564992312
107.776876211166,4,2.69981,-63,9.05342233102495,8.57289876454292,1.928,-2.41865325036215
108.371683120728,4,2.58936,-63,9.05946987071284,8.56599549239328,1.928,-2.42018169055299
108.765950202942,4,2.55868,-63,9.0634635489338,8.56144307642528,1.928,-2.42089598656796
109.650153160095,4,2.38687,-63,9.07185845883751,8.55192137733827,1.928,-2.41972643422121
110.081621170044,4,2.35619,-63,9.07571371816833,8.54755309930862,1.928,-2.41879182589859
110.895587205887,4,2.43596,-63,9.082692854466,8.53880995766326,1.928,-2.41685771925392
111.35332608223,4,2.32551,-63,9.08671594433132,8.53377359295031,1.928,-2.41620418508735
111.754510164261,4,2.38687,-62,9.09054730696679,8.52942063391645,1.928,-2.41641282364671
112.47962808609,4,2.23961,-62,9.09774607236114,8.52124229011002,1.928,-2.41690337545479
112.926945209503,4,2.33165,-62,9.10228944922457,8.51608463396218,1.928,-2.41731380209475
113.732392072678,4,2.09849,-61,9.1104112277991,8.50690433684376,1.928,-2.41870729551394
114.188235998154,4,2.12303,-60,9.11493611813846,8.5017367657749,1.928,-2.41831541702034
114.48458814621,4,2.09849,-60,9.11787782887944,8.49837723699565,1.928,-2.41806064992384
114.991067171097,4,2.11076,-60,9.1241690713463,8.49105307325133,1.928,-2.41718857297567
115.808957099915,4,2.01872,-60,9.13348840607788,8.48021876163591,1.928,-2.41613000756506
116.328980207443,4,1.95736,-59,9.13829822157637,8.4746859241315,1.928,-2.41600553874687
116.464592218399,4,1.92054,-59,9.13974889788974,8.4730172456318,1.928,-2.41625560007823
117.57643699646,4,1.79169,-59,9.15111267976226,8.45993960017432,1.928,-2.41826885483156
117.938206195831,4,1.78555,-59,9.15454930195158,8.45598150048861,1.928,-2.41890574128207
118.38503408432,4,1.71192,-59,9.1591945644816,8.45067928882155,1.928,-2.41967629934193
119.157409191132,4,1.5892,-60,9.16606030324766,8.44205454512851,1.928,-2.42106599497574
119.566560029984,4,1.43581,-60,9.16881277175207,8.4379258423719,1.928,-2.42184554025146
119.977891206741,4,1.42967,-60,9.17263501180391,8.43324683259481,1.928,-2.42115528832275
120.415401220322,4,1.36831,-60,9.17712332223126,8.42805832559125,1.928,-2.41983045595194
121.160167217255,4,1.18423,-60,9.18447862459353,8.41950846824415,1.928,-2.41839650202786
121.727926015854,4,1.01243,-61,9.19001393132615,8.41312453555217,1.928,-2.41871515856787
122.339052200317,4,0.975612,-61,9.19603523310147,8.40622683057852,1.928,-2.41988766079752
123.14892911911,4,0.539961,-62,9.20415541844169,8.39705220760686,1.928,-2.42012844745055
123.440207004547,4,0.533825,-61,9.20514072434016,8.39648720702173,1.928,-2.41877795824706
124.22447514534,4,0.306796,-62,9.20969051684576,8.39220838312681,1.928,-2.41619593331505
124.795264005661,4,0.0552233,-62,9.21534457957445,8.38568850104756,1.928,-2.41561872041467
125.307240009308,4,6.09911,-63,9.22090630731269,8.3792392771901,1.928,-2.41543063271852
126.074945211411,4,5.86594,-63,9.22927119223959,8.3695655307726,1.928,-2.41467998422469
126.635901212692,4,5.67573,-64,9.23542959577669,8.36246927416038,1.928,-2.41415798101876
126.971816062927,4,5.50392,-64,9.23923191246317,8.35810335729699,1.928,-2.41508276159073
127.70036816597,4,5.10509,-64,9.24993548739898,8.34647694902427,1.928,-2.4157448553081
128.320129156113,4,4.79829,-64,9.26078019717175,8.33512651074592,1.928,-2.41501552805488
129.319763183594,4,4.39332,-64,9.26986396505506,8.32466151785682,1.928,-2.41494172719079
129.81559920311,4,4.07425,-64,9.27471558345616,8.31907658349424,1.928,-2.41353376054477
130.367266178131,4,3.8779,-64,9.28063545754598,8.31236666996643,1.928,-2.41272823597815
130.997315168381,4,3.59565,-65,9.28739824297573,8.30467169352466,1.928,-2.4127828520936
131.271127223969,4,3.38703,-65,9.29024601388228,8.30139015618863,1.928,-2.41345550438279
132.311657190323,4,2.69367,-65,9.30301266075337,8.2873125281299,1.928,-2.41844892481832
132.869368076324,4,2.31324,-65,9.30911833023992,8.28046442655199,1.928,-2.41955110173645
133.85958814621,4,2.01258,-63,9.31967255694308,8.26833360862777,1.928,-2.41917866267758
134.306752204895,4,1.80396,-62,9.32445486174215,8.26282743760268,1.928,-2.41843170913538
134.862890005112,4,1.61375,-62,9.32956079476076,8.25693294350013,1.928,-2.41638802165947
135.570916175842,4,1.39899,-61,9.33672750835555,8.24867972364071,1.928,-2.41499050670309
135.759809017181,4,1.4174,-61,9.33868476020774,8.24642699562923,1.928,-2.41469947379431
136.392570018768,4,1.264,-60,9.34495009943261,8.23848791053786,1.928,-2.41518044775282
136.960764169693,4,1.07379,-60,9.35051608037755,8.23160764477418,1.928,-2.41643254969654
137.564236164093,4,0.914253,-60,9.35639636897299,8.22470119017326,1.928,-2.41841101300673
137.962287187576,4,0.840621,-60,9.35995234469657,8.22045182260898,1.928,-2.41821892472654
138.830991029739,4,0.619728,-60,9.36800031636039,8.21090893365257,1.928,-2.41805144055872
139.338631153107,4,0.582913,-59,9.37286286835392,8.20519800076292,1.928,-2.41774039427183
139.900653123856,4,0.454058,-59,9.37821434805689,8.19897118608994,1.928,-2.41581730986803
140.36884021759,4,0.355884,-59,9.38353191173755,8.19313375478388,1.928,-2.41453386626002
140.982832193375,4,0.263845,-59,9.39110503460494,8.1850190263742,1.928,-2.41330538472144
141.533045053482,4,0.13499,-60,9.3965584153282,8.17869386833579,1.928,-2.41417079869852
141.883597135544,4,0.122718,-60,9.40010036296873,8.17459378931463,1.928,-2.41490830012441
146.8982026577,4,6.22796,-60,9.40662212921567,8.16647784125097,1.928,-2.34055608781643
147.490029573441,4,6.20342,-59,9.40538068777828,8.16753463131474,1.928,-2.30998796229902
148.242246627808,4,0.0368155,-59,9.4018133609267,8.17028844243536,1.928,-2.25280107527858
149.044362545013,4,0.0920388,-59,9.39582701003346,8.17438326133666,1.928,-2.17327926066423
149.484248638153,4,0.104311,-58,9.39169681983006,8.17704789171941,1.928,-2.12614302920757
150.250485658646,4,0.147262,-58,9.38563682868742,8.18007820903208,1.928,-2.04516769263127
150.67040848732,4,0.159534,-59,9.38356489963972,8.17959449018826,1.928,-2.0070022758538
151.257725477219,4,0.233165,-59,9.37880736797029,8.18172744270415,1.928,-1.97048888163995
151.579749584198,4,0.233165,-59,9.37662359789591,8.18273756613221,1.928,-1.95399202658438
151.945680618286,4,0.214757,-58,9.37615064335808,8.18294319853996,1.928,-1.94902189128905
152.599544525146,4,0.208621,-59,9.37530554449227,8.18331063282945,1.928,-1.9401410045123
153.087898492813,4,0.245437,-59,9.37467436210117,8.18358505995601,1.928,-1.93350810086321
154.068240642548,4,0.227029,-59,9.37340730020932,8.18413595643073,1.928,-1.92019293306925
154.547437667847,4,0.0490874,-59,9.37278795288287,8.18440523787701,1.928,-1.91368440051257
155.321049690247,4,0.288388,-59,9.37166962947754,8.18487690097911,1.928,-1.90280292431176
156.140951633453,4,0.276117,-59,9.37022000077173,8.18545923045922,1.928,-1.89043523735339
156.745175600052,4,0.239301,-59,9.36915170179529,8.18588837620189,1.928,-1.88132091223982
157.399040699005,4,0.269981,-59,9.36799563474969,8.18635277920311,1.928,-1.87145778296704
157.983017683029,4,0.282252,-60,9.36696313347734,8.1867675446715,1.928,-1.86264887040238
158.102035522461,4,0.257709,-59,9.36675270383027,8.18685207623912,1.928,-1.8608535637895
159.158248662949,4,0.239301,-59,9.3652508499031,8.18738098271527,1.928,-1.84467675813925
159.604497671127,4,0.208621,-59,9.36467167618965,8.18757094106624,1.928,-1.83780504800242
160.132622480392,4,0.269981,-59,9.36398623823609,8.18779575213816,1.928,-1.82967254677815
160.292827606201,4,0.33134,-59,9.36377831262521,8.18786394792338,1.928,-1.82720557617023
161.211340665817,4,0.276117,-59,9.36258620102421,8.18825493865491,1.928,-1.81306155481243
161.479263544083,4,0.208621,-59,9.36223847165007,8.18836898750927,1.928,-1.80893585744455
162.127104520798,4,0.306796,-59,9.36130513595912,8.18854051400032,1.928,-1.79853520207946
162.68216753006,4,0.263845,-59,9.36045205216749,8.1886272960367,1.928,-1.78937887854245
163.35397362709,4,0.202485,-59,9.35941954435679,8.18873233042052,1.928,-1.77829676015968
163.646440505981,4,0.269981,-59,9.35897004808375,8.18877805652891,1.928,-1.77347222434609
164.63837146759,4,0.245437,-59,9.35744553607044,8.18893314124427,1.928,-1.75710932381172
165.090773582459,4,0.276117,-59,9.35675023318581,8.18900387263177,1.928,-1.74964649515365
166.678129434586,4,0.208621,-58,9.37102053165956,8.18730135078633,1.928,-1.74378789934049
167.061499357224,4,0.263845,-58,9.37598817502652,8.18661341822894,1.928,-1.74388358413562
167.893844366074,4,0.251573,-59,9.38714089237435,8.18492686027913,1.928,-1.74130596321603
168.247651338577,4,0.245437,-58,9.39164910348146,8.18421530497474,1.928,-1.7403911063961
168.848091363907,4,0.190214,-57,9.40109874606766,8.18343940853632,1.928,-1.73966220901493
169.261293411255,4,0.245437,-58,9.40772236056291,8.18274314547607,1.928,-1.74098865151505
169.801006317139,4,0.306796,-58,9.41588736477207,8.18130844832432,1.928,-1.74628426142071
170.467411518097,4,0.269981,-57,9.4267498459936,8.1792363978714,1.928,-1.75566281335583
170.860830545425,4,0.239301,-57,9.43307395408695,8.1779319888009,1.928,-1.76244532070558
171.717262506485,4,0.15033,-58,9.44654048573369,8.17498644207159,1.928,-1.77244514567257
172.222233533859,4,0.153398,-58,9.45219790871816,8.17333358766047,1.928,-1.77697648898258
172.851296424866,4,0.110447,-57,9.45896580099317,8.17120430240378,1.928,-1.78277686159954
173.260024547577,4,0.104311,-57,9.46560896506688,8.16958744765568,1.928,-1.78545404500491
173.841810464859,4,0.0306796,-57,9.47553257896715,8.16715821435002,1.928,-1.78508205755837
174.091364383698,4,6.26478,-58,9.47975996849495,8.16612560799022,1.928,-1.78478758881889
174.637244462967,4,6.22183,-58,9.48862531634231,8.16398037258078,1.928,-1.78494198076123
175.632893323898,4,6.09297,-58,9.50340233618638,8.16044161325934,1.928,-1.7864747377773
176.144265413284,4,5.93344,-58,9.50987378536648,8.15902264497397,1.928,-1.78802625794562
176.578949451447,4,5.87208,-58,9.51644706335393,8.15736687608698,1.928,-1.79126309937883
176.822385311127,4,5.8414,-58,9.52009813025316,8.1564447411106,1.928,-1.7928656460707
177.705911397934,4,5.70027,-58,9.53269496750286,8.15321736844822,1.928,-1.79295830971817
178.048775434494,4,5.59596,-59,9.53779824650849,8.15193909046993,1.928,-1.79288456291173
178.645950317383,4,5.43643,-59,9.54684478894177,8.14967787081096,1.928,-1.79303189338295
179.071572542191,4,5.25849,-59,9.55488697247004,8.14737215989742,1.928,-1.79353559033821
180.039302349091,4,5.04986,-59,9.57389368045151,8.14173763247851,1.928,-1.79342605350052
180.367891311646,4,4.93942,-59,9.57839220597653,8.14065960323374,1.928,-1.7926725130648
180.840578317642,4,4.84738,-59,9.58509011780794,8.13904061479886,1.928,-1.79420663517043
181.779734373093,4,4.50377,-59,9.59877020407813,8.13568331858302,1.928,-1.79189446616554
182.301810503006,4,4.44854,-59,9.60590225471625,8.13394159674298,1.928,-1.79163170640519
182.799701452255,4,4.23992,-59,9.61289836929744,8.13102244721422,1.928,-1.79118708587614
183.360200405121,4,4.1172,-60,9.62067735344034,8.12773146020643,1.928,-1.79072889533987
183.809838533401,4,4.04357,-60,9.62655899067156,8.12629524646392,1.928,-1.79062319995622
184.169397354126,4,3.92085,-60,9.63193034340928,8.12496714879912,1.928,-1.79156582596656
184.811725378037,4,3.76746,-60,9.64155258544645,8.12259393136228,1.928,-1.79243384172808
185.398732423782,4,3.61406,-59,9.64942438408843,8.12069467119029,1.928,-1.78985441185262
186.153962373734,4,3.36249,-59,9.66121676683947,8.11783992690342,1.928,-1.78884705109368
186.564551353455,4,3.23977,-59,9.67029928970113,8.11537320918004,1.928,-1.79041574715739
187.218203544617,4,3.03728,-59,9.6812334799481,8.11261152957509,1.928,-1.79165357049195
187.858650445938,4,2.91456,-60,9.6904696702945,8.11039461790246,1.928,-1.7926260369461
188.188826322556,4,2.82252,-59,9.69527122369058,8.10923877298409,1.928,-1.79325192925367
188.98415851593,4,2.62618,-59,9.70631225031095,8.10660883085116,1.928,-1.79270101656727
189.151919364929,4,2.55868,-59,9.7087212920057,8.1060379018946,1.928,-1.79230415131698
190.102981328964,4,2.25802,-59,9.72457923837224,8.10067976927405,1.928,-1.78933005696252
190.553228378296,4,2.14757,-59,9.73246087943009,8.09786980762467,1.928,-1.78788238062424
191.139437437058,4,1.896,-60,9.74105302304737,8.09599334888211,1.928,-1.78689881975401
191.667212486267,4,1.76715,-60,9.74868441291671,8.09434966491025,1.928,-1.7873904573706
192.308435440063,4,1.46649,-61,9.75709579993958,8.09251369675944,1.928,-1.7886547763452
192.412509441376,4,1.55239,-61,9.75842607301487,8.09222224864533,1.928,-1.78888706914902
193.310495376587,4,1.12901,-62,9.77123383519821,8.08936370160176,1.928,-1.78971016452514
193.745164394379,4,0.877437,-61,9.77844248955443,8.08766434600269,1.928,-1.78845832605892
193.996645450592,4,0.730175,-62,9.78242400843545,8.08672288093895,1.928,-1.78779409737612
195.084038496017,4,0.306796,-63,9.79688505936042,8.08329674334405,1.928,-1.78485108948128
195.622254371643,4,6.18501,-63,9.80401591132178,8.0816272396687,1.928,-1.78376735551571
196.136152505875,4,6.2341,-64,9.81100272962669,8.07998448653693,1.928,-1.78399607915012
196.61777639389,4,6.01934,-64,9.81787537708499,8.07837329194797,1.928,-1.78477827735306
197.110167503357,4,5.76777,-64,9.82618439307751,8.07649390397395,1.928,-1.78602301996655
197.464817523956,4,5.57755,-64,9.83282396953173,8.07502171407279,1.928,-1.78714679159111
198.176967382431,4,5.28303,-63,9.84304412923829,8.07267673940655,1.928,-1.78792598700189
199.042833328247,4,5.03759,-64,9.8556009912166,8.06979628920095,1.928,-1.78688408470832
199.50034737587,4,4.72466,-63,9.86248068254142,8.06820182703795,1.928,-1.78562630180683
200.018637418747,4,4.61421,-63,9.86992402604837,8.06652132754481,1.928,-1.7844661927849
200.53320145607,4,4.41173,-63,9.87728361775981,8.06482229683544,1.928,-1.78366040680211
201.062590360641,4,4.31969,-62,9.88535618039325,8.06276573282819,1.928,-1.7834554822747
201.616948366165,4,4.06812,-62,9.89317691606273,8.06096193539611,1.928,-1.78209241786419
202.075249433517,4,3.85336,-62,9.89980769798233,8.05948069738438,1.928,-1.78067486117233
202.8243663311,4,3.57724,-62,9.9108575081176,8.05705854323036,1.928,-1.77916193022729
203.378160476685,4,3.49134,-61,9.91889955965842,8.05530670199989,1.928,-1.77931055710526
203.694145441055,4,3.42385,-61,9.92366092604408,8.05427181969681,1.928,-1.77926516753056
204.27300453186,4,3.23363,-61,9.92944227033513,8.05333083523,1.928,-1.77918681093345
204.813515424728,4,3.02501,-61,9.93416455588833,8.05263795224133,1.928,-1.77976130945923
205.495376348495,4,2.8532,-61,9.94364146375697,8.05053267181628,1.928,-1.78198064279839
205.947917461395,4,2.70594,-61,9.9501406665823,8.0490626885016,1.928,-1.78312535320939
206.881576538086,4,2.53414,-61,9.96254369755494,8.0462337221473,1.928,-1.78336409716263
207.375483512878,4,2.31938,-61,9.96923191186603,8.044727675936,1.928,-1.78216610585818
207.596258401871,4,2.27643,-61,9.97225654869149,8.04393342064264,1.928,-1.78161332153033
208.302941322327,4,2.0494,-60,9.98235934780198,8.04072114994602,1.928,-1.77983802038613
208.765521526337,4,1.93282,-60,9.98992384287591,8.03909401975013,1.928,-1.7791738856123
209.033823490143,4,1.82851,-61,9.99404431998884,8.03820882975849,1.928,-1.77922189121778
209.808623313904,4,1.69351,-60,10.0051646524014,8.03584730517039,1.928,-1.78092763916401
210.305734395981,4,1.53398,-61,10.0126455749595,8.0343012478417,1.928,-1.78203196582736
211.148866415024,4,1.27014,-60,10.0243767955108,8.03203760884459,1.928,-1.7838542055195
211.548510313034,4,1.13515,-61,10.0285175767571,8.03175051467818,1.928,-1.78417442593588
211.90913438797,4,0.969476,-61,10.0328168610816,8.03108430398707,1.928,-1.78377433754962
212.359273433685,4,0.834486,-61,10.0388965606851,8.02973674170381,1.928,-1.78240170434016
212.842722415924,4,0.79767,-60,10.0450195822049,8.02837675951003,1.928,-1.78134833304967
213.481462478638,4,0.423379,-61,10.0536433180281,8.026445526327,1.928,-1.78025012243055
213.943785429001,4,0.392699,-62,10.0603930474482,8.02492674336201,1.928,-1.77987646103529
214.381775379181,4,0.349748,-62,10.0668373418464,8.02349257196164,1.928,-1.78097578184438
215.043264389038,4,0.079767,-62,10.0745507609249,8.02115881662853,1.928,-1.78133695966717
215.684258460999,4,6.15433,-63,10.0825170199508,8.01901971372573,1.928,-1.78184275713784
216.174493312836,4,5.95798,-63,10.0893287417942,8.01744678659133,1.928,-1.78210559553044
216.492969512939,4,5.90276,-63,10.0939374858438,8.01639701711337,1.928,-1.78175567237112
217.183485507965,4,5.61437,-64,10.1034849433873,8.01417427625186,1.928,-1.780366686055
234.626415491104,4,4.7492,-64,10.3556768985996,7.96233268376974,1.928,-1.71666389011114
235.187516450882,4,4.62649,-64,10.3650359237026,7.9608533539954,1.928,-1.71646010488712
235.351584434509,4,4.58353,-64,10.3675293949262,7.96045607734831,1.928,-1.71621583904697
236.214420318604,4,4.47309,-63,10.3821710985561,7.95750248906208,1.928,-1.71268966183088
236.636858463287,4,4.3381,-62,10.3907772487055,7.95532003731102,1.928,-1.70912152045221
237.118727445602,4,4.25833,-63,10.3973538584004,7.95427470250689,1.928,-1.70548707825243
237.879711389542,4,4.17243,-62,10.4083046450879,7.95266698217369,1.928,-1.69924320915037
238.428669452667,4,4.17243,-62,10.415932105372,7.95157321966402,1.928,-1.69852062300351
238.904208421707,4,4.16629,-62,10.4228627387356,7.95059815288252,1.928,-1.69901843947991
239.414600372314,4,4.16016,-61,10.4307583475391,7.94950173581561,1.928,-1.69977402008031
239.881015539169,4,3.92085,-62,10.4368004632845,7.94842325063955,1.928,-1.70221685397307
240.276524543762,4,3.96381,-62,10.4418336248713,7.9476294210916,1.928,-1.70215918220937
240.687782526016,4,3.82882,-62,10.4469232417663,7.94699617805931,1.928,-1.69870889540728
241.138419389725,4,3.87177,-62,10.4533021014562,7.94619861533165,1.928,-1.69736623533754
241.687975406647,4,3.81654,-62,10.4614399130073,7.9451831805623,1.928,-1.69708494126244
242.301174402237,4,3.65701,-62,10.4703583889848,7.9440789874878,1.928,-1.6972651152735
242.677302360535,4,3.55884,-62,10.475157428375,7.9434686748697,1.928,-1.69705124503981
243.046524524689,4,3.52816,-62,10.4803461905537,7.94269125188125,1.928,-1.69695608903129
243.608980417252,4,3.3993,-62,10.4914715932189,7.94030493362841,1.928,-1.69758491613846
244.008151531219,4,3.36862,-63,10.4977496948526,7.93932513899185,1.928,-1.69659867119988
244.391544342041,4,3.18454,-64,10.5034401300571,7.93852576869399,1.928,-1.69544890385556
244.872112512589,4,3.23363,-63,10.5099228311191,7.93760163896812,1.928,-1.69595924415193
245.283760547638,4,2.95138,-64,10.5159166935752,7.93675210929922,1.928,-1.69683926138213
245.710105419159,4,2.73662,-64,10.5225496207805,7.93581639278276,1.928,-1.69817769133606
246.125034332275,4,2.71821,-64,10.5282437865111,7.93499657674475,1.928,-1.69946688351925
246.644479513168,4,2.55254,-65,10.5349992761001,7.93381565115009,1.928,-1.70041556971135
246.963794469833,4,2.41142,-65,10.5388900979417,7.93275893930901,1.928,-1.69979657532745
247.268276453018,4,2.34392,-64,10.5425873641766,7.93180189537351,1.928,-1.69913914649156
247.786172389984,4,2.28256,-65,10.5486957590352,7.93088563614472,1.928,-1.69707570091128
248.139093399048,4,2.06167,-65,10.5534807606536,7.93019031862517,1.928,-1.69566251166699
