98.185436964035,1,0.951068,-63,11.837850608142,7.03619756700288,0.633,0.952728293156633
98.8487389087677,1,1.01243,-64,11.8455981260682,7.03075407468087,0.633,0.953089510603439
99.2949550151825,1,1.03084,-63,11.8511019268784,7.0268608320477,0.633,0.953254766586701
99.5029559135437,1,1.11674,-63,11.8537123348564,7.02501059782158,0.633,0.95332562051753
159.120378017426,1,2.528,-63,12.5914526170021,6.5030612138114,0.633,0.963121405937799
159.533895969391,1,2.49732,-63,12.5971694198068,6.49910267274349,0.633,0.963459122664204
160.48169708252,1,2.35619,-62,12.6085132470728,6.4909565711995,0.633,0.966837729949263
160.935607910156,1,2.25802,-62,12.6140899389546,6.48695889769325,0.633,0.96821874443324
161.409418106079,1,2.07394,-62,12.6199156229558,6.48281484344831,0.633,0.969773805282224
161.572147130966,1,2.04326,-62,12.6219164706188,6.48139176864974,0.633,0.970308638606993
