39.3117320537567,1,5.79845,-66,7.94930709831844,9.14877731053549,0.633,1.01403355939828
39.6187160015106,1,2.81639,-64,7.95372645545328,9.14601005608085,0.633,1.01292746752902
39.7356069087982,1,2.73662,-64,7.95539902632412,9.1449678574642,0.633,1.01268618275838
40.2530779838562,1,2.95138,-64,7.96280342643295,9.14035408851421,0.633,1.01161802534087
40.3447539806366,1,2.77957,-65,7.96411520170554,9.1395367058859,0.633,1.01142878887783
40.8130540847778,1,2.85934,-64,7.97015674904653,9.13578479919692,0.633,1.01324479259728
41.2573158740997,1,2.95751,-64,7.97581698523794,9.13227120881481,0.633,1.01526806795776
41.5065920352936,1,2.98206,-64,7.97918889964681,9.13008079676414,0.633,1.01576281752521
41.9547719955444,1,3.12318,-64,7.98530996121129,9.12607711319847,0.633,1.01646075058495
42.2800710201263,1,3.20295,-65,7.98970766709857,9.12321147074221,0.633,1.01697128759407
42.5439329147339,1,3.21522,-64,7.99298813781011,9.12114334790233,0.633,1.01741058541109
42.732980966568,1,3.22136,-63,7.99533848323621,9.11966160839457,0.633,1.01772532732033
43.0541100502014,1,3.40544,-64,7.99933092994795,9.11714463111977,0.633,1.01825996801042
43.349613904953,1,3.42998,-64,8.00312672934536,9.11475303279485,0.633,1.01871647583757
43.6655519008636,1,3.49748,-64,8.00726705905308,9.11214527360548,0.633,1.01918068427965
44.1011860370636,1,3.52816,-64,8.01297752911129,9.1085489651422,0.633,1.01979060500628
44.4269959926605,1,3.71837,-65,8.01731558258661,9.10583416057283,0.633,1.01892792391744
44.9504818916321,1,3.59565,-64,8.02428562688484,9.10147222538295,0.633,1.01754183556267
45.2360899448395,1,3.62633,-65,8.02771312986757,9.0993021880951,0.633,1.01754717225172
45.6320390701294,1,3.74291,-65,8.03230010899584,9.0963858525912,0.633,1.01788880012503
45.8217439651489,1,3.83495,-65,8.03449779637134,9.09498859449597,0.633,1.01805247893047
46.3637878894806,1,4.02517,-65,8.04061987022879,9.09160345888568,0.633,1.01895119469701
46.6661319732666,1,4.04357,-66,8.04400176333889,9.08984226044477,0.633,1.01954261755009
47.1076130867004,1,4.29515,-65,8.04931264347412,9.08675309138327,0.633,1.02049591609382
72.1515429019928,1,3.44225,-64,8.3730643120494,8.88751780291617,0.633,1.03197216126506
72.788731098175,1,3.69383,-64,8.38182313905603,8.88198591217514,0.633,1.03230930385997
73.2862710952759,1,3.82882,-63,8.38820817425641,8.87792949976271,0.633,1.03075899243261
73.6580610275269,1,3.98221,-62,8.3928777349658,8.87495722985381,0.633,1.02919442816391
74.4403510093689,1,4.31969,-61,8.40514784741748,8.86884871119729,0.633,1.02384782428705
75.0224030017853,1,4.46082,-60,8.41418328401546,8.8639538982301,0.633,1.02213142310903
75.2287049293518,1,4.62035,-60,8.41713898745187,8.8620622480308,0.633,1.02263110429375
75.6476938724518,1,4.78602,-59,8.42314187396654,8.85822040066141,0.633,1.02364593190076
76.3925631046295,1,5.01919,-59,8.43232609238882,8.85224307486059,0.633,1.02668425373107
76.6474769115448,1,5.06827,-58,8.43550294446434,8.85017719505382,0.633,1.02757091017814
77.1984589099884,1,5.30757,-58,8.44294703772899,8.84537128844216,0.633,1.02770788149421
77.6986820697784,1,5.51619,-58,8.44959311713419,8.8410743706388,0.633,1.02742278096986
78.3022310733795,1,5.74936,-57,8.45734871427397,8.83604529965918,0.633,1.02611822299849
78.7632570266724,1,5.90276,-56,8.46225187637985,8.83181140857837,0.633,1.02460991804973
78.9868500232697,1,5.96412,-56,8.46438665235908,8.82966454439993,0.633,1.02375649118601
79.716392993927,1,6.20955,-56,8.47286602759641,8.82287754666865,0.633,1.0226100066584
80.1391220092773,1,0.0245437,-56,8.47879856001455,8.81909150403999,0.633,1.02304843861539
80.6229119300842,1,0.110447,-55,8.48527438627517,8.81495668968176,0.633,1.02416786251741
80.8801140785217,1,0.202485,-55,8.48863056407033,8.81281317663701,0.633,1.02493360622131
81.3879330158234,1,0.355884,-55,8.49536396119824,8.80850579754612,0.633,1.02590024657711
81.7832300662994,1,0.441786,-54,8.50075721230817,8.80504605696924,0.633,1.02587881076189
82.1065509319305,1,0.546097,-54,8.50516845346296,8.8022162703143,0.633,1.0258612780069
82.585944890976,1,0.632,-54,8.51208321377263,8.79781708064229,0.633,1.02442691282822
83.0526969432831,1,0.742447,-54,8.51879733191796,8.79355178146861,0.633,1.02301496660007
83.4301209449768,1,0.877437,-53,8.5236317954239,8.79055319018011,0.633,1.02276202420567
83.8747630119324,1,0.951068,-53,8.52932726215695,8.78702055891531,0.633,1.02246403354116
84.3063409328461,1,1.10447,-53,8.53436342866978,8.78377260088481,0.633,1.02242477279952
84.7732689380646,1,1.15355,-53,8.53968982553418,8.78030356381261,0.633,1.0224444274005
85.1008760929108,1,1.24559,-52,8.54376582136488,8.77764250988069,0.633,1.02332145084185
85.6406009197235,1,1.31922,-52,8.55085952315485,8.77300476899004,0.633,1.02573074265046
86.181086063385,1,1.44194,-53,8.55788337536629,8.76842885969907,0.633,1.02691310211902
86.431704044342,1,1.52171,-53,8.56112016035429,8.7663242723052,0.633,1.02715145950726
86.91725897789,1,1.63216,-52,8.56750476055219,8.76219112842205,0.633,1.0269533790895
87.2660090923309,1,1.7426,-52,8.57225469874349,8.75914202454231,0.633,1.02585694148091
87.5854260921478,1,1.77328,-52,8.57660512314065,8.75634937853859,0.633,1.02485272443001
88.2290890216827,1,1.92054,-52,8.58639271243641,8.75075832414987,0.633,1.02337315043888
88.665421962738,1,1.97577,-52,8.59289258454516,8.74701261320889,0.633,1.02257668294467
89.1951429843903,1,2.12917,-51,8.59965948814731,8.74267591063951,0.633,1.02242957634462
89.4917109012604,1,2.14757,-51,8.60344171727146,8.7402524647986,0.633,1.02236754288076
89.9812519550323,1,2.27643,-52,8.60938908117658,8.73646393049606,0.633,1.02322472522296
90.3930730819702,1,2.36847,-52,8.61439223686055,8.73327686691089,0.633,1.02394582061513
91.08069896698,1,2.52186,-51,8.62364553733828,8.72747241363389,0.633,1.02557290153522
91.5287110805511,1,2.62618,-51,8.629774089337,8.72363390787686,0.633,1.02563527564279
91.8553109169006,1,2.66913,-51,8.63432324271279,8.72078896905877,0.633,1.02474880919947
92.5545380115509,1,2.86548,-51,8.64366079324611,8.71543056205228,0.633,1.02282775209811
93.0627179145813,1,2.96365,-51,8.64998913288077,8.71237082959735,0.633,1.02140514586445
93.5101449489594,1,3.08023,-51,8.65626525361061,8.70866762876378,0.633,1.02102395388828
93.8953258991241,1,3.13546,-51,8.66188975427353,8.70516220348016,0.633,1.02096983212024
94.2925629615784,1,3.2275,-50,8.66737086101487,8.70175711186569,0.633,1.0215562711859
94.9572749137878,1,3.41157,-50,8.67592890506555,8.69646279125798,0.633,1.02377146809289
95.485445022583,1,3.49748,-50,8.68236150811818,8.69250334009515,0.633,1.02531827023889
96.1482870578766,1,3.58952,-50,8.69049200536546,8.68752245674048,0.633,1.02663486004918
96.6967289447784,1,3.69996,-50,8.69740260883193,8.6833242651346,0.633,1.02669820724763
97.3652310371399,1,3.85336,-50,8.70576923211493,8.67970162477764,0.633,1.02393854237718
97.7230830192566,1,3.92085,-51,8.7102359669462,8.67807700507773,0.633,1.02186414729495
98.2054650783539,1,4.00676,-50,8.71659168545237,8.67441971264014,0.633,1.02061036632192
98.8904769420624,1,4.12334,-50,8.72580238019974,8.66871776957926,0.633,1.01995923915939
99.5959739685059,1,4.21538,-50,8.7355771975445,8.66263328889196,0.633,1.02157566761266
100.003541946411,1,4.29515,-50,8.74075192878443,8.65942176216398,0.633,1.02327926311477
100.873310089111,1,4.41786,-50,8.75159932595505,8.6526971198509,0.633,1.02601264381641
101.522280931473,1,4.53445,-50,8.75990774114993,8.64754224539494,0.633,1.02610330814401
102.470635890961,1,4.71852,-50,8.7770977769151,8.63668599258726,0.633,1.02310463324235
102.707230091095,1,4.72466,-50,8.78003629408812,8.63490189287507,0.633,1.02288706010672
103.403575897217,1,4.85965,-50,8.78867468541262,8.62965351394154,0.633,1.02236358356803
103.861491918564,1,4.88419,-50,8.79429368960072,8.6262177527904,0.633,1.02272003141079
104.52415895462,1,4.97623,-50,8.80278494964891,8.6210344398649,0.633,1.02369038332189
105.052722930908,1,5.04986,-49,8.80998996101602,8.61664629654219,0.633,1.02501025455567
105.589740037918,1,5.16645,-49,8.81717845655795,8.61228891134389,0.633,1.02580399382221
106.120594024658,1,5.22167,-49,8.82421383396304,8.6080439480182,0.633,1.02639123466951
106.660942077637,1,5.28917,-49,8.8299781048588,8.60520561402089,0.633,1.02594737997035
107.426460027695,1,5.41802,-49,8.83935385923584,8.60000038006704,0.633,1.02484489745771
107.837620019913,1,5.48552,-50,8.84501076738004,8.59659645890565,0.633,1.02400947033194
108.571135997772,1,5.58983,-49,8.85485377606915,8.59063491637587,0.633,1.02470412143959
108.868813991547,1,5.62664,-49,8.85882798513166,8.588224647074,0.633,1.02516429301524
109.507347106934,1,5.71868,-49,8.86802445184809,8.58265154940441,0.633,1.02662860127003
110.032434940338,1,5.78618,-49,8.87532792391051,8.57823029660446,0.633,1.02856975156571
110.508022069931,1,5.87821,-48,8.88160390465429,8.57443695197799,0.633,1.03122714881758
111.076633930206,1,5.95185,-48,8.88947904114799,8.56995452179768,0.633,1.03184120283068
111.652312040329,1,6.01934,-49,8.89768859223553,8.56544819106064,0.633,1.03074148138868
112.37678694725,1,6.09297,-48,8.90737843791019,8.55960531069535,0.633,1.0299205808415
112.971119880676,1,6.16047,-49,8.91463089669998,8.55524464054933,0.633,1.02962244038797
113.476099014282,1,6.21569,-49,8.92058074609627,8.55167022665531,0.633,1.02952944726967
113.926099061966,1,6.24637,-49,8.92601856281558,8.54836765281594,0.633,1.03071623374508
114.531549930573,1,0.0245437,-48,8.93332710190083,8.54392729740623,0.633,1.03238051055304
115.222788095474,1,0.0859029,-48,8.94164315492712,8.53886892552951,0.633,1.03452490158498
115.836205005646,1,0.110447,-48,8.94904022423337,8.53503787115151,0.633,1.03524243502706
116.39394903183,1,0.16567,-48,8.95602713702614,8.53126604238908,0.633,1.03513087998825
117.225852966309,1,0.184078,-48,8.96737255876906,8.52419607415862,0.633,1.03273956198629
117.815942049026,1,0.208621,-47,8.97493723557981,8.51946974572965,0.633,1.03089623011588
118.418807029724,1,0.214757,-47,8.98275890474336,8.51459449325372,0.633,1.03021864564599
119.170732021332,1,0.245437,-47,8.99244915540239,8.50856511715816,0.633,1.03096390898873
119.73911690712,1,0.227029,-47,8.99932146471017,8.50428635762393,0.633,1.03255350401122
120.240514039993,1,0.227029,-47,9.00558088282727,8.50015970605362,0.633,1.03410148861198
120.822279930115,1,0.257709,-47,9.0130282689116,8.49504159541409,0.633,1.03603415769726
121.151612997055,1,0.239301,-47,9.01744953337262,8.49225402713035,0.633,1.035199126268
121.8082010746,1,0.214757,-47,9.02636478814201,8.48675025807621,0.633,1.03258909145882
122.235438108444,1,0.190214,-47,9.03283450432998,8.482795121105,0.633,1.03111733781959
122.882370948792,1,0.16567,-47,9.04235995198049,8.47695962594995,0.633,1.02939889729183
123.396264076233,1,0.184078,-47,9.04914664936126,8.47276536266183,0.633,1.02943051234175
123.958676099777,1,0.153398,-47,9.05642228411507,8.46828584314945,0.633,1.03005836173741
124.577014923096,1,0.116583,-47,9.06420616548007,8.46351788145422,0.633,1.03158972671386
125.040800094604,1,0.0981748,-47,9.07076494371671,8.46037909736967,0.633,1.03334341299831
125.604155063629,1,0.0613592,-47,9.07888138101057,8.45655049381259,0.633,1.03536644837864
126.271506071091,1,0.0184078,-47,9.0887631216439,8.45057817173639,0.633,1.03450089445455
126.825783967972,1,6.27705,-47,9.09619129760416,8.44610651078134,0.633,1.03287685985322
127.340363025665,1,0,-47,9.10262350600873,8.44224610287523,0.633,1.03083024808813
127.977936029434,1,6.20342,-47,9.11006241557092,8.43771838486282,0.633,1.03076082897315
128.657983064651,1,6.11138,-47,9.11838052853374,8.4326364419067,0.633,1.031882075525
128.875293970108,1,6.11138,-47,9.12124191317244,8.43088625179518,0.633,1.03253986509711
129.593293905258,1,6.04388,-47,9.1311044003272,8.42456973837797,0.633,1.0353626072698
130.155714035034,1,5.98253,-47,9.13926303289301,8.4190556700194,0.633,1.03826250871086
130.891984939575,1,5.91503,-46,9.14904883448346,8.4130473482076,0.633,1.03743039302422
131.313886880875,1,5.88435,-46,9.15448376740391,8.40975443178966,0.633,1.03681527180588
132.075341939926,1,5.81686,-46,9.16398123512372,8.40403288489234,0.633,1.03590353174086
132.841991901398,1,5.71868,-46,9.17455539633101,8.39766385821653,0.633,1.03351186147608
133.569257974625,1,5.65119,-46,9.18500950047062,8.39126425270076,0.633,1.03042235000562
134.014172077179,1,5.61437,-46,9.19108216006276,8.3877934902663,0.633,1.02892009355361
134.842914104462,1,5.49779,-47,9.20112733685162,8.38295643781404,0.633,1.02789359967863
135.339565992355,1,5.46097,-47,9.20763302263468,8.3790607515012,0.633,1.02792670749432
136.13614988327,1,5.33212,-46,9.21765263348114,8.37302831847189,0.633,1.02902789277646
136.794807910919,1,5.24315,-47,9.22563986951401,8.36820351414888,0.633,1.03064402117565
137.447815895081,1,5.18486,-46,9.23348137650514,8.36348211598682,0.633,1.03232090785912
138.246787071228,1,5.08668,-46,9.243701605547,8.35727376274951,0.633,1.03162146321577
138.782803058624,1,5.01305,-46,9.25288503084106,8.35158641505894,0.633,1.03002289770406
139.442936897278,1,4.92715,-46,9.26693305278587,8.34279378267045,0.633,1.02706814587486
140.176955938339,1,4.84738,-46,9.27614535253507,8.33718388092826,0.633,1.02667140600624
140.697227954865,1,4.77375,-46,9.28326878319297,8.33285852059793,0.633,1.0263146579135
141.263485908508,1,4.70012,-47,9.29138631226638,8.32793657989278,0.633,1.02588000892088
141.892211914063,1,4.60808,-46,9.2991379454695,8.32323239528485,0.633,1.02722870013127
142.556231021881,1,4.48536,-46,9.30782636900494,8.31800441336171,0.633,1.02800318152241
143.216284990311,1,4.38719,-46,9.31691863561527,8.31257070708559,0.633,1.027995783338
143.879748106003,1,4.27674,-46,9.32525593884144,8.30756689139181,0.633,1.02691329598877
144.567138910294,1,4.19084,-46,9.33446127291137,8.30205974260013,0.633,1.02535781514609
145.332287073135,1,3.98221,-47,9.34491591947238,8.29578597833777,0.633,1.02476899929359
145.822009086609,1,3.91472,-47,9.35154355689088,8.29178398641413,0.633,1.02561598171129
146.526999950409,1,3.76132,-47,9.36046332168774,8.28642854540042,0.633,1.02769842566687
147.117839097977,1,3.62633,-47,9.36800364992363,8.28188831715149,0.633,1.02900959423815
147.864850997925,1,3.46066,-47,9.37769753040079,8.2760270552098,0.633,1.0294477071947
148.400254964828,1,3.34408,-47,9.38383423625973,8.27235629170519,0.633,1.02821473601754
149.087280988693,1,3.17841,-47,9.39226715433936,8.26721104847598,0.633,1.02435474527955
149.717540979385,1,3.03728,-47,9.40051049403973,8.26209265889096,0.633,1.01896888426251
150.402643918991,1,2.8348,-47,9.40954597196756,8.2563945464497,0.633,1.01818899464355
151.079003095627,1,2.68753,-47,9.41824317036159,8.25090552720096,0.633,1.01810768595514
151.648323059082,1,2.57095,-47,9.42545055537553,8.24635287080566,0.633,1.01840093298203
152.337840080261,1,2.42369,-48,9.43429335108648,8.24073608635495,0.633,1.01863081501958
153.027098894119,1,2.25188,-48,9.44284112683343,8.23461650384671,0.633,1.01820104541462
153.545417070389,1,2.12917,-48,9.44906700481041,8.23012578235839,0.633,1.01825543139502
154.345136880875,1,1.93895,-48,9.45809266598255,8.22431653862214,0.633,1.02087287313494
154.865909099579,1,1.83464,-48,9.46396517128394,8.22056116780672,0.633,1.0210443871422
155.465131998062,1,1.71806,-48,9.47093587144158,8.21611674459726,0.633,1.02102912792691
156.339267015457,1,1.5033,-49,9.48269296985341,8.2086983803328,0.633,1.02062783812599
156.998759031296,1,1.35604,-49,9.49181510564947,8.20298330730395,0.633,1.01978523120507
157.454696893692,1,1.25786,-49,9.49831167934921,8.1988311854439,0.633,1.01968270725666
158.161104917526,1,1.04924,-49,9.50849722263226,8.19223890970712,0.633,1.02012082683377
158.681240081787,1,0.901981,-49,9.51499042868884,8.18810537634058,0.633,1.02104608132244
159.277057886124,1,0.76699,-50,9.52244549893737,8.18337358422522,0.633,1.02176052297629
159.906558990479,1,0.576777,-50,9.5303548248226,8.17838042889184,0.633,1.02185143476808
160.230422973633,1,0.472466,-50,9.53457174442708,8.17571084722865,0.633,1.02235759763617
160.729046106339,1,0.343612,-50,9.54111513823839,8.17156597915542,0.633,1.02329544814949
161.542839050293,1,0.13499,-50,9.55108994984661,8.16524516290315,0.633,1.02502726360847
162.078543901443,1,6.25251,-51,9.55745315175175,8.1608864808895,0.633,1.02535102329834
162.828289985657,1,6.04388,-51,9.56621770200467,8.15432081716896,0.633,1.024325568704
163.148300886154,1,5.95798,-51,9.57029363318046,8.15175735962783,0.633,1.0242110384065
164.315753936768,1,5.61437,-52,9.58518085670614,8.14234717717201,0.633,1.02362979952551
164.68764090538,1,5.51006,-52,9.58993431123025,8.13932518934911,0.633,1.02344176285785
165.288654088974,1,5.33825,-52,9.59774858078494,8.13434538029845,0.633,1.0246314561428
165.968802928925,1,5.16031,-52,9.60655838500639,8.1287789005917,0.633,1.02564847941278
166.550316095352,1,4.98237,-52,9.61406774650326,8.12406691045467,0.633,1.02629265021632
167.487576961517,1,4.71239,-53,9.62070687910667,8.11928956751765,0.633,1.02705671578477
168.08389210701,1,4.59581,-53,9.62843355539605,8.11432499256438,0.633,1.02661876173785
168.914289951324,1,4.33196,-53,9.63979651618478,8.10706321772575,0.633,1.02619041247681
169.405694961548,1,4.19084,-54,9.64659087065114,8.10271664404253,0.633,1.02609262033013
169.773241996765,1,4.1172,-54,9.6517767204984,8.09939018086233,0.633,1.02602314874037
170.428507089615,1,3.88404,-55,9.66079218119554,8.09362019005325,0.633,1.02607192457648
170.947438955307,1,3.66928,-56,9.66737957188079,8.08943615915366,0.633,1.02652528562695
172.022937059402,1,3.42998,-57,9.68268129529682,8.07906111695585,0.633,1.02642899665145
172.744816064835,1,3.0741,-59,9.69235228213827,8.07278051118606,0.633,1.02434919178468
173.429821014404,1,2.80412,-61,9.70152882620015,8.06695990698319,0.633,1.02311849817119
173.88386297226,1,2.5955,-61,9.70786481368029,8.0629494690479,0.633,1.02344639561244
174.602421045303,1,2.19052,-63,9.71841578370297,8.05630957471798,0.633,1.02341034417248
175.034327030182,1,1.88373,-64,9.72456544229892,8.0524392985428,0.633,1.02359832057881
176.219805002213,1,1.25786,-64,9.74049134090395,8.04232408216586,0.633,1.02506368306281
191.016803026199,1,6.27705,-64,9.92662132078273,7.92868864455943,0.633,1.02935931989428
191.799717903137,1,5.97639,-63,9.93654034191368,7.92253979105275,0.633,1.02944991452158
192.203957080841,1,5.74322,-62,9.94205094383775,7.91917220098804,0.633,1.02807226404056
192.796264886856,1,5.60823,-64,9.94989085486845,7.91437407704729,0.633,1.02639601356762
193.28746509552,1,5.41188,-63,9.95608779308345,7.91057201384083,0.633,1.02545080791015
215.635768890381,1,5.35973,-65,10.245555301728,7.73084915381096,0.633,1.05046049188471
216.114330053329,1,5.18179,-65,10.251622724927,7.72720852317386,0.633,1.05130248631365
216.406394004822,1,2.06781,-63,10.2553803954154,7.72496339399971,0.633,1.05181087702679
216.922616004944,1,1.87759,-63,10.2623885602682,7.72079637232124,0.633,1.05200622705355
217.283643960953,1,1.73647,-63,10.2675459549426,7.71774319467396,0.633,1.05165139829995
217.720520019531,1,1.63216,-63,10.2744496700756,7.71343149201371,0.633,1.05152212135953
218.283202886581,1,1.40513,-63,10.2845472913715,7.70675548506776,0.633,1.05190158610887
218.921752929688,1,1.30082,-62,10.2938127467713,7.70118402330432,0.633,1.05213813028796
219.506563901901,1,1.13515,-62,10.3016527594877,7.69660643472325,0.633,1.05248251211511
219.944437026978,1,1.00016,-62,10.3072863434836,7.69327362536771,0.633,1.05306480693149
220.40504693985,1,0.914253,-62,10.3131498816386,7.68980638347278,0.633,1.05344847738485
220.677386045456,1,0.834486,-62,10.3165327735011,7.6878081837879,0.633,1.05336820537455
221.419502019882,1,0.681087,-62,10.3262265863951,7.68209862579202,0.633,1.05305749758474
221.84338593483,1,0.472466,-61,10.3324734004494,7.67844254469824,0.633,1.05274273563627
221.973728895187,1,0.447922,-61,10.3343942759719,7.67731831134976,0.633,1.05264594733475
222.931495904922,1,0.380427,-61,10.3476520173578,7.67071727158145,0.633,1.05309909414337
223.20153594017,1,0.202485,-61,10.3511863620371,7.66867719985672,0.633,1.05356844576607
223.875011920929,1,0.0981748,-62,10.3599465352372,7.66350404035298,0.633,1.05488115250056
224.346395015717,1,6.26478,-63,10.3662487330209,7.65980708181056,0.633,1.05751120354416
224.478610992432,1,0.0245437,-63,10.3680164061612,7.65877013969286,0.633,1.05824889390978
225.131655931473,1,6.16047,-62,10.3764887197068,7.65382089482536,0.633,1.06018706696852
225.693415880203,1,6.0807,-63,10.383541891704,7.64972006827478,0.633,1.060305660126
226.194230079651,1,5.91503,-63,10.3902500665819,7.64579058082103,0.633,1.06145075557729
226.856232881546,1,5.8414,-64,10.3997389750989,7.64030279104531,0.633,1.06327417157718
226.938571929932,1,5.78004,-64,10.4010488328959,7.63955992763735,0.633,1.06355537881052
235.856875896454,1,5.10509,-65,10.5228395129454,7.56913112368066,0.633,1.06775363298151
236.182878017426,1,5.11122,-64,10.527703423317,7.56659343131288,0.633,1.06707691501677
236.671165943146,1,5.07441,-64,10.5345575418333,7.56295019934284,0.633,1.06642559464129
236.963282108307,1,5.00078,-64,10.5379711150674,7.56102199175922,0.633,1.06661318740461
237.546936988831,1,4.98237,-64,10.5448613390743,7.55713070712702,0.633,1.06697815035233
237.984288930893,1,4.84738,-64,10.5504881465683,7.55395794424592,0.633,1.06718620037732
238.37501001358,1,4.76148,-64,10.5555150187614,7.55112346421099,0.633,1.06737206792059
238.881464958191,1,4.75534,-64,10.5621082778271,7.54743150767222,0.633,1.06785079990625
239.266438961029,1,4.6633,-64,10.567124774289,7.54462402982772,0.633,1.06822923735865
239.583467960358,1,4.65717,-64,10.5710553363909,7.54240212398458,0.633,1.06815252436291
239.887043952942,1,4.70012,-64,10.5748053984499,7.54028066030546,0.633,1.068052522708
240.336657047272,1,4.59581,-64,10.5800459787883,7.53752116873456,0.633,1.06823769426123
240.564305067062,1,4.58353,-64,10.5824996827496,7.53636767491359,0.633,1.06854377485846
241.081974983215,1,4.47309,-64,10.5881431707972,7.5336628275492,0.633,1.06920669028917
241.18972992897,1,4.39946,-64,10.5894591385906,7.53291862507289,0.633,1.06927135422385
241.747906923294,1,4.41173,-64,10.5962759296199,7.52906361221493,0.633,1.06960631723133
242.390719890594,1,4.28901,-64,10.604476811512,7.52445324115277,0.633,1.06979797101375
242.644712924957,1,4.36264,-64,10.6077993999431,7.52259149325503,0.633,1.06982817636312
243.02666592598,1,4.21538,-65,10.6128085480917,7.51977558957219,0.633,1.06979757732034
243.208273887634,1,4.13561,-64,10.6152043467934,7.51841865875581,0.633,1.06969844082234
243.721632957459,1,0.997088,-65,10.6219766544707,7.51458296380411,0.633,1.06941820740121
243.811511039734,1,4.06198,-65,10.6231570551379,7.51391600362628,0.633,1.06938568706057
