64.1315059661865,1,6.22796,-66,8.27257825729187,8.94629815990807,0.633,1.02496140852925
64.3670508861542,1,0.00613592,-65,8.27558259291702,8.94444463759018,0.633,1.0241110287845
65.0198750495911,1,0.355884,-64,8.28480073279854,8.94060730853208,0.633,1.02672607033996
65.2825129032135,1,0.411107,-64,8.28862396485888,8.93923071792386,0.633,1.02841771570593
65.8726289272308,1,0.546097,-63,8.29604918249523,8.93527187915326,0.633,1.03118785847296
66.688462972641,1,0.852893,-63,8.30632792983462,8.92895144678288,0.633,1.03368240811802
67.0491919517517,1,0.908117,-63,8.31140429326061,8.92585572285029,0.633,1.0341619724048
67.5818819999695,1,1.1781,-63,8.31866216472693,8.92143947568382,0.633,1.03404337089479
68.2578160762787,1,1.42353,-63,8.32754352035255,8.91604911020913,0.633,1.03274764459392
68.7051250934601,1,1.52171,-64,8.33336002775523,8.91250505374515,0.633,1.0311907739508
69.02321600914,1,1.71192,-64,8.33749626935715,8.90998480013401,0.633,1.03008365026351
69.6453139781952,1,1.85918,-64,8.34375098812942,8.90623164678616,0.633,1.02896734407267
94.2518119812012,1,5.46097,-65,8.66684619964235,8.7020816866751,0.633,1.02142046582632
96.5228550434113,1,0.223961,-66,8.69521172295284,8.68465522830615,0.633,1.02667812412707
99.2748169898987,1,4.7492,-65,8.73112749657169,8.66540307155678,0.633,1.02083983562652
99.6514549255371,1,4.7308,-64,8.73634589847557,8.66215479954485,0.633,1.02170278508332
100.07682299614,1,5.02532,-64,8.74166682751929,8.6588543033466,0.633,1.02361087433442
101.078027009964,1,5.56528,-64,8.75414702723385,8.6511193209356,0.633,1.02608550033198
101.324734926224,1,5.65732,-64,8.75721730628615,8.64921788806407,0.633,1.02617330098405
102.00074005127,1,6.03775,-64,8.76876544301286,8.64193839319595,0.633,1.02451770203793
102.585506916046,1,0.00613592,-65,8.77852448340116,8.63581977793501,0.633,1.02299899730915
102.919451951981,1,0.153398,-64,8.78267210503508,8.63330157908584,0.633,1.02269189988852
103.546412944794,1,0.460194,-64,8.79042741283672,8.62858180219499,0.633,1.0224747698011
104.054867982864,1,0.613592,-64,8.79666657210435,8.62476684489831,0.633,1.02287055787799
104.903119087219,1,1.08606,-64,8.80795066692354,8.61788830912191,0.633,1.02463668045943
105.954919099808,1,1.52171,-63,8.82203752023592,8.60934821074268,0.633,1.0262224022299
106.333333015442,1,1.52784,-63,8.82648326968361,8.6069264751102,0.633,1.0262164858197
106.993009090424,1,1.96963,-62,8.8335204961133,8.60346133626032,0.633,1.0256746122547
107.493001937866,1,1.93895,-61,8.8402693701822,8.59944949131221,0.633,1.02470969238472
107.954632997513,1,2.11076,-61,8.84662068001378,8.59562772907262,0.633,1.02377171418492
108.791271924973,1,2.46051,-61,8.85779274440124,8.58885249752508,0.633,1.02504442303593
109.149307966232,1,2.66299,-61,8.86285772708764,8.58578254590719,0.633,1.02580037722603
109.828294992447,1,2.81025,-60,8.87263403607738,8.57985854330458,0.633,1.02742909635709
110.282850980759,1,3.01274,-60,8.87863248400018,8.57623294578859,0.633,1.02996897971179
110.629945039749,1,3.14773,-60,8.8832128342556,8.57346447855804,0.633,1.03190840729742
111.137760877609,1,3.35635,-59,8.89035233378202,8.56947645180207,0.633,1.03172304348517
112.074728965759,1,3.63247,-59,8.90333841499499,8.5620414042472,0.633,1.03026284191903
112.454011917114,1,3.79814,-59,8.90841132122066,8.55898249235366,0.633,1.02983307743812
112.89598107338,1,3.8595,-59,8.91374627559818,8.55577590060495,0.633,1.02964274849407
113.304756879807,1,3.97608,-59,8.91855885803432,8.5528856995827,0.633,1.02953226680362
114.359662055969,1,4.20924,-58,8.93125775358857,8.54518571137152,0.633,1.03185967072953
114.761683940887,1,4.29515,-59,8.93609576649446,8.5422432130128,0.633,1.03309444293253
115.407469034195,1,4.47922,-59,8.94386814631069,8.53763781354812,0.633,1.03488094570989
116.194597005844,1,4.72466,-61,8.95336370412618,8.53286450894733,0.633,1.03554461372925
116.799607992172,1,4.78602,-61,8.96158721757775,8.52780195434824,0.633,1.03397326069359
117.569906949997,1,4.9026,-62,8.97178317619663,8.52144036799182,0.633,1.03166479939222
117.807949066162,1,4.98851,-62,8.97483476913213,8.51953376566028,0.633,1.0309211987528
138.694994926453,1,0.266913,-69,9.25101241978425,8.35275857656688,0.633,1.03041773105411
139.329241037369,1,3.59565,-67,9.26453845946491,8.34429194757265,0.633,1.02756581391921
139.610291004181,1,3.68155,-67,9.26903342908513,8.34151474215057,0.633,1.02697769039254
140.764642953873,1,4.11107,-66,9.28423520355124,8.33227254626305,0.633,1.02626291142373
141.701225042343,1,4.25219,-65,9.29679982080841,8.32465138083447,0.633,1.0267949490899
142.328949928284,1,4.39332,-65,9.30467225856605,8.31988874924182,0.633,1.02797448605216
142.737523078918,1,4.51604,-65,9.31034226313648,8.31650136212923,0.633,1.02802607062747
143.195822954178,1,4.68785,-65,9.31666150270791,8.31272503104891,0.633,1.028029168608
144.334879875183,1,4.82897,-65,9.33126636614508,8.3039686491586,0.633,1.02594806914773
145.003127098084,1,4.89647,-65,9.34045863534133,8.29847641284638,0.633,1.02424981186697
145.655306100845,1,5.03759,-66,9.34928748729257,8.29314627764123,0.633,1.02532766610768
145.911328077316,1,5.2094,-66,9.35275235263358,8.29105407460784,0.633,1.02577046040046
147.707772016525,1,5.24621,-67,9.37575861473423,8.27719452266086,0.633,1.02954529904414
148.960944890976,1,5.2953,-69,9.39061539619079,8.26823591050209,0.633,1.02547676954969
149.625720024109,1,5.56528,-68,9.39930687679657,8.26284313043242,0.633,1.01957272591498
150.258991003037,1,5.73709,-67,9.40765140594494,8.2575893310876,0.633,1.01835252250397
150.874109983444,1,5.71254,-68,9.41565136372372,8.25254211724933,0.633,1.01799987369899
151.088370084763,1,5.60823,-67,9.41836165860339,8.25083070808655,0.633,1.01811261475056
151.556416988373,1,5.49165,-67,9.42428224353026,8.24709216901874,0.633,1.01835889532156
168.351505994797,1,5.55915,-66,9.63205841554187,8.11201063652554,0.633,1.02638154024387
168.951217889786,1,5.60823,-65,9.64030619417553,8.10673723703174,0.633,1.02618303178185
169.534873962402,1,5.6021,-65,9.64841350241705,8.1015475169681,0.633,1.02606820367132
170.111408948898,1,5.66959,-64,9.65654803646353,8.0963296204245,0.633,1.02595923040199
170.721982955933,1,5.80458,-64,9.66451760319396,8.09125396016039,0.633,1.02632831763275
171.054390907288,1,5.86594,-64,9.66873723430013,8.08857382962363,0.633,1.02661872342198
172.264762878418,1,5.85367,-64,9.68611659414083,8.07674224488946,0.633,1.02609255674345
172.822221040726,1,5.93957,-64,9.69335774005994,8.07214171133955,0.633,1.02406808726039
173.470237970352,1,6.14206,-64,9.70209282986201,8.06660291421951,0.633,1.02314768625878
173.915098905563,1,6.14819,-64,9.70830069956907,8.06267356993837,0.633,1.02346895340127
174.467956066132,1,0.116583,-64,9.71641389190658,8.05756747986169,0.633,1.02344619895093
175.143100976944,1,0.0306796,-64,9.72585711388417,8.05162055281278,0.633,1.02392352867297
176.04597902298,1,0.177942,-66,9.73744950137458,8.04426295763256,0.633,1.02564351657502
176.604445934296,1,0.349748,-66,9.74722230250696,8.03803375185966,0.633,1.02378063145237
177.309778928757,1,0.30066,-66,9.75731918632254,8.03166190890218,0.633,1.0222857502946
177.867489099503,1,0.454058,-66,9.76438523426889,8.02722994156047,0.633,1.02144299124429
178.416524887085,1,0.570641,-66,9.77122248405549,8.02291618074783,0.633,1.02058757125311
178.94727897644,1,0.650408,-66,9.77838306707022,8.01839850639177,0.633,1.02035370514519
179.242743015289,1,0.699495,-67,9.78269767024036,8.01567643178899,0.633,1.02057698750102
180.068703889847,1,0.589049,-68,9.79331851097363,8.00895159890574,0.633,1.02222979426484
180.633429050446,1,0.969476,-67,9.79957600482619,8.00493381737067,0.633,1.02320068462158
181.003688097,1,1.08606,-67,9.80296347695015,8.00264765344844,0.633,1.02216393586615
181.681519985199,1,1.19651,-67,9.8098932654314,7.9980620887751,0.633,1.02066951115825
182.015764951706,1,1.16583,-66,9.81422770213358,7.99529677445049,0.633,1.02044082740367
182.667377948761,1,1.44194,-65,9.82248368835435,7.9900230325951,0.633,1.02004176275299
183.201745033264,1,1.52784,-64,9.82895559367384,7.98587863817951,0.633,1.0197864490569
183.945755004883,1,1.47262,-63,9.83759006000508,7.98037723454222,0.633,1.02089626740898
184.213356018066,1,1.60761,-64,9.84066451997657,7.97842076001491,0.633,1.02141660637901
184.987287998199,1,1.61988,-63,9.85045231399287,7.97230585506237,0.633,1.02343062376513
185.45000910759,1,1.59534,-63,9.85623649916807,7.96948340033277,0.633,1.0233367641163
186.03849196434,1,1.72419,-63,9.86352274597126,7.96656890161149,0.633,1.0221697296707
186.16928601265,1,1.63829,-62,9.86515023897726,7.96577855399163,0.633,1.02197292711898
187.067391872406,1,1.68738,-62,9.87640308126142,7.95879171283866,0.633,1.02136717884275
187.872169017792,1,1.67511,-62,9.88615392921041,7.95280724951225,0.633,1.02248926571645
188.377927064896,1,1.69965,-62,9.89269761487943,7.94880865340553,0.633,1.02275736532293
188.449444055557,1,1.68738,-62,9.89363631012458,7.94823558035578,0.633,1.02278121024872
189.406697034836,1,1.71192,-61,9.90530998555826,7.94107662070179,0.633,1.02409827412335
189.864353895187,1,1.81623,-61,9.91083243399481,7.93775766809879,0.633,1.02532293006685
190.305279016495,1,1.75487,-61,9.91709509566491,7.93426411330108,0.633,1.02730086354714
190.98703789711,1,1.78555,-60,9.92625148816223,7.92891881134696,0.633,1.02932925729346
191.064290046692,1,1.79783,-60,9.92721134843475,7.92832143852706,0.633,1.02940728149851
191.7496778965,1,1.76715,-60,9.9358581948778,7.92295665868579,0.633,1.02962045128055
192.190362930298,1,1.79783,-60,9.94186562792512,7.91928544960132,0.633,1.02811859301872
192.761631965637,1,1.85305,-60,9.94945392900969,7.91464214809689,0.633,1.02646265692911
193.266130924225,1,1.88373,-60,9.95581864307282,7.91073714786621,0.633,1.02549186078238
193.672601938248,1,1.92668,-61,9.96132411569819,7.90733929728577,0.633,1.02497302044249
194.141571044922,1,1.92668,-60,9.96821300373404,7.90306109979906,0.633,1.02474894919776
194.419845104218,1,1.9635,-61,9.97223886154788,7.90050004440179,0.633,1.02468260396645
195.366903066635,1,1.93895,-61,9.98411427811063,7.89126246082393,0.633,1.02636324583159
196.095360994339,1,2.00645,-61,9.9927206737363,7.88588538120397,0.633,1.02740644530137
196.560606002808,1,2.04326,-62,9.99835618808325,7.88239587040972,0.633,1.0270658325967
196.917810916901,1,2.04326,-61,10.0027444402514,7.87969222575773,0.633,1.02635889908547
197.32654094696,1,2.03099,-61,10.0079382141606,7.87648462479868,0.633,1.02576639481056
197.834166049957,1,2.12303,-62,10.0149622392207,7.87212204673402,0.633,1.02574993225183
198.091526985168,1,2.04326,-62,10.0185233508516,7.86991026255703,0.633,1.02574158589644
198.487396001816,1,2.14757,-62,10.0234765725416,7.86685278026603,0.633,1.02539862447256
198.98313999176,1,2.17825,-63,10.0295868967951,7.86308474697635,0.633,1.02491087051899
199.455462932587,1,2.11689,-62,10.0347609721482,7.85935227392684,0.633,1.02589191476698
199.912175893784,1,2.10462,-63,10.0396321210354,7.85571413460171,0.633,1.0271350725559
200.397787094116,1,2.10462,-62,10.0461175752735,7.85159834342553,0.633,1.02753491093486
200.861336946487,1,2.05553,-63,10.0524619252609,7.84764044508725,0.633,1.02780820601124
201.281742095947,1,1.92668,-63,10.0577139517092,7.84436360277971,0.633,1.02792101964606
201.612942934036,1,2.03713,-64,10.0617933935836,7.84181830998628,0.633,1.02799424039766
202.241729021072,1,1.87146,-63,10.0695778113408,7.83693501268634,0.633,1.0284404955554
202.279083013535,1,1.86532,-63,10.0700418314226,7.83664288178266,0.633,1.02847923114484
203.379966974258,1,1.72419,-64,10.0841764448646,7.82785939864883,0.633,1.02865942256758
203.852963924408,1,1.5708,-64,10.0909294225234,7.82386801270106,0.633,1.02869600728197
204.08821105957,1,1.61375,-65,10.0949025606111,7.82169847019261,0.633,1.02909854890402
204.785310029984,1,1.4174,-65,10.105878965356,7.81556932203675,0.633,1.03045880614752
204.881700992584,1,1.43581,-65,10.1070557645056,7.81485005428062,0.633,1.03071851354607
205.341176986694,1,1.25786,-65,10.1126653252421,7.81142145207186,0.633,1.03195648557067
206.071948051453,1,1.12901,-65,10.1220061192101,7.80569043319508,0.633,1.03122812112699
206.464005947113,1,0.975612,-65,10.1271168276273,7.80254982044195,0.633,1.03019773636547
207.31205201149,1,0.914253,-66,10.1362427504063,7.79688343367606,0.633,1.02843175527878
207.713438987732,1,0.865165,-66,10.1412955707612,7.79377831069417,0.633,1.02826165015488
208.13140296936,1,0.779262,-65,10.1469435539069,7.79032174500896,0.633,1.02840172013689
208.528079986572,1,0.503146,-66,10.1517222755647,7.78728967396482,0.633,1.02957150932015
208.955559968948,1,0.552233,-66,10.1559744014955,7.78440562333348,0.633,1.03243245057144
209.213021993637,1,0.398835,-66,10.158535365743,7.78266862149605,0.633,1.03415553412491
209.530844926834,1,0.472466,-65,10.1623689430126,7.78025029891204,0.633,1.03513668224324
210.198366880417,1,0.294524,-65,10.1708710045658,7.77498745254563,0.633,1.0364295577191
210.563004016876,1,0.245437,-66,10.1760260049707,7.77181976900696,0.633,1.03559160195435
211.23522400856,1,0.110447,-67,10.1855550247821,7.76596617933852,0.633,1.03405558618677
211.646603107452,1,0.19635,-66,10.1905809343014,7.76285278406109,0.633,1.03627943995636
211.687885046005,1,0.362019,-66,10.1910852848834,7.76254035449702,0.633,1.0365026039307
212.425613880157,1,0.184078,-67,10.2004450062899,7.75675736695982,0.633,1.03934194247387
212.952558994293,1,6.26478,-66,10.2074704844271,7.7524308433403,0.633,1.04024354550148
213.338736057281,1,6.19115,-66,10.2134842799047,7.74929633402122,0.633,1.04288959657492
213.411638021469,1,6.25864,-66,10.21465092068,7.7487059191964,0.633,1.04346109290068
214.213669061661,1,6.24023,-66,10.2270466562756,7.74205887396776,0.633,1.04802598829641
215.096330881119,1,5.94571,-66,10.2390815013127,7.73479758883901,0.633,1.04947484119085
215.590856075287,1,5.95185,-66,10.2450163026289,7.73117789470292,0.633,1.05037842805791
215.988821983337,1,5.95798,-65,10.2500079485458,7.72817331813774,0.633,1.05108401656797
216.52606010437,1,5.87208,-65,10.2569200094911,7.72404350693429,0.633,1.05201917775468
217.014970064163,1,5.65732,-67,10.2637078662257,7.72001534319441,0.633,1.05191545880367
217.470767974854,1,5.97025,-65,10.2702190786625,7.71616070543178,0.633,1.05146748738802
217.763957023621,1,5.78618,-66,10.2752291685164,7.71291612935031,0.633,1.05155141461304
218.207498073578,1,5.4487,-66,10.2831887312007,7.70765369236542,0.633,1.05185053193684
218.76989197731,1,5.28303,-67,10.2917440059978,7.70238586318226,0.633,1.05209380012852
229.225806951523,1,0.957204,-67,10.432010019073,7.62184028912839,0.633,1.06816888948729
229.595114946365,1,0.96334,-66,10.4371078565092,7.61895238363381,0.633,1.06773174918456
230.125410079956,1,0.938796,-66,10.444561519193,7.61473470133468,0.633,1.06707728124159
230.751091003418,1,0.852893,-65,10.4528867280641,7.60994591866651,0.633,1.06614392404787
231.17471408844,1,0.699495,-65,10.4591619911452,7.60617547077922,0.633,1.06581735426505
231.291661024094,1,0.742447,-64,10.4612793875334,7.60482132192633,0.633,1.06590968259593
232.141508102417,1,0.625864,-64,10.4757811755537,7.59567616228809,0.633,1.06645059412223
232.511972904205,1,0.681087,-64,10.4803423399724,7.59307249759908,0.633,1.06642778830014
233.017392873764,1,0.625864,-63,10.4865775194882,7.58951217849988,0.633,1.06650454826584
233.41307592392,1,0.613592,-62,10.4915403409921,7.58667139101829,0.633,1.06727036296344
233.845853090286,1,0.60132,-62,10.4969684123407,7.5835642881084,0.633,1.06810797052499
234.573824882507,1,0.607456,-61,10.5062821999209,7.57834519086994,0.633,1.0682061141283
234.867723941803,1,0.576777,-62,10.5099891442253,7.57625801350914,0.633,1.06821735714919
235.436131954193,1,0.460194,-61,10.5170146688404,7.57227037777854,0.633,1.06824988272611
235.834506034851,1,0.49701,-62,10.5225057574424,7.56930525698656,0.633,1.06780006852975
236.125276088715,1,0.417243,-62,10.5268440098333,7.56704182095656,0.633,1.06719648558841
236.748015880585,1,0.33134,-61,10.5354555848749,7.56244292638145,0.633,1.06647494655619
237.115537881851,1,0.190214,-62,10.5397503258585,7.56001697809613,0.633,1.06671096385349
237.361413002014,1,0.263845,-62,10.5426235414804,7.55839399954218,0.633,1.06686886128856
237.895298957825,1,0.0920388,-62,10.5493432346583,7.55460352062546,0.633,1.06714386749997
238.40222287178,1,6.19115,-62,10.5558651292782,7.5509260489532,0.633,1.0673850131834
238.837399959564,1,0.0736311,-61,10.5615340782497,7.54775285796199,0.633,1.06780748309603
239.308158874512,1,0,-62,10.5676544542969,7.54432605156917,0.633,1.06824321455208
239.474167108536,1,6.03775,-63,10.5697051473527,7.54316594521189,0.633,1.06818852940393
239.784919977188,1,6.06843,-63,10.573543865074,7.54099432775816,0.633,1.06808616359803
240.349896907806,1,6.0132,-63,10.5801886846123,7.53745408228535,0.633,1.06825549570937
240.695798873901,1,6.05002,-63,10.5839169886195,7.53570139504072,0.633,1.06872057280718
241.073875904083,1,5.89049,-63,10.5880442600027,7.53371876330884,0.633,1.06920183001737
241.414052009583,1,5.83526,-64,10.5921986938972,7.53136935931332,0.633,1.06940597030357
241.774784088135,1,5.73709,-64,10.5966041696192,7.52887798683606,0.633,1.06962244626577
242.281399965286,1,5.65119,-63,10.6030467521404,7.52525454714777,0.633,1.069784970474
242.724287986755,1,5.57755,-64,10.6088403543944,7.5220082146451,0.633,1.0698376395854
243.048099994659,1,5.55915,-64,10.61309130945,7.51961543938908,0.633,1.06978587685034
243.184917926788,1,5.46711,-64,10.6148962315535,7.51859316885289,0.633,1.06971119041848
243.655951023102,1,5.30757,-64,10.6211101688187,7.51507372335008,0.633,1.06945406197991
243.974658966064,1,5.27076,-65,10.6252659748391,7.51273463533347,0.633,1.06943234457609
244.264944076538,1,5.11122,-64,10.6290183240244,7.5106326556571,0.633,1.06951536115098
244.411319971085,1,5.08054,-64,10.6309104412872,7.50957273510194,0.633,1.06955722215237
244.920311927795,1,5.19713,-65,10.6379976261366,7.50559456561086,0.633,1.0689931673094
245.049721002579,1,5.00078,-65,10.6399285904594,7.50450876951857,0.633,1.06866935944603
245.480215072632,1,4.9026,-65,10.6463521638591,7.50089674478383,0.633,1.06759217559901
245.780104875565,1,4.7308,-65,10.6505096713156,7.49854451958781,0.633,1.06719783456643
246.221481084824,1,4.58967,-66,10.6565195132961,7.49513894246555,0.633,1.06673994184411
246.4106528759,1,4.48536,-66,10.6590953036257,7.49367932794544,0.633,1.06654369115233
246.748007059097,1,4.45468,-66,10.6635582274325,7.49117238605583,0.633,1.06650202632778
247.001369953156,1,4.26447,-66,10.6668922482677,7.48930266717149,0.633,1.06651269519446
247.305452108383,1,4.17856,-66,10.6708936875664,7.48705866001277,0.633,1.06652549980021
247.516005039215,1,4.12334,-66,10.6734889970033,7.48559698282831,0.633,1.06646718506398
247.865083932877,1,4.27674,-66,10.6774921096983,7.48333106998211,0.633,1.066255699865
248.063730955124,1,4.08652,-66,10.6797701231531,7.48204162840389,0.633,1.06613535198436
260.712877035141,1,0.877437,-66,10.8492144860497,7.38467466723104,0.633,1.06510190810083
260.840835094452,1,3.89018,-66,10.85070868435,7.38377123066616,0.633,1.06512681140583
261.138315916061,1,3.68769,-66,10.8544594428884,7.38152347939441,0.633,1.06471286290672
261.310266017914,1,3.78586,-65,10.8567344329484,7.38016730314937,0.633,1.06429137250026
261.807774066925,1,3.7061,-65,10.863316725451,7.37624344040942,0.633,1.06307186249395
