6.74517393112183,1,5.28917,-63,7.52463070999007,9.42396891987918,0.633,1.04520509101623
6.98715806007385,1,5.44256,-63,7.52743909027418,9.42224264441895,0.633,1.04497339327747
7.15136003494263,1,5.41802,-63,7.52934475900887,9.42107125420851,0.633,1.04481617128757
7.26905202865601,1,5.51006,-63,7.53071064972316,9.42023165864705,0.633,1.04470348220779
7.44505310058594,1,5.61437,-63,7.53275325451105,9.4189760955952,0.633,1.04453496268313
7.64857792854309,1,5.61437,-63,7.53511529005709,9.4175241825397,0.633,1.04434008939692
7.9319760799408,1,5.70641,-63,7.53893692997905,9.41522039802835,0.633,1.04328380897472
7.98805499076843,1,5.688,-63,7.53970630183396,9.41475756330619,0.633,1.04305542063669
8.20374894142151,1,5.90889,-63,7.54266550436585,9.41297738162559,0.633,1.04217698020006
8.36827492713928,1,5.80458,-63,7.5449227105231,9.41161950327587,0.633,1.04150692766361
8.49106287956238,1,6.01934,-63,7.5466072937884,9.41060610042966,0.633,1.04100685845809
8.61475801467896,1,5.98866,-63,7.54825811580519,9.40958681676499,0.633,1.04050456602651
8.83000707626343,1,5.97025,-63,7.55011363336046,9.40784846462235,0.633,1.0396628879602
8.87196898460388,1,6.05616,-63,7.55047535878219,9.40750958010998,0.633,1.0394988063256
9.01642990112305,1,6.09297,-63,7.55172065929444,9.4063429132641,0.633,1.03893392774273
9.25593209266663,1,6.24023,-63,7.5537852467898,9.40440869276265,0.633,1.03799741382731
9.38763308525085,1,6.27705,-64,7.55492055256994,9.40334507510522,0.633,1.03748242976209
9.54527187347412,1,6.24637,-64,7.55650129084013,9.4020470125723,0.633,1.03647615641116
9.69416499137878,1,0.202485,-64,7.55862360524184,9.40075013205085,0.633,1.03441981235855
9.82473802566528,1,0.16567,-63,7.56048478616841,9.39961282209876,0.633,1.03261648466776
9.95483994483948,1,0.263845,-64,7.56233925184581,9.3984796156272,0.633,1.03081966348829
10.1643879413605,1,0.386563,-63,7.56532613758724,9.39665442236898,0.633,1.02792562256521
10.2937409877777,1,0.362019,-64,7.5671699288731,9.3955277386871,0.633,1.02613914397284
10.4080801010132,1,0.441786,-64,7.56879971237226,9.39453182852764,0.633,1.02456002091604
10.6142139434814,1,0.509282,-64,7.57198292844162,9.39256051215852,0.633,1.02315655939986
10.7296879291534,1,0.558369,-64,7.57378351378368,9.3914437249921,0.633,1.02247276122422
10.9003241062164,1,0.687223,-64,7.57644424292936,9.38979344600015,0.633,1.02146231107049
27.5316500663757,1,5.09895,-65,7.79615650128489,9.25393389905775,0.633,1.01328699318365
27.7447559833527,1,5.31985,-64,7.79928410882589,9.25164032019435,0.633,1.01239915620426
28.0438590049744,1,5.41802,-64,7.80367383614662,9.24842118682581,0.633,1.0111530400616
28.3043670654297,1,5.45484,-64,7.80749713202658,9.24561743651384,0.633,1.0100677173602
28.5217599868774,1,5.58369,-64,7.81003503149573,9.24400136998804,0.633,1.00991893282613
28.823949098587,1,5.73095,-63,7.81352344182828,9.24179865262886,0.633,1.00975783394754
28.9811840057373,1,5.82913,-63,7.81533852997503,9.24065253569072,0.633,1.00967401104911
29.2202830314636,1,5.94571,-63,7.81809864104298,9.23890969468778,0.633,1.00954654588434
29.4174830913544,1,5.97025,-62,7.82070945102328,9.2372547500566,0.633,1.00974267329071
29.6943089962006,1,6.11752,-62,7.82462458230452,9.23476886000888,0.633,1.01024334435418
30.061516046524,1,0.00613592,-62,7.82981796841559,9.23147134942237,0.633,1.01090747997582
30.3249709606171,1,0.128854,-61,7.83353623597563,9.22910910306613,0.633,1.01135681615564
30.6023828983307,1,0.19635,-61,7.83743437263345,9.22662959209075,0.633,1.01177006798488
30.7332289218903,1,0.227029,-61,7.83927299459461,9.22546008888128,0.633,1.01196498518645
31.241199016571,1,0.30066,-60,7.84626921246573,9.22100517519721,0.633,1.0125587010301
31.6723210811615,1,0.539961,-60,7.85172743216316,9.21751306268264,0.633,1.01251086387237
31.9018819332123,1,0.60132,-60,7.85463378669088,9.21565360711276,0.633,1.01248539187826
32.1876878738403,1,0.699495,-60,7.85714262742788,9.2129801921464,0.633,1.0127277709161
32.5694620609283,1,0.852893,-59,7.85909608317695,9.20895764267579,0.633,1.01339681918534
32.8894031047821,1,0.951068,-59,7.86073315213713,9.20558659581064,0.633,1.01395750665162
33.0456500053406,1,1.00629,-59,7.86229134563073,9.20405703744386,0.633,1.01415885141728
33.4154191017151,1,1.06765,-59,7.86766225773213,9.20069622116613,0.633,1.01447455235181
33.6602499485016,1,1.05538,-58,7.87121843636007,9.19847096355743,0.633,1.01468358368486
33.9493639469147,1,1.18423,-58,7.87538916249687,9.19586439737141,0.633,1.01481505768419
34.2142848968506,1,1.29468,-58,7.87910855763983,9.19355154564485,0.633,1.01452374429878
34.520024061203,1,1.40513,-59,7.88340102587678,9.190882336757,0.633,1.01418754623275
34.7401359081268,1,1.45421,-59,7.88649131728089,9.18896068403261,0.633,1.01394550600411
34.96866106987,1,1.59534,-59,7.88975910086044,9.18690949818031,0.633,1.01370335880943
35.2032721042633,1,1.61988,-58,7.89313118958145,9.18478736415062,0.633,1.01345742451925
35.4719839096069,1,1.78555,-58,7.89699341221879,9.18235677742322,0.633,1.01317574362013
35.7804350852966,1,1.90827,-58,7.90142944684883,9.17956892153529,0.633,1.01295204989134
36.0614418983459,1,1.9819,-58,7.90547986513974,9.17703665102957,0.633,1.01309171948758
36.3164029121399,1,2.05553,-58,7.9091548605697,9.17473909016857,0.633,1.01321844346792
36.7132771015167,1,2.19052,-59,7.91479176592001,9.17115381825372,0.633,1.01377159233246
36.8661348819733,1,2.31938,-59,7.91681710924107,9.16975747353356,0.633,1.01460489482675
37.2091538906097,1,2.42983,-59,7.92136206113076,9.16662401980818,0.633,1.01647485914673
37.469367980957,1,2.47891,-58,7.92480985991704,9.16424698299604,0.633,1.01789341337333
37.8614990711212,1,2.65685,-58,7.92976090830313,9.16104569761765,0.633,1.01838962105866
38.0704040527344,1,2.78571,-59,7.9323394904305,9.15943216029327,0.633,1.01825772427465
38.4391958713531,1,2.98819,-59,7.93689160778485,9.15658369129234,0.633,1.01802487939719
38.5775170326233,1,3.08023,-58,7.93867496858587,9.1554660309568,0.633,1.0177786080802
39.2040300369263,1,3.41771,-58,7.94774747098525,9.14975847907421,0.633,1.01458292066788
39.3943889141083,1,3.52202,-58,7.9505040480365,9.14802430410838,0.633,1.01361194725878
39.699481010437,1,3.66928,-58,7.95488210737222,9.14528995575372,0.633,1.01276075339268
40.1903851032257,1,3.96381,-58,7.96190636533227,9.14091305785565,0.633,1.01174743521264
40.398766040802,1,4.01903,-58,7.96487840137734,9.1390613323621,0.633,1.01135802490385
40.8795819282532,1,4.1847,-57,7.9710043648362,9.13525864188023,0.633,1.01354777644537
41.0589220523834,1,4.29515,-57,7.97328929567106,9.13384027156251,0.633,1.01436453463395
41.4984819889069,1,4.46082,-57,7.97907813589647,9.13015324547296,0.633,1.01575018806832
41.802619934082,1,4.63262,-57,7.98323192957673,9.12743631878995,0.633,1.01622381015205
42.1893758773804,1,4.79216,-57,7.98851408663264,9.12398134857387,0.633,1.01682609000126
42.3658359050751,1,4.89647,-57,7.9907739415357,9.12253925424923,0.633,1.01711407564913
42.754469871521,1,5.04986,-57,7.99560564467468,9.11949318053118,0.633,1.01776110372165
43.0839719772339,1,5.2094,-57,7.99970218922798,9.11691057635627,0.633,1.01830968447053
43.473002910614,1,5.4487,-57,8.00474372752968,9.11373457721956,0.633,1.01889777159442
43.8239450454712,1,5.55915,-57,8.00934278229817,9.11083789309497,0.633,1.01941341170037
44.0869119167328,1,5.66346,-57,8.01278893174307,9.10866735873726,0.633,1.01979978954415
44.4546480178833,1,5.79845,-56,8.01768376029898,9.10560375065705,0.633,1.01885470675873
44.8496708869934,1,6.04388,-57,8.02294336118206,9.10231223094857,0.633,1.0178087634013
45.1786279678345,1,6.19728,-57,8.02704744614116,9.0997254202554,0.633,1.01749759362723
45.411985874176,1,0.0122718,-57,8.02975084356633,9.09800663896782,0.633,1.01769893657806
46.0061869621277,1,0.319068,-57,8.0366198974255,9.09368653650981,0.633,1.01825168254494
46.1099469661713,1,0.349748,-57,8.03778051296785,9.09308211933365,0.633,1.01845465009389
46.6079580783844,1,0.595185,-56,8.04335105474282,9.09018113187789,0.633,1.01942882213377
47.1588408946991,1,0.742447,-57,8.04997537864871,9.08633009249155,0.633,1.02061772205741
47.4200370311737,1,0.840621,-57,8.05335447827979,9.08417334051315,0.633,1.02123877629203
47.7116160392761,1,1.03084,-57,8.05712664172757,9.08176571071023,0.633,1.02193207283213
48.0497560501099,1,1.12901,-57,8.06148733241432,9.07900958663478,0.633,1.02183724629698
48.5338230133057,1,1.29468,-57,8.06772055948928,9.07508835718403,0.633,1.02109374045308
48.8392770290375,1,1.43581,-57,8.07170187051442,9.07258128965865,0.633,1.02056223280428
49.0216898918152,1,1.49717,-57,8.07417844786729,9.07101670887598,0.633,1.0201163678144
49.5639379024506,1,1.69351,-57,8.0815404240039,9.06636577141489,0.633,1.0187909711286
49.8087198734283,1,1.83464,-57,8.08481114105669,9.06428661750679,0.633,1.01813027370746
50.3364200592041,1,2.04326,-57,8.09177436631266,9.05983836550051,0.633,1.0166018999412
50.9760100841522,1,2.39301,-57,8.10002721989988,9.05454483917659,0.633,1.01651233041403
51.3904581069946,1,2.55868,-57,8.10529228644598,9.05115802881562,0.633,1.01723473663908
51.7275068759918,1,2.6814,-57,8.10947176094383,9.04848343631464,0.633,1.01816600246143
51.9754259586334,1,2.81639,-57,8.11245884376092,9.04658402670269,0.633,1.01914383674685
52.6387360095978,1,3.14773,-57,8.12041292302661,9.04154591678964,0.633,1.02140015329068
52.8445839881897,1,3.21522,-57,8.12283817545965,9.04003229942295,0.633,1.02169031742107
53.3714339733124,1,3.47293,-57,8.12904539797893,9.03615832751137,0.633,1.02243296725819
53.7390110492706,1,3.65701,-57,8.13367339140423,9.03330131559655,0.633,1.02153412849835
54.141951084137,1,3.82268,-57,8.1388314694968,9.03012543812233,0.633,1.02014440982308
54.7832319736481,1,4.12948,-56,8.14713465057484,9.02493195956916,0.633,1.01932261048299
55.1751220226288,1,4.34423,-56,8.15224099047362,9.02171056866967,0.633,1.01929649109732
55.7772340774536,1,4.51604,-56,8.16082526641084,9.01604406589227,0.633,1.01843355195637
56.0340170860291,1,4.7308,-57,8.16454699859922,9.01356846178188,0.633,1.01799782343022
56.6282050609589,1,4.95169,-56,8.17234161328843,9.00857035252067,0.633,1.01887950960889
56.9006729125977,1,5.06214,-56,8.17577331541571,9.0064058286225,0.633,1.01961344089091
57.2261619567871,1,5.21553,-56,8.17990873266619,9.00379148557923,0.633,1.02036011556564
57.9556040763855,1,5.51006,-56,8.18943174302589,8.99772923809031,0.633,1.02110902780419
58.2491729259491,1,5.59596,-56,8.19334251570129,8.99525954976209,0.633,1.02115048466473
58.6831650733948,1,5.73709,-56,8.19920141740236,8.99157889912213,0.633,1.02095412240974
59.2227919101715,1,5.92117,-56,8.2066368508994,8.98693067927543,0.633,1.01993109343187
59.6577210426331,1,6.06843,-56,8.21283726081943,8.98308539093988,0.633,1.01803195347153
59.9386999607086,1,6.15433,-56,8.21684293517169,8.98060120472294,0.633,1.01680504487539
60.3241620063782,1,0.00613592,-56,8.22245021477425,8.97732210021564,0.633,1.01934860791889
60.706582069397,1,0.13499,-56,8.22801630061783,8.97407238851124,0.633,1.02198740776242
61.2865869998932,1,0.343612,-55,8.23560774926345,8.96938146291104,0.633,1.02412202173541
61.5312390327454,1,0.460194,-55,8.23869158613977,8.96743586625517,0.633,1.0247626127432
61.9013020992279,1,0.582913,-55,8.24338774665174,8.96447735344924,0.633,1.02562725478906
62.3458349704742,1,0.674952,-55,8.24910172139053,8.96088749715835,0.633,1.02642500063148
62.5343570709229,1,0.816078,-55,8.25152496293091,8.95936507375157,0.633,1.0267633169441
63.1373250484467,1,1.07379,-55,8.25955559073758,8.95436027077624,0.633,1.02697250976685
63.4990770816803,1,1.12287,-55,8.26443707534655,8.95132692025791,0.633,1.02690019147635
63.7281498908997,1,1.23332,-55,8.26743351875633,8.94947220198762,0.633,1.02641763113168
64.2995529174805,1,1.38672,-55,8.27472166774003,8.94497578464852,0.633,1.02435471438545
64.7004060745239,1,1.50944,-55,8.28015020732814,8.94228177390189,0.633,1.02466837681334
65.3194110393524,1,1.66284,-55,8.28916109282846,8.93903731995412,0.633,1.02865537589144
65.6088318824768,1,1.74874,-55,8.29293726550696,8.93719566012817,0.633,1.03013297135829
66.1960909366608,1,1.93895,-55,8.29986494518941,8.93291298214428,0.633,1.03248133735234
66.5169858932495,1,2.11689,-55,8.30391481632107,8.93042303828039,0.633,1.03345444117319
66.9345541000366,1,2.2028,-55,8.3097910505455,8.92683952831557,0.633,1.03400956929116
67.4429829120636,1,2.40528,-56,8.31683693534408,8.92254722180598,0.633,1.03430754883178
67.9960498809814,1,2.62618,-56,8.32410461505007,8.91813640961599,0.633,1.0332556478217
68.4839539527893,1,2.89002,-56,8.33048406611002,8.91425740610254,0.633,1.03196056584586
69.1483929157257,1,3.2275,-56,8.33912398616104,8.90899301591351,0.633,1.02964796879148
69.5591559410095,1,3.38089,-55,8.34296784130177,8.9066981825301,0.633,1.02907443311569
70.0545690059662,1,3.60179,-55,8.3474709751111,8.90401557844154,0.633,1.02845866571013
70.5046939849854,1,3.74291,-56,8.35314493993532,8.90038492143208,0.633,1.02905720751009
71.0893549919128,1,4.01289,-56,8.36068924566222,8.89552708719873,0.633,1.03002780232001
71.5721280574799,1,4.22152,-56,8.36611537817378,8.89199488363111,0.633,1.03103476729571
72.1811099052429,1,4.5099,-56,8.37347074184224,8.88726111041543,0.633,1.03198780545976
72.689887046814,1,4.7308,-56,8.38046442282165,8.88284404874422,0.633,1.03225700449196
72.9772329330444,1,4.88419,-56,8.3843267553828,8.88040010144023,0.633,1.03205948506123
73.5752699375153,1,5.09895,-56,8.39183790578413,8.8756191021753,0.633,1.02954282915588
73.9683680534363,1,5.26462,-56,8.39733602586281,8.87250986516352,0.633,1.02741719444911
74.5246958732605,1,5.55301,-56,8.40654384491589,8.8681944512731,0.633,1.02320996642224
74.806519985199,1,5.70641,-56,8.41109031158658,8.86593340058459,0.633,1.02160853569464
75.4061648845673,1,5.97025,-55,8.41968146975266,8.8604350593583,0.633,1.02306092771668
75.8293190002441,1,6.15433,-56,8.42542946466604,8.856735317808,0.633,1.02434682650641
76.3828089237213,1,0.13499,-56,8.43220665757549,8.85232087088198,0.633,1.02664377450043
76.6620140075684,1,0.233165,-56,8.43569934924509,8.85005039612737,0.633,1.02757452402611
77.1323258876801,1,0.478602,-55,8.44205354141273,8.84594812966394,0.633,1.02769144116199
77.728404045105,1,0.779262,-55,8.44997504414502,8.84082671233321,0.633,1.02735853757022
78.1823770999908,1,0.901981,-55,8.45580859221651,8.83704398267542,0.633,1.0263772847407
78.6974749565125,1,1.13515,-55,8.46162381563833,8.83244302572273,0.633,1.02486100009023
79.1689388751984,1,1.30082,-55,8.46612516346228,8.82791618895299,0.633,1.02306148051848
79.5551090240479,1,1.47876,-55,8.47060258613606,8.82432203702325,0.633,1.02244273153892
79.8913938999176,1,1.5892,-55,8.47532197102658,8.8213102047875,0.633,1.02279150825139
80.5379869937897,1,1.84078,-54,8.48416621829455,8.81566445091112,0.633,1.0239150235125
80.947212934494,1,2.02485,-54,8.4895061232049,8.81225397729153,0.633,1.02513337331817
81.472335100174,1,2.22734,-54,8.49651550441,8.80776708898341,0.633,1.0258956696963
81.7514860630035,1,2.35619,-54,8.50032411173025,8.80532388858003,0.633,1.02588053214734
82.0612618923187,1,2.46051,-54,8.50455055064062,8.80261265153658,0.633,1.02586373390047
82.4573719501495,1,2.72435,-53,8.51022349458401,8.79899975920464,0.633,1.02483113750593
82.9184138774872,1,2.8532,-54,8.51689214907318,8.79475886372305,0.633,1.02338165269761
83.5593409538269,1,3.13546,-54,8.52528698803015,8.78952655172814,0.633,1.02267542341108
83.9951400756836,1,3.3134,-53,8.53081346111319,8.78608466462554,0.633,1.02241167328824
84.3961369991302,1,3.45452,-52,8.53538776107337,8.78310546188395,0.633,1.02242855262389
84.7354609966278,1,3.63247,-52,8.53925853827261,8.7805844575457,0.633,1.02244283593459
85.3104009628296,1,3.77359,-52,8.54651964492635,8.77584210714108,0.633,1.02425675440344
85.5074861049652,1,3.8595,-52,8.54910997087782,8.77414859634222,0.633,1.02513652793794
85.9629740715027,1,3.93313,-52,8.55506641220054,8.77026047507965,0.633,1.02670566048004
86.4088399410248,1,4.09266,-52,8.56082486555502,8.76651627570188,0.633,1.02712971394882
86.8476679325104,1,4.19697,-51,8.56655693817011,8.76279955926601,0.633,1.02717216680086
87.2791669368744,1,4.35651,-51,8.57243390713862,8.75902698620058,0.633,1.02581557445332
87.7322270870209,1,4.47309,-51,8.57873992064993,8.7550707394513,0.633,1.02446333761969
88.2596440315247,1,4.63262,-51,8.58686332834002,8.75049312795997,0.633,1.02330610831367
88.6577780246735,1,4.72466,-51,8.59279493731216,8.74707519234864,0.633,1.02257880571061
88.9436130523682,1,4.8167,-51,8.59644632738254,8.7447351275818,0.633,1.0224994276656
89.5122270584106,1,4.9701,-50,8.60369096511609,8.74009369126057,0.633,1.0224034665025
89.9021830558777,1,5.07441,-50,8.60842848448459,8.73707584084434,0.633,1.02308627623354
90.5083920955658,1,5.21553,-50,8.61592872984941,8.73231166259644,0.633,1.02421147599589
90.881404876709,1,5.33825,-50,8.62095831793711,8.72915758249654,0.633,1.02509881310839
91.390594959259,1,5.43643,-50,8.62785029345747,8.72483700681059,0.633,1.02601015429605
91.9209001064301,1,5.58983,-49,8.63523682333885,8.7202176361597,0.633,1.02457078518019
92.4722619056702,1,5.71868,-49,8.64263621289824,8.71592594345152,0.633,1.02305807702912
93.0035979747772,1,5.85981,-48,8.64925291514365,8.71272678857462,0.633,1.02157064708635
93.4601268768311,1,5.94571,-48,8.6555348782384,8.70912282940286,0.633,1.02103098192665
93.8076388835907,1,6.02548,-48,8.6606093283418,8.70596021875366,0.633,1.02098215302114
94.3516719341278,1,6.17274,-48,8.66813187815799,8.70128631868915,0.633,1.0217532557786
94.9197499752045,1,6.27705,-48,8.6754457783874,8.6967616711788,0.633,1.02364641373272
95.4326620101929,1,0.110447,-48,8.68172255059319,8.69289641307258,0.633,1.02516594732891
96.0542070865631,1,0.227029,-47,8.68930655729628,8.68824261644251,0.633,1.02662399344188
96.5700860023499,1,0.294524,-47,8.69580685333285,8.6842936866003,0.633,1.02668357948888
97.3300778865814,1,0.435651,-47,8.70533044789722,8.67986121730127,0.633,1.02414231803384
97.6263949871063,1,0.478602,-47,8.70902909979845,8.67851596109761,0.633,1.0224246281318
98.1843190193176,1,0.60132,-47,8.71630992312233,8.67459384313121,0.633,1.02065081395568
98.8460369110107,1,0.724039,-47,8.72518665374017,8.66910103768748,0.633,1.01985741855922
99.5035130977631,1,0.822214,-47,8.73429613172966,8.66343070739449,0.633,1.0213638220957
100.034435987473,1,0.908117,-47,8.74113763449125,8.65918253120223,0.633,1.02341906475072
100.636929035187,1,0.96334,-46,8.74865756466409,8.65451896129382,0.633,1.02592851838181
101.283946990967,1,1.06151,-46,8.75670970059151,8.64953224976772,0.633,1.02615878500351
101.567951917648,1,1.1106,-46,8.76075324698855,8.64700733353785,0.633,1.0259519552038
102.109695911407,1,1.18423,-46,8.77078254015949,8.64066227051135,0.633,1.02415662400644
102.820379018784,1,1.30082,-46,8.78144161199926,8.6340486641433,0.633,1.02278300782235
103.333808898926,1,1.37445,-47,8.78781844845206,8.63017701343982,0.633,1.02231085529754
103.900897026062,1,1.42967,-47,8.79477722250576,8.62592209478503,0.633,1.0227507048638
104.582792043686,1,1.54012,-47,8.80358419456941,8.62054766738358,0.633,1.02383679535728
105.062494039536,1,1.60148,-47,8.81012315387797,8.61656517670239,0.633,1.02503465388248
105.45954990387,1,1.66284,-47,8.81544614981421,8.61333730169652,0.633,1.02565482687271
106.003156900406,1,1.74874,-47,8.82267937123246,8.60895976314526,0.633,1.02627767128403
106.600912094116,1,1.81623,-47,8.82933772300682,8.60552093882339,0.633,1.02599669002176
107.417397022247,1,1.90214,-47,8.83922916668234,8.60007541109295,0.633,1.02486331238313
107.845977067947,1,1.9819,-47,8.84512574708133,8.59652727237683,0.633,1.02399248982617
108.507894992828,1,2.09849,-48,8.85400946449683,8.59114697254403,0.633,1.024606359047
108.955883979797,1,2.12917,-48,8.86006650013401,8.58747400853302,0.633,1.02535294459077
109.396250009537,1,2.19666,-48,8.86642125248053,8.58362307621217,0.633,1.02637160901186
110.072931051254,1,2.33779,-48,8.87586232191351,8.57790729437169,0.633,1.02879602819761
110.583245038986,1,2.40528,-48,8.88259656798748,8.57383696382084,0.633,1.03164746572443
111.1453769207,1,2.46664,-48,8.89046114069311,8.56941688720999,0.633,1.03170832155474
111.821618080139,1,2.56482,-48,8.89995305906782,8.5640827401302,0.633,1.03054964117532
112.26139998436,1,2.63845,-48,8.90583513826986,8.56053590499674,0.633,1.03005132549541
112.964938879013,1,2.72435,-48,8.91455812678656,8.55528834259099,0.633,1.02962411095531
113.313231945038,1,2.7673,-48,8.91865863632216,8.55282577763573,0.633,1.02952997620932
113.865439891815,1,2.84093,-48,8.92528555522742,8.54881283363201,0.633,1.03055625713371
114.488126039505,1,2.93297,-48,8.93280468372565,8.54424506659275,0.633,1.03224579894812
115.16894698143,1,3.04955,-48,8.94099541065876,8.53926292631089,0.633,1.03435787318874
115.773571968079,1,3.12318,-49,8.94828464743925,8.53541769066898,0.633,1.03518962589629
116.360660076141,1,3.19682,-48,8.9555708688472,8.53155031041854,0.633,1.0352258758867
117.200498104095,1,3.30113,-48,8.96704752083184,8.5243991543538,0.633,1.03281876600303
117.838423013687,1,3.36249,-48,8.97522543144215,8.51928968406523,0.633,1.03082600363678
118.403138875961,1,3.3993,-48,8.98255364671159,8.51472218678173,0.633,1.03021068596984
119.063163042068,1,3.45452,-48,8.99114854499577,8.50937488850698,0.633,1.03066307214685
119.761275053024,1,3.47293,-48,8.9995893775913,8.50411955273446,0.633,1.03261547342547
120.303375005722,1,3.47907,-48,9.0063855877599,8.49960668398242,0.633,1.03431031736457
121.2364320755,1,3.52202,-48,9.01860121997721,8.49154304160516,0.633,1.03486195787461
121.765076875687,1,3.50361,-48,9.02577924107957,8.48711174138604,0.633,1.03276051653359
122.268152952194,1,3.52202,-48,9.03333049232995,8.48249193871129,0.633,1.03100483840162
122.787185907364,1,3.54043,-48,9.04110289669633,8.47773650173115,0.633,1.02939304144424
123.523312091827,1,3.47293,-48,9.05082450101684,8.4717284294958,0.633,1.02943832842089
124.1707239151,1,3.46066,-48,9.0590916216626,8.46665075923932,0.633,1.03058351491472
124.671977043152,1,3.46066,-48,9.06546286094764,8.46282283927752,0.633,1.03187637054792
125.020634889603,1,3.42998,-48,9.07047505514941,8.46051270766422,0.633,1.03326320322931
125.824455976486,1,3.3993,-48,9.08214346716583,8.45457895561072,0.633,1.03508071820445
126.150647878647,1,3.38703,-48,9.08697352471846,8.45165976754242,0.633,1.03465764746992
126.818809986115,1,3.33794,-48,9.09610412323504,8.44615883007863,0.633,1.03290459715249
127.596958875656,1,3.28272,-49,9.10567503006692,8.44039613188404,0.633,1.03053425037904
128.105159044266,1,3.23363,-49,9.11152753337525,8.43682418150806,0.633,1.03083649233393
128.664197921753,1,3.18454,-49,9.11846236104281,8.43258638836052,0.633,1.03190088759605
128.867430925369,1,3.17227,-49,9.12113837858276,8.4309495796025,0.633,1.03251606404201
129.718303918839,1,3.06183,-50,9.13291783251757,8.4233441176651,0.633,1.03600717295893
130.050119876862,1,3.01274,-50,9.13773125283747,8.42009093418511,0.633,1.03771805335579
130.908087015152,1,2.9207,-50,9.14926118389719,8.4129181979904,0.633,1.03740358826216
131.366431951523,1,2.8532,-50,9.15513806961616,8.40936026014443,0.633,1.03675393097349
131.955082893372,1,2.7673,-50,9.16246807429105,8.40494444135591,0.633,1.03606674303521
132.528912067413,1,2.6814,-50,9.17023718488945,8.40026480247338,0.633,1.03448855718739
132.812503099442,1,2.64458,-50,9.17414866658294,8.39790883959752,0.633,1.03360385585987
133.605289936066,1,2.51573,-50,9.18553066020414,8.39094446784185,0.633,1.03026304183595
134.020242929459,1,2.45437,-51,9.19115533096073,8.38775890635309,0.633,1.02891202178639
135.04488992691,1,2.28256,-51,9.20377303551633,8.38137216024213,0.633,1.02790706379398
135.554892063141,1,2.14144,-51,9.21045359735024,8.37737175595482,0.633,1.02794106156412
136.165769100189,1,2.03713,-51,9.21801313585648,8.37281028817206,0.633,1.0290992888952
137.199325084686,1,4.96703,-53,9.23049742764969,8.36527876179199,0.633,1.03168279784971
137.501018047333,1,1.8101,-52,9.23412024319429,8.36309745216961,0.633,1.03245752790483
138.468523025513,1,1.5708,-53,9.2465676394453,8.3555303365915,0.633,1.03129705058396
138.804589033127,1,1.46035,-53,9.25334964221278,8.35129559141775,0.633,1.0299249360565
139.61749792099,1,1.25786,-53,9.26912387943341,8.34145966170592,0.633,1.02697379502871
140.045887947083,1,1.13515,-53,9.27450038482246,8.33818559683938,0.633,1.02674224871566
140.872364997864,1,0.969476,-53,9.28577944115235,8.33133622120175,0.633,1.02618022600165
141.310005903244,1,0.871301,-54,9.29201038628453,8.32755804295276,0.633,1.02590644975243
142.343038082123,1,0.625864,-54,9.30486776797858,8.31977194756094,0.633,1.02797626475796
142.687195062637,1,0.533825,-54,9.3096438323123,8.31691862027135,0.633,1.02801971644257
143.557348012924,1,0.312932,-55,9.32120454958925,8.30999842165667,0.633,1.02743931471369
144.139175891876,1,0.110447,-56,9.32857430303477,8.30557711453897,0.633,1.02644542357455
144.744487047195,1,6.22796,-56,9.3369008368332,8.30060214151475,0.633,1.02490710954733
145.588201999664,1,5.89049,-56,9.34837933605638,8.29369465011292,0.633,1.02521160844171
146.098200082779,1,5.72482,-56,9.35511393809321,8.28963632135139,0.633,1.02632631341039
146.808012008667,1,5.49779,-56,9.3639690160869,8.2843263439063,0.633,1.02859763324239
147.255704879761,1,5.31371,-56,9.36981596493896,8.28079138964221,0.633,1.0291347870517
148.233102083206,1,4.96396,-56,9.38191835940524,8.27350230244751,0.633,1.02859966907363
148.888453006744,1,4.69398,-57,9.38966761434024,8.26882397820952,0.633,1.02612058913068
149.438754081726,1,4.5099,-57,9.39686242485911,8.264359833085,0.633,1.02123321985799
149.955045938492,1,4.2706,-56,9.40364282743329,8.26011729156423,0.633,1.01869851956058
150.791246891022,1,3.93926,-57,9.41460318250042,8.2532039887539,0.633,1.0179562721506
151.278403043747,1,3.79814,-57,9.42076549091997,8.24931281396984,0.633,1.01821260777537
151.766150951386,1,3.61406,-56,9.42696165364967,8.24539304841837,0.633,1.01844021629938
152.457976102829,1,3.38089,-56,9.43583405026063,8.2397574620095,0.633,1.01867086785773
153.348187923431,1,3.09864,-56,9.44677594022736,8.23168412251415,0.633,1.0178942512606
153.738220930099,1,2.95751,-56,9.45124299481043,8.22872523606747,0.633,1.01888646849502
154.571786880493,1,2.76117,-55,9.46064875612601,8.22268065858492,0.633,1.02102931252785
154.858752012253,1,2.63231,-55,9.46388447057058,8.22061274289898,0.633,1.02104402032078
155.411613941193,1,2.51573,-55,9.47021725985577,8.2165703609284,0.633,1.02105111443275
156.541652917862,1,2.15371,-55,9.485492384616,8.2069445301201,0.633,1.02036925764591
157.014270067215,1,2.00645,-55,9.49202965529161,8.20284889066068,0.633,1.01976541336664
157.580988883972,1,1.88373,-55,9.50014945588345,8.1976405902449,0.633,1.01975097532999
158.371278047562,1,1.66897,-55,9.51112095879671,8.19056865607798,0.633,1.02049469817592
159.006112098694,1,1.46035,-55,9.51904603018002,8.18552360641997,0.633,1.02162398743712
159.634067058563,1,1.31309,-54,9.52693111757935,8.18054181436635,0.633,1.02181208181126
160.333333969116,1,1.14742,-54,9.53592223766895,8.17485538651777,0.633,1.02255116091796
161.090960025787,1,0.871301,-55,9.54564835758686,8.16869372443141,0.633,1.02403788319761
161.622044086456,1,0.650408,-55,9.55204374829342,8.16464070147489,0.633,1.02520068150789
162.26101899147,1,0.515418,-55,9.55958308253069,8.15928622533942,0.633,1.02509835136938
162.781673908234,1,0.33134,-54,9.56566039934286,8.15472022720726,0.633,1.02437740429588
163.593677997589,1,0.00613592,-55,9.57596633511236,8.14818965204917,0.633,1.0240516401704
164.461762905121,1,6.04388,-55,9.58704521094957,8.14116209634423,0.633,1.02353415004694
164.971702098846,1,5.81686,-55,9.59362762578035,8.13697154629971,0.633,1.02400405617122
165.442481040955,1,5.66346,-55,9.59974861223244,8.13307081782857,0.633,1.02493595344304
166.242223978043,1,5.31371,-55,9.61008920359696,8.12656337502653,0.633,1.02595136138878
166.935127973557,1,5.09895,-54,9.61684831522979,8.1220772524331,0.633,1.02660909971094
167.384417057037,1,4.94555,-54,9.6199863617564,8.11981011749758,0.633,1.02697313154002
167.96537899971,1,4.79829,-54,9.6268282820563,8.11534990770547,0.633,1.02672381553981
168.735272884369,1,4.63262,-53,9.63732572949052,8.10864348757444,0.633,1.0262261921715
169.29817199707,1,4.41173,-53,9.64509484146137,8.10367450606453,0.633,1.02611368692976
169.833386898041,1,4.25833,-53,9.65262532597528,8.09884584291263,0.633,1.02601178050309
170.54612994194,1,4.14175,-53,9.66228530145469,8.09267182345415,0.633,1.02617468492599
171.115596055985,1,4.02517,-54,9.66951418066452,8.08808034627776,0.633,1.02667219485502
172.143281936646,1,3.78586,-54,9.68445495911751,8.07783670880684,0.633,1.02637962535511
172.595309019089,1,3.68769,-54,9.69041024880307,8.0740143476,0.633,1.02489214275765
172.935381889343,1,3.59565,-53,9.69482765165613,8.07120782909367,0.633,1.02365713142515
173.788661003113,1,3.41157,-54,9.70653630543526,8.06379036399599,0.633,1.0233776431953
174.099936962128,1,3.34408,-54,9.71093488592482,8.06101025824724,0.633,1.02354433040135
174.873131036758,1,3.06183,-54,9.72244606812671,8.0537771124159,0.633,1.02333815997385
175.529381036758,1,2.96365,-54,9.73044412200574,8.04871300777118,0.633,1.02507841369648
175.78423500061,1,2.8532,-54,9.73347046823382,8.0467947120681,0.633,1.02584036611561
176.473243951797,1,2.70594,-55,9.74492635469493,8.03949719424136,0.633,1.02421828356086
177.172976970673,1,2.46664,-56,9.75558132982655,8.03275094645803,0.633,1.02249147337318
177.633619070053,1,2.2887,-56,9.76143307256435,8.02908391893112,0.633,1.02179875879412
178.279293060303,1,2.05553,-56,9.76951350934091,8.02399440786892,0.633,1.02080138399667
178.883105039597,1,1.79169,-58,9.77744594770901,8.01898973314249,0.633,1.02030520886165
179.062154054642,1,1.66284,-58,9.78006056521351,8.01734017613242,0.633,1.02044051631242
179.753871917725,1,1.32536,-59,9.78967001396173,8.01126934747394,0.633,1.02131426656316
180.560919046402,1,0.883573,-60,9.79891261626164,8.00538153028082,0.633,1.02340371722037
180.853194952011,1,0.674952,-60,9.80158662650384,8.00357687314427,0.633,1.02258532619333
181.542881011963,1,0.0429515,-61,9.8080954168049,7.99920909285012,0.633,1.02076436518481
181.703011989594,1,6.27705,-61,9.81017197039927,7.99788427862514,0.633,1.02065480675653
182.688524007797,1,5.52233,-60,9.82273979561831,7.98985902996185,0.633,1.02003165943891
183.194336891174,1,5.1419,-60,9.82886587109251,7.98593609355727,0.633,1.01978998857158
183.996342897415,1,4.77375,-59,9.83817126277701,7.98000737823281,0.633,1.02099463344872
184.364080905914,1,4.51604,-59,9.84254416936242,7.97724339340489,0.633,1.02179375907587
184.703679084778,1,4.38719,-58,9.84685347769337,7.97455282866334,0.633,1.02268571982921
185.443060874939,1,4.16016,-58,9.8561504702594,7.96951781189624,0.633,1.02335054332286
185.762043952942,1,4.03744,-57,9.86009993013866,7.96793802794453,0.633,1.0227179603422
186.458103895187,1,3.76132,-57,9.86877264337019,7.96352865230122,0.633,1.02175984450764
186.918147087097,1,3.6386,-57,9.87454258553813,7.95994489929379,0.633,1.02142043614482
187.640147924423,1,3.53429,-56,9.88334271319196,7.95453259886167,0.633,1.02216576271344
188.166301965714,1,3.36862,-56,9.8899199326459,7.95050442723311,0.633,1.02268680607907
188.603157997131,1,3.23363,-56,9.89565388028146,7.94700385462919,0.633,1.02283246097243
189.145441055298,1,3.03728,-56,9.9023110316081,7.94292302410189,0.633,1.02352925672332
189.78929400444,1,2.84707,-56,9.90976632395021,7.9383523854981,0.633,1.0249862210345
190.269737005234,1,2.75503,-56,9.91659027618231,7.93454572112509,0.633,1.02714142664814
190.626039028168,1,2.62618,-56,9.92165099718498,7.9317226552994,0.633,1.02873975177456
191.519025087357,1,2.3746,-57,9.93286144493589,7.92480507872322,0.633,1.02986656114635
192.217830896378,1,2.09849,-56,9.94224007215289,7.91905662257324,0.633,1.02802498196178
192.720155954361,1,1.91441,-56,9.9489306713344,7.91496318708189,0.633,1.02654246829689
193.156061887741,1,1.81623,-56,9.95443002188243,7.91158912110727,0.633,1.02570366418588
193.686772108078,1,1.61988,-57,9.96153226739096,7.90721002910138,0.633,1.02496625000166
194.081351041794,1,1.46649,-57,9.96732840631991,7.90361046022039,0.633,1.02477772203347
194.283551931381,1,1.39285,-56,9.9702986217761,7.90176587104525,0.633,1.02468111139457
195.055326938629,1,1.13515,-56,9.98023363325267,7.89421549447922,0.633,1.02582275182126
195.51088309288,1,0.93266,-56,9.9858153359493,7.89019967869834,0.633,1.02656943466052
195.944281101227,1,0.822214,-57,9.99093573423361,7.88700057067936,0.633,1.02719008899801
196.336822032928,1,0.638136,-56,9.9956070084044,7.88408966663002,0.633,1.02750871672663
196.910075902939,1,0.398835,-56,10.0026494158257,7.87975077122647,0.633,1.02637420721916
197.397197008133,1,0.288388,-56,10.0089158843771,7.87587739993768,0.633,1.02576410339599
197.771274089813,1,0.0859029,-56,10.0140920011227,7.8726625461777,0.633,1.02575197187237
198.157202005386,1,6.25251,-57,10.0194067453209,7.8693625070521,0.633,1.02572349664544
198.520968914032,1,6.12365,-56,10.0238903776183,7.86659760046874,0.633,1.02536559266381
198.952962875366,1,5.92117,-56,10.029214946817,7.86331411612952,0.633,1.02494056126285
199.27281999588,1,5.80458,-55,10.032812963194,7.86080719311448,0.633,1.02539476664847
199.725203037262,1,5.63278,-56,10.0376379305933,7.85720354558812,0.633,1.02662613853683
200.376919984818,1,5.42416,-55,10.0458319787105,7.8517765117429,0.633,1.02752260831368
200.687908887863,1,5.30757,-55,10.0500883115149,7.8491212148934,0.633,1.02770595803449
201.14682507515,1,5.18486,-55,10.0560521620006,7.84540044593122,0.633,1.02789119265129
201.60605597496,1,5.02532,-55,10.061708566053,7.84187123656523,0.633,1.02799271785223
202.175872087479,1,4.85965,-55,10.0687597210189,7.83745005389764,0.633,1.0283722027981
202.516007900238,1,4.76761,-55,10.0729849681013,7.83478998529971,0.633,1.02872491907628
203.282392978668,1,4.55899,-55,10.0828882967608,7.82865129297494,0.633,1.02871749481816
203.723489046097,1,4.46082,-55,10.0887426942128,7.82506208144957,0.633,1.02847445717683
204.067809104919,1,4.35037,-55,10.0945579877302,7.821886625121,0.633,1.02906363823056
204.689346075058,1,4.21538,-55,10.1047073793742,7.81628540346872,0.633,1.0302002492412
204.838969945908,1,4.20311,-55,10.1065340780525,7.81516891263861,0.633,1.03060338274262
205.266942977905,1,4.07425,-55,10.1117590315807,7.81197538500799,0.633,1.03175647593506
205.791548967361,1,3.90858,-56,10.1183509499734,7.80793659364539,0.633,1.03196505040859
206.257849931717,1,3.84109,-56,10.1244294610552,7.80420125054514,0.633,1.03073954414211
206.602344989777,1,3.76132,-56,10.128711837597,7.8015633580647,0.633,1.02988414560629
207.176446914673,1,3.59565,-56,10.1348038042928,7.79777763590374,0.633,1.02870926631495
207.517041921616,1,3.49748,-56,10.1386416403555,7.79540251610241,0.633,1.02819583268082
208.055193901062,1,3.38703,-56,10.1459137342281,7.79095199465238,0.633,1.02837618060886
208.500946044922,1,3.26431,-57,10.151452375355,7.78747273671577,0.633,1.02938991341817
208.603195905685,1,3.22136,-57,10.1524694505451,7.78678289441286,0.633,1.03007422813853
209.24266409874,1,3.04342,-58,10.1588302145522,7.78246863708635,0.633,1.03435391609543
209.721428871155,1,2.96979,-58,10.1647963634397,7.77874770560634,0.633,1.03550581063876
210.123909950256,1,2.77957,-58,10.1699226651144,7.77557448250359,0.633,1.03628534742235
210.268455028534,1,2.79185,-58,10.1718088350176,7.77440898732376,0.633,1.03642883422445
211.164514064789,1,2.42983,-59,10.184638053224,7.766532224675,0.633,1.03388185708054
211.603240966797,1,2.26416,-59,10.1900511694298,7.76318095699039,0.633,1.03604503072115
211.764153003693,1,2.25802,-59,10.1920170674061,7.76196314408472,0.633,1.03691489708234
212.495865106583,1,1.9635,-60,10.2013816284202,7.75618056383123,0.633,1.03946214231392
212.776622056961,1,1.84078,-60,10.2051248110854,7.75387538717323,0.633,1.03994251742263
213.300577878952,1,1.74874,-60,10.2128736394748,7.74960536759014,0.633,1.04259046528325
213.59255194664,1,1.5708,-61,10.2175460630028,7.74724074243981,0.633,1.04487932140339
214.149333953857,1,1.36217,-62,10.2261201799818,7.74261549504267,0.633,1.04792598768058
214.986433029175,1,1.06765,-63,10.2377626162002,7.73560198993918,0.633,1.04927403796201
215.503765106201,1,0.730175,-64,10.2439711231233,7.73181536004104,0.633,1.05021929712417
