8.36983895301819,1,0.760854,-64,8.07238179359965,9.6769301375787,0.633,0.747164955689602
8.52940702438354,1,0.93266,-64,8.074061281334,9.67510500321156,0.633,0.746859552906474
8.79134702682495,1,0.957204,-63,8.07680029514366,9.67212463187776,0.633,0.746471585195506
8.97671580314636,1,0.987884,-62,8.07865870196442,9.67008531819834,0.633,0.746701556187042
9.06547880172729,1,1.10447,-62,8.07954859164955,9.66910880208368,0.633,0.746811676754273
9.34026288986206,1,1.15969,-62,8.08230342789414,9.66608579593917,0.633,0.74715257758159
9.64449191093445,1,1.49103,-63,8.08531156805369,9.66277751752073,0.633,0.747743193887879
9.77474689483643,1,1.1106,-62,8.08659179047195,9.66136819704348,0.633,0.748035278246332
9.99595379829407,1,1.48489,-62,8.08876594172819,9.65897480364376,0.633,0.748531313595969
10.1846787929535,1,1.34377,-63,8.09060208914676,9.65695500128709,0.633,0.748907309617632
10.4520390033722,1,1.6567,-63,8.09304094488044,9.6542853498837,0.633,0.749031319231209
10.6392018795013,1,1.76101,-63,8.09474824176229,9.6524164867715,0.633,0.749118130937066
10.903167963028,1,1.78555,-62,8.09715613632259,9.64978072648305,0.633,0.749240566253691
11.0752708911896,1,1.93282,-62,8.09871184618025,9.64870276535734,0.633,0.749357985774773
11.1452519893646,1,1.88373,-63,8.09934315898902,9.64832192916445,0.633,0.749409105351765
11.3807899951935,1,2.09235,-62,8.10146799217838,9.64704013451186,0.633,0.749581160428603
11.8890779018402,1,2.17825,-63,8.10615955809693,9.64332569171263,0.633,0.749672177220252
11.991240978241,1,2.21507,-63,8.10713457969858,9.64229298485028,0.633,0.749605909518322
12.1557040214539,1,2.31324,-63,8.10870417828014,9.64063052401497,0.633,0.749499231173168
12.4803469181061,1,2.32551,-63,8.11188807254199,9.6372483026366,0.633,0.749177000519527
12.5559589862823,1,2.44823,-64,8.11270433815074,9.63637273107212,0.633,0.749004474102881
16.2324290275574,1,4.7492,-63,8.14930074332335,9.59848689274771,0.633,0.750643411312954
16.2945468425751,1,4.89033,-63,8.14991338601622,9.59780484577774,0.633,0.75029193434426
16.7074389457703,1,5.1419,-63,8.15398036708094,9.59327751354707,0.633,0.747972181301531
16.9551918506622,1,5.03759,-64,8.1563137966339,9.59068785088068,0.633,0.746918892383264
17.2343628406525,1,5.38734,-63,8.15894313346712,9.58776978745523,0.633,0.745732033604812
17.4567079544067,1,5.46711,-63,8.16105439226168,9.58542967630068,0.633,0.744715978980878
17.7556068897247,1,5.64505,-63,8.16401251315784,9.58217163481365,0.633,0.742854417066918
18.085578918457,1,5.87821,-62,8.16727815594879,9.57857489212863,0.633,0.740799329916118
18.3914949893951,1,5.89662,-61,8.17011901454432,9.57618281654766,0.633,0.740300774625669
18.4565658569336,1,5.98253,-61,8.1707130229406,9.57572582030702,0.633,0.740272071446228
18.959321975708,1,0.110447,-61,8.17526436574187,9.57202143500379,0.633,0.740288915351025
19.1797139644623,1,0.245437,-61,8.17713737667125,9.56984182098872,0.633,0.741060583711236
19.3901069164276,1,0.398835,-61,8.17892541035036,9.5677610946004,0.633,0.741797241995236
19.5868358612061,1,0.423379,-61,8.18059731986839,9.56581550135251,0.633,0.742486057877707
19.9395759105682,1,0.539961,-61,8.18410047410718,9.56175255658691,0.633,0.743257261356931
20.3522999286652,1,0.705631,-61,8.18826935484255,9.55691904835663,0.633,0.744092807438906
20.5014908313751,1,0.595185,-60,8.18959075697227,9.55537209288431,0.633,0.744206860827236
20.8871989250183,1,0.883573,-60,8.19300702088069,9.55137269858251,0.633,0.744501726762005
21.352187871933,1,1.21491,-59,8.1978506746152,9.54580462748401,0.633,0.743790880571475
21.6181390285492,1,1.27014,-59,8.20084951988768,9.5423846989315,0.633,0.743048309361145
21.7423348426819,1,1.28854,-59,8.20224994256233,9.54078763571035,0.633,0.742701538032184
22.2931859493256,1,1.52784,-59,8.21004129116933,9.53602769847509,0.633,0.744475405589346
22.6275517940521,1,1.62602,-59,8.21424656991848,9.53273812573829,0.633,0.744768767550638
22.9022238254547,1,1.73647,-58,8.2170863109992,9.52951647540437,0.633,0.744048433761189
23.4472668170929,1,1.92054,-58,8.22267417705811,9.52320071535798,0.633,0.742064396809512
24.0920038223267,1,2.11689,-57,8.22933740613294,9.51568408345335,0.633,0.739393789644128
24.1710739135742,1,2.23348,-58,8.23020087207243,9.51470208125767,0.633,0.739255026100198
24.6268258094788,1,2.41755,-57,8.23517780118388,9.50904192132362,0.633,0.738455207265663
25.128298997879,1,2.58322,-57,8.24049311287698,9.50297944750019,0.633,0.738727638043418
25.51535987854,1,2.73049,-56,8.24420729620541,9.49895586452009,0.633,0.738939226931322
25.7515008449554,1,2.79798,-57,8.24601627441523,9.49727959127546,0.633,0.738994055035365
26.2203099727631,1,2.90229,-57,8.25020554814836,9.4930559244738,0.633,0.738833446641671
26.4651389122009,1,3.0741,-57,8.25300206996332,9.48993820414826,0.633,0.738475240476608
26.9988160133362,1,3.28272,-57,8.25917667970047,9.483028673873,0.633,0.737679746942843
27.4974789619446,1,0.294524,-57,8.26502426650563,9.47645588561589,0.633,0.736941210004534
27.8469429016113,1,3.5527,-55,8.26852573510279,9.47254521484535,0.633,0.737323907037131
28.2393748760223,1,3.72451,-56,8.2724577237258,9.46815371095166,0.633,0.737753658250509
28.7001628875732,1,3.93313,-56,8.27773635655819,9.46224066789395,0.633,0.73645676715134
29.0350170135498,1,3.97608,-55,8.28188218349759,9.45775700416485,0.633,0.736045024881746
29.5681698322296,1,4.22765,-55,8.29039767865895,9.44946907827073,0.633,0.738703914836441
29.8707818984985,1,4.33196,-55,8.29422146779105,9.44549559948971,0.633,0.739168219810798
30.4571318626404,1,4.65103,-55,8.30032005256188,9.43872074209985,0.633,0.738700459055466
30.6297669410706,1,4.69398,-55,8.30226539218327,9.43655840265193,0.633,0.73869075788675
31.5368490219116,1,5.04373,-55,8.31136653218868,9.42645384474734,0.633,0.739324376629409
31.6801137924194,1,5.08054,-55,8.31263686161746,9.42504543603282,0.633,0.739526564154953
32.3676040172577,1,5.25849,-55,8.32054899629169,9.41626390707502,0.633,0.740117579178325
32.6411769390106,1,5.26462,-55,8.32283634935642,9.41332735452895,0.633,0.740552598686056
32.9395430088043,1,5.48552,-56,8.32432916443848,9.41084197622743,0.633,0.741256127496006
33.378075838089,1,5.69414,-55,8.3272860055994,9.40671587294374,0.633,0.741899345998526
33.7118349075317,1,5.81686,-55,8.33093589250156,9.4027074329202,0.633,0.741671802671502
34.0355579853058,1,5.88435,-55,8.33452370382042,9.39876361315588,0.633,0.741421464429268
34.5435998439789,1,6.03775,-55,8.34048324440527,9.39218853316789,0.633,0.740824111417594
34.9748640060425,1,6.27091,-55,8.34502775243394,9.38716524369866,0.633,0.74112513088846
35.2898848056793,1,0.0245437,-55,8.34812945379049,9.38373233613664,0.633,0.741687286285838
35.6365029811859,1,0.208621,-55,8.35175367118592,9.37970199128521,0.633,0.741673038908287
36.1255178451538,1,0.325204,-55,8.35673842396382,9.37375578102071,0.633,0.741571635879093
36.3908939361572,1,0.417243,-56,8.35799488779028,9.37010749448846,0.633,0.743427569193839
36.7063019275665,1,0.484738,-55,8.35948823532692,9.36577138899051,0.633,0.745633405434701
37.1261010169983,1,0.589049,-55,8.36320286709479,9.36107795841984,0.633,0.74615728087749
37.4566078186035,1,0.656544,-55,8.36641976936598,9.35756530134295,0.633,0.74616137594403
37.8151118755341,1,0.846757,-55,8.36997779829926,9.35369151361551,0.633,0.746326053384987
38.1307618618011,1,0.901981,-55,8.37312039130522,9.35027163299138,0.633,0.74649410648691
38.6198790073395,1,1.01243,-55,8.37803433067351,9.34494695369752,0.633,0.745968053757719
39.1453850269318,1,1.15969,-56,8.3834794966571,9.33904316407828,0.633,0.745244268727908
39.578784942627,1,1.28241,-55,8.38824871035731,9.33384988369597,0.633,0.744908088329195
40.0572888851166,1,1.42353,-56,8.39370716034302,9.32940010084195,0.633,0.747039131040184
40.3858098983765,1,1.51557,-56,8.39749470049467,9.3266112653074,0.633,0.749020994400632
40.6784448623657,1,1.61988,-57,8.40071087421386,9.32314495138692,0.633,0.749323669981464
41.1487348079681,1,1.78555,-56,8.40584000502512,9.31760714861514,0.633,0.749636981298792
41.4521520137787,1,1.83464,-56,8.40903755276382,9.31415079152945,0.633,0.749366901222168
42.0457198619843,1,2.11076,-57,8.41547241197541,9.30719616146733,0.633,0.748748128816939
42.3745238780975,1,2.22734,-57,8.41916856765065,9.30320221125902,0.633,0.748339099267097
42.5732779502869,1,2.34392,-57,8.42136862997123,9.3008195809858,0.633,0.748182003305426
43.0791118144989,1,2.45437,-57,8.42651920542196,9.29517077993591,0.633,0.748965698707342
43.5356848239899,1,2.69981,-57,8.43199378966527,9.28906190009341,0.633,0.749854405233619
43.9509389400482,1,2.90843,-57,8.43763068048727,9.28270105564623,0.633,0.750807150309808
44.4528579711914,1,3.11705,-59,8.44320748369863,9.27653660236894,0.633,0.750541576130693
44.8785889148712,1,3.20295,-59,8.44781369934574,9.27148916771314,0.633,0.750043058967388
45.2669429779053,1,3.49748,-58,8.45224236238977,9.26666192499515,0.633,0.749586906673853
45.8215348720551,1,3.67542,-59,8.45870591510888,9.25962020301582,0.633,0.749318859389923
46.2864208221436,1,3.84722,-59,8.46392829117436,9.25392977438785,0.633,0.749380522832898
46.7098498344421,1,4.05585,-59,8.46826419836297,9.24920134078245,0.633,0.74965831075863
47.2206017971039,1,4.23379,-59,8.4734702243402,9.24522561231749,0.633,0.751085193841256
47.4470999240875,1,4.31355,-59,8.47577582787352,9.24368232034377,0.633,0.751856839828116
48.0204470157623,1,4.54672,-60,8.48160498086475,9.23766723914264,0.633,0.751662713495935
48.2711899280548,1,4.72466,-60,8.48415355777053,9.23483102757295,0.633,0.751368389653797
48.8813710212708,1,4.75534,-61,8.48994819882751,9.22838428231708,0.633,0.749553001899264
49.3552939891815,1,5.08668,-61,8.49507329994764,9.22269191870435,0.633,0.748668616442138
49.7670938968658,1,5.27076,-61,8.49988707716265,9.21735325564116,0.633,0.748236384959204
50.0189108848572,1,5.24008,-61,8.50309981595883,9.21381291427943,0.633,0.748304883677454
50.6209499835968,1,5.66959,-62,8.51058136490883,9.2062209074459,0.633,0.747958408411137
51.1365478038788,1,5.76777,-63,8.5165863321888,9.20098763656915,0.633,0.746885314093539
51.5399827957153,1,5.94571,-62,8.52065590516813,9.19643504469595,0.633,0.746090276098123
51.8780379295349,1,6.20955,-63,8.52402256827538,9.19266915361614,0.633,0.745323251769126
52.3459529876709,1,0.0368155,-63,8.52845238578337,9.18771598214096,0.633,0.743727022169199
52.7376389503479,1,0.30066,-63,8.53265274396417,9.18299458086029,0.633,0.741161873945484
53.1777439117432,1,0.589049,-62,8.5380324004214,9.17691823465917,0.633,0.736631573158649
53.5275719165802,1,0.674952,-63,8.54175224851415,9.17268950385024,0.633,0.735947915900354
53.9588329792023,1,0.951068,-63,8.54603258193713,9.16780647980161,0.633,0.736706814096324
54.3798458576202,1,1.09833,-62,8.54871882271339,9.16420967064199,0.633,0.737173348834163
55.0427498817444,1,1.46649,-62,8.55394330952415,9.1577880396029,0.633,0.73714100669108
55.3153347969055,1,1.49103,-62,8.55657410170021,9.15477820319034,0.633,0.736822009066308
55.9438018798828,1,1.87146,-62,8.5630067216289,9.14745097193953,0.633,0.735657436690819
56.2332689762115,1,2.00645,-63,8.56601777259681,9.14402457152584,0.633,0.734881899313668
56.724702835083,1,2.50346,-61,8.57116712033348,9.13816473559949,0.633,0.732502102205934
57.2985179424286,1,2.93297,-61,8.57734348625818,9.1311725620517,0.633,0.731719248211551
57.7118020057678,1,3.30113,-61,8.58194847469456,9.12658104474004,0.633,0.732439251960118
58.249862909317,1,3.61406,-60,8.58829307657581,9.12218508720926,0.633,0.735616155997634
58.6173048019409,1,3.65701,-60,8.59218483892587,9.11794882416326,0.633,0.736198071641283
59.5301508903503,1,4.19084,-59,8.60117771272318,9.10761911091379,0.633,0.737791722362646
60.0505390167236,1,4.47922,-58,8.60627877721529,9.10178742086973,0.633,0.738207044147642
60.5863709449768,1,4.76148,-58,8.6118941087638,9.09539002461396,0.633,0.737021226383175
61.0463888645172,1,4.98851,-57,8.61720738789428,9.08935518905835,0.633,0.733750607896186
61.4668498039246,1,5.19099,-57,8.62292559176048,9.08239821147385,0.633,0.732188144958311
62.2113778591156,1,5.65119,-57,8.6319526954739,9.07148813461711,0.633,0.730922939335488
62.8523528575897,1,5.80458,-56,8.63811720011135,9.06428023751655,0.633,0.730851577882648
63.3421828746796,1,5.98866,-56,8.64270325814739,9.0589051077302,0.633,0.730863717448037
63.8578839302063,1,6.09297,-56,8.64783648186077,9.05288568632625,0.633,0.730927178155985
64.3896288871765,1,0.0736311,-56,8.65323412074702,9.04657151224828,0.633,0.730662202211474
65.2134017944336,1,0.392699,-55,8.6620598835593,9.03687294535739,0.633,0.72860618723771
65.6646468639374,1,0.558369,-55,8.66703820403007,9.03150185704157,0.633,0.72750097398768
66.5242958068848,1,0.803806,-54,8.67623134346366,9.02101350278411,0.633,0.727504359449344
67.2671799659729,1,1.0247,-54,8.68413346734823,9.01192656269978,0.633,0.727509500656028
67.8282589912415,1,1.14742,-53,8.68995194416929,9.00521021393138,0.633,0.727247249308625
68.3443009853363,1,1.24559,-53,8.69472036102849,8.99966719582381,0.633,0.727032635017794
69.100606918335,1,1.43581,-53,8.70103100742998,8.99171101028047,0.633,0.7277906944392
69.7398838996887,1,1.58307,-53,8.70825453649118,8.98329268032656,0.633,0.72790835040497
70.4021158218384,1,1.70579,-52,8.71478833497353,8.97576714927466,0.633,0.727178275727677
71.2394418716431,1,1.896,-52,8.72301138905884,8.96612833886965,0.633,0.727578536790444
71.6546158790588,1,2.00645,-52,8.72799561762937,8.96033245839887,0.633,0.726574832046195
72.2265589237213,1,2.06781,-51,8.73585504177478,8.95009150784703,0.633,0.724116881865431
72.7789540290833,1,2.15371,-52,8.74342542320739,8.93999701461899,0.633,0.721868517878065
73.3184278011322,1,2.29484,-51,8.74909315934076,8.93345274786473,0.633,0.721792007154378
73.9359219074249,1,2.41755,-51,8.75586015196049,8.92551387354249,0.633,0.716599274239475
74.3256859779358,1,2.528,-51,8.75983441444225,8.92079120722407,0.633,0.7127884288077
74.891566991806,1,2.57095,-50,8.76554041794554,8.91397611104527,0.633,0.707828249554863
75.4276168346405,1,2.68753,-50,8.77136772954718,8.90702315580967,0.633,0.706049426315625
76.0440709590912,1,2.82252,-50,8.77484773755161,8.904155360817,0.633,0.704177753576288
76.5143837928772,1,2.89616,-50,8.77893611020342,8.89943480504284,0.633,0.703415553524178
77.0420868396759,1,2.95138,-50,8.78414200225475,8.89299408904929,0.633,0.703066758340471
77.6150889396667,1,3.0741,-50,8.78946782855404,8.88637428421209,0.633,0.703346068341945
78.3662769794464,1,3.21522,-50,8.79726195678722,8.87670801143886,0.633,0.702099524074805
78.7951788902283,1,3.23977,-50,8.80078447293441,8.87234054814453,0.633,0.703638127156926
79.2496929168701,1,3.28885,-50,8.80557604782661,8.86660295891141,0.633,0.704900675867349
79.7770419120789,1,3.36249,-49,8.81323621745556,8.85774475327414,0.633,0.705635471285784
80.2236249446869,1,3.42385,-49,8.81822963258473,8.85171984062152,0.633,0.704408017224703
80.7970819473267,1,3.50361,-49,8.82448339573473,8.84411452293163,0.633,0.702408912122154
81.219918012619,1,3.5527,-49,8.8290823170917,8.83849685317279,0.633,0.700721282626728
81.7450339794159,1,3.61406,-49,8.83394639991963,8.8325813138477,0.633,0.70136920354772
82.2260508537292,1,3.66928,-49,8.83827562728244,8.8273487114575,0.633,0.702407913968453
82.5880839824677,1,3.66315,-49,8.84149652759746,8.82347465643464,0.633,0.703333299569796
83.1280808448792,1,3.74905,-49,8.8469338028893,8.81668611911345,0.633,0.703403437563773
83.7558579444885,1,3.84722,-49,8.85299458392456,8.80935924930472,0.633,0.702822404921391
84.215372800827,1,3.89018,-49,8.85755878436096,8.80399857769443,0.633,0.702355963507696
84.8128879070282,1,3.93313,-49,8.8641626794398,8.7962543646005,0.633,0.701942673572695
85.7043988704681,1,4.00676,-49,8.87372568803352,8.78502246990096,0.633,0.701165392733948
86.193247795105,1,4.08039,-48,8.8784965872505,8.77942800931645,0.633,0.700775067454449
86.5474708080292,1,4.06198,-48,8.88066193112553,8.77700418970858,0.633,0.701023789386041
87.0122728347778,1,4.13561,-48,8.88397536294741,8.77321166708399,0.633,0.70169612098247
87.6415178775787,1,4.17243,-49,8.88993996138424,8.76616419994595,0.633,0.703591517328819
88.445967912674,1,4.19697,-49,8.89778330975609,8.75692877169792,0.633,0.704159956631687
89.0594749450684,1,4.25219,-49,8.90375669623612,8.7498669159433,0.633,0.703447386661361
89.5890688896179,1,4.28901,-49,8.90954755546478,8.74303385877499,0.633,0.703379212811172
90.1061608791351,1,4.36264,-49,8.9175650461826,8.73302962945104,0.633,0.701365010344412
90.6063129901886,1,4.41173,-49,8.92412936066174,8.72492651365408,0.633,0.699833048633115
91.0298738479614,1,4.44854,-49,8.92803055059781,8.72029640183159,0.633,0.699335632337828
91.7888679504395,1,4.4915,-49,8.93522723451036,8.71175608929306,0.633,0.699195239888988
92.4591958522797,1,4.54672,-50,8.94174449933606,8.70403229527831,0.633,0.699869328104539
93.1776378154755,1,4.65103,-50,8.94905197113262,8.695325473754,0.633,0.699986516823532
94.0353779792786,1,4.71239,-50,8.95212126209272,8.69111908676187,0.633,0.701200841987894
94.4662499427795,1,4.71852,-50,8.95640613119242,8.68607300882497,0.633,0.701369658463885
95.074236869812,1,4.72466,-50,8.96293771673146,8.67839000389305,0.633,0.70057223600882
95.8553729057312,1,4.77988,-50,8.97080443633331,8.66911758022498,0.633,0.699694263706697
96.5436890125275,1,4.84738,-50,8.97722396535527,8.661537484857,0.633,0.700640568536667
97.1145129203796,1,4.85352,-50,8.98421378953898,8.65385207272363,0.633,0.701510896378096
97.8106329441071,1,4.80136,-51,8.99309684321427,8.64417991487203,0.633,0.702327837492614
98.6174509525299,1,4.82284,-50,9.00100128508958,8.6348960784878,0.633,0.702869169022429
99.1255729198456,1,4.79829,-50,9.00602501035257,8.62897926017017,0.633,0.702557581511292
99.8904438018799,1,4.77988,-50,9.01335119644989,8.62027424563031,0.633,0.702217836049494
100.846114873886,1,4.75534,-51,9.02058213188007,8.6107618488685,0.633,0.701663509193721
101.214074850082,1,4.71852,-51,9.02309655160851,8.60731459360457,0.633,0.70158409853781
101.792479991913,1,4.70012,-52,9.0291517035928,8.6000802804444,0.633,0.702122688372201
102.247879981995,1,4.69398,-52,9.03356056974273,8.59477313599876,0.633,0.702571571170586
103.146080970764,1,4.52218,-52,9.04257239048865,8.58398611400518,0.633,0.703577695527771
103.676777839661,1,4.46695,-52,9.04792606351588,8.57760674787079,0.633,0.703250412920289
104.482106924057,1,4.38105,-53,9.05695983324523,8.56811533851549,0.633,0.703524978274047
105.274844884872,1,4.25219,-53,9.06483910168082,8.55895893977057,0.633,0.7039777760361
105.605153799057,1,4.16629,-54,9.06824254960199,8.55489648952713,0.633,0.703091999584414
106.480187892914,1,3.99449,-55,9.07684693806362,8.54461074567567,0.633,0.703551608780852
107.193828821182,1,3.86563,-55,9.08344098629386,8.53674306486686,0.633,0.704556046007565
107.979277849197,1,3.66928,-55,9.08879649042474,8.52933562701532,0.633,0.705395232645877
108.561897993088,1,3.50361,-55,9.09394030663975,8.52301567900768,0.633,0.705542469475287
109.159066915512,1,3.41157,-56,9.09978520741753,8.51608850547673,0.633,0.704885198613896
109.603819847107,1,3.33181,-56,9.1041891417934,8.51086224322933,0.633,0.704322617946701
110.149261951447,1,3.12932,-56,9.10963370526816,8.5044188839723,0.633,0.704847548963096
111.15309882164,1,3.05569,-57,9.11966449033552,8.49260385131055,0.633,0.704636703397369
111.302742004395,1,3.03728,-57,9.12119170862439,8.49082931022186,0.633,0.705155462969986
112.038244962692,1,2.82866,-57,9.12865479435722,8.48207580244505,0.633,0.706631863550074
112.714586019516,1,2.66913,-57,9.13528010382169,8.47419628205351,0.633,0.707520212054698
113.66996884346,1,2.49732,-57,9.14442260225747,8.46333736414264,0.633,0.709220204272171
114.138008832932,1,2.44823,-57,9.14913340357076,8.45780877880632,0.633,0.708298857657609
114.63914680481,1,2.35006,-57,9.1545840264443,8.45099749744806,0.633,0.706571946906418
115.428637981415,1,2.1353,-56,9.16384589884765,8.43843797260994,0.633,0.704480334372897
116.29619884491,1,1.97577,-56,9.17205208477168,8.42869951899803,0.633,0.706561341179088
116.98185300827,1,1.88986,-55,9.17906701926162,8.42038982077318,0.633,0.708906549106924
117.454289913177,1,1.79169,-55,9.18421907623149,8.41430359825358,0.633,0.710029160671074
117.881836891174,1,1.71192,-55,9.18832538999703,8.4094712052338,0.633,0.710768053088619
118.727393865585,1,1.62602,-55,9.19773206203017,8.40023366703806,0.633,0.710644943950013
119.300755023956,1,1.54625,-56,9.20347921241477,8.39343541540317,0.633,0.709551459584799
119.865827798843,1,1.46035,-56,9.20879159647944,8.38713927288557,0.633,0.710004341861521
120.85150885582,1,1.30695,-56,9.21906784712215,8.37492890937483,0.633,0.709591637157605
121.417052984238,1,1.1781,-56,9.22451082194178,8.36842692944008,0.633,0.711355347882421
122.111402988434,1,1.00016,-57,9.23101191835648,8.36071081958971,0.633,0.71535924277166
122.754110813141,1,0.889709,-57,9.23721949658141,8.35336453405889,0.633,0.716388604441327
123.607815980911,1,0.822214,-59,9.2462437088701,8.34260529570585,0.633,0.715930487687869
124.281493902206,1,0.60132,-59,9.25318028784604,8.33432323390796,0.633,0.714472713671576
124.791601896286,1,0.478602,-60,9.25825219086408,8.32824741840529,0.633,0.712668837614898
125.353809833527,1,0.429515,-60,9.26324747866923,8.32284748418506,0.633,0.711826658259485
126.175951004028,1,0.16567,-61,9.27055360328676,8.31477279967618,0.633,0.712054399571749
126.495241880417,1,0.202485,-61,9.27348271584496,8.31132546208468,0.633,0.712511466211068
127.523875951767,1,6.2341,-63,9.2829788886319,8.30011309424952,0.633,0.716158952990887
128.225843906403,1,6.06843,-64,9.29018152086605,8.29167340585995,0.633,0.715741525111369
138.284343957901,1,6.05002,-65,9.38781694401607,8.1750060814631,0.633,0.71062613572929
138.679145812988,1,5.94571,-64,9.39176144384381,8.1704104879003,0.633,0.709890056211332
139.854031801224,1,5.85981,-63,9.40258671689649,8.15767838083589,0.633,0.704364876607257
146.123527288437,1,1.88373,-65,9.37471669025174,8.17244894088056,0.633,1.1718923784823
146.534659147263,1,2.08621,-64,9.37225414043653,8.17166092493969,0.633,1.21706375059264
147.355225324631,1,2.2887,-64,9.37151843101923,8.17188385632692,0.633,1.23015555899159
147.458869218826,1,2.33779,-65,9.37142919755747,8.17191360081418,0.633,1.23174106948606
148.459965229034,1,2.27029,-64,9.37056729186357,8.17220090271214,0.633,1.24705550978644
148.815834283829,1,2.27029,-64,9.37026090210526,8.17230303263158,0.633,1.25249947853552
149.808093309402,1,2.2887,-64,9.36934489530234,8.17260399560894,0.633,1.26765841268982
150.450985193253,1,2.35619,-64,9.36815169833177,8.1729564004927,0.633,1.27728251345562
151.064716339111,1,2.46051,-64,9.36701262322073,8.17329282075022,0.633,1.28647007755346
151.620514154434,1,2.35006,-64,9.36598107143707,8.17359748451939,0.633,1.29479037885831
152.439107179642,1,2.49732,-64,9.36446177598111,8.17404620099434,0.633,1.30704472824221
153.074947357178,1,2.54641,-64,9.36328166686377,8.17439474044473,0.633,1.31656326486287
153.611558198929,1,2.52186,-64,9.36234054584821,8.17462220479763,0.633,1.32475933758138
154.25679731369,1,2.58322,-63,9.36121251669045,8.17489132850532,0.633,1.33462529818458
155.083921194077,1,2.57709,-63,9.35976651034518,8.17523631479074,0.633,1.34727234860537
155.709339141846,1,2.67526,-63,9.35867313323159,8.17549717125947,0.633,1.35683523574607
156.334396362305,1,2.71821,-63,9.35758038675386,8.17575787727192,0.633,1.36639260722389
161.398215293884,1,2.77344,-63,9.36637311049316,8.17466250611428,0.633,1.43015549860578
161.771415233612,1,2.75503,-62,9.36844465495034,8.17434423152184,0.633,1.43052896532408
162.416171312332,1,2.72435,-62,9.37202354320547,8.17379436680768,0.633,1.43117418230081
163.143833398819,1,2.69367,-62,9.37883205056234,8.17274861366364,0.633,1.43136087778388
163.604627370834,1,2.5955,-61,9.38547813351759,8.1717279652098,0.633,1.43102263963348
163.893011331558,1,2.54641,-61,9.38941702783886,8.1711145335294,0.633,1.4310501060676
164.428570270538,1,2.56482,-61,9.39672679259423,8.16997592129126,0.633,1.43110672214574
164.968512296677,1,2.57095,-61,9.40524153329645,8.16868456991934,0.633,1.4291887226876
165.844265222549,1,2.45437,-61,9.41643622356086,8.16598832973802,0.633,1.42090495767545
166.163066387177,1,2.47278,-60,9.42009607268997,8.16493717895225,0.633,1.4174762664642
166.897250413895,1,2.52186,-60,9.43035498505596,8.16315264545665,0.633,1.41713142907375
167.535504341125,1,2.39301,-60,9.43985503150115,8.16152447402886,0.633,1.41854478739608
168.186150312424,1,2.35619,-59,9.44987737585884,8.15983152080203,0.633,1.41729968072259
168.987635374069,1,2.38074,-59,9.4620340819012,8.15778340660333,0.633,1.41401310154717
169.404679298401,1,2.40528,-60,9.46815164639185,8.15675534454597,0.633,1.41258443970419
170.201075315475,1,2.31324,-59,9.48213379126748,8.1550248326168,0.633,1.40689960242001
170.838713407516,1,2.19666,-59,9.49115166650851,8.15349742517649,0.633,1.40811072852167
171.471716403961,1,2.14757,-59,9.50019707588216,8.15197544590021,0.633,1.4080638421747
172.136835336685,1,2.12917,-59,9.50961114811786,8.15040154940379,0.633,1.40785614875692
172.964091300964,1,2.01258,-58,9.52109818960636,8.14847175134162,0.633,1.4068669765606
173.290390253067,1,2.01258,-58,9.52561167876764,8.14769835029904,0.633,1.40559780561894
174.182677268982,1,1.85305,-58,9.53798925369385,8.1460668518307,0.633,1.40326035167993
174.900245189667,1,1.71806,-58,9.54906900659528,8.14422430453163,0.633,1.40222320650837
175.155385255814,1,1.75487,-58,9.55306690109233,8.14353133757831,0.633,1.40198564435897
175.766238212585,1,1.63829,-58,9.56263204904183,8.14186220020704,0.633,1.4017798602995
176.826980352402,1,1.52171,-57,9.57730587163066,8.13928199087452,0.633,1.40290919517777
177.407631397247,1,1.40513,-57,9.5857078249487,8.13779970646808,0.633,1.40304969606938
178.180807352066,1,1.25786,-57,9.59644264409457,8.1363352671021,0.633,1.40220184873586
178.50725030899,1,1.1781,-57,9.60104652798253,8.13560981327621,0.633,1.40211642714043
179.250359296799,1,1.07992,-57,9.61188226938086,8.13353689906752,0.633,1.40262241999022
179.767233371735,1,0.99402,-58,9.62013252435582,8.13193059942466,0.633,1.39952232418145
180.575258255005,1,0.803806,-58,9.63193999921341,8.12956341733291,0.633,1.39575628816962
181.40246129036,1,0.595185,-57,9.64341329138231,8.12724196423673,0.633,1.39500453286434
181.595430374146,1,0.521553,-57,9.64608311165714,8.12670391372216,0.633,1.39514982920583
182.519241333008,1,0.33134,-57,9.65849075006015,8.1228966807498,0.633,1.390297573728
183.175038337708,1,0.294524,-57,9.66895020291463,8.12078534079065,0.633,1.38930673257016
183.663875341415,1,0.177942,-57,9.67683721032788,8.1192092539788,0.633,1.38858440665657
184.720240354538,1,6.14819,-58,9.69325548767961,8.11589392337904,0.633,1.38793245933203
184.987428188324,1,6.13592,-58,9.69712566619062,8.11510508991503,0.633,1.38817064345581
185.875683307648,1,5.9273,-59,9.70865095628328,8.11280487875697,0.633,1.39070301144126
186.323802232742,1,5.7739,-59,9.71505163253109,8.11177319080913,0.633,1.39071353886929
186.894134283066,1,5.62051,-59,9.72390734344047,8.11023957175707,0.633,1.3902519202388
187.345304250717,1,5.46097,-59,9.73143545512531,8.10886387622076,0.633,1.38953677692428
187.915823221207,1,5.15418,-59,9.7406779807025,8.1071510252565,0.633,1.38887137592738
188.612417221069,1,4.91487,-59,9.75171969331327,8.10508431953557,0.633,1.38853
189.159688234329,1,4.71239,-58,9.76024308377854,8.10347277552982,0.633,1.38881713678933
189.614229202271,1,4.70625,-58,9.76723747812814,8.10213402689518,0.633,1.38980985293789
190.091141223907,1,4.55285,-57,9.77610815381178,8.10109135740356,0.633,1.39185004787055
190.652188301086,1,4.34423,-57,9.78802663338294,8.10021509550031,0.633,1.3952167383409
190.995964288712,1,4.31969,-57,9.79280433537739,8.09940444278586,0.633,1.39510152916569
191.437507390976,1,4.2706,-57,9.79864339128949,8.09833101065992,0.633,1.39469704749504
192.112865209579,1,4.05585,-56,9.80866336477975,8.09650602259214,0.633,1.39027747109847
192.756363391876,1,3.93926,-57,9.81876547045004,8.09459554181517,0.633,1.38652138426695
193.404567241669,1,3.69383,-55,9.82890143315523,8.09261643866745,0.633,1.38381395224028
194.022314310074,1,3.47907,-55,9.83805251577135,8.09083421501948,0.633,1.38208160460186
194.503139257431,1,3.35635,-55,9.84432600573315,8.09007755646423,0.633,1.38305283797129
194.69037938118,1,3.36862,-55,9.84676899261069,8.08978290278143,0.633,1.38343105016115
195.239804267883,1,3.20909,-54,9.85409593556568,8.08839407500933,0.633,1.38544446017523
195.732948303223,1,3.12318,-54,9.86091052129003,8.08694327223423,0.633,1.38710375315018
196.074104309082,1,3.06796,-53,9.86642759407851,8.08580665307179,0.633,1.38632046503824
196.630487203598,1,2.93297,-53,9.87522688131441,8.08399195346002,0.633,1.384677775758
197.100223302841,1,2.87775,-52,9.88225579346913,8.08253847889491,0.633,1.38255434026054
197.757976293564,1,2.76117,-52,9.89245626467997,8.08040450326587,0.633,1.38103317903141
198.12834239006,1,2.73049,-51,9.89824847330294,8.07919494656204,0.633,1.38055700763869
198.645633220673,1,2.6814,-51,9.90438285826802,8.07834364415872,0.633,1.38208434430347
199.165858268738,1,2.60163,-51,9.91099953926803,8.077183724027,0.633,1.38362828066133
199.600520372391,1,2.56482,-51,9.91703713973006,8.07586891556401,0.633,1.38492731142276
200.045172214508,1,2.49732,-51,9.92311963752815,8.07453921387505,0.633,1.38558648656879
200.480824232101,1,2.46051,-51,9.92902125830789,8.07324585683492,0.633,1.38582016031974
200.902259349823,1,2.41142,-51,9.93481300127523,8.07196399182225,0.633,1.38580637892947
201.398505210876,1,2.34392,-51,9.94166040924526,8.07044434777276,0.633,1.38571027495796
201.956109285355,1,2.27029,-51,9.95031895054518,8.06855955373675,0.633,1.38457201775951
202.389716386795,1,2.18439,-51,9.95754831713424,8.06723428528156,0.633,1.3838186186025
202.986241340637,1,2.10462,-51,9.96838037031527,8.06566345145256,0.633,1.38302203462286
203.276144266129,1,2.08008,-51,9.97273200627785,8.06474013577967,0.633,1.3830496164034
203.888639211655,1,1.94509,-51,9.98174933175368,8.06277904329367,0.633,1.38332449396682
204.422119379044,1,1.85305,-52,9.98911415749408,8.06115245601358,0.633,1.38489298884405
204.78888130188,1,1.79169,-52,9.99410484583107,8.06004870662687,0.633,1.38583281094478
205.500273227692,1,1.67511,-52,10.0035687474286,8.05795020369714,0.633,1.3871195419581
205.941095352173,1,1.57693,-52,10.010169241678,8.05648159372666,0.633,1.38637148594317
206.463044404984,1,1.46649,-53,10.0183164864465,8.05462168560159,0.633,1.38476569668868
206.918619394302,1,1.36217,-53,10.025981575002,8.05279640192398,0.633,1.38216287525111
207.751239299774,1,1.0247,-53,10.0384129323932,8.05007902608145,0.633,1.38087645100014
208.420457363129,1,0.846757,-54,10.048585178995,8.04790185607528,0.633,1.38108315082404
208.922779321671,1,0.570641,-54,10.0561839064361,8.04625676637848,0.633,1.38173452334294
209.568082332611,1,0.386563,-55,10.0653973938264,8.04422667593655,0.633,1.38360845298165
210.060680389404,1,0.19635,-55,10.0727151887952,8.04263719072495,0.633,1.38370992383867
210.489829301834,1,0.0122718,-56,10.078940589163,8.04137981669805,0.633,1.38365669067413
211.043547391891,1,6.06843,-55,10.0859765943057,8.04055559895276,0.633,1.38303350164721
211.914346218109,1,5.84753,-56,10.0978935132434,8.0382549980136,0.633,1.38053661192093
212.515894412994,1,5.62051,-56,10.1066166712336,8.03639764027149,0.633,1.37969292355465
212.69512629509,1,5.54687,-57,10.1092558866469,8.03583624784037,0.633,1.37959227550923
213.493348360062,1,5.25849,-57,10.1211936257537,8.03327777571698,0.633,1.38029504733393
214.020975351334,1,5.11122,-57,10.1291158861072,8.03157375678175,0.633,1.38165569447485
214.425057411194,1,4.91487,-56,10.1351766176209,8.03026874443163,0.633,1.38315132660645
214.977460384369,1,4.86579,-57,10.1437593890137,8.02795066902372,0.633,1.38314722233957
215.23303937912,1,4.71852,-57,10.1477808287075,8.02678754492767,0.633,1.38279766642773
215.574206352234,1,4.67557,-57,10.1529072356831,8.02548058835465,0.633,1.38234325868605
216.134157180786,1,4.53445,-57,10.16094309887,8.02371968616067,0.633,1.38161653714567
216.797502279282,1,4.21538,-58,10.1707701942844,8.02157730726162,0.633,1.37915019177736
217.327037334442,1,4.20311,-58,10.1783063603996,8.01992286765718,0.633,1.3784427841298
217.72522521019,1,4.08652,-58,10.1837781515919,8.01871409923925,0.633,1.37872632240067
218.028865337372,1,3.93926,-59,10.1881721493701,8.01774063240864,0.633,1.37933948257474
218.891788244247,1,3.66315,-59,10.1988413300609,8.01521543859912,0.633,1.38108031007694
219.698419332504,1,3.3993,-60,10.2066054691064,8.01317925025587,0.633,1.38161555354845
220.319313287735,1,3.15386,-61,10.216865351174,8.0109741032494,0.633,1.38228781185101
220.443867206573,1,3.11091,-62,10.2186836954734,8.010579351581,0.633,1.382043811804
221.449732303619,1,2.54027,-62,10.2344125377881,8.00717277438132,0.633,1.37992048286312
221.990880250931,1,2.19666,-63,10.2438533264401,8.00513866813147,0.633,1.37872733351643
222.252191305161,1,2.14144,-63,10.2479006917925,8.0042786029941,0.633,1.37861982537426
222.997445344925,1,1.5892,-63,10.2600981372276,8.00260569289699,0.633,1.37841
223.788977384567,1,0.987884,-63,10.2740499321271,8.00195366820389,0.633,1.37931621124271
224.340439319611,1,0.668816,-63,10.2827215713355,8.00011928298672,0.633,1.38181097513806
224.87496137619,1,0.214757,-63,10.2905201973413,7.99847363904817,0.633,1.38385789965024
225.368321180344,1,6.2341,-63,10.297718125406,7.99695335741393,0.633,1.38488854792984
225.967276334763,1,5.85981,-62,10.3067764726719,7.99503298779355,0.633,1.38332326552229
226.505573272705,1,5.47938,-62,10.315671498333,7.99320839848773,0.633,1.38124715744701
227.075974225998,1,5.39961,-60,10.3248574916211,7.99176344696722,0.633,1.38035149832422
227.64395236969,1,4.88419,-60,10.3332620532722,7.99122315371822,0.633,1.38203241065444
227.928201198578,1,4.83511,-60,10.3378929626722,7.99043329580727,0.633,1.38110344124855
228.454828262329,1,4.65103,-59,10.3467645235553,7.98861298294458,0.633,1.37816596886725
229.307603359222,1,4.43627,-58,10.3593989829961,7.9859091441496,0.633,1.37645953915748
229.625167369843,1,4.38719,-58,10.3633771935051,7.98506559368161,0.633,1.37661406379986
230.442882299423,1,4.19084,-57,10.374012239495,7.98281056361977,0.633,1.37771434449668
230.680868387222,1,4.17243,-57,10.3775542098822,7.98205609513078,0.633,1.37833634905249
231.410606384277,1,3.9454,-57,10.3902739872324,7.97887831516557,0.633,1.38175382030229
232.044013261795,1,3.87177,-57,10.4015260292276,7.9759295162721,0.633,1.3849335825265
232.511538267136,1,3.81041,-57,10.4077088565063,7.97458212655381,0.633,1.38562769238137
233.0181453228,1,3.73064,-57,10.4144844991249,7.97313589432942,0.633,1.38503031726219
233.723329305649,1,3.56497,-56,10.4243090213435,7.97106298576698,0.633,1.38311975089184
234.216140270233,1,3.50361,-57,10.4316433596542,7.96952456358472,0.633,1.38133088788921
234.668587207794,1,3.38703,-57,10.438304048643,7.96813675788226,0.633,1.38080905424885
235.304681301117,1,3.25818,-58,10.4486787550169,7.9660378025218,0.633,1.38102504727753
235.753427267075,1,3.19068,-58,10.4584534120229,7.96418604805565,0.633,1.38248581546343
236.224871397018,1,3.09864,-59,10.4667779343315,7.96251929742371,0.633,1.38343145457157
236.556742191315,1,3.01274,-59,10.4713151886933,7.96153555643376,0.633,1.38369646234846
237.265503406525,1,2.82866,-60,10.4813135103935,7.95940933085632,0.633,1.38385468862335
237.731327295303,1,2.67526,-61,10.4881467482998,7.95798206081306,0.633,1.38360239864994
238.073016405106,1,2.58936,-62,10.4934781094953,7.95689099154514,0.633,1.38297420725326
238.517023324966,1,2.50346,-63,10.5004537238203,7.95546457716199,0.633,1.38179570362751
238.955819368362,1,2.21507,-64,10.5075715763267,7.95401444750956,0.633,1.37893262713425
239.686673402786,1,1.93282,-64,10.517998309379,7.95252656023256,0.633,1.37762298425761
240.017394304276,1,1.896,-65,10.5222403619891,7.95216238401792,0.633,1.37818325535705
254.904422283173,1,4.60808,-64,10.7390710916735,7.90781982122401,0.633,1.381404955306
255.612493276596,1,4.46695,-64,10.7492723090204,7.90559447863989,0.633,1.38006994361522
256.164958238602,1,4.3381,-64,10.7590491252682,7.90324142708767,0.633,1.37941309834046
257.045021295547,1,4.12334,-63,10.7746832712798,7.89948793348722,0.633,1.37924673624759
268.228865385056,1,4.79829,-64,10.9452925426801,7.86748548701578,0.633,1.37862428762949
268.599781274796,1,4.62649,-63,10.9508422433124,7.86640352542412,0.633,1.37998809747587
268.875315189362,1,4.68785,-62,10.9549338891899,7.86562989490107,0.633,1.3811468240815
269.16506934166,1,4.55899,-62,10.9592676966242,7.86480344227004,0.633,1.38224448075668
269.554318189621,1,4.44854,-61,10.9655800572109,7.86348915226729,0.633,1.3818063840891
269.864328384399,1,4.34423,-61,10.970607422469,7.86244240979937,0.633,1.38145746993312
270.289889335632,1,4.25833,-61,10.9772039853226,7.86110543063908,0.633,1.38097785954541
270.536257266998,1,4.17856,-61,10.9809655867321,7.86035021681763,0.633,1.38070007974901
270.929633378983,1,4.01289,-60,10.9868608651805,7.85915908611889,0.633,1.38023015694267
271.298557281494,1,3.93313,-60,10.9921200863783,7.85807779024062,0.633,1.37972527170768
271.461680412292,1,3.93926,-61,10.9944454998891,7.85759968522281,0.633,1.37950203201065
271.697345256805,1,3.89018,-60,10.9978049813187,7.85690898298077,0.633,1.379178530511
272.118520259857,1,3.68769,-61,11.0037426862652,7.8556967015542,0.633,1.37742690755178
272.202051401138,1,3.69383,-60,11.0049203042795,7.85545627120961,0.633,1.37707951023756
272.707928180695,1,3.49748,-60,11.0119652054313,7.85436720548152,0.633,1.37495950686444
272.902856349945,1,3.60179,-60,11.0146072255917,7.85425397604607,0.633,1.37412915767118
273.212483406067,1,3.41157,-60,11.0188038531373,7.85407412057983,0.633,1.37281021758543
273.420518398285,1,3.33794,-61,11.0217736161469,7.8538208243036,0.633,1.3719474669025
273.592347383499,1,3.11705,-61,11.024663181831,7.8532262805729,0.633,1.3713030313902
273.841309309006,1,3.23977,-61,11.0288498552011,7.85236484993703,0.633,1.37036931286881
274.052629232407,1,2.96365,-61,11.0324035210642,7.85163366401125,0.633,1.36957676868352
274.470031261444,1,2.89616,-61,11.039293595064,7.85018269971969,0.633,1.36882798362313
274.742164373398,1,2.8348,-61,11.0437392215419,7.8492342994044,0.633,1.36863369328076
274.778359413147,1,2.8532,-61,11.0443305116863,7.84910815750692,0.633,1.36860785171149
275.168094396591,1,2.74889,-61,11.0504480541271,7.84781717592214,0.633,1.36841513509101
275.398550271988,1,2.64458,-61,11.0538043599425,7.84712426117316,0.633,1.36839077480687
275.591259241104,1,2.56482,-61,11.0566109285866,7.84654484054987,0.633,1.36837040455058
275.778015375137,1,2.55868,-61,11.0593308015238,7.84598331839509,0.633,1.36835066353733
276.069232225418,1,2.48505,-62,11.0637240332584,7.84506065752243,0.633,1.36862089138388
276.297612190247,1,2.41755,-62,11.0672325076318,7.84431752397405,0.633,1.36895792592998
276.470467329025,1,2.40528,-62,11.0698879849858,7.84375506459749,0.633,1.36921301903014
276.662144184113,1,2.27643,-62,11.0728326098988,7.84313136058049,0.633,1.36949588850996
276.915293216705,1,2.15984,-62,11.0761857603762,7.84265243195272,0.633,1.37013657608076
277.255760192871,1,2.15371,-62,11.0805462098498,7.84210437545925,0.633,1.37107267257325
277.511864185333,1,1.98804,-62,11.0838262005604,7.84169211974607,0.633,1.37177681736802
277.591373205185,1,1.9819,-63,11.0849417625747,7.84150702780419,0.633,1.37200877248593
278.074343204498,1,1.9819,-63,11.0924808739796,7.83993491852674,0.633,1.37352243903931
278.205964326859,1,1.99418,-63,11.0945354659959,7.8395064803466,0.633,1.37393495014956
278.516174316406,1,1.84691,-62,11.0992649765645,7.83851606641224,0.633,1.37429994488967
278.6684923172,1,1.7426,-63,11.1015135259911,7.838042396574,0.633,1.3740824622402
278.823026180267,1,1.79783,-63,11.1037947864291,7.83756183597355,0.633,1.37386181573883
278.93957734108,1,1.70579,-63,11.1055153384613,7.83719939181593,0.633,1.3736954016898
279.115690231323,1,1.71806,-63,11.1081151529043,7.83665172598656,0.633,1.37344394422729
279.389963388443,1,1.62602,-63,11.1121206575395,7.83581402967927,0.633,1.37299988885782
279.444769382477,1,1.49103,-63,11.1129165429622,7.83564822021621,0.633,1.37290570908281
279.747392177582,1,1.57693,-63,11.1173111913111,7.83473266847686,0.633,1.37238567569486
279.873138189316,1,1.44808,-63,11.1191372583218,7.83435223784962,0.633,1.37216959109859
279.946723222733,1,1.44808,-63,11.1202058504796,7.83412961448342,0.633,1.37204314102658
280.115836381912,1,1.37445,-63,11.1228165130503,7.83358024097682,0.633,1.37168671489665
280.362313270569,1,1.3499,-63,11.1268728479349,7.83271826981383,0.633,1.37106036906888
280.52247428894,1,1.3315,-63,11.1295086598746,7.83215815977665,0.633,1.37065336869583
280.712917327881,1,1.264,-63,11.1326428309792,7.83149214841691,0.633,1.37016941580468
280.795353412628,1,1.22105,-63,11.1339995032747,7.83120385555412,0.633,1.3699599296414
281.038051366806,1,1.11674,-63,11.1382802196362,7.8298610532827,0.633,1.36966403026116
281.219069242477,1,1.20264,-63,11.1415543094744,7.82871937390407,0.633,1.36953434228706
281.305871248245,1,1.1781,-63,11.1431243067134,7.82817191382787,0.633,1.36947215408473
281.546480178833,1,1.04311,-63,11.147476226388,7.82665439378547,0.633,1.36929977285086
281.582478284836,1,0.944932,-63,11.1481273280133,7.82642735380314,0.633,1.36927398246181
281.984337329865,1,0.803806,-65,11.1542829381088,7.82481162298238,0.633,1.37010825035946
282.084736347198,1,0.859029,-65,11.1556860894705,7.82451920152212,0.633,1.37045255304654
