20.4182198047638,1,2.31631,-66,8.18885321527295,9.55623552736967,0.633,0.744143201833543
20.7136700153351,1,5.62051,-65,8.19147005403714,9.55317201403381,0.633,0.744369067466008
20.8287658691406,1,5.58369,-64,8.19248947213556,9.5519785889814,0.633,0.744457055888029
21.2213869094849,1,5.80458,-65,8.1963757727841,9.54748662786282,0.633,0.744156094358222
21.6119999885559,1,6.09297,-65,8.20078029653368,9.54246364229248,0.633,0.743065450382135
21.7781360149384,1,6.0132,-64,8.20265363389249,9.54032726000539,0.633,0.742601576369479
22.0832488536835,1,6.27091,-64,8.20702933601358,9.53777918333206,0.633,0.743710141436452
22.6487669944763,1,0.128854,-64,8.21446590668849,9.53248929094728,0.633,0.744713130194198
23.0037019252777,1,0.484738,-63,8.21813545869504,9.52832623061494,0.633,0.743782305084679
23.740217924118,1,0.803806,-63,8.22564558020174,9.51985839079072,0.633,0.740621835011965
23.9389250278473,1,0.920388,-63,8.22766574592607,9.5175852284997,0.633,0.739662434281907
24.3910779953003,1,1.21491,-62,8.23260337380379,9.5119697650569,0.633,0.738868931363522
24.7592589855194,1,1.42967,-62,8.23658989906728,9.50743226638349,0.633,0.738467084527046
24.8779699802399,1,1.37445,-63,8.23784546588507,9.50599990528105,0.633,0.73855089811384
25.5921959877014,1,1.68124,-63,8.24479590583681,9.49841043474581,0.633,0.738957067030189
25.9892427921295,1,1.896,-62,8.24783751707603,9.49559195328862,0.633,0.739049254861185
26.3772509098053,1,2.0494,-62,8.25199818244685,9.49105739460045,0.633,0.738603828315797
26.7485558986664,1,2.21507,-62,8.25623935795387,9.48632909281797,0.633,0.738060576621639
27.124794960022,1,2.42369,-63,8.26065766485677,9.48136386620316,0.633,0.737487600390949
27.4007430076599,1,5.47018,-64,8.2639016589781,9.47771722175764,0.633,0.737066716844528
28.0733728408813,1,2.77344,-63,8.27079445937393,9.47001135413881,0.633,0.737571869862516
28.5573229789734,1,5.99786,-65,8.27609948358966,9.46407428040197,0.633,0.736860279946828
28.922623872757,1,3.00047,-64,8.28028564671645,9.45938497266859,0.633,0.73582833035872
29.1844699382782,1,3.27658,-63,8.28426923954003,9.45543374013733,0.633,0.736790362552931
29.4564559459686,1,3.47293,-64,8.28861338900581,9.45120568432107,0.633,0.738146785774056
30.1182098388672,1,3.51588,-63,8.29676910207532,9.44266567885817,0.633,0.738948742175783
30.3980889320374,1,3.75518,-64,8.29965472687425,9.43946028390749,0.633,0.738703776952596
31.0163238048553,1,0.877437,-65,8.30662131097961,9.43171658740193,0.633,0.738669035457057
31.4562239646912,1,4.07425,-63,8.31065162940748,9.42724645435258,0.633,0.739210591637059
32.0078408718109,1,4.43627,-63,8.3162146418501,9.42107529697587,0.633,0.739848797908811
32.4327399730682,1,4.45468,-63,8.32133374126334,9.41539279372188,0.633,0.74016624265349
32.744952917099,1,4.81056,-64,8.32335557175109,9.41246290447825,0.633,0.740797296048649
33.2469289302826,1,1.94816,-65,8.32586710854825,9.40828146289573,0.633,0.741980924560506
33.3567337989807,1,4.97623,-63,8.32705261560003,9.40697219042415,0.633,0.741913896130729
33.9962878227234,1,5.41188,-64,8.3340630486132,9.39927184777417,0.633,0.741467638085015
34.3759620189667,1,2.47584,-65,8.33851678356221,9.39435810264263,0.633,0.741021219112426
35.4548768997192,1,5.9273,-64,8.34979899709153,9.38188044186213,0.633,0.741846937500133
35.7528300285339,1,6.24023,-64,8.35300559196784,9.3783067471586,0.633,0.741561661128378
36.172031879425,1,0.208621,-64,8.35695865179695,9.37311632430043,0.633,0.741896936268743
36.5742340087891,1,0.435651,-62,8.35886293949883,9.36758700699738,0.633,0.744709775693448
36.9300580024719,1,0.429515,-63,8.36129473323607,9.36316152184124,0.633,0.746154851852776
37.2948079109192,1,0.613592,-62,8.36484493191035,9.35928492583481,0.633,0.746159371200452
37.6795048713684,1,0.785398,-62,8.36862770280935,9.35516073517806,0.633,0.746253855765206
37.8734300136566,1,0.895845,-62,8.37055841030927,9.35305967113403,0.633,0.746357102155576
38.4340579509735,1,1.04311,-61,8.37616153257902,9.34697325983253,0.633,0.746273278911643
38.6430459022522,1,1.08606,-61,8.37826781829594,9.34469432774538,0.633,0.745930000378818
39.0487608909607,1,1.23332,-61,8.38241622660015,9.34020097747793,0.633,0.745319218305376
39.6965479850769,1,1.30695,-61,8.38954815501887,9.33246245302093,0.633,0.744862895294076
40.0786638259888,1,1.56466,-61,8.39395359342804,9.32921864762512,0.633,0.747168079297484
40.496454000473,1,1.66897,-61,8.39871116941821,9.32530344835343,0.633,0.749139578718984
40.8234369754791,1,1.82851,-60,8.40230403895252,9.32142527693147,0.633,0.74947033548365
41.2753369808197,1,1.8101,-61,8.4071741959799,9.31616496831415,0.633,0.749524289190732
41.6928169727325,1,2.23348,-61,8.41157378894472,9.3114092725245,0.633,0.749152678662241
42.0048718452454,1,2.06781,-61,8.41501323075653,9.30769233832944,0.633,0.748798943421019
42.2640209197998,1,2.25188,-61,8.41792638046184,9.30454447988009,0.633,0.748476564057896
42.7521839141846,1,2.31938,-62,8.42319031240658,9.29882168351749,0.633,0.748459184789708
43.0099627971649,1,2.36847,-61,8.42581510619824,9.29594298810415,0.633,0.7488585651784
43.7106158733368,1,2.60777,-62,8.4343684012306,9.28638231390547,0.633,0.750255761149173
44.1219789981842,1,2.80412,-62,8.43971592811316,9.2803725951946,0.633,0.75092847823611
44.4754958152771,1,2.9207,-62,8.44344636648481,9.27627415411872,0.633,0.750515105335467
44.8420329093933,1,3.09251,-63,8.44739682658476,9.27194355902262,0.633,0.75008599686177
45.4076688289642,1,3.20909,-63,8.45384715408695,9.26491270204522,0.633,0.749421613129044
45.8771178722382,1,3.36249,-64,8.45936039134612,9.25890735012929,0.633,0.749310390664742
46.2113769054413,1,3.51588,-64,8.46315984251251,9.25476779012912,0.633,0.749331290745927
47.2487778663635,1,3.93926,-65,8.47375703838898,9.24503362882465,0.633,0.751181185587675
47.7038149833679,1,4.06812,-64,8.47838670012447,9.24124873791922,0.633,0.752034378463315
48.1543629169464,1,4.07425,-64,8.48296611594113,9.23615248514688,0.633,0.751505522043545
48.4141898155212,1,4.24606,-64,8.48552777897782,9.23330207711469,0.633,0.75098668518666
48.8598170280457,1,4.70625,-64,8.48974425719133,9.2286111709728,0.633,0.749619146683093
49.411808013916,1,4.71852,-65,8.49572775541486,9.22196558179373,0.633,0.748601666400089
49.872416973114,1,4.87192,-65,8.50123081308728,9.21587249913557,0.633,0.74826503471704
50.4761979579926,1,5.25235,-66,8.5088684588094,9.20767045423255,0.633,0.748261592790737
51.028639793396,1,5.2953,-65,8.51540571440562,9.20213830168425,0.633,0.747104498550205
51.3678770065308,1,5.47324,-66,8.51891982108166,9.19837718514739,0.633,0.746429440137935
51.8436357975006,1,5.79845,-65,8.52369687846448,9.19303332154815,0.633,0.745440610038536
52.36781001091,1,6.01934,-65,8.52865930928911,9.18748461197631,0.633,0.743652459859537
52.5770390033722,1,6.12365,-65,8.53068963830175,9.18521191754881,0.633,0.742815038826524
53.1353588104248,1,0.0490874,-65,8.53751430291285,9.17750342812884,0.633,0.73706787193893
53.3917939662933,1,0.147262,-64,8.5404046311448,9.17422687194114,0.633,0.735708984889753
53.9433648586273,1,0.576777,-65,8.54587905842382,9.16798162013145,0.633,0.736679594553878
54.2901289463043,1,0.717903,-65,8.54816900563169,9.16495841030831,0.633,0.737078088391468
55.0233108997345,1,0.730175,-65,8.55375569854887,9.15800268154609,0.633,0.737163755525459
55.5144348144531,1,1.01856,-65,8.55855037783281,9.15252198384542,0.633,0.73652506436889
62.3071138858795,1,2.35006,-67,8.63288662827387,9.07039748458058,0.633,0.730905229013633
62.8990149497986,1,5.79231,-66,8.63855407628367,9.063768192944,0.633,0.730852734319574
63.5643289089203,1,5.81072,-63,8.64491054760367,9.05631678879073,0.633,0.730890401910488
64.0940217971802,1,6.07456,-63,8.65019455669707,9.05012118344115,0.633,0.730941707199701
64.7030198574066,1,6.25251,-63,8.65645654659175,9.04280829094278,0.633,0.730365882054046
65.3649628162384,1,0.257709,-61,8.66374290508015,9.03512078816431,0.633,0.728015077240144
65.9272198677063,1,0.227029,-60,8.66990697678571,9.02824359033477,0.633,0.72742157714379
66.8295338153839,1,0.472466,-59,8.679387825184,9.01738628078057,0.633,0.727648103357248
67.305223941803,1,0.589049,-59,8.68455030672857,9.01144688321184,0.633,0.727490700990508
67.9325058460236,1,0.717903,-59,8.69091522325423,9.00409045582966,0.633,0.727203894571866
68.8001089096069,1,0.877437,-58,8.69846280453801,8.99493073001105,0.633,0.727498256307914
69.2215828895569,1,0.938796,-58,8.70239797897646,8.99011793611708,0.633,0.727812959506056
69.7459018230438,1,0.969476,-58,8.70832253619321,8.98321343319908,0.633,0.727909457975874
70.683305978775,1,1.16583,-59,8.71750083591553,8.97259432212602,0.633,0.727304353889044
71.0077509880066,1,1.20264,-59,8.72061488831054,8.96893426945967,0.633,0.727604191326186
71.7169477939606,1,1.32536,-59,8.72874392196818,8.95946229716085,0.633,0.726424141401821
72.4509339332581,1,1.45421,-60,8.73921886596131,8.94543651882121,0.633,0.722848883859395
73.1018209457397,1,1.60148,-61,8.74681747780692,8.936080369662,0.633,0.721822727363812
73.6778399944305,1,1.61375,-61,8.75302628178735,8.92884091073277,0.633,0.7188718909043
74.6498358249664,1,1.85918,-64,8.76303717081932,8.91696482651767,0.633,0.709492128781227
75.2617788314819,1,2.11689,-65,8.7695649312949,8.90917419498585,0.633,0.706599741734817
81.1185069084167,1,4.61728,-68,8.82797933243351,8.83984416987553,0.633,0.701126036110793
81.329785823822,1,1.98804,-66,8.83015699331067,8.83718781125671,0.633,0.700672307988541
82.4724838733673,1,1.78555,-65,8.84046806804981,8.82471167356858,0.633,0.703037816455177
82.9735019207001,1,1.93895,-64,8.84533592995902,8.81869546146784,0.633,0.703469044077505
83.4762070178986,1,2.12303,-63,8.85041022743129,8.81239845254081,0.633,0.703166020960736
84.0754828453064,1,2.2212,-63,8.85601112238767,8.80581314928612,0.633,0.702449071514111
84.6083669662476,1,2.35619,-62,8.861906645673,8.79890088468553,0.633,0.702094394311116
85.2180659770966,1,2.53414,-62,8.86861711964149,8.79102574153626,0.633,0.701607001749455
85.7510509490967,1,2.64458,-60,8.87419973133754,8.78446492303389,0.633,0.701120429276927
86.3923799991608,1,2.81639,-60,8.87971387038187,8.77806541986534,0.633,0.700914890516836
86.9056730270386,1,2.93297,-59,8.88296732848141,8.77440311393464,0.633,0.701360109493804
87.1302328109741,1,3.06796,-59,8.88509082201001,8.77189324967667,0.633,0.702067940670004
87.8522198200226,1,3.2275,-59,8.89200095697669,8.7637396759764,0.633,0.703833669289098
88.5689618587494,1,3.36249,-57,8.8989651147241,8.75553129609035,0.633,0.704003551582508
89.014979839325,1,3.42385,-57,8.90327016330579,8.75044101163376,0.633,0.703453114450933
89.3359868526459,1,3.62633,-56,8.90678022312556,8.74629923604129,0.633,0.703411791689862
90.1225018501282,1,3.89018,-57,8.91783354159086,8.73269214563926,0.633,0.701288890031618
90.7201509475708,1,4.02517,-56,8.92517786050664,8.72368210576641,0.633,0.699699360984729
91.4068620204926,1,4.27674,-55,8.9315939417087,8.71606766685799,0.633,0.699225210611086
92.1161258220673,1,4.49763,-55,8.93840423854661,8.70799059867146,0.633,0.699499917907061
92.5650539398193,1,4.64489,-55,8.94277906311919,8.70280571971143,0.633,0.699975143350146
93.1702699661255,1,4.83511,-55,8.9489765237644,8.695415442373,0.633,0.69998638002914
94.1297090053558,1,5.08054,-54,8.95305935074323,8.69001434625941,0.633,0.701237801067964
94.6539168357849,1,5.27076,-54,8.95829270782507,8.68385165401615,0.633,0.701399881610719
94.9406099319458,1,5.3628,-54,8.96146098884254,8.68012635601183,0.633,0.700835358721199
95.8100049495697,1,5.55915,-53,8.97037337932895,8.66962650157262,0.633,0.699722980076496
96.4572169780731,1,5.7555,-52,8.97642529328468,8.66248061032153,0.633,0.70043212587071
97.2362699508667,1,5.88435,-51,8.98603411223143,8.65193285588859,0.633,0.701599565872047
97.7831919193268,1,5.96412,-52,8.99284133118519,8.64448042519108,0.633,0.702276382926267
98.4040508270264,1,6.09297,-51,8.99879171568627,8.6374875877451,0.633,0.703020682352941
99.5074439048767,1,0.00613592,-51,9.00954280153864,8.62480800932105,0.633,0.702376791004516
99.8122048377991,1,0.079767,-50,9.01254971069643,8.62122978039283,0.633,0.702248430398147
100.632840871811,1,0.159534,-50,9.01948694519545,8.61244718796348,0.633,0.701823815016728
101.723987817764,1,0.294524,-50,9.02843467932346,8.60093693575566,0.633,0.70205891095035
102.360355854034,1,0.411107,-50,9.03464314704766,8.59346923177815,0.633,0.702682876155715
103.111606836319,1,0.515418,-50,9.04222025245003,8.58440651869285,0.633,0.703537079327221
103.709511995316,1,0.582913,-50,9.04825555007325,8.57721427123628,0.633,0.703219790052016
104.273074865341,1,0.717903,-50,9.05452170517133,8.57056240837938,0.633,0.70335031530934
105.113847970963,1,0.834486,-51,9.06328886828223,8.56081398096489,0.633,0.703893477630094
105.450682878494,1,0.883573,-50,9.06664954903967,8.55679788138656,0.633,0.703512687850405
106.117493867874,1,0.969476,-50,9.07342706815286,8.54870460454694,0.633,0.702367884465757
106.844931840897,1,1.06151,-51,9.08025311261612,8.54053962639893,0.633,0.70441780164743
107.578235864639,1,1.16583,-51,9.08641115123863,8.53289933519985,0.633,0.704865538620376
108.215859889984,1,1.21491,-51,9.09059875246853,8.52696433977131,0.633,0.705561225613914
109.071977853775,1,1.32536,-52,9.09892467121086,8.51711046983183,0.633,0.705046005884838
109.558041810989,1,1.46649,-52,9.10373218876134,8.51140302350728,0.633,0.70427856137161
110.026256799698,1,1.52171,-52,9.10840587677621,8.50587195548416,0.633,0.704729169360906
110.980162858963,1,1.66897,-52,9.11789955216632,8.49465460942618,0.633,0.704037196059733
111.673804998398,1,1.77942,-52,9.12497867827002,8.4864290661397,0.633,0.706441806100626
112.401942968369,1,1.94509,-52,9.13231532676615,8.4777361812747,0.633,0.706789494822515
112.842363834381,1,1.99418,-53,9.13649181389273,8.47274951844988,0.633,0.707818857589502
113.633991003037,1,2.18439,-52,9.14407627092555,8.46374731782294,0.633,0.709169357701811
114.276362895966,1,2.24575,-53,9.15054790135914,8.45615359938589,0.633,0.707857147678786
114.734745979309,1,2.3746,-53,9.15577935842408,8.44931013029759,0.633,0.706182135109136
115.458835840225,1,2.50959,-53,9.16414398722323,8.4380843157366,0.633,0.70450424174984
116.193009853363,1,2.60777,-53,9.1711261941693,8.42979865906896,0.633,0.706118276964449
116.858014822006,1,2.74276,-53,9.1776566782583,8.42205787114632,0.633,0.708582470748716
117.552797794342,1,2.87161,-53,9.18516518107904,8.41319020295007,0.633,0.710199403311548
117.998511791229,1,2.96365,-53,9.18944597737771,8.40815247535937,0.633,0.710969692214622
118.734555959702,1,3.06183,-53,9.19780385209016,8.40014874723259,0.633,0.710631284779307
119.339305877686,1,3.18454,-54,9.20386563125498,8.39297832409072,0.633,0.709477937416088
120.201095819473,1,3.31953,-53,9.21209112802032,8.38322356376693,0.633,0.710135417487819
120.476113796234,1,3.36249,-53,9.21506337503758,8.37969094406361,0.633,0.709825697989714
121.504393815994,1,3.51588,-53,9.22535141761608,8.36742278439281,0.633,0.71162772974255
121.686340808868,1,3.56497,-53,9.22705448116435,8.36540156443919,0.633,0.712681760763263
122.791198968887,1,3.74291,-53,9.23758077788164,8.35293713246213,0.633,0.71640664205822
123.405983924866,1,3.77973,-53,9.24406492956614,8.34520789235387,0.633,0.716094642292962
123.962159872055,1,3.93313,-53,9.2498932589218,8.33824783309768,0.633,0.715166484575269
124.75572681427,1,4.00676,-53,9.25789566124102,8.32867453782461,0.633,0.712796359616378
125.129541873932,1,4.01289,-53,9.26138321598061,8.32472100645657,0.633,0.711911846422078
125.830550909042,1,4.1172,-53,9.26732783922862,8.31856473766193,0.633,0.711779876583321
126.439419984818,1,4.16629,-53,9.27301419545509,8.3118803336612,0.633,0.712263803949497
127.460614919662,1,4.26447,-53,9.28228846883312,8.30092419718385,0.633,0.716064090433169
128.053953886032,1,4.33196,-53,9.28851231485331,8.29362448954003,0.633,0.716146693619306
128.548074960709,1,4.39946,-53,9.2933096692863,8.28801070854741,0.633,0.714983339327273
129.227886915207,1,4.43627,-53,9.29959075154047,8.27865693636335,0.633,0.713814360129968
129.598827838898,1,4.47309,-53,9.30323444784477,8.27433895244779,0.633,0.71214253175735
130.337225914001,1,4.52831,-53,9.30971020562035,8.26677303644314,0.633,0.711054403632168
131.202147960663,1,4.60194,-54,9.31740060157822,8.25780736459095,0.633,0.711975536493387
131.66456079483,1,4.62649,-54,9.32176293201985,8.25272667915208,0.633,0.712516288986163
132.087332963943,1,4.68785,-54,9.32565147305613,8.24819909106177,0.633,0.713146292921497
132.995841026306,1,4.71239,-54,9.33819553227969,8.23097023716928,0.633,0.711478659386818
133.78197479248,1,4.74307,-54,9.34568738335013,8.22226084534541,0.633,0.710556126630988
134.215270996094,1,4.76148,-54,9.34971936551753,8.21758470034654,0.633,0.709093638424708
135.16610789299,1,4.76148,-54,9.35884539142526,8.20698002803233,0.633,0.708625554708021
135.738554954529,1,4.83511,-54,9.36375459582442,8.20146973408314,0.633,0.708754244284141
136.08788394928,1,4.8167,-55,9.36618295403191,8.19949819573647,0.633,0.70911873844677
136.885914802551,1,4.80443,-55,9.37379167039377,8.19137852230003,0.633,0.70988890151206
137.860692024231,1,4.80443,-55,9.3834878367318,8.18007445742977,0.633,0.711195623214297
138.160883903503,1,4.7492,-55,9.38655536162182,8.17648310050355,0.633,0.710792094976233
138.824545860291,1,4.8167,-56,9.39318660762053,8.16875713778854,0.633,0.7095559834103
139.548357009888,1,4.77375,-56,9.3999085511912,8.16086527189493,0.633,0.706368245459017
143.15539431572,1,4.90874,-55,9.39965169861561,8.16030979983359,0.633,0.796362772116265
144.259323358536,1,4.85965,-56,9.39201557241493,8.16546988673546,0.633,0.92322613997195
145.424190282822,1,4.69398,-56,9.38061592386675,8.17029359177358,0.633,1.07885829506869
145.845678329468,1,4.65103,-56,9.37677299069009,8.17199086749897,0.633,1.13621272333088
146.592851161957,1,4.48536,-56,9.37217480625697,8.17166506458101,0.633,1.21849300766607
147.220318317413,1,4.41786,-56,9.37163458083552,8.17184513972149,0.633,1.22809179558921
147.932165145874,1,4.39332,-56,9.37102170771607,8.17204943076131,0.633,1.23898139623322
148.586826324463,1,4.41173,-56,9.37045806927216,8.17223731024261,0.633,1.24899618945409
149.08212518692,1,4.39946,-56,9.37003163573793,8.17237945475402,0.633,1.25657310993185
149.848713159561,1,4.3381,-56,9.36926950551539,8.17262626161343,0.633,1.26826649243206
150.028599262238,1,4.36878,-56,9.36893563980927,8.17272486721524,0.633,1.27095938998142
151.079818248749,1,4.33196,-57,9.36698459431995,8.17330109894884,0.633,1.28669615335836
151.515755176544,1,4.29515,-57,9.36617550241092,8.17354006028313,0.633,1.29322213544964
152.271930217743,1,4.29515,-57,9.36477205372687,8.17395456198115,0.633,1.30454208671344
153.014849185944,1,4.28287,-57,9.36339320810057,8.17436179728651,0.633,1.31566359437343
153.695112228394,1,4.2706,-57,9.36219447382727,8.17465705446761,0.633,1.32603691165288
154.068468332291,1,4.19697,-57,9.36154175987706,8.1748127781004,0.633,1.33174567376563
154.685389280319,1,4.14788,-57,9.36046323750994,8.17507009054331,0.633,1.34117863842833
155.695481300354,1,4.12334,-57,9.35869735998553,8.17549139127249,0.633,1.35662334388292
156.184954166412,1,4.10493,-57,9.35784164672789,8.17569554621213,0.633,1.36410757709568
160.961601257324,1,4.3381,-58,9.36394956940678,8.17503486189399,0.633,1.42971857245966
161.596081256866,1,4.26447,-58,9.36747141758072,8.1744937608868,0.633,1.43035350601144
162.545839309692,1,4.38719,-59,9.37274329954145,8.17368378257489,0.633,1.43130394299015
163.130972385406,1,4.62035,-59,9.37864655472859,8.17277710052382,0.633,1.43137031819685
163.23752617836,1,4.60194,-59,9.38018339199247,8.17254108622973,0.633,1.43129210415753
164.281160354614,1,5.01919,-59,9.39471481645194,8.17028931860774,0.633,1.43109113885376
165.164615392685,1,5.28303,-59,9.40835936576329,8.16821238676797,0.633,1.4284484154352
165.569567203522,1,5.47938,-59,9.41341167990847,8.16693890060019,0.633,1.42439149206155
166.318587303162,1,5.65732,-59,9.42226920012139,8.16455916434863,0.633,1.41740322016399
166.580593347549,1,5.76777,-58,9.42593026730743,8.16392232324989,0.633,1.4172801590821
167.112091302872,1,5.87208,-58,9.4335075824684,8.16261055893196,0.633,1.41747407161896
168.205711364746,1,6.19728,-58,9.45018389404136,8.15978015829577,0.633,1.41720618675958
168.742637395859,1,0.0920388,-59,9.45846107553377,8.15838942888473,0.633,1.41482428762175
169.745822191238,1,0.392699,-58,9.47418878966486,8.15601717855626,0.633,1.41002282796607
170.338900327683,1,0.582913,-58,9.48408299847559,8.15469468460379,0.633,1.40716138645053
170.960687398911,1,0.705631,-59,9.49287669870274,8.15320524692631,0.633,1.408342405215
171.087933301926,1,0.785398,-59,9.49469423531846,8.15289934624055,0.633,1.40834326569227
171.838092327118,1,1.00016,-58,9.50545032512845,8.15109345073601,0.633,1.40779709241772
173.019559383392,1,1.36217,-59,9.52186544487096,8.14834027965744,0.633,1.40665122815579
173.181792259216,1,1.4174,-59,9.52410951069439,8.14795575168242,0.633,1.4060202078891
174.042998313904,1,1.73033,-59,9.53604996816337,8.14629891846654,0.633,1.40357157282721
174.763714313507,1,1.94509,-59,9.54692867222749,8.14459363092213,0.633,1.40240435230942
175.034164190292,1,1.95122,-59,9.55116839574155,8.14386204346284,0.633,1.40204552607939
176.128302335739,1,2.30711,-59,9.56772584764654,8.14096810479008,0.633,1.40211287762917
176.933346271515,1,2.39301,-59,9.57884497415179,8.1390104602458,0.633,1.40293493267812
177.477353334427,1,2.57095,-59,9.5867166932985,8.13762172049667,0.633,1.40306656677757
178.108409404755,1,2.70594,-59,9.59544566465163,8.1364631748338,0.633,1.40229996973552
178.262372255325,1,2.68753,-59,9.59756586008115,8.13619116382087,0.633,1.402091303753
179.096396207809,1,2.77344,-59,9.60959145163345,8.13397693717774,0.633,1.40273913412713
179.870286226273,1,2.84093,-59,9.62177743627356,8.13161034005886,0.633,1.3989042360669
180.891455411911,1,3.00047,-59,9.63634327877681,8.12866678820569,0.633,1.39461977027357
181.422800302505,1,3.03728,-59,9.64369469141766,8.12718525351532,0.633,1.39501984715198
182.022893190384,1,3.17841,-59,9.65185424117552,8.12504078362022,0.633,1.39334856604782
182.431956291199,1,3.15386,-59,9.65732369027748,8.12327373083343,0.633,1.39083410437922
183.076382398605,1,3.21522,-59,9.66736772874436,8.12109912843716,0.633,1.3894396308675
183.607938289642,1,3.25204,-58,9.67593195121082,8.11939088240038,0.633,1.38867089638113
184.676338195801,1,3.35635,-59,9.69259449885709,8.11602809260979,0.633,1.38792862592543
185.257569313049,1,3.37476,-59,9.70057119904791,8.11439244649673,0.633,1.38906962024495
185.647976398468,1,3.44839,-59,9.70555067206186,8.11336253651852,0.633,1.39036881861196
186.252315282822,1,3.54043,-59,9.71403055353451,8.11193777262108,0.633,1.39071185946305
186.705609321594,1,3.42998,-60,9.72076166206294,8.11081441708495,0.633,1.390550748564
187.195590257645,1,3.43612,-61,9.72893736406996,8.10932038016996,0.633,1.38977408651692
187.607507228851,1,3.45452,-60,9.73570760632771,8.10807431461405,0.633,1.38920991535848
188.538867235184,1,3.50975,-62,9.7505698620878,8.10530088790685,0.633,1.38853
189.116213321686,1,3.52816,-62,9.75957409967195,8.10360082114957,0.633,1.38872218770689
189.713358402252,1,3.74291,-63,9.76876286036018,8.10184206403487,0.633,1.3900263508216
190.238787412643,1,3.59565,-63,9.77924464298673,8.10086075869694,0.633,1.39273603237491
190.791999340057,1,3.77359,-63,9.79010706135547,8.09990030044353,0.633,1.39528837408017
191.364421367645,1,3.55884,-64,9.79767688683176,8.09850868954336,0.633,1.39476399895837
191.809875249863,1,3.65701,-64,9.80408805194745,8.09733823093584,0.633,1.39253946470226
192.538129329681,1,3.54656,-65,9.81525861467411,8.09527349762899,0.633,1.3875750746282
193.047888278961,1,3.79814,-66,9.82345005416635,8.09368990412467,0.633,1.38511382689257
193.602821350098,1,3.74905,-65,9.8318596159995,8.09202864077869,0.633,1.38319976342589
194.128241300583,1,3.82268,-67,9.83943458197922,8.09066752116542,0.633,1.38229556984737
214.102782249451,1,2.4421,-64,10.130342888478,8.03130955546481,0.633,1.38195848699539
214.574890375137,1,2.05553,-64,10.137425100798,8.0297827400769,0.633,1.38369781816141
215.133018255234,1,2.0494,-63,10.1462070338102,8.02724273483644,0.633,1.38293446552265
215.328501224518,1,2.00031,-62,10.1492828850667,8.02635310401149,0.633,1.38266710306728
215.896918296814,1,1.90827,-62,10.1575384798981,8.02446574179624,0.633,1.38192443312226
216.329472303391,1,1.87146,-61,10.1638123465755,8.023093326112,0.633,1.38101693140657
216.890790224075,1,1.70579,-60,10.1721570356116,8.02127513370414,0.633,1.37877811239689
217.258138179779,1,1.66284,-60,10.1773595666608,8.0201320230013,0.633,1.37839372299969
217.762175321579,1,1.60148,-60,10.1842859101309,8.01860193076199,0.633,1.37875263352497
218.450344324112,1,1.42967,-59,10.1944302988313,8.01635226983911,0.633,1.38047541558618
218.907014369965,1,1.24559,-58,10.1989426656265,8.01518374820407,0.633,1.38108731144329
219.192511320114,1,1.31922,-58,10.2008427546873,8.01458953853415,0.633,1.38121859032385
219.769326210022,1,1.39285,-57,10.2077796975531,8.01292691605775,0.633,1.3816963338033
220.156916379929,1,1.30082,-56,10.2141982484624,8.01154761043681,0.633,1.38213789368854
220.770663261414,1,1.25173,-56,10.2234545429015,8.00954362914787,0.633,1.3814036211662
221.227694272995,1,1.11674,-55,10.2304896371472,8.00801915362919,0.633,1.38045517959431
221.738613367081,1,1.16583,-55,10.2395164008778,8.00607159844075,0.633,1.37922481933241
222.290258407593,1,1.12901,-55,10.2484903012596,8.00415331098233,0.633,1.37860416387279
222.706523180008,1,1.09833,-55,10.2549376963851,8.00278323951817,0.633,1.37843290493977
223.518689393997,1,1.07379,-54,10.2696215700461,8.00261830671529,0.633,1.37841
223.843115329742,1,1.06151,-54,10.2749012415253,8.0017735835235,0.633,1.37956112640804
224.736704349518,1,1.03697,-54,10.2885286266426,7.99889370984262,0.633,1.38334410788173
224.947146177292,1,1.00016,-54,10.2915600080347,7.99825431763301,0.633,1.38412615333333
225.765132188797,1,0.951068,-54,10.3037193291472,7.99568110222079,0.633,1.38385153992336
226.325379371643,1,0.93266,-54,10.3126357915492,7.99382678320295,0.633,1.38199371644865
226.833576202393,1,0.846757,-55,10.3211973275252,7.99208276661523,0.633,1.37988821278639
227.289771318436,1,0.926524,-55,10.328021118363,7.99156007096238,0.633,1.38098422367261
227.78342628479,1,0.93266,-55,10.3354540840987,7.99093371755902,0.633,1.38191098104289
228.679607391357,1,0.822214,-55,10.3502042103593,7.98788488041867,0.633,1.37752339714851
229.33065032959,1,0.742447,-56,10.3597364240997,7.98583663614386,0.633,1.37642049638515
229.922942399979,1,0.730175,-56,10.3670140445701,7.98429625980248,0.633,1.37685535488013
230.066060304642,1,0.76699,-56,10.368762003436,7.98392649927314,0.633,1.37697132522797
230.826106309891,1,0.656544,-56,10.3797158001918,7.98159565882094,0.633,1.37871594539953
231.471576213837,1,0.674952,-57,10.391476580506,7.97854778646216,0.633,1.38215296322315
232.050549268723,1,0.613592,-57,10.4016124652502,7.97591067974264,0.633,1.38494328619318
232.546401262283,1,0.576777,-57,10.4081699053806,7.97448165269536,0.633,1.38567945164178
232.882508277893,1,0.582913,-57,10.4126624147578,7.97352165092965,0.633,1.38533235647258
233.605261325836,1,0.687223,-58,10.4225518556758,7.97143156198019,0.633,1.38354832788395
234.104511260986,1,0.564505,-58,10.4299820229999,7.96987303907807,0.633,1.38173609195124
234.654827356339,1,0.711767,-58,10.4381020428164,7.96817877509418,0.633,1.38081632645861
235.178375244141,1,0.681087,-59,10.4459275361127,7.96655900565865,0.633,1.38061389289684
235.872844219208,1,0.785398,-59,10.4610545713344,7.96369327287499,0.633,1.38287454427163
236.354011297226,1,0.760854,-60,10.4685435026959,7.96213649720309,0.633,1.38353457626366
236.836538314819,1,0.846757,-60,10.4751574091011,7.96070478869351,0.633,1.38389751367582
237.097294330597,1,0.779262,-60,10.4788995328235,7.9599173157015,0.633,1.38387148151079
237.426065206528,1,0.82835,-60,10.4836177414921,7.95892444048602,0.633,1.38383865918962
238.128437280655,1,0.859029,-60,10.4943428391483,7.95671402361617,0.633,1.38287231662749
238.396803379059,1,0.877437,-60,10.4985301443979,7.95585708672787,0.633,1.3823789287221
239.217817306519,1,0.82835,-60,10.5118215295997,7.95314859882037,0.633,1.37722313100431
239.598043203354,1,0.791534,-61,10.5168614777874,7.95262415615221,0.633,1.3774728366889
240.002437353134,1,0.840621,-61,10.522048513898,7.95217885399555,0.633,1.37815791692992
240.457632303238,1,0.822214,-61,10.527975481145,7.9510983733202,0.633,1.3783276869672
240.766479253769,1,0.809942,-61,10.5320116141216,7.95026872376389,0.633,1.37834263560786
241.018053293228,1,0.79767,-61,10.5352871753649,7.94958572338019,0.633,1.37868803390424
241.506028413773,1,0.779262,-62,10.541604803245,7.94823953725246,0.633,1.38034714926341
241.879969358444,1,0.79767,-63,10.5466093214053,7.94718834432711,0.633,1.38124322683049
242.136551380157,1,0.889709,-62,10.550241765601,7.94644322756902,0.633,1.38140156414158
243.136389255524,1,0.877437,-62,10.5653536775781,7.94334142040571,0.633,1.38088399013627
243.467304229736,1,0.926524,-63,10.5705639889801,7.94231266850331,0.633,1.3806670553875
243.538865327835,1,0.93266,-63,10.5716619993855,7.94212966676908,0.633,1.3808188129232
244.012073278427,1,0.926524,-63,10.5789227495343,7.94091954174428,0.633,1.38182233123645
244.435386180878,1,1.01243,-63,10.5851847248791,7.93976011178515,0.633,1.38201985974628
244.966899394989,1,1.01856,-63,10.5928144202898,7.93822753818527,0.633,1.38156871253939
245.232392311096,1,0.957204,-63,10.5966916351464,7.93746849099624,0.633,1.38120644249387
245.729395389557,1,1.12287,-62,10.6039678687641,7.93604932476997,0.633,1.38049084596452
246.106157302856,1,1.12901,-62,10.6091662889518,7.93503639241286,0.633,1.37955089173544
246.350986242294,1,1.12287,-63,10.6124720029616,7.93439249681443,0.633,1.37884950545858
247.096611261368,1,1.1781,-62,10.6226194308314,7.93241471098787,0.633,1.37819597154157
247.238850355148,1,1.18423,-62,10.6245671711638,7.93203490162305,0.633,1.37829335855819
247.848790407181,1,1.14742,-61,10.6327951687693,7.93093147109938,0.633,1.3794338099382
248.217293262482,1,1.20878,-61,10.6376853453125,7.93060690185979,0.633,1.38059360402102
248.40762424469,1,1.20878,-61,10.6402121614193,7.93043751704356,0.633,1.38119186475096
249.209884405136,1,1.07992,-61,10.6518642797265,7.92805854288917,0.633,1.3829785228914
249.363467216492,1,1.12287,-61,10.6543484835812,7.92754728217114,0.633,1.38284444914526
249.883305311203,1,1.05538,-60,10.6629089160058,7.92578331427759,0.633,1.38210513907223
250.91309928894,1,1.00016,-60,10.6783277411788,7.92262589010332,0.633,1.38001294505166
251.378640413284,1,1.03084,-59,10.6848352364997,7.92124783227065,0.633,1.37932391613533
251.915290355682,1,0.969476,-59,10.6924404078727,7.91926905939408,0.633,1.37875591098273
252.369384288788,1,0.920388,-59,10.6990199140831,7.91705171399404,0.633,1.37859012814909
252.560997247696,1,0.908117,-59,10.7017962529884,7.91611606592203,0.633,1.37852017315305
253.189799308777,1,0.846757,-59,10.7110717135686,7.91397295660252,0.633,1.38026252702461
253.529714345932,1,0.889709,-59,10.7162569340038,7.91281147451915,0.633,1.38107998200649
254.213927268982,1,0.705631,-59,10.727356314852,7.91036961073256,0.633,1.38203623635648
254.868981361389,1,0.681087,-58,10.7384697060985,7.90795071102561,0.633,1.3814376777564
255.268886327744,1,0.589049,-58,10.7444902762081,7.9066382092798,0.633,1.38078101110297
255.687326192856,1,0.564505,-58,10.7503137706736,7.90536716831384,0.633,1.37991508279549
256.064256191254,1,0.521553,-58,10.7569916486493,7.90375934361588,0.633,1.37946867385832
256.544731378555,1,0.46633,-58,10.7668083950796,7.9012882315834,0.633,1.37920350886854
256.895467281342,1,0.417243,-57,10.772633378172,7.89992594483504,0.633,1.37919242284045
257.384123325348,1,0.312932,-57,10.7793312435689,7.8984947770152,0.633,1.37936988765012
257.833740234375,1,0.220893,-58,10.7856146829916,7.89712676974185,0.633,1.38024631887496
258.248154401779,1,0.116583,-58,10.7914709628512,7.89583838817275,0.633,1.38143709577973
258.618435382843,1,0.0552233,-58,10.7970248561662,7.89464119060784,0.633,1.38219330642209
258.876312255859,1,6.25251,-58,10.801046277393,7.89378543217078,0.633,1.3825729285859
259.262689352036,1,6.17274,-58,10.8070176357154,7.89251480799614,0.633,1.3829838991222
259.909105300903,1,6.00093,-57,10.8165384249371,7.89048962317015,0.633,1.38229807955961
260.077218294144,1,5.95185,-57,10.8189529303073,7.89032177367902,0.633,1.38222655215558
260.58372926712,1,5.86594,-58,10.8260010446116,7.8911369034203,0.633,1.38240428721195
260.936351299286,1,5.74322,-58,10.8311430855914,7.89116902057257,0.633,1.38246403915077
261.387250185013,1,5.70027,-58,10.8383964766432,7.88966689987248,0.633,1.38235600992234
261.775130271912,1,5.60823,-58,10.8445865659305,7.88838771017605,0.633,1.3823098598271
262.040801286697,1,5.52847,-58,10.8486738979805,7.88755152316125,0.633,1.38242218345595
262.53032541275,1,5.42416,-58,10.8562051962339,7.88601076901474,0.633,1.38262915043086
262.881917238235,1,5.30757,-58,10.8616814621287,7.88486643815912,0.633,1.38315208533079
263.166092395782,1,5.24621,-58,10.8661119373095,7.88393912940033,0.633,1.38359856732577
263.669326305389,1,5.13577,-58,10.8742188253214,7.88227517518887,0.633,1.38375567088588
264.036705255508,1,5.01305,-58,10.8802820465881,7.88104832026068,0.633,1.38351882630515
264.291622400284,1,4.98851,-58,10.8846844759342,7.8801134282312,0.633,1.38304589911643
264.627487182617,1,4.8167,-58,10.8907220353446,7.87878013386141,0.633,1.38204802471388
265.102940320969,1,4.76148,-58,10.8987703325554,7.87704919385515,0.633,1.38053182067091
265.559768199921,1,4.71239,-58,10.9053886812369,7.8757359467152,0.633,1.3788433600624
265.788379192352,1,4.63262,-58,10.908700710406,7.87507875667535,0.633,1.37799840143974
266.389142274857,1,4.55285,-58,10.9182908802203,7.87311639610081,0.633,1.37757339164353
266.827077388763,1,4.44241,-59,10.9250110539969,7.87172818864681,0.633,1.37735669764629
267.2132563591,1,4.35651,-58,10.9303171142865,7.87061255545772,0.633,1.37712540783879
267.556628227234,1,4.30128,-58,10.9350603442014,7.86961579719086,0.633,1.37697203918662
267.733557224274,1,4.22152,-59,10.9377534006522,7.86905511166749,0.633,1.37740690158073
268.186978340149,1,4.16629,-59,10.9446549751905,7.86761822647674,0.633,1.3785213361578
268.492757320404,1,4.1172,-59,10.9492529503121,7.86670402199982,0.633,1.3795380203825
268.897218227386,1,4.06198,-59,10.9552591467008,7.86556839663219,0.633,1.381238934822
269.046656370163,1,4.01289,-59,10.9574782853568,7.86514881159221,0.633,1.38186737997078
269.343819379807,1,3.93926,-60,10.9621664455905,7.8641998967763,0.633,1.38204329892543
269.814902305603,1,3.84722,-60,10.9698058909208,7.8626092958456,0.633,1.3815130986152
270.354421377182,1,3.72451,-60,10.9781892751576,7.86090761475682,0.633,1.38090509968067
270.602414369583,1,3.68155,-60,10.9819756883673,7.86014741948934,0.633,1.38062548762826
270.945002317429,1,3.6386,-60,10.9870799581867,7.85911404059682,0.633,1.38020912401408
271.260578393936,1,3.54043,-61,10.9915786756181,7.85818910429292,0.633,1.37977724714066
271.438294410706,1,3.57724,-61,10.9941121190633,7.85766822832059,0.633,1.37953403656993
271.704633235931,1,3.39317,-61,10.997907726898,7.85688800575832,0.633,1.37914822056508
272.150098323822,1,3.37476,-61,11.0041878722929,7.85560580940686,0.633,1.37729557767359
272.407133340836,1,3.3993,-62,11.0078115396067,7.8548659773303,0.633,1.37622659581602
272.584814310074,1,3.20295,-62,11.0102965429211,7.8544387195891,0.633,1.37548394365336
272.85236120224,1,3.2459,-62,11.013922823749,7.85428330755362,0.633,1.37434425539318
273.176839351654,1,3.25818,-62,11.0183207402515,7.85409482541779,0.633,1.3729620530638
273.407490253448,1,2.84707,-62,11.0215545280797,7.85386590285554,0.633,1.37199632826999
273.705436229706,1,2.8348,-62,11.0265649427525,7.852834983002,0.633,1.37087889765951
274.060549259186,1,2.63845,-64,11.0325367083584,7.85160626000684,0.633,1.36954706504238
274.493427276611,1,2.46664,-64,11.0396757975228,7.85010116319514,0.633,1.36881127996012
274.73557138443,1,2.41142,-64,11.0436315170214,7.84925727636877,0.633,1.36863840036721
274.933572292328,1,2.35006,-64,11.0468661034798,7.84856723125765,0.633,1.36849703695903
275.181215286255,1,2.23348,-65,11.0506391437151,7.84777772516849,0.633,1.36841374815045
275.275968313217,1,2.15984,-64,11.0520191047809,7.84749282998072,0.633,1.36840373230401
275.581656217575,1,2.06167,-64,11.0564710723834,7.84657371408858,0.633,1.36837141963593
275.886655330658,1,1.96963,-64,11.0609192059745,7.84565475086052,0.633,1.36835145128259
275.937733411789,1,1.90214,-65,11.061703890125,7.84548854610738,0.633,1.36842683038996
279.014880180359,1,0.263845,-65,11.1066269743494,7.83696521933786,0.633,1.37358788280882
279.181604385376,1,0.306796,-66,11.1090881911042,7.83644674990675,0.633,1.37334983069648
279.315271377563,1,0.171806,-64,11.1110359900009,7.83604000208314,0.633,1.37312824118322
279.516176223755,1,0.13499,-65,11.1139535037007,7.83543218672901,0.633,1.37278300206208
279.706038236618,1,0.0122718,-64,11.1167106548303,7.83485778024369,0.633,1.37245673917842
279.896127223969,1,6.19115,-64,11.1194711020534,7.83428268707221,0.633,1.37213008625702
279.939372301102,1,6.1666,-64,11.1200991013644,7.83415185388242,0.633,1.37205577300521
280.145053386688,1,6.00707,-65,11.1232973449706,7.83347806419374,0.633,1.3716124687913
280.271736383438,1,6.01934,-65,11.1253822003167,7.8330350324327,0.633,1.37129054259815
280.551778316498,1,6.05002,-64,11.1299909239517,7.83205567866026,0.633,1.37057890144863
280.730883359909,1,6.03161,-64,11.1329385026864,7.83142931817913,0.633,1.37012376061459
280.882737398148,1,5.96412,-64,11.1354710391361,7.83084061817137,0.633,1.36977530299526
280.959764242172,1,5.688,-64,11.1368642319705,7.83035481002067,0.633,1.36972011808428
281.18914437294,1,5.76777,-64,11.1410130551319,7.8289081099962,0.633,1.36955578158244
281.378870248795,1,5.73095,-65,11.1444446475085,7.82771150927789,0.633,1.36941985487142
281.480305194855,1,5.5346,-63,11.1462793123166,7.82707175927663,0.633,1.36934718308357
281.603006362915,1,5.44256,-64,11.1484986215753,7.82629788325589,0.633,1.36925927537916
281.977789402008,1,5.17872,-65,11.1541914259194,7.82483069443025,0.633,1.37008579526761
282.138587236404,1,5.23394,-64,11.1564386959255,7.82436235580713,0.633,1.37063722622709
282.246509313583,1,5.27689,-65,11.1579469876755,7.82404802273653,0.633,1.37100732806828
282.487313270569,1,5.04986,-64,11.1613124030862,7.82334665885262,0.633,1.37183312747998
282.616845369339,1,5.09282,-64,11.1631496858955,7.82296381543845,0.633,1.37225868351454
282.802357196808,1,5.01305,-64,11.1658391224774,7.82240351615053,0.633,1.37282794759106
282.918412208557,1,4.95783,-64,11.1675216167873,7.82205299650265,0.633,1.37318407555331
283.054294347763,1,4.85965,-64,11.1694915526183,7.82164259320451,0.633,1.37360104530422
283.323692321777,1,4.70625,-64,11.1733971190521,7.82082893353081,0.633,1.3744277235327
283.477014303207,1,4.62649,-63,11.1756237552011,7.82036811038777,0.633,1.37444725855583
283.609136343002,1,4.72466,-64,11.1775452531207,7.819972602066,0.633,1.3741446226335
283.834700345993,1,4.57126,-64,11.1808257108183,7.81929737452323,0.633,1.37362795054612
283.997990369797,1,4.54672,-64,11.1832004958391,7.81880856460645,0.633,1.37325392190534
284.209049224854,1,4.43014,-63,11.18627,7.81817675833333,0.633,1.372770475
284.336932182312,1,4.26447,-64,11.1884255780515,7.81773231183628,0.633,1.37200961629843
284.60254240036,1,4.36878,-64,11.1929488282163,7.81679958645746,0.633,1.3703562903761
284.760469198227,1,4.21538,-64,11.1956382669726,7.81624500563806,0.633,1.36937325414104
284.972053289413,1,4.19697,-63,11.1992414708794,7.81550200014281,0.633,1.36805622098892
285.171033382416,1,4.22765,-63,11.2016154196033,7.81495133594904,0.633,1.36689078034342
285.354475259781,1,3.95153,-63,11.2029072656205,7.81457454752736,0.633,1.36588098737331
285.518189191818,1,4.00062,-63,11.2040601822506,7.81423828017692,0.633,1.36497979087415
285.572858333588,1,4.01903,-63,11.2044451767462,7.81412599011569,0.633,1.36467885351005
285.830578327179,1,3.77359,-64,11.206260108822,7.81359663492692,0.633,1.36326018160413
286.125583410263,1,3.81654,-64,11.2099950228694,7.81274540981797,0.633,1.36170433328486
286.330607414246,1,3.78586,-64,11.2131034382694,7.81207794387548,0.633,1.36064409857476
286.504930257797,1,3.69383,-64,11.2157463864167,7.81151042710276,0.633,1.35974262788887
286.631551265717,1,3.66928,-63,11.2176661162208,7.81109820605182,0.633,1.35908783632781
286.806579351425,1,3.59565,-64,11.2202868801945,7.81052934541033,0.633,1.35834229526565
287.006832361221,1,3.54656,-64,11.2231309182417,7.80988297312689,0.633,1.3582388757003
287.205675363541,1,3.44225,-64,11.2259549310472,7.80924115203472,0.633,1.35813618432556
287.557031393051,1,3.15386,-64,11.2309449679862,7.80810705273041,0.633,1.35795472843686
287.762231349945,1,3.36862,-65,11.2341690590647,7.80737946171045,0.633,1.35797510572014
287.931656360626,1,3.27045,-66,11.2369557370327,7.80675245916765,0.633,1.35804278218508
288.145801305771,1,3.12318,-65,11.2404779619875,7.80595995855282,0.633,1.35812832193398
288.378268241882,1,3.00047,-65,11.2443015443886,7.80509965251257,0.633,1.35822118036372
288.516641378403,1,2.95138,-64,11.2465626761093,7.80458853117501,0.633,1.35817430053323
288.706399202347,1,2.87775,-65,11.2496155591965,7.80389072932652,0.633,1.35777949159264
289.030142307281,1,2.82252,-66,11.2548240392954,7.80270021958962,0.633,1.35710591371518
289.237027406693,1,2.67526,-65,11.258152471335,7.80193943512344,0.633,1.35667546987247
289.761428356171,1,2.62004,-66,11.2696312937071,7.79939358330095,0.633,1.35726861800265
290.072279214859,1,2.46664,-66,11.276691273446,7.79783258275565,0.633,1.35776175226583
290.236304283142,1,2.41142,-66,11.2800262131952,7.79709841242222,0.633,1.35798652624647
290.529004335403,1,2.31938,-67,11.2847029081392,7.79608054352265,0.633,1.35827194218791
290.56368637085,1,2.4421,-66,11.285257049823,7.79595993621499,0.633,1.3583057611289
290.940957307816,1,2.27029,-66,11.2912849991513,7.79464797077295,0.633,1.35867364333056
291.149264335632,1,2.08621,-66,11.2944352251672,7.79396972754306,0.633,1.3588857013507
291.554303407669,1,2.27643,-66,11.300304576713,7.79271729111086,0.633,1.35931088272251
