2.06271409988403,1079.59724644369,780.530455620888,152.8,-60,1.77328530717959,1.77328530717959
2.72057509422302,1079.95166313785,779.571221800624,152.8,-61,1.58920530717959,1.58920530717959
3.68687510490417,1080.35093809654,778.213216768163,152.8,-59,1.39285530717959,1.39285530717959
5.25557208061218,1081.08413847514,775.850999277868,152.8,-58,1.11060530717959,1.11060530717959
5.77563309669495,1081.34369935569,774.682696460153,152.8,-58,1.12287530717959,1.12287530717959
6.58590602874756,1081.70252737335,773.214829785244,152.8,-58,1.01242530717959,1.01242530717959
7.15085411071777,1081.9407620541,772.527447508312,152.8,-58,0.975615307179586,0.975615307179586
7.6285080909729,1082.15265854888,771.947755633362,152.8,-58,0.944935307179586,0.944935307179586
7.97018694877625,1082.31260771371,771.508365868807,152.8,-58,0.963335307179586,0.963335307179586
9.04733109474182,1082.78293125495,770.172081775554,152.8,-58,0.944935307179586,0.944935307179586
9.6558849811554,1082.82791223311,769.267964114397,152.8,-58,0.877435307179586,0.877435307179586
10.2539660930634,1083.09977088773,768.468955446297,152.8,-58,0.944935307179586,0.944935307179586
10.7868399620056,1083.33933374843,767.773252117106,152.8,-58,0.932665307179586,0.932665307179586
12.0820770263672,1083.98179348352,765.96361921104,152.8,-58,1.00629530717959,1.00629530717959
12.7795798778534,1084.28905909336,765.33443276697,152.8,-58,1.04310530717959,1.04310530717959
13.4470338821411,1084.59814662903,764.78691716421,152.8,-58,1.01856530717959,1.01856530717959
14.3094890117645,1085.09204845806,763.505292301003,152.8,-59,1.00015530717959,1.00015530717959
14.845575094223,1085.40799780428,762.678039133686,152.8,-59,1.02469530717959,1.02469530717959
16.0339319705963,1086.06657954172,761.036224950727,152.8,-59,1.07992530717959,1.07992530717959
16.6201200485229,1086.40930191246,760.471150993118,152.8,-59,1.14128530717959,1.14128530717959
17.4975419044495,1086.88708731863,759.258132596246,152.8,-60,1.19650530717959,1.19650530717959
17.900593996048,1087.10350757581,758.684341452846,152.8,-60,1.18423530717959,1.18423530717959
18.7490999698639,1087.59941669103,757.390443785912,152.8,-60,1.09219530717959,1.09219530717959
18.8800790309906,1087.67786237485,757.182683252187,152.8,-60,1.14128530717959,1.14128530717959
20.0834500789642,1088.81591757357,755.425106497238,152.8,-62,1.15968530717959,1.15968530717959
20.3884110450745,1089.02712918128,755.06164363784,152.8,-62,1.17196530717959,1.17196530717959
21.1486570835114,1089.36961701696,754.111072352525,152.8,-62,1.10446530717959,1.10446530717959
21.9361710548401,1089.76886392035,752.990557913027,152.8,-61,1.07378530717959,1.07378530717959
22.799654006958,1090.21824757413,751.733474069036,152.8,-61,0.938795307179586,0.938795307179586
23.8918330669403,1090.99189369319,750.060589588047,152.8,-61,0.816075307179586,0.816075307179586
24.4252309799194,1091.26183820059,749.30831846209,152.8,-61,0.748585307179586,0.748585307179586
25.377454996109,1091.77814232511,747.843339171851,152.8,-60,0.564505307179586,0.564505307179586
25.7285830974579,1091.96512501587,747.325500997715,152.8,-59,0.503145307179587,0.503145307179587
26.6201939582825,1092.39662435466,746.143627505159,152.8,-58,0.417245307179586,0.417245307179586
27.5088880062103,1092.80227511739,745.055646973676,152.8,-57,0.331335307179586,0.331335307179586
28.2627899646759,1093.17775961418,744.023634703528,152.8,-57,0.257705307179586,0.257705307179586
28.8197379112244,1093.46331229681,743.234427378678,152.8,-57,0.227025307179586,0.227025307179586
29.8122189044952,1094.03642361246,741.647399301866,152.8,-56,0.104315307179586,0.104315307179586
30.4011900424957,1094.41252883433,740.671165665581,152.8,-56,0.0920353071795859,0.0920353071795859
30.7774140834808,1094.63921208688,740.083877670029,152.8,-56,0.0920353071795859,0.0920353071795859
31.2950398921967,1094.88037773874,739.421705694486,152.8,-56,0.0368153071795865,0.0368153071795865
32.0787880420685,1095.30114206485,738.286527845561,152.8,-55,0.0859053071795861,0.0859053071795861
32.9300050735474,1095.72935229909,737.113443978484,152.8,-54,0.0552253071795858,0.0552253071795858
33.4769730567932,1096.02578646044,736.320092551921,152.8,-54,0.0981753071795861,0.0981753071795861
34.1309819221497,1096.48946540203,735.461711269658,152.8,-54,0.116585307179586,0.116585307179586
35.2915580272675,1097.17661503083,733.71657491699,152.8,-53,0.153395307179586,0.153395307179586
36.2070899009705,1097.64531255305,732.464026644758,152.8,-53,0.196345307179587,0.196345307179587
36.5545959472656,1097.82024286981,731.994394326571,152.8,-53,0.196345307179587,0.196345307179587
37.5826480388641,1098.21137477595,730.719021916226,152.8,-52,0.214755307179586,0.214755307179586
38.0707199573517,1098.39880939884,730.096490428247,152.8,-52,0.276115307179587,0.276115307179587
38.7887699604034,1098.78567419456,729.011530110473,152.8,-52,0.325205307179586,0.325205307179586
39.3466050624847,1099.09254987474,728.159693028584,152.8,-52,0.343615307179586,0.343615307179586
40.0960040092468,1099.50596502121,727.033971993028,152.8,-52,0.380425307179586,0.380425307179586
40.4522109031677,1099.69900775319,726.491420314711,152.8,-52,0.404975307179586,0.404975307179586
41.5359439849854,1100.12984834634,725.379516918006,152.8,-52,0.460195307179586,0.460195307179586
42.2131080627441,1100.4670174179,724.443080086046,152.8,-52,0.539965307179586,0.539965307179586
42.5320439338684,1100.66710476917,723.901025261704,152.8,-52,0.558365307179586,0.558365307179586
43.0144400596619,1100.95605679418,723.127649568234,152.8,-53,0.582915307179587,0.582915307179587
43.7806119918823,1101.42983607626,721.868437129969,152.8,-53,0.674955307179586,0.674955307179586
44.429759979248,1101.92501383793,720.867653620398,152.8,-54,0.717905307179587,0.717905307179587
45.2525079250336,1102.50585278483,719.663197480962,152.8,-54,0.834485307179587,0.834485307179587
46.0205979347229,1102.93728657161,718.489707659491,152.8,-54,0.969475307179586,0.969475307179586
47.328017950058,1103.6545981646,716.535194441811,152.8,-55,1.07992530717959,1.07992530717959
47.7946019172668,1103.93277877936,715.767344925851,152.8,-55,1.17809530717959,1.17809530717959
48.615611076355,1104.44687295665,714.29971286144,152.8,-55,1.27627530717959,1.27627530717959
49.5192520618439,1104.96565669823,712.886030191116,152.8,-56,1.38671530717959,1.38671530717959
49.8067770004272,1105.13051909951,712.436653150575,152.8,-56,1.45421530717959,1.45421530717959
51.2391610145569,1105.90464834693,710.255817626728,152.8,-56,1.64442530717959,1.64442530717959
52.1298489570618,1106.39885662067,708.744843599904,152.8,-56,1.74873530717959,1.74873530717959
52.8385510444641,1106.83164954775,707.574112472564,152.8,-56,1.87145530717959,1.87145530717959
52.9779379367828,1106.91312781347,707.348358058285,152.8,-55,1.87145530717959,1.87145530717959
54.1406888961792,1107.5546845454,705.566065016066,152.8,-55,2.04326530717959,2.04326530717959
54.3893139362335,1107.69648634279,705.182845658615,152.8,-55,2.14143530717959,2.14143530717959
54.8967249393463,1107.99300537668,704.501375396188,152.8,-55,2.22733530717959,2.22733530717959
55.5946691036224,1108.39524950542,703.618624431314,152.8,-55,2.27029530717959,2.27029530717959
56.5009241104126,1108.86427799151,702.321021623772,152.8,-55,2.30710530717959,2.30710530717959
57.1125609874725,1109.18661512777,701.409420456191,152.8,-55,2.33778530717959,2.33778530717959
57.9156339168549,1109.62122762794,700.170800216616,152.8,-55,2.39914530717959,2.39914530717959
58.7118339538574,1110.04126951314,698.99477697166,152.8,-55,2.52186530717959,2.52186530717959
59.8327879905701,1110.61218692822,697.410876600996,152.8,-54,2.58322530717959,2.58322530717959
60.2505509853363,1110.82663932414,696.8104098924,152.8,-54,2.61390530717959,2.61390530717959
61.0448739528656,1111.22069623276,695.72268293317,152.8,-54,2.66299530717959,2.66299530717959
61.8087010383606,1111.49900033396,694.572212265117,152.8,-53,2.69980530717959,2.69980530717959
62.5089960098267,1111.06522358051,692.794664416824,152.8,-53,2.68139530717959,2.68139530717959
63.6601150035858,1111.70451590625,691.039809761726,152.8,-53,2.76730530717959,2.76730530717959
63.9827311038971,1111.87920765529,690.563910265663,152.8,-53,2.79184530717959,2.79184530717959
64.8742969036102,1110.88582415939,689.990009176439,152.8,-53,2.82866530717959,2.82866530717959
65.8040270805359,1113.25171497614,688.431924266941,152.8,-53,3.00046530717959,3.00046530717959
66.7245149612427,1114.09489542098,687.114013002101,152.8,-53,3.04341530717959,3.04341530717959
67.4339230060577,1114.51215516257,686.038220589127,152.8,-54,3.11091530717959,3.11091530717959
68.3125469684601,1115.04960805494,684.655227289922,152.8,-54,3.22749530717959,3.22749530717959
68.8771901130676,1115.0695933739,683.924616323859,152.8,-54,3.33794530717959,3.33794530717959
69.3850629329681,1114.608393058,683.492849148362,152.8,-54,3.36862530717959,3.36862530717959
70.3434209823608,1115.08417142737,682.183221821467,152.8,-55,3.53429530717959,3.53429530717959
71.1568050384521,1115.46814684276,681.127127068354,152.8,-55,3.72450530717959,3.72450530717959
72.1296648979187,1115.97002896213,679.746947655131,152.8,-57,3.92085530717959,3.92085530717959
72.6387519836426,1116.20390564408,679.038666465738,152.8,-57,4.09879530717959,4.09879530717959
73.6425769329071,1116.7310611075,677.567796930273,152.8,-58,4.42400530717959,4.42400530717959
74.5147039890289,1117.18768620787,676.344911222417,152.8,-60,4.82283530717959,4.82283530717959
75.4518840312958,1117.67418256297,675.02745454438,152.8,-61,5.13576530717959,5.13576530717959
76.224191904068,1117.99270938551,674.249905797979,152.8,-61,5.61436930717959,5.61436930717959
76.6394500732422,1118.18034532156,673.79147382656,152.8,-61,5.80458330717959,5.80458330717959
77.4131200313568,1118.61468376526,672.678831174472,152.8,-61,6.09297130717959,6.09297130717959
77.9213230609894,1118.92076677163,671.894410227616,152.8,-61,0.0613553071795865,6.34454061435917
78.4874210357666,1119.2534775964,671.030134618477,152.8,-61,0.349745307179586,6.63293061435917
79.0786809921265,1119.55701776247,670.222380509867,152.8,-61,0.564505307179586,6.84769061435917
79.8582708835602,1119.63969147595,669.77062245445,152.8,-60,0.969475307179586,7.25266061435917
80.5498530864716,1120.01173748499,668.83278674828,152.8,-59,1.28240530717959,7.56559061435917
81.4851961135864,1120.18641287421,667.249503812669,152.8,-59,1.57079530717959,7.85398061435917
82.177453994751,1119.78357308742,665.750559404678,152.8,-58,1.79782530717959,8.08101061435917
84.5338010787964,1121.60340838673,664.635662091494,152.8,-57,1.77941530717959,8.06260061435917
85.9265742301941,1120.39536698666,666.00607598261,152.8,-56,1.12900530717959,7.41219061435917
86.34885430336,1119.68468999486,666.54271474603,152.8,-56,1.00629530717959,7.28948061435917
87.0252141952515,1118.80908046729,667.090287280394,152.8,-56,0.822215307179587,7.10540061435917
88.0492722988129,1117.23455606587,667.834081707215,152.8,-58,0.754715307179586,7.03790061435917
88.5059502124786,1116.41997032929,668.009376101348,152.8,-59,0.791535307179586,7.07472061435917
92.2034175395966,1116.18146177363,668.159661964848,152.8,-58,0.730175307179587,7.01336061435917
92.5987005233765,1116.21914687063,668.150947286166,152.8,-58,0.736315307179586,7.01950061435917
93.3380694389343,1116.28963609088,668.134646653985,152.8,-58,0.797665307179586,7.08085061435917
94.29829454422,1116.38118107945,668.113476875376,152.8,-58,0.779265307179586,7.06245061435917
95.415780544281,1116.48771885122,668.088840015655,152.8,-58,0.791535307179586,7.07472061435917
95.5815756320953,1116.49595397188,668.084315977485,152.8,-58,0.564505307179586,6.84769061435917
96.3821594715118,1116.40835354466,668.047855259128,152.8,-58,0.717905307179587,7.00109061435917
97.0756595134735,1116.33247029925,668.016271421851,152.8,-57,0.662675307179586,6.94586061435917
98.3126034736633,1116.19712305137,667.959937702463,152.8,-57,0.717905307179587,7.00109061435917
99.2994854450226,1116.17784179444,667.913530842148,152.8,-57,0.736315307179586,7.01950061435917
99.9109244346619,1116.25617353605,667.883291146547,152.8,-57,0.748585307179586,7.03177061435917
100.581314563751,1116.34205753636,667.850135927824,152.8,-57,0.754715307179586,7.03790061435917
101.112627506256,1116.41012429173,667.823858994356,152.8,-57,0.736315307179586,7.01950061435917
106.369869947433,1118.12948746839,666.98670886864,152.8,-56,0.717905307179587,7.00109061435917
107.511214017868,1119.78620686503,666.17659241846,152.8,-56,0.576775307179586,6.85996061435917
108.273429870605,1120.60619850544,665.88915076275,152.8,-55,0.582915307179587,6.86610061435917
108.59805393219,1120.87661513102,665.829911054633,152.8,-55,0.644275307179586,6.92746061435917
109.308119058609,1121.88607382243,665.338464060133,152.8,-55,0.638135307179586,6.92132061435917
109.594973087311,1122.28383318394,665.142889619202,152.8,-55,0.527685307179587,6.81087061435917
110.484524965286,1123.49372711713,664.542768472168,152.8,-55,0.466325307179586,6.74951061435917
111.368108987808,1124.69633615253,663.940361980741,152.8,-54,0.429515307179586,6.71270061435917
112.00164103508,1125.47435544993,663.528093520931,152.8,-54,0.441785307179586,6.72497061435917
112.68418097496,1126.11101005551,663.14076891947,152.8,-54,0.319065307179586,6.60225061435917
113.589169979095,1127.38009174205,662.484524902244,152.8,-54,0.177945307179586,6.46113061435917
114.169084072113,1128.19058987023,662.073486565811,152.8,-54,0.0859053071795861,6.36909061435917
115.199032068253,1129.60972171669,661.353272583557,152.8,-53,6.22796200717959,6.22796200717959
115.685567855835,1130.25979072111,661.022162670088,152.8,-53,6.14205930717959,6.14205930717959
116.461524963379,1131.6536780247,660.277433272402,152.8,-53,6.09910730717959,6.09910730717959
117.01865696907,1132.45895030773,659.860081461988,152.8,-53,6.00706830717959,6.00706830717959
117.761039972305,1133.39252996951,659.391368836781,152.8,-52,5.92730130717959,5.92730130717959
118.162277936935,1133.93597550772,659.117705190756,152.8,-52,5.85980630717959,5.85980630717959
118.967053890228,1135.04628504973,658.565159403241,152.8,-52,5.81685530717959,5.81685530717959
119.570955991745,1135.87437770227,658.150688356471,152.8,-52,5.81071930717959,5.81071930717959
120.2705950737,1136.83676819803,657.847753966174,152.8,-52,5.74322430717959,5.74322430717959
120.897943973541,1137.68485200721,657.66367993846,152.8,-52,5.71254430717959,5.71254430717959
121.247045040131,1138.12407715313,657.42928575001,152.8,-53,5.70640830717959,5.70640830717959
122.147393941879,1139.17889787351,656.861628354438,152.8,-53,5.70640830717959,5.70640830717959
122.988519906998,1140.24870607049,656.296042361206,152.8,-53,5.70640830717959,5.70640830717959
123.581027030945,1141.05479527088,655.875860701438,152.8,-53,5.67572930717959,5.67572930717959
124.06004691124,1141.72109862178,655.525191363365,152.8,-53,5.64504930717959,5.64504930717959
124.81684589386,1143.00535861926,654.665870335641,152.8,-53,5.63891330717959,5.63891330717959
125.455721855164,1143.77593744684,654.268446408496,152.8,-53,5.58369030717959,5.58369030717959
126.129405975342,1144.59251739661,653.84967215787,152.8,-53,5.58982630717959,5.58982630717959
126.873564958572,1145.47112082843,653.397718984975,152.8,-53,5.57755430717959,5.57755430717959
127.378437042236,1146.07059983188,653.091316629972,152.8,-54,5.60823330717959,5.60823330717959
128.351665973663,1147.39799182716,652.425004086421,152.8,-54,5.57755430717959,5.57755430717959
128.761898994446,1147.99676775692,652.125616121538,152.8,-54,5.54687430717959,5.54687430717959
129.435081005096,1148.87282960487,651.69424687682,152.8,-54,5.54073830717959,5.54073830717959
130.048285007477,1149.64908789677,651.311546946363,152.8,-54,5.55301030717959,5.55301030717959
130.61116194725,1150.36928850698,650.954151468927,152.8,-54,5.57755430717959,5.57755430717959
131.314713001251,1151.30707266343,650.483506523118,152.8,-54,5.56528230717959,5.56528230717959
132.22465801239,1152.54103917332,649.873980217348,152.8,-54,5.66959330717959,5.66959330717959
133.381340026855,1154.53521119886,648.909954260582,152.8,-54,5.68800030717959,5.68800030717959
134.279995918274,1155.68881977411,648.317342763324,152.8,-55,5.63891330717959,5.63891330717959
134.969147920609,1156.53726856032,647.878127971149,152.8,-55,5.68800030717959,5.68800030717959
135.72589802742,1157.45524947656,647.397479316929,152.8,-55,5.74936030717959,5.74936030717959
136.392283916473,1158.32754266023,647.010151181367,152.8,-55,5.77390330717959,5.77390330717959
137.265496015549,1159.58890622003,646.608717203863,152.8,-55,5.85367030717959,5.85367030717959
137.651000976563,1160.0697336384,646.346185433435,152.8,-55,5.89048630717959,5.89048630717959
138.247009992599,1160.79813573014,645.94506094123,152.8,-54,5.86594230717959,5.86594230717959
139.014405965805,1161.73094779757,645.427042402785,152.8,-55,5.87207830717959,5.87207830717959
139.865989923477,1162.73265004944,644.866624138924,152.8,-54,5.83526330717959,5.83526330717959
141.332982063293,1164.45297781585,644.046109305858,152.8,-55,5.91503030717959,5.91503030717959
141.515470027924,1164.72192731741,643.903477889867,152.8,-55,5.90889430717959,5.90889430717959
142.204108953476,1165.71095196974,643.381167300082,152.8,-55,5.95184530717959,5.95184530717959
143.106472015381,1166.92319428371,642.741883041289,152.8,-55,5.95184530717959,5.95184530717959
143.835011959076,1167.84251918253,642.252905618268,152.8,-55,5.98866130717959,5.98866130717959
144.65286898613,1168.77286190251,641.724354060692,152.8,-55,5.93957330717959,5.93957330717959
145.509387969971,1169.73924642172,641.150826891377,152.8,-55,5.98866130717959,5.98866130717959
146.152318000793,1170.60821856102,640.691365036964,152.8,-55,6.03774830717959,6.03774830717959
146.950232982636,1171.65495303012,640.137796121309,152.8,-55,6.05615630717959,6.05615630717959
147.731526851654,1172.65668103311,639.611263847226,152.8,-56,6.09910730717959,6.09910730717959
149.022677898407,1174.29109540173,638.803572479909,152.8,-56,6.17273830717959,6.17273830717959
149.615890979767,1175.00535589929,638.458460840078,152.8,-56,6.16046730717959,6.16046730717959
150.103060007095,1175.64307330305,638.132218987672,152.8,-57,6.19728240717959,6.19728240717959
151.059786081314,1176.88745562406,637.488695458422,152.8,-57,6.28318530717959,6.28318530717959
151.850023031235,1177.94749249113,636.95013443242,152.8,-57,0.0981753071795861,6.38136061435917
153.035417079926,1179.94879620599,635.919281983338,152.8,-58,0.190215307179586,6.47340061435917
153.634206056595,1180.98718973804,635.378280365938,152.8,-58,0.300655307179587,6.58384061435917
154.136826992035,1181.69458377154,635.011374770879,152.8,-58,0.325205307179586,6.60839061435917
154.923063993454,1182.72474659342,634.472746781153,152.8,-58,0.441785307179586,6.72497061435917
155.490831851959,1183.63003631482,634.003809315056,152.8,-59,0.533825307179586,6.81701061435917
157.039988994598,1185.95083989113,632.753732665327,152.8,-60,0.877435307179586,7.16062061435917
157.751962900162,1187.12672718807,632.107397260396,152.8,-60,1.01242530717959,7.29561061435917
158.359699010849,1187.99813765289,631.644091483798,152.8,-61,1.17196530717959,7.45515061435917
159.172697067261,1189.17344202231,631.021949847188,152.8,-62,1.33763530717959,7.62082061435917
159.807600021362,1189.96805028407,630.607500435144,152.8,-61,1.50943530717959,7.79262061435917
160.493852853775,1190.96407245132,630.087908871227,152.8,-62,1.55852530717959,7.84171061435917
161.184479951859,1191.92029585575,629.502387044341,152.8,-62,1.64442530717959,7.92761061435917
162.301751852036,1193.46839603607,628.651601435832,152.8,-62,1.88986530717959,8.17305061435917
163.059061050415,1194.56293882963,628.064730882866,152.8,-61,2.08621530717959,8.36940061435917
163.560230016708,1195.24445569876,627.700213144611,152.8,-61,2.18438530717959,8.46757061435917
164.601433992386,1196.60159229831,626.974289780057,152.8,-61,2.39300530717959,8.67619061435917
165.507391929626,1197.78170854657,626.474659577987,152.8,-60,2.46664530717959,8.74983061435917
166.221647977829,1198.82424782143,625.943588289252,152.8,-60,2.58935530717959,8.87254061435917
166.95366692543,1199.92644025121,625.375662217558,152.8,-60,2.73048530717959,9.01367061435917
167.518080949783,1200.73141234337,624.966008225949,152.8,-60,2.74275530717959,9.02594061435917
168.241553068161,1201.65632950943,624.494492390367,152.8,-60,2.85933530717959,9.14252061435917
169.420212984085,1203.16403311399,623.870230312036,152.8,-60,3.09250530717959,9.37569061435917
170.118208885193,1204.17388020105,623.377080259455,152.8,-60,3.12932530717959,9.41251061435917
170.905667066574,1205.32038247645,622.787303980821,152.8,-60,3.27044530717959,9.55363061435917
171.328774929047,1205.92372779816,622.477582548106,152.8,-60,3.32567530717959,9.60886061435917
172.011515855789,1206.85206963329,621.998928873999,152.8,-61,3.47906530717959,9.76225061435917
173.324815034866,1208.69790985545,621.000778425664,152.8,-61,3.66314530717959,9.94633061435917
174.080513954163,1209.71493595863,620.443632708532,152.8,-61,3.84108530717959,10.1242706143592
174.819328069687,1210.68012471151,619.937944192772,152.8,-61,3.87176530717959,10.1549506143592
175.044518947601,1210.97095669615,619.786004866215,152.8,-62,3.99448530717959,10.2776706143592
176.547424077988,1212.86107407906,618.795541088997,152.8,-62,4.11106530717959,10.3942506143592
177.218174934387,1213.58703635749,618.399468151652,152.8,-62,4.23992530717959,10.5231106143592
177.599963903427,1213.97281189122,618.179433217598,152.8,-62,4.23378530717959,10.5169706143592
178.752345085144,1215.30939745655,617.517675581394,152.8,-62,4.41172530717959,10.6949106143592
178.886146068573,1215.48133204242,617.435714531234,152.8,-62,4.53444530717959,10.8176306143592
179.668236970901,1216.52183683969,616.949362721228,152.8,-63,4.64489530717959,10.9280806143592
180.472460985184,1217.51735500956,616.489076034867,152.8,-63,4.89033530717959,11.1735206143592
180.570230960846,1217.62611118163,616.438363887215,152.8,-63,4.93328530717959,11.2164706143592
181.687216997147,1218.96595955783,615.373434598195,152.8,-63,5.28302530717959,11.5662106143592
182.173820972443,1219.5162332165,615.126782522957,152.8,-64,5.51619530717959,11.7993806143592
183.347040891647,1220.78015398973,614.582650489967,152.8,-64,5.79844730717959,12.0816326143592
184.316992044449,1221.93834890691,614.113465485359,152.8,-64,6.00706830717959,12.2902536143592
185.054709911346,1222.89157088237,613.746928370302,152.8,-64,6.23409790717959,12.5172832143592
185.74325299263,1223.79180795352,613.412289423449,152.8,-63,0.110445307179586,12.6768159215388
186.363358974457,1224.59519973141,613.127576913799,152.8,-63,0.269985307179586,12.8363559215388
187.199887990952,1225.72092241774,612.74757632729,152.8,-62,0.466325307179586,13.0326959215388
188.14137005806,1226.81232802225,612.389837769524,152.8,-62,0.607455307179587,13.1738259215388
188.928607940674,1228.2930590038,611.911266933169,152.8,-62,0.699495307179586,13.2658659215388
189.765131950378,1229.48082350175,611.561046687138,152.8,-61,0.785395307179586,13.3517659215388
190.037658929825,1229.83332729024,611.463398966723,152.8,-61,0.779265307179586,13.3456359215388
191.227843046188,1231.46468081963,611.025603396001,152.8,-61,1.09219530717959,13.6585659215388
191.561655044556,1231.90515248799,610.913547817524,152.8,-61,1.04310530717959,13.6094759215388
192.902008056641,1233.70023509673,610.410594830686,152.8,-61,1.20877530717959,13.7751459215388
193.17723608017,1234.11616955898,610.31131990715,152.8,-61,1.25172530717959,13.8180959215388
194.099894046783,1235.39517168181,610.007798096775,152.8,-61,1.36217530717959,13.9285459215388
194.668901920319,1236.1945683781,609.829250883294,152.8,-61,1.38058530717959,13.9469559215388
195.862412929535,1237.87083425259,609.520382496367,152.8,-61,1.49716530717959,14.0635359215388
196.725656032562,1239.19635935711,609.340474544699,152.8,-61,1.58920530717959,14.1555759215388
197.339972019196,1240.06031999837,609.174981913357,152.8,-61,1.58920530717959,14.1555759215388
197.839766025543,1240.73049743763,609.04976954722,152.8,-61,1.67510530717959,14.2414759215388
198.667615890503,1241.95103909683,608.849211654981,152.8,-60,1.71192530717959,14.2782959215388
199.912240028381,1243.31700335003,608.681024030768,152.8,-60,1.82850530717959,14.3948759215388
200.050967931747,1243.54261364518,608.646362085423,152.8,-60,1.86532530717959,14.4316959215388
200.928940057755,1244.92302315242,608.438309800211,152.8,-60,1.93281530717959,14.4991859215388
201.870827913284,1246.43942268305,608.226044649479,152.8,-59,2.06166530717959,14.6280359215388
202.700711011887,1247.50917454513,608.138354027595,152.8,-59,2.09234530717959,14.6587159215388
202.877562046051,1247.49090190804,608.228412024666,152.8,-59,2.12302530717959,14.6893959215388
203.432898044586,1247.68446268999,608.414748543467,152.8,-59,2.14757530717959,14.7139459215388
204.081510066986,1248.66588245033,608.353626440539,152.8,-59,2.15984530717959,14.7262159215388
204.912411928177,1250.02942974639,608.287738725155,152.8,-59,2.17825530717959,14.7446259215388
205.895494937897,1251.44136362786,608.236036363908,152.8,-59,2.27642530717959,14.8427959215388
206.423543930054,1252.3085945587,608.204260206394,152.8,-59,2.30097530717959,14.8673459215388
206.757550001144,1252.86366533766,608.185924056353,152.8,-59,2.26415530717959,14.8305259215388
207.498997926712,1253.8799159536,608.186332399484,152.8,-59,2.31937530717959,14.8857459215388
208.020613908768,1254.54888782058,608.193765420229,152.8,-59,2.36233530717959,14.9287059215388
208.804519891739,1255.67446107073,608.214891393544,152.8,-59,2.39300530717959,14.9593759215388
209.495743989944,1256.71784738951,608.245352140637,152.8,-60,2.38687530717959,14.9532459215388
210.51705288887,1257.94317268674,608.32773203001,152.8,-60,2.50345530717959,15.0698259215388
211.091214895248,1258.76000351069,608.3576345294,152.8,-60,2.52186530717959,15.0882359215388
212.140227079391,1260.3037115248,608.410085338459,152.8,-60,2.55867530717959,15.1250459215388
212.644541978836,1261.08646128386,608.440023726322,152.8,-60,2.54640530717959,15.1127759215388
213.650220870972,1262.58560884975,608.381690563849,152.8,-60,2.60776530717959,15.1741359215388
213.741816997528,1262.72272963054,608.386000074103,152.8,-60,2.59549530717959,15.1618659215388
214.806328058243,1264.35993491242,608.43753848823,152.8,-61,2.68753530717959,15.2539059215388
215.48579287529,1265.4267937082,608.473765440758,152.8,-61,2.79184530717959,15.3582159215388
215.99421787262,1266.24283415802,608.500635632301,152.8,-61,2.82866530717959,15.3950359215388
216.394152879715,1266.91487856853,608.513209616774,152.8,-61,2.79184530717959,15.3582159215388
217.383477926254,1268.76361080219,608.458097884743,152.8,-61,2.94524530717959,15.5116159215388
217.952722072601,1269.65488877235,608.491734348318,152.8,-62,3.01273530717959,15.5791059215388
218.459625959396,1270.45952222695,608.52200182636,152.8,-62,3.08023530717959,15.6466059215388
219.353113889694,1271.81394486094,608.574068600657,152.8,-62,3.22135530717959,15.7877259215388
219.90847992897,1272.60336438272,608.616861172511,152.8,-62,3.30112530717959,15.8674959215388
220.662528991699,1273.51226076428,608.692425608915,152.8,-62,3.32567530717959,15.8920459215388
220.832577943802,1273.77894108402,608.701880638433,152.8,-62,3.38702530717959,15.9533959215388
