46.2918469905853,1103.0857530595,718.083999947154,152.8,-64,0.0245453071795865,0.0245453071795865
47.4161510467529,1103.70484574462,716.399902832617,152.8,-64,0.0490853071795865,0.0490853071795865
47.9098989963531,1104.00843379944,715.548274302505,152.8,-64,0.0859053071795861,0.0859053071795861
48.9156589508057,1104.61548055569,713.835598259865,152.8,-63,0.177945307179586,0.177945307179586
49.2426390647888,1104.80399523187,713.322910446549,152.8,-63,0.214755307179586,0.214755307179586
50.2874369621277,1105.39101172449,711.707959307554,152.8,-62,0.331335307179586,0.331335307179586
51.3602180480957,1105.96801545941,710.049207488909,152.8,-62,0.435655307179586,0.435655307179586
51.5858430862427,1106.08611852831,709.664129324807,152.8,-62,0.355885307179586,0.355885307179586
52.6582069396973,1106.72622984405,707.866202188198,152.8,-61,0.490875307179587,0.490875307179587
53.5288770198822,1107.22133119713,706.48948747472,152.8,-61,0.638135307179586,0.638135307179586
53.9458711147308,1107.44357139458,705.866348306158,152.8,-61,0.589045307179586,0.589045307179586
55.3122999668121,1108.24159436756,704.024321285105,152.8,-61,0.779265307179586,0.779265307179586
55.8289279937744,1108.52117727031,703.273776090543,152.8,-61,0.773125307179586,0.773125307179586
56.7049949169159,1108.96541757217,702.037830797923,152.8,-61,0.766995307179586,0.766995307179586
57.4688069820404,1109.38471387603,700.8445850509,152.8,-61,0.705635307179587,0.705635307179587
58.1967580318451,1109.76953876033,699.748313909769,152.8,-61,0.785395307179586,0.785395307179586
59.2519540786743,1110.31745178223,698.230398013826,152.8,-61,0.901985307179586,0.901985307179586
59.8476998806,1110.61984172432,697.389443171905,152.8,-61,0.951065307179586,0.951065307179586
60.7312390804291,1111.06528541876,696.151587719932,152.8,-61,0.920385307179586,0.920385307179586
61.2995429039001,1111.34691012045,695.373140583075,152.8,-62,0.889705307179586,0.889705307179586
62.0580170154572,1111.3069644911,693.908621741458,152.8,-62,0.816075307179586,0.816075307179586
62.6384019851685,1111.13985072422,692.592788425504,152.8,-62,0.865165307179586,0.865165307179586
63.4235188961029,1111.57857028331,691.391407959099,152.8,-62,0.668815307179586,0.668815307179586
64.5557069778442,1111.8488428998,689.893253048275,152.8,-62,0.484735307179586,0.484735307179586
64.8581359386444,1110.93467476911,689.985101072726,152.8,-62,0.368155307179586,0.368155307179586
66.0630919933319,1113.75715041387,687.991924754983,152.8,-63,0.263845307179587,0.263845307179587
66.7565729618073,1114.11363412674,687.065795112893,152.8,-63,0.227025307179586,0.227025307179586
67.5616769790649,1114.58961409798,685.836638432812,152.8,-63,0.0368153071795865,0.0368153071795865
68.0761620998383,1114.90280496064,685.025730337439,152.8,-63,6.25864160717959,-0.0245436999999997
69.1112020015717,1114.84602079282,683.730074809275,152.8,-62,6.05615630717959,-0.227029
69.3314778804779,1114.63557145577,683.546952475692,152.8,-62,6.08070030717959,-0.202485
70.0504899024963,1114.94992583407,682.550787907681,152.8,-61,6.02547630717959,-0.257709
70.8498320579529,1115.31638914763,681.546990024886,152.8,-61,6.10524330717959,-0.177942
71.5342600345612,1115.65508091979,680.610075533321,152.8,-61,6.11751530717959,-0.16567
72.1717689037323,1115.99230048697,679.685911638401,152.8,-60,6.14819530717959,-0.13499
72.5597789287567,1116.16887675799,679.14748953851,152.8,-60,6.19114650717959,-0.0920388000000001
73.6253309249878,1116.7221551376,677.59156314709,152.8,-59,6.19114650717959,-0.0920388000000001
74.7037539482117,1117.29033936935,676.067477546514,152.8,-60,6.25250570717959,-0.0306796
75.3843410015106,1117.64070724935,675.118302826083,152.8,-60,6.25864160717959,-0.0245436999999997
76.0535359382629,1117.92927562761,674.393454042699,152.8,-60,0.128855307179586,0.128855307179586
76.6600871086121,1118.19132914625,673.763251499218,152.8,-59,0.134995307179587,0.134995307179587
77.6030790805817,1118.72985720808,672.384998439866,152.8,-60,0.257705307179586,0.257705307179586
78.5437109470367,1119.28237562819,670.953233744991,152.8,-60,0.355885307179586,0.355885307179586
79.2900021076202,1119.60727799633,670.046137031216,152.8,-60,0.515415307179587,0.515415307179587
80.1616230010986,1119.80141205199,669.361921258686,152.8,-61,0.699495307179586,0.699495307179586
80.8106279373169,1120.159947951,668.453733245453,152.8,-60,0.932665307179586,0.932665307179586
81.3949780464172,1120.28293319557,667.472015326856,152.8,-60,1.06765530717959,1.06765530717959
82.4325330257416,1119.92181303873,665.375128800073,152.8,-60,1.22104530717959,1.22104530717959
85.0143702030182,1121.32527261557,665.112602760175,152.8,-59,1.20877530717959,1.20877530717959
85.7569723129272,1120.70159437813,665.896020492659,152.8,-59,1.18423530717959,1.18423530717959
86.6962990760803,1119.08597585757,666.975950728261,152.8,-59,1.25786530717959,1.25786530717959
87.2696452140808,1118.3691522035,667.347381028535,152.8,-60,1.46648530717959,1.46648530717959
87.4718632698059,1118.06677897426,667.52732153582,152.8,-60,1.58306530717959,1.58306530717959
88.5274982452393,1116.37634195692,668.023939374943,152.8,-62,2.25801530717959,2.25801530717959
92.7090864181519,1116.22967073157,668.148513643325,152.8,-63,2.01871530717959,2.01871530717959
93.2117764949799,1116.27759569946,668.137430994499,152.8,-62,2.01871530717959,2.01871530717959
94.8551735877991,1116.43427226131,668.101199539573,152.8,-61,1.96963530717959,1.96963530717959
95.3815755844116,1116.48445785269,668.089594121566,152.8,-60,1.84077530717959,1.84077530717959
96.1299154758453,1116.43595425391,668.059343121898,152.8,-61,1.96963530717959,1.96963530717959
96.7517035007477,1116.3679177861,668.0310252407,152.8,-62,1.82850530717959,1.82850530717959
97.5611515045166,1116.27934743599,667.994160824711,152.8,-61,1.75487530717959,1.75487530717959
98.7350914478302,1116.15089413041,667.940696475902,152.8,-61,1.66283530717959,1.66283530717959
99.4296805858612,1116.19452115624,667.907091832705,152.8,-61,1.54011530717959,1.54011530717959
99.9579136371613,1116.26219334528,667.880967220196,152.8,-61,1.85304530717959,1.85304530717959
100.434292554855,1116.32322247643,667.857407137006,152.8,-61,1.64442530717959,1.64442530717959
101.479621648788,1116.45714008698,667.805708710607,152.8,-61,1.60761530717959,1.60761530717959
106.90705704689,1118.8603639819,666.629987487732,152.8,-61,1.28854530717959,1.28854530717959
107.609843969345,1119.93892193244,666.101785897155,152.8,-61,1.23332530717959,1.23332530717959
107.89079785347,1120.29587200136,665.951693488957,152.8,-60,1.24559530717959,1.24559530717959
108.751677036285,1121.09501224963,665.723586141629,152.8,-60,1.01856530717959,1.01856530717959
110.088114023209,1122.96094127023,664.808644445694,152.8,-61,0.877435307179586,0.877435307179586
110.777858018875,1123.88505188628,664.34674036351,152.8,-61,0.601325307179586,0.601325307179586
111.556130886078,1124.95907594702,663.808757494396,152.8,-60,0.619725307179587,0.619725307179587
111.856296062469,1125.34596119985,663.608120074067,152.8,-60,0.576775307179586,0.576775307179586
112.827683925629,1126.31237345826,663.036268257005,152.8,-60,0.411105307179586,0.411105307179586
114.065049886703,1128.04518986434,662.147225140227,152.8,-60,0.0736353071795861,0.0736353071795861
114.655905008316,1128.86530159811,661.731274955195,152.8,-60,6.20955420717959,-0.0736311000000001
115.310914039612,1129.75920918213,661.277131771718,152.8,-60,6.06842830717959,-0.214757
116.107454061508,1130.9736991166,660.643915411182,152.8,-60,5.90889430717959,-0.374291
116.512161016464,1131.75092252546,660.225022275238,152.8,-60,5.82912730717959,-0.454058
117.064982891083,1132.51445142994,659.83227483914,152.8,-60,5.71254430717959,-0.570641
117.797602891922,1133.44205159329,659.36643116195,152.8,-60,5.53460230717959,-0.748583
118.336184024811,1134.17245855081,658.99892372838,152.8,-60,5.39961230717959,-0.883573
119.38977599144,1135.62669480731,658.274968180756,152.8,-60,5.25848530717959,-1.0247
119.761633872986,1136.13504471602,658.019893492049,152.8,-60,5.20939530717959,-1.07379
120.75500202179,1137.5050081006,657.75965433093,152.8,-59,4.99464530717959,-1.28854
121.368232965469,1138.27655100465,657.347917492711,152.8,-60,4.87805530717959,-1.40513
122.311131954193,1139.36311006036,656.761995311438,152.8,-59,4.74306530717959,-1.54012
123.285856962204,1140.64781473669,656.087204978842,152.8,-58,4.54058530717959,-1.7426
123.633610010147,1141.12729669034,655.83821084151,152.8,-58,4.47308530717959,-1.8101
124.414650917053,1142.32284855812,655.122549861845,152.8,-58,4.36877530717959,-1.91441
125.568444013596,1143.90952107828,654.200810906682,152.8,-57,4.12947530717959,-2.15371
126.267469882965,1144.76132276697,653.762685717022,152.8,-57,4.02516530717959,-2.25802
126.850219011307,1145.44428429862,653.411504486603,152.8,-57,3.90244530717959,-2.38074
127.619400978088,1146.39118983045,652.930147294326,152.8,-57,3.80427530717959,-2.47891
127.994210004807,1146.88985376917,652.679455332408,152.8,-56,3.73064530717959,-2.55254
129.352745056152,1148.76907696417,651.745095943302,152.8,-56,3.44225530717959,-2.84093
130.170470952988,1149.80431161441,651.234674248104,152.8,-56,3.35634530717959,-2.92684
131.031651973724,1150.92977218834,650.672861995196,152.8,-57,3.17227530717959,-3.11091
131.502986907959,1151.55382357656,650.36091718793,152.8,-56,3.11704530717959,-3.16614
132.18009185791,1152.45423512472,649.915063872648,152.8,-56,3.03728530717959,-3.2459
133.539468050003,1154.74023395964,648.804880095686,152.8,-56,2.77957530717959,-3.50361
134.023436069489,1155.36217603813,648.485468215668,152.8,-56,2.71207530717959,-3.57111
134.983510017395,1156.55446492869,647.869182385581,152.8,-56,2.46050530717959,-3.82268
135.131180047989,1156.7312767328,647.777204527885,152.8,-56,2.47277530717959,-3.81041
136.102546930313,1157.92059060018,647.151647592026,152.8,-56,2.27642530717959,-4.00676
137.257524013519,1159.57896300907,646.61414619705,152.8,-56,2.07394530717959,-4.20924
138.023331880569,1160.52745617059,646.094746737661,152.8,-56,1.91440530717959,-4.36878
138.727014064789,1161.37969226135,645.623100339837,152.8,-56,1.77941530717959,-4.50377
139.336251974106,1162.1243137617,645.207479971788,152.8,-56,1.63829530717959,-4.64489
140.139569044113,1163.03987273508,644.694238076426,152.8,-56,1.56466530717959,-4.71852
140.955407857895,1163.9488553716,644.294910052227,152.8,-56,1.43580530717959,-4.84738
141.969811916351,1165.38761796875,643.550775837447,152.8,-56,1.32535530717959,-4.95783
142.387302875519,1165.9637627799,643.248552506684,152.8,-56,1.31922530717959,-4.96396
143.100437879562,1166.91543282318,642.746012439705,152.8,-56,1.30695530717959,-4.97623
143.561121940613,1167.50759768572,642.430960822183,152.8,-56,1.29467530717959,-4.98851
145.001805067062,1169.11746775564,641.501200758238,152.8,-56,1.14741530717959,-5.13577
145.661898851395,1169.9468015104,641.041119201645,152.8,-56,1.14741530717959,-5.13577
146.549459934235,1171.13198880081,640.414103176085,152.8,-55,1.12900530717959,-5.15418
147.139930009842,1171.89583711053,640.011159919035,152.8,-55,1.14128530717959,-5.1419
147.748174905777,1172.68015540095,639.598944997553,152.8,-55,1.10446530717959,-5.17872
148.352113962173,1173.53173165482,639.1520558661,152.8,-55,1.05537530717959,-5.22781
149.120985984802,1174.39693534855,638.756836413505,152.8,-55,1.00015530717959,-5.28303
149.622520923615,1175.01403661919,638.454021271902,152.8,-55,0.963335307179586,-5.31985
150.238975048065,1175.81910572846,638.040912449259,152.8,-55,0.846755307179587,-5.43643
150.786067962646,1176.5276814092,637.673380203641,152.8,-55,0.871305307179586,-5.41188
151.707072019577,1177.75001996249,637.050158075144,152.8,-55,0.809945307179587,-5.47324
152.494705915451,1178.84174485894,636.497368819165,152.8,-55,0.730175307179587,-5.55301
153.794887065887,1181.21368746877,635.260822250708,152.8,-54,0.730175307179587,-5.55301
153.912371873856,1181.37929535559,635.174940638607,152.8,-54,0.711765307179586,-5.57142
154.782753944397,1182.54090610282,634.568869094814,152.8,-54,0.619725307179587,-5.66346
155.555916070938,1183.73394281694,633.949988994039,152.8,-54,0.625865307179586,-5.65732
156.176306962967,1184.54050456822,633.530921092047,152.8,-54,0.674955307179586,-5.60823
156.702941894531,1185.28247257618,633.1316334302,152.8,-53,0.662675307179586,-5.62051
157.433727025986,1186.68591411961,632.341703305793,152.8,-53,0.619725307179587,-5.66346
157.926667928696,1187.36872460556,631.978768002452,152.8,-53,0.662675307179586,-5.62051
158.893765926361,1188.81649612303,631.208779793382,152.8,-53,0.693355307179586,-5.58983
159.625637054443,1189.73309812391,630.73005078243,152.8,-53,0.711765307179586,-5.57142
160.301481962204,1190.6848667952,630.23356115517,152.8,-52,0.644275307179586,-5.63891
161.020124912262,1191.69445724078,629.644066995955,152.8,-52,0.662675307179586,-5.62051
161.746244907379,1192.69543071614,629.05916978538,152.8,-52,0.662675307179586,-5.62051
162.412143945694,1193.62816118674,628.565934260214,152.8,-52,0.681085307179586,-5.6021
163.10684299469,1194.6279153211,628.029977401649,152.8,-53,0.748585307179586,-5.5346
163.984395980835,1195.8103542062,627.397527514232,152.8,-53,0.834485307179587,-5.4487
164.496033906937,1196.46643601789,627.046585639489,152.8,-53,0.865165307179586,-5.41802
164.890625,1196.97575420629,626.809950680883,152.8,-53,0.889705307179586,-5.39348
165.854143857956,1198.28783307268,626.216838879216,152.8,-53,0.877435307179586,-5.40575
166.360425949097,1199.03111852695,625.837381850563,152.8,-53,0.895845307179586,-5.38734
166.995874881744,1199.99014067268,625.342811752272,152.8,-53,0.963335307179586,-5.31985
167.917388916016,1201.28767019635,624.68392052677,152.8,-53,0.908115307179586,-5.37507
168.458914041519,1201.9035257111,624.367475618656,152.8,-53,0.957205307179586,-5.32598
169.196439027786,1202.85544202745,623.980132049874,152.8,-53,0.957205307179586,-5.32598
169.543763875961,1203.33441354877,623.80955096421,152.8,-53,0.951065307179586,-5.33212
170.474264860153,1204.69381458388,623.108420025763,152.8,-53,0.908115307179586,-5.37507
171.41183590889,1206.03665701247,622.419356659624,152.8,-53,0.975615307179586,-5.30757
172.351113080978,1207.33509959342,621.748939684109,152.8,-53,1.11673530717959,-5.16645
172.857531070709,1208.05342482128,621.373336002437,152.8,-53,1.09219530717959,-5.19099
173.499784946442,1208.93923097514,620.86127788367,152.8,-53,1.12900530717959,-5.15418
174.404566049576,1210.14338221711,620.218496325539,152.8,-53,1.21491530717959,-5.06827
175.293046951294,1211.29246295625,619.617995594346,152.8,-53,1.23332530717959,-5.04986
175.731719970703,1211.86849102172,619.31626660767,152.8,-53,1.20877530717959,-5.07441
175.974219083786,1212.18692021341,619.149470364403,152.8,-53,1.20877530717959,-5.07441
177.062638998032,1213.42987634574,618.489107565763,152.8,-53,1.25172530717959,-5.03146
177.352586984634,1213.72285191171,618.322002983691,152.8,-53,1.28854530717959,-4.99464
178.160709857941,1214.59647627025,617.863753207321,152.8,-53,1.26399530717959,-5.01919
179.131115913391,1215.79611888286,617.285655950017,152.8,-53,1.25786530717959,-5.02532
179.900853872299,1216.84171752972,616.802576348511,152.8,-53,1.29467530717959,-4.98851
180.52792596817,1217.57905247029,616.460306994191,152.8,-53,1.32535530717959,-4.95783
181.391120910645,1218.60603442722,615.675224368955,152.8,-53,1.36217530717959,-4.92101
182.268223047256,1219.62298732812,615.078931562336,152.8,-53,1.35603530717959,-4.92715
182.918407917023,1220.30420740804,614.783690814545,152.8,-53,1.39285530717959,-4.89033
183.541001081467,1221.01499776516,614.485358068719,152.8,-53,1.42966530717959,-4.85352
184.069491863251,1221.64849951106,614.227099623506,152.8,-53,1.47262530717959,-4.81056
184.811573982239,1222.55184615839,613.87570021806,152.8,-53,1.46648530717959,-4.8167
185.560196876526,1223.57014456991,613.492672848274,152.8,-53,1.44194530717959,-4.84124
186.357354879379,1224.58635653565,613.130585253294,152.8,-53,1.49102530717959,-4.79216
187.107127904892,1225.6160788488,612.782359723105,152.8,-53,1.49716530717959,-4.78602
187.734740018845,1226.33053846237,612.546139266277,152.8,-53,1.50330530717959,-4.77988
188.540111064911,1227.45348946187,612.182389071866,152.8,-53,1.53398530717959,-4.7492
189.101546049118,1228.65961510506,611.793280889644,152.8,-53,1.52170530717959,-4.76148
190.241415977478,1230.10162704406,611.389684286884,152.8,-54,1.66897530717959,-4.61421
190.641661882401,1230.63318764033,611.2443749024,152.8,-54,1.66897530717959,-4.61421
191.278012990952,1231.53584647532,611.006879228338,152.8,-54,1.73646530717959,-4.54672
192.042881965637,1232.5210839387,610.759233808907,152.8,-54,1.82236530717959,-4.46082
192.465633869171,1233.09103755552,610.584681322235,152.8,-54,1.83464530717959,-4.44854
193.245573043823,1234.21944282986,610.286670720797,152.8,-54,1.89599530717959,-4.38719
193.98354101181,1235.24090054093,610.044292345156,152.8,-54,1.93281530717959,-4.35037
194.793524026871,1236.37123829782,609.790143367086,152.8,-54,2.01258530717959,-4.2706
195.802336931229,1237.77661082547,609.528519974164,152.8,-55,2.03712530717959,-4.24606
196.291707038879,1238.54414078714,609.462233295656,152.8,-55,2.08007530717959,-4.20311
196.847043037415,1239.37848850051,609.305719625592,152.8,-55,2.09234530717959,-4.19084
197.945713043213,1240.88461391104,609.023932373738,152.8,-55,2.10462530717959,-4.17856
198.328608036041,1241.44159444032,608.930556226182,152.8,-55,2.10462530717959,-4.17856
199.378813028336,1242.85128356456,608.724002310466,152.8,-55,2.12916530717959,-4.15402
200.255325078964,1243.87495541046,608.595302305121,152.8,-55,2.07394530717959,-4.20924
201.005841970444,1245.0392417407,608.421205932501,152.8,-55,1.98190530717959,-4.30128
201.707874059677,1246.169949255,608.262981093495,152.8,-55,2.07394530717959,-4.20924
202.291769981384,1247.07030337083,608.143460561792,152.8,-55,2.05553530717959,-4.22765
202.962867021561,1247.4820880107,608.271851947259,152.8,-56,2.04326530717959,-4.23992
203.302489995956,1247.49272677553,608.427220685475,152.8,-56,2.01258530717959,-4.2706
204.157966852188,1248.79804749287,608.346961707624,152.8,-56,2.00031530717959,-4.28287
204.68151807785,1249.69453041166,608.302091553786,152.8,-56,1.95122530717959,-4.33196
205.369739055634,1250.69169585146,608.260025732753,152.8,-56,1.93895530717959,-4.34423
206.523105859756,1252.47931183449,608.197784723519,152.8,-57,1.86532530717959,-4.41786
207.603438854218,1254.01386131698,608.1878206813,152.8,-57,1.79168530717959,-4.4915
208.384584903717,1255.06349476369,608.202911662033,152.8,-57,1.83464530717959,-4.44854
208.558431863785,1255.31642590354,608.207871096148,152.8,-56,1.76714530717959,-4.51604
209.748123884201,1256.99780042324,608.268048720409,152.8,-58,1.65056530717959,-4.63262
210.538303852081,1257.97396289398,608.328894517426,152.8,-58,1.57693530717959,-4.70625
211.673047065735,1259.57916825188,608.385694772835,152.8,-58,1.50943530717959,-4.77375
212.123575925827,1260.27788747208,608.409216013912,152.8,-58,1.44194530717959,-4.84124
212.737267971039,1261.23040150719,608.445644249329,152.8,-57,1.34376530717959,-4.93942
213.427191972733,1262.25646777538,608.39696936803,152.8,-57,1.33763530717959,-4.94555
214.110662937164,1263.27489755655,608.403353923206,152.8,-57,1.31922530717959,-4.96396
214.39067697525,1263.70228347896,608.416801731319,152.8,-57,1.27013530717959,-5.01305
215.331955909729,1265.18596642413,608.465359205371,152.8,-56,1.26399530717959,-5.01919
215.696004867554,1265.75730994561,608.485187134633,152.8,-56,1.24559530717959,-5.03759
216.340357065201,1266.80638757793,608.518566877479,152.8,-56,1.21491530717959,-5.06827
216.952022075653,1268.07983701265,608.442112888199,152.8,-56,1.22718530717959,-5.056
217.576164007187,1269.05684813107,608.469201045739,152.8,-56,1.23945530717959,-5.04373
218.508236885071,1270.53212812235,608.524733533316,152.8,-56,1.34990530717959,-4.93328
219.056731939316,1271.35306778043,608.555715088601,152.8,-56,1.32535530717959,-4.95783
219.878836870193,1272.5716637487,608.613395236525,152.8,-56,1.40512530717959,-4.87806
220.505425930023,1273.26588291719,608.683690394337,152.8,-56,1.44194530717959,-4.84124
