3.59992694854736,3,2.73662,-58,7.96684134799645,9.67189375475974,1.528,-2.54387179022614
4.12164092063904,3,2.93911,-59,7.97133438970262,9.66524835774523,1.528,-2.54564748335553
4.31987595558167,3,3.0741,-58,7.97310767801594,9.66259550226963,1.528,-2.54701750504993
4.68399405479431,3,3.23977,-57,7.97664847457591,9.65717409720563,1.528,-2.55251863665899
5.04275798797607,3,3.41771,-58,7.98016176991094,9.65183360012289,1.528,-2.55788962937143
5.48472189903259,3,3.57111,-57,7.986305055101,9.64534247056986,1.528,-2.56086694129175
5.80710601806641,3,3.69996,-57,7.9907139541266,9.64055694914593,1.528,-2.5633005667209
6.39954805374146,3,3.99449,-57,7.99687045463642,9.63039795947093,1.528,-2.57482681891607
6.73945188522339,3,4.08652,-57,8.00001392696266,9.62509567249731,1.528,-2.58039828744868
7.07289385795593,3,4.22765,-56,8.00274799434372,9.62036755273136,1.528,-2.58492700197615
7.34549498558044,3,4.22765,-56,8.00499842140935,9.61647271630646,1.528,-2.58865423956618
7.58465790748596,3,4.38105,-57,8.00707737182501,9.61285355779271,1.528,-2.59209491902995
8.06284785270691,3,4.59581,-57,8.01123458934872,9.60561036716136,1.528,-2.59898814869918
8.30272507667542,3,4.70625,-57,8.01332459928419,9.60191290310121,1.528,-2.60257376207471
8.53747487068176,3,4.72466,-57,8.01536993478418,9.59829447317232,1.528,-2.60608273215268
9.06455397605896,3,4.82897,-57,8.02010270293561,9.59025057530589,1.528,-2.61243971421219
9.34197187423706,3,4.98237,-57,8.02266108055834,9.5860554478737,1.528,-2.61505545456189
9.74864506721497,3,5.09282,-57,8.02610732990228,9.57998406089539,1.528,-2.61977770326311
9.90644407272339,3,5.19099,-57,8.02735780601719,9.57765056372793,1.528,-2.62186327994866
10.3639230728149,3,5.27689,-57,8.03089904525237,9.5709384360624,1.528,-2.62840192716095
10.581521987915,3,5.3812,-57,8.03247598515599,9.56781354412103,1.528,-2.63214136185888
11.1732339859009,3,5.688,-57,8.03688317378567,9.55904105928917,1.528,-2.64232584075645
11.5204088687897,3,5.72482,-57,8.03962535933965,9.5535327598605,1.528,-2.64832227792772
11.8930649757385,3,5.88435,-57,8.04242706619947,9.54784996315953,1.528,-2.65411405528403
12.2754409313202,3,6.0807,-57,8.04514124521174,9.54227930837124,1.528,-2.65932633303769
12.6133940219879,3,6.19115,-57,8.04768689507227,9.53785871956865,1.528,-2.66234076540697
12.877564907074,3,6.27091,-57,8.04978763299587,9.5347830147957,1.528,-2.6634945930812
13.2568740844727,3,0.0368155,-57,8.05266634053685,9.5303731657732,1.528,-2.6648044126134
13.4913420677185,3,0.184078,-56,8.05401137250551,9.5276674254726,1.528,-2.66451910280186
13.9386248588562,3,0.294524,-56,8.05657722241298,9.52250582064709,1.528,-2.66397483160937
14.1969969272614,3,0.368155,-56,8.0585421573068,9.51867033926237,1.528,-2.66365799277923
14.6505138874054,3,0.515418,-56,8.06200440680995,9.51191457804773,1.528,-2.66310178302151
14.8474509716034,3,0.515418,-57,8.06336279618441,9.50918650057408,1.528,-2.66316697713446
15.3805339336395,3,0.717903,-56,8.06700605299521,9.50184871045166,1.528,-2.66339893579434
15.7373459339142,3,0.852893,-57,8.0695977701968,9.49668986539574,1.528,-2.66276453063494
16.1637098789215,3,0.96334,-57,8.07207296100761,9.49097555256997,1.528,-2.66196535192597
16.5755159854889,3,1.09833,-57,8.07137928772792,9.48768942237208,1.528,-2.6609895064647
17.0169968605042,3,1.25173,-57,8.07266527625488,9.48280711578236,1.528,-2.66104742194938
17.211788892746,3,1.33763,-57,8.07411605393556,9.4800612789556,1.528,-2.66155350718682
17.7827889919281,3,1.65056,-58,8.07807766503486,9.47250908737385,1.528,-2.66303384800163
18.1667129993439,3,1.78555,-58,8.08046647085002,9.46790027786752,1.528,-2.66402619988202
18.4591479301453,3,1.84691,-58,8.08244900452334,9.46409422935296,1.528,-2.66442960912315
18.7456979751587,3,1.99418,-58,8.08451794226698,9.46013576359621,1.528,-2.66455176042905
19.3907690048218,3,2.32551,-59,8.08902909619614,9.45138246609725,1.528,-2.66496467702184
19.7665889263153,3,2.57095,-58,8.09158278583202,9.44636314508878,1.528,-2.66527547089234
20.2125189304352,3,2.75503,-58,8.09461932714821,9.43896459931307,1.528,-2.66296605368859
20.7255709171295,3,3.10478,-59,8.09811578293677,9.43111277349666,1.528,-2.66183779055079
20.9071600437164,3,3.16614,-58,8.09935431824053,9.42858140384659,1.528,-2.6620084446845
21.571408033371,3,3.47907,-58,8.10424902330233,9.41871195339533,1.528,-2.66185517339684
22.1291220188141,3,3.76746,-57,8.10843654262203,9.41029406792192,1.528,-2.66175259709902
22.4174189567566,3,3.92699,-57,8.11050606368332,9.40610117209142,1.528,-2.66204494579913
22.8139779567719,3,4.13561,-57,8.11331800226661,9.40039228983949,1.528,-2.66235682615551
23.555095911026,3,4.48536,-56,8.11716886535316,9.39083444106978,1.528,-2.66316289376911
23.9480888843536,3,4.60808,-56,8.11658383911864,9.3876817996949,1.528,-2.66451170425424
24.6178460121155,3,4.79829,-55,8.11985551179749,9.37909760134862,1.528,-2.66514108655148
24.8898119926453,3,4.92101,-55,8.12182101680205,9.37512978148955,1.528,-2.66512912642303
25.5481779575348,3,5.1419,-54,8.12668591435589,9.36542057207287,1.528,-2.66486398169152
25.8667669296265,3,5.21553,-54,8.12907680314069,9.36067813270997,1.528,-2.66394609020193
26.3034830093384,3,5.35666,-54,8.13230860088238,9.35426587659485,1.528,-2.66284031717344
26.7074289321899,3,5.47324,-54,8.13493852760677,9.34903313579271,1.528,-2.66301926064129
27.2139999866486,3,5.6021,-53,8.13813876026215,9.34218491515077,1.528,-2.66509349026626
27.3531000614166,3,5.73095,-53,8.13898001534022,9.34019480952555,1.528,-2.66637204974616
28.0000619888306,3,5.9273,-52,8.14280763120391,9.33154949413769,1.528,-2.66974413621037
28.3524868488312,3,5.98253,-52,8.14481752071808,9.32737944299614,1.528,-2.66930740788135
28.8460209369659,3,6.08684,-53,8.1483569634876,9.32014814356719,1.528,-2.66837259961022
29.2342619895935,3,6.17274,-52,8.15139843290734,9.31397057954703,1.528,-2.66754231341853
29.6911189556122,3,6.2341,-52,8.15505160862992,9.30662508693342,1.528,-2.66681167827402
30.0940449237823,3,0.0674952,-52,8.15825338448746,9.30023405134283,1.528,-2.66606093032801
30.6201570034027,3,0.184078,-52,8.16232390663752,9.29233361524944,1.528,-2.6649347765039
31.0002620220184,3,0.251573,-52,8.16455552131129,9.28941051433874,1.528,-2.66421709760646
31.2499029636383,3,0.30066,-51,8.16602117517326,9.28749071420967,1.528,-2.66374574882926
31.8126389980316,3,0.386563,-51,8.17035355772945,9.27920816586956,1.528,-2.6631606532904
32.3379440307617,3,0.435651,-51,8.17437565468239,9.27135865655622,1.528,-2.66275380005354
32.8536880016327,3,0.558369,-51,8.17817136840014,9.26397961436365,1.528,-2.66245629465082
33.2643249034882,3,0.638136,-51,8.18083824903494,9.25875515148073,1.528,-2.66242350513482
33.6931819915771,3,0.717903,-52,8.18360541240679,9.25332224248728,1.528,-2.66244805687679
34.0854790210724,3,0.760854,-52,8.1861005404058,9.24839927083979,1.528,-2.66258823260707
34.7832088470459,3,0.877437,-52,8.1934715224806,9.23591982684193,1.528,-2.66211051419522
35.3093109130859,3,0.938796,-52,8.1978014101742,9.22810223972628,1.528,-2.66148972175935
35.6936628818512,3,1.01856,-52,8.20026459385673,9.2232788528018,1.528,-2.66104810811406
36.2831559181213,3,1.11674,-52,8.2042945831604,9.21535699882784,1.528,-2.66101560820032
36.9612329006195,3,1.19037,-52,8.20829690358761,9.20750252397307,1.528,-2.66173826191368
37.468209028244,3,1.3315,-53,8.21195681949652,9.20027964871616,1.528,-2.66218675461862
38.0477740764618,3,1.44808,-53,8.21702088314538,9.19085225254619,1.528,-2.66212069499506
39.0634739398956,3,1.63829,-53,8.22645700267429,9.17457557124013,1.528,-2.65825749230869
39.9795348644257,3,1.8101,-53,8.2321698265242,9.16300401870414,1.528,-2.64721746942964
40.3117249011993,3,1.896,-53,8.23436399012084,9.15872161403043,1.528,-2.64238595049048
40.9025208950043,3,2.04326,-53,8.23877919659088,9.15022915273375,1.528,-2.63431903029242
41.5989630222321,3,2.22734,-54,8.24320176626259,9.14175815702849,1.528,-2.62485031821871
42.1013748645782,3,2.30097,-54,8.24483845962779,9.13860343438861,1.528,-2.61841475618966
43.0910329818726,3,2.58322,-54,8.25054740043915,9.12803477829116,1.528,-2.60582491679235
43.9300949573517,3,2.77957,-54,8.25672485303857,9.11728987382387,1.528,-2.59359235361272
44.1998369693756,3,2.91456,-54,8.25858285060475,9.11411654335784,1.528,-2.59012433107623
44.8470668792725,3,3.06183,-55,8.26318196798186,9.1063521398152,1.528,-2.58115421183649
45.6795558929443,3,3.35635,-54,8.26874038624393,9.09647012076673,1.528,-2.56700465493586
46.1389379501343,3,3.45452,-54,8.27125733462291,9.09138831767476,1.528,-2.55806657585567
46.6736240386963,3,3.54656,-54,8.27496602025896,9.08555644397941,1.528,-2.54992539047244
47.0223729610443,3,3.62019,-54,8.27758987084359,9.08150270596034,1.528,-2.54477461442466
47.5829939842224,3,3.73064,-54,8.28236851133627,9.07430221287303,1.528,-2.53693070378237
48.1799519062042,3,3.75518,-54,8.28593350114432,9.06887726337053,1.528,-2.52724267564213
48.7032129764557,3,3.88404,-54,8.28936468099793,9.06376730031717,1.528,-2.51860396244855
49.2957608699799,3,3.9454,-54,8.29416299277957,9.05701612523685,1.528,-2.50911572452513
49.7040619850159,3,4.0313,-53,8.29967117638259,9.05109758984679,1.528,-2.50432302608927
50.3503620624542,3,4.17856,-53,8.30666882318764,9.0428145755278,1.528,-2.49575465398633
50.9054419994354,3,4.2706,-53,8.31121812923811,9.03667823906781,1.528,-2.48756357145452
51.6473090648651,3,4.36878,-53,8.31705211300066,9.02904689561737,1.528,-2.47652612597701
52.2422580718994,3,4.45468,-53,8.32227339637673,9.02239186776064,1.528,-2.46891271277225
52.4725639820099,3,4.48536,-53,8.32433044693628,9.01978694132965,1.528,-2.46585450662581
53.0777978897095,3,4.60194,-53,8.32993315671427,9.01278355410716,1.528,-2.4572084400967
53.4860010147095,3,4.66944,-54,8.33485944445664,9.0083509866573,1.528,-2.45078694072595
54.2080149650574,3,4.82284,-53,8.34380522872106,9.00092456105705,1.528,-2.43905468182491
54.8305370807648,3,4.95169,-53,8.34879677694795,8.99491448819195,1.528,-2.42956141019712
55.2394669055939,3,4.99464,-53,8.35180024324649,8.99143984782801,1.528,-2.42241017019294
55.948548078537,3,5.11736,-53,8.35724423729704,8.98519619158901,1.528,-2.41110447210615
56.3036160469055,3,5.16031,-53,8.36021148688852,8.98182900835694,1.528,-2.40653318759058
56.7899069786072,3,5.23394,-54,8.36445107506961,8.97710241546039,1.528,-2.39996575032795
57.237331867218,3,5.38734,-54,8.36848807617755,8.97266442363838,1.528,-2.39368536873856
57.7396509647369,3,5.48552,-54,8.37523876436709,8.9663767274842,1.528,-2.3875834276986
58.4110360145569,3,5.63891,-54,8.38424772717706,8.95791718976685,1.528,-2.37921310143602
58.642982006073,3,5.71254,-54,8.38667976788408,8.95534609740506,1.528,-2.37587040871538
59.19065284729,3,5.81686,-54,8.39211009224397,8.9496456568495,1.528,-2.36782268677177
59.8222999572754,3,5.96412,-54,8.39729948040397,8.94434490842856,1.528,-2.35800813577389
60.3264899253845,3,6.05616,-54,8.40171138320561,8.93993352270357,1.528,-2.35008202723038
60.5484430789948,3,6.09911,-54,8.4036765061006,8.93797622898347,1.528,-2.3465849957838
61.1512379646301,3,6.24637,-55,8.40917452833535,8.93263527258,1.528,-2.33741405202513
61.5464558601379,3,0.0859029,-55,8.41283405354983,8.92912493664285,1.528,-2.33151229973079
62.161789894104,3,0.269981,-54,8.42072473396527,8.92204692540603,1.528,-2.32477296799878
62.7539348602295,3,0.429515,-54,8.42806795440811,8.91548417685786,1.528,-2.31767240567447
63.2933938503265,3,0.60132,-55,8.43320696397189,8.91078839189515,1.528,-2.30873004987176
63.7854208946228,3,0.79767,-55,8.4379110360557,8.90659340801873,1.528,-2.30095956246795
64.0427520275116,3,0.883573,-55,8.44037675444866,8.90442791238387,1.528,-2.29702052868799
64.5458600521088,3,1.0247,-54,8.44520341807657,8.90023759421164,1.528,-2.28950347587982
65.2205710411072,3,1.23946,-54,8.45169734431382,8.89477132633517,1.528,-2.28007234170361
65.5823750495911,3,1.35604,-55,8.45536999723744,8.89173846380135,1.528,-2.27541192637074
66.0389289855957,3,1.5033,-55,8.46011284068484,8.88785347353467,1.528,-2.269756997645
66.711296081543,3,1.77328,-54,8.46536845713839,8.88433878571676,1.528,-2.26039378572428
67.1339700222015,3,1.87146,-54,8.46814308271344,8.88280473792286,1.528,-2.25419089681851
67.4801180362701,3,1.99418,-54,8.47124319815245,8.88050529032587,1.528,-2.24921756682655
67.9535109996796,3,2.12303,-54,8.4757998121261,8.87696125723526,1.528,-2.24245679951661
68.3811869621277,3,2.27029,-54,8.4802828425146,8.87353162345158,1.528,-2.23599989226652
68.8436009883881,3,2.38074,-54,8.48542306073714,8.86964120284795,1.528,-2.22873939481499
69.4126038551331,3,2.56482,-54,8.49192851319022,8.86478800548467,1.528,-2.22003075182381
69.6485888957977,3,2.65685,-54,8.49468215934142,8.86275486617608,1.528,-2.21648847818307
70.5691120624542,3,2.98819,-54,8.50555934252012,8.85488215884987,1.528,-2.20160420466135
71.0316879749298,3,3.10478,-54,8.51155390817747,8.85076454160716,1.528,-2.19406255117212
71.4102909564972,3,3.19682,-54,8.51734483644933,8.84707159794227,1.528,-2.18834114675663
71.9041440486908,3,3.30113,-53,8.52466797110588,8.84235316018858,1.528,-2.18078102501609
72.3166089057922,3,3.41771,-53,8.52992910765762,8.83877822496676,1.528,-2.17410687059011
72.968868970871,3,3.52202,-52,8.53763869462859,8.83362013870878,1.528,-2.16352373807735
73.5246150493622,3,3.63247,-52,8.54351538266139,8.82978696422519,1.528,-2.15447389235946
74.0110969543457,3,3.77359,-53,8.54944801024917,8.82603208495695,1.528,-2.14788708610303
74.4043018817902,3,3.90858,-53,8.55430045714968,8.82296811134263,1.528,-2.14266030758449
74.8929798603058,3,4.07425,-52,8.56023199468539,8.81923755372983,1.528,-2.1363868738355
75.3082239627838,3,4.17856,-52,8.56440899393618,8.81572976287585,1.528,-2.13031745937556
75.6758759021759,3,4.24606,-52,8.56134010094479,8.80995722133938,1.528,-2.11910403505271
76.2582359313965,3,4.36878,-52,8.55903783244395,8.80170589803874,1.528,-2.10342051531585
76.6912069320679,3,4.43014,-52,8.56494773208243,8.79822917802072,1.528,-2.09795110509142
77.1412949562073,3,4.47922,-52,8.57064555590741,8.79489305505689,1.528,-2.09179730126908
77.7023940086365,3,4.67557,-52,8.57686476862296,8.79128551597375,1.528,-2.08319724466136
78.3908278942108,3,4.83511,-52,8.58417540476349,8.78719794580437,1.528,-2.07341848435321
78.6938118934631,3,4.9026,-51,8.58738540341631,8.78542182956739,1.528,-2.0692401759467
79.1149859428406,3,4.98851,-51,8.59199637908451,8.78290102282396,1.528,-2.06383094480974
79.5521399974823,3,5.07441,-51,8.5973393175383,8.7800841669795,1.528,-2.05807189450385
80.1040489673615,3,5.15418,-51,8.60627722042778,8.77573907411414,1.528,-2.05023198118283
80.7446069717407,3,5.30757,-51,8.61553355348826,8.77106529026956,1.528,-2.04233126127119
81.2096719741821,3,5.45484,-51,8.62195246843644,8.76780949398725,1.528,-2.0365710426732
81.5260479450226,3,5.52233,-51,8.62629177741881,8.76566430928356,1.528,-2.03212569794502
82.0521109104156,3,5.73095,-51,8.63299687050129,8.76238403650049,1.528,-2.024692147673
82.6470949649811,3,5.87821,-51,8.6396794751483,8.75918025162523,1.528,-2.01621066613547
83.2048649787903,3,5.98866,-51,8.64737963886188,8.75557101894616,1.528,-2.00839533385354
83.7519750595093,3,6.13592,-51,8.65527343635258,8.75173313154329,1.528,-2.00031230922866
84.2859489917755,3,6.22796,-51,8.66310366402286,8.7479233638087,1.528,-1.99217929507492
84.6842489242554,3,0.0552233,-51,8.66858497606046,8.74557067724447,1.528,-1.98621053423544
85.1649379730225,3,0.116583,-51,8.67541806692626,8.74264854223363,1.528,-1.97934060319243
85.5434799194336,3,0.19635,-50,8.68112544870594,8.74022340916293,1.528,-1.97442983477069
85.903678894043,3,0.294524,-50,8.68612243698412,8.7381133394919,1.528,-1.96964761511563
86.6040608882904,3,0.460194,-50,8.69486248573784,8.73447786038581,1.528,-1.95981208561136
86.8996579647064,3,0.521553,-50,8.69907802605939,8.73277983188501,1.528,-1.95482504973185
87.4518229961395,3,0.656544,-50,8.70706069379437,8.72925489390662,1.528,-1.94577787018805
87.9373750686646,3,0.809942,-50,8.71440312499861,8.725101730177,1.528,-1.9386230429529
88.4677128791809,3,0.957204,-50,8.72093253157428,8.72227434050138,1.528,-1.93074621872786
88.9036169052124,3,1.05538,-50,8.7259716711753,8.72042950853167,1.528,-1.92413780451049
89.4025549888611,3,1.14742,-49,8.73232680589421,8.71820255232787,1.528,-1.91594792378486
89.8754229545593,3,1.24559,-50,8.73865349033562,8.71602512236386,1.528,-1.90865156657869
90.2907629013062,3,1.34377,-49,8.74436762468818,8.71407800204236,1.528,-1.90248384169668
90.7733380794525,3,1.46649,-50,8.75109216325087,8.71182076475544,1.528,-1.89477003720744
91.3688168525696,3,1.5708,-50,8.7576482917383,8.71019465802234,1.528,-1.88768927853283
91.8177120685577,3,1.61988,-50,8.76125807723122,8.70985054848016,1.528,-1.88425281268993
92.4076080322266,3,1.74874,-49,8.76893151571869,8.70745005605831,1.528,-1.8756517262835
92.8093769550323,3,1.82237,-49,8.77437207088592,8.7057758274662,1.528,-1.86931193929945
93.1971938610077,3,1.91441,-49,8.77971483975446,8.70414302769593,1.528,-1.86298742373359
93.7373809814453,3,2.03713,-49,8.78715377433458,8.70196077749061,1.528,-1.85446719304468
94.4594700336456,3,2.25802,-50,8.79749906294293,8.69902354193347,1.528,-1.84361398444834
94.8517329692841,3,2.36233,-50,8.8033484114906,8.69749147737299,1.528,-1.83772738686493
95.1998958587646,3,2.42983,-50,8.80876104437077,8.69635424865614,1.528,-1.8320412432807
95.7876470088959,3,2.55254,-50,8.8165830968242,8.69451017398221,1.528,-1.8224386591
96.3651008605957,3,2.6814,-50,8.82372860001478,8.69262510169116,1.528,-1.81334852362609
96.8551359176636,3,2.78571,-50,8.83129832535914,8.69070059524768,1.528,-1.80642705308375
97.3102650642395,3,2.88388,-50,8.8375732650246,8.68910465669118,1.528,-1.79966589168022
97.6939079761505,3,2.96979,-51,8.84274935872032,8.687794746922,1.528,-1.7939411117004
98.2065150737762,3,3.04955,-51,8.8499485961379,8.68606382134074,1.528,-1.7867489392852
98.7132329940796,3,3.17841,-51,8.85812909322807,8.68420289799138,1.528,-1.77884271261163
99.1539058685303,3,3.28885,-51,8.86541792272071,8.6825854474985,1.528,-1.77162930378717
99.5965709686279,3,3.40544,-51,8.87150036928701,8.68123108126207,1.528,-1.76453413291796
99.9700169563293,3,3.4852,-50,8.8765115037594,8.68015200395726,1.528,-1.75889637593985
100.388715982437,3,3.55884,-51,8.88199040121049,8.67901585364372,1.528,-1.75297916669267
100.914536952972,3,3.66315,-50,8.88931181699841,8.67758327588449,1.528,-1.7448104316171
101.343052864075,3,3.74291,-51,8.89525939497454,8.67645378942997,1.528,-1.73774669346148
101.685040950775,3,3.77973,-51,8.89976955363409,8.67562433496385,1.528,-1.73170487172529
102.127043962479,3,3.91472,-51,8.90651717321589,8.67476759241942,1.528,-1.72488942013865
102.515163898468,3,3.95153,-51,8.91352471760335,8.67426903194917,1.528,-1.72007554182031
102.935292959213,3,4.01903,-50,8.92005778325358,8.67341626333308,1.528,-1.71484712127916
103.406584978104,3,4.12334,-50,8.92687299912403,8.67233112073067,1.528,-1.70870279699761
103.819655895233,3,4.22765,-50,8.93273962126054,8.67147618584645,1.528,-1.70188690233449
104.151624917984,3,4.29515,-50,8.93722613695623,8.67081707439706,1.528,-1.69661339676328
104.508202075958,3,4.35651,-50,8.94156081159051,8.67016845519996,1.528,-1.69138225657203
104.933734893799,3,4.424,-50,8.94687742329533,8.66942264016686,1.528,-1.68506565341252
105.587244033813,3,4.58967,-50,8.9567894475731,8.66787481204026,1.528,-1.67558059230932
106.073389053345,3,4.72466,-50,8.9668280673054,8.66595311358424,1.528,-1.66908705528828
106.287072896957,3,4.80443,-49,8.96991620733983,8.66562385691845,1.528,-1.66544332000556
106.859828948975,3,4.94555,-49,8.97786630759629,8.664886680675,1.528,-1.65563829949222
107.208917856216,3,5.01919,-49,8.98275352329707,8.66450397806986,1.528,-1.65040975444092
107.746685028076,3,5.13577,-49,8.99012265656363,8.66395351967082,1.528,-1.64188051485347
108.203098058701,3,5.26462,-49,8.99617783458566,8.66352548453946,1.528,-1.63424574523664
108.63468003273,3,5.35666,-49,9.0010518469244,8.6632173927355,1.528,-1.6267775999085
108.911041021347,3,5.47938,-49,9.00438310470147,8.66295701841631,1.528,-1.62219744349969
109.417206048965,3,5.55915,-49,9.01264045317426,8.66183305991276,1.528,-1.61588079670971
109.72921705246,3,5.62664,-49,9.01672962598628,8.66151049228074,1.528,-1.61116098863473
110.151944875717,3,5.74322,-49,9.02133316309756,8.66141999024055,1.528,-1.60399322705125
110.675241947174,3,5.82913,-49,9.02815560637376,8.66136317797226,1.528,-1.59915125054496
111.127240896225,3,5.94571,-49,9.03447867793952,8.66130241298677,1.528,-1.59744633747907
111.523248910904,3,6.06229,-49,9.04030524765033,8.66122034862464,1.528,-1.59820250195864
111.995913028717,3,6.20342,-49,9.04713007754227,8.66111368859558,1.528,-1.59876401608583
112.42015004158,3,6.27705,-50,9.05313354957098,8.66080433629344,1.528,-1.59959956733161
112.682329893112,3,0.0674952,-50,9.05673795049153,8.66036890530975,1.528,-1.60059138235002
113.07026386261,3,0.13499,-49,9.06234058686357,8.6599131413893,1.528,-1.60193081331951
113.305481910706,3,0.16567,-50,9.06600320119081,8.65982262050289,1.528,-1.60261668311273
113.607089996338,3,0.214757,-49,9.07069564360614,8.65970692882401,1.528,-1.60343775265212
114.017915010452,3,0.306796,-49,9.07691205597966,8.65956617986461,1.528,-1.60195988857842
114.427178859711,3,0.355884,-50,9.08286200149557,8.65943331893329,1.528,-1.60096650648002
114.70813703537,3,0.392699,-49,9.08658248544062,8.65935313608964,1.528,-1.60100258875966
115.192626953125,3,0.490874,-50,9.09373197431925,8.65918991721899,1.528,-1.60154051738129
115.488513946533,3,0.539961,-50,9.09877407974961,8.65906725957169,1.528,-1.60230712767696
115.961682081223,3,0.619728,-50,9.10128349772723,8.65941027850321,1.528,-1.60345225703537
116.313235044479,3,0.693359,-50,9.10046649976707,8.65992545556089,1.528,-1.60426405118685
116.69419002533,3,0.809942,-50,9.10655719382441,8.6596848787135,1.528,-1.60860381716409
116.951057910919,3,0.859029,-50,9.11117332576414,8.6594643386373,1.528,-1.61178263619343
117.157898902893,3,0.895845,-50,9.11453964355131,8.6592776543981,1.528,-1.61468258755058
117.573099851608,3,0.969476,-50,9.12089696104618,8.65889254196831,1.528,-1.62089178488015
117.939105033875,3,1.04924,-50,9.12677589880285,8.65851049354649,1.528,-1.62657947107617
118.330205917358,3,1.11674,-50,9.13327052836553,8.65806932782384,1.528,-1.63282280370822
118.572376012802,3,1.14742,-49,9.1373050879996,8.65776930931969,1.528,-1.63626032500481
119.001868963242,3,1.23946,-50,9.14447592759026,8.6572054484288,1.528,-1.6418499025319
119.336613893509,3,1.34377,-50,9.14885272934302,8.65741974718137,1.528,-1.64639564131196
119.808484077454,3,1.47876,-50,9.15399080271083,8.65827826070611,1.528,-1.65296457055435
120.269104957581,3,1.60148,-50,9.16121512718262,8.65767165219984,1.528,-1.65961897728418
120.47961306572,3,1.64443,-50,9.16462580640089,8.65732307176872,1.528,-1.66267206106018
121.203320026398,3,1.82237,-49,9.17759251839798,8.65598915251785,1.528,-1.67322536204282
121.636805057526,3,1.9635,-49,9.18547533301474,8.65510944108148,1.528,-1.67869789938895
121.951303005219,3,2.0494,-49,9.19119576199535,8.65446605295345,1.528,-1.68271331786702
122.405081987381,3,2.15371,-50,9.1994477456669,8.65350094654288,1.528,-1.69025280687306
122.879912853241,3,2.26416,-50,9.21044426959826,8.65224205622187,1.528,-1.69781446477798
123.218240022659,3,2.33779,-50,9.21980963098929,8.65118374138975,1.528,-1.70299005923092
123.55716085434,3,2.42369,-50,9.22648898789099,8.65031102901866,1.528,-1.70795309251105
123.983003854752,3,2.51573,-49,9.23318109090278,8.64933243811503,1.528,-1.71404953149454
124.357423067093,3,2.58322,-49,9.23929289141056,8.64841251011427,1.528,-1.72016018223437
124.802304983139,3,2.65072,-49,9.2466509840318,8.64729359577216,1.528,-1.72750905368428
125.137356042862,3,2.72435,-49,9.25256509344106,8.64634848385688,1.528,-1.73273580897333
125.548241853714,3,2.77344,-49,9.25963423639853,8.6452016110484,1.528,-1.7387596531175
125.978522062302,3,2.85934,-49,9.26634006003103,8.64404675464737,1.528,-1.74360239349529
126.491656064987,3,2.91456,-49,9.26948511078182,8.64066049870303,1.528,-1.75087958630216
126.950912952423,3,2.98819,-49,9.27187274151902,8.63730394783802,1.528,-1.75778944030882
127.315891027451,3,3.03728,-49,9.27841552049687,8.63608499060807,1.528,-1.76268610610435
127.954696893692,3,3.09251,-50,9.28976025256653,8.63387256860428,1.528,-1.7720512231402
128.480907917023,3,3.11705,-50,9.29854652369222,8.63207017388784,1.528,-1.78010489059557
129.186909914017,3,6.25251,-50,9.3094229758645,8.6297392959443,1.528,-1.79097089236113
129.582393884659,3,3.13546,-50,9.31555436089114,8.62839856641847,1.528,-1.7973148320687
130.18020606041,3,3.12932,-50,9.322813401905,8.62593350344205,1.528,-1.8066182679774
130.709290027618,3,3.16,-50,9.32997964312858,8.62376276159599,1.528,-1.81494205671789
131.079653024673,3,3.19682,-51,9.33581365597643,8.62232153337976,1.528,-1.82087478382713
131.58781003952,3,3.19682,-51,9.34409430190642,8.62019167343588,1.528,-1.82817032742966
132.189598083496,3,3.20295,-51,9.3543550738159,8.61746440158748,1.528,-1.83594247048232
133.027400970459,3,3.18454,-52,9.36876703410595,8.61349679646799,1.528,-1.84734720351361
133.60697388649,3,3.16,-52,9.37819891195463,8.61082566271,1.528,-1.85633569747378
134.086556911469,3,3.12932,-52,9.3858089424587,8.60862763542755,1.528,-1.86376042916625
134.438160896301,3,3.13546,-53,9.39145027828123,8.60683423993104,1.528,-1.86887041438968
135.005198955536,3,3.0741,-53,9.40033191923484,8.60399093185645,1.528,-1.87770488483794
135.595530986786,3,3.0066,-53,9.40905623096098,8.6011556340695,1.528,-1.88809612498272
136.208770036697,3,2.93911,-53,9.41690213165542,8.59849129695868,1.528,-1.89722515735323
136.73432803154,3,2.79798,-53,9.42556822295015,8.59545317633361,1.528,-1.90453479276634
137.476933002472,3,2.64458,-54,9.43682904930438,8.59084847687073,1.528,-1.91448179887605
138.074626922607,3,2.49118,-54,9.44544989416542,8.58713374540486,1.528,-1.92230812284097
138.341062068939,3,2.41142,-55,9.44977983454548,8.58548802304526,1.528,-1.92575827453823
138.917191982269,3,2.2212,-55,9.45845637935421,8.58213444289023,1.528,-1.93325834243155
139.570803880692,3,2.03099,-54,9.46798520219215,8.57834269154023,1.528,-1.94207161098923
140.039435863495,3,1.97577,-55,9.4754829488662,8.57529409083943,1.528,-1.94881475352942
140.636252880096,3,4.85045,-55,9.48421615073404,8.57162131683552,1.528,-1.95712318401094
141.453837871552,3,1.44194,-55,9.49452372872153,8.56675411904549,1.528,-1.96836104449803
141.904965877533,3,1.32536,-55,9.50074467188918,8.56385184912431,1.528,-1.97520696110236
142.490934848785,3,1.08606,-56,9.51027427117629,8.55970599732069,1.528,-1.98511012654138
142.857471942902,3,0.93266,-56,9.51568434404689,8.55730451162663,1.528,-1.98998491922857
143.515447854996,3,0.638136,-56,9.5256230754885,8.55282722768052,1.528,-1.99890757094619
144.30696606636,3,0.294524,-56,9.53791326048148,8.5471065421243,1.528,-2.01014209023142
144.710779905319,3,0.0736311,-56,9.5438607333584,8.54429420914385,1.528,-2.01584501241439
145.399875879288,3,6.03161,-56,9.55800087947242,8.53877434989828,1.528,-2.02714001900517
146.010551929474,3,5.76777,-56,9.56882671371894,8.53423536721074,1.528,-2.0368566824191
146.28000497818,3,5.69414,-55,9.57230570317217,8.53248608170705,1.528,-2.04079583839476
147.167799949646,3,5.34439,-55,9.58550950984075,8.52571974880302,1.528,-2.05413961654287
147.657294988632,3,5.056,-54,9.59284617770699,8.52186988911072,1.528,-2.06083697966905
148.708374977112,3,4.52831,-54,9.6076195609487,8.51390060612293,1.528,-2.0746033730804
149.195410966873,3,4.31355,-53,9.61295141388979,8.51060123082494,1.528,-2.08141263153056
149.575919866562,3,4.22152,-53,9.6152505952046,8.50848992035687,1.528,-2.08714716547138
150.312501907349,3,3.99449,-53,9.6227506472003,8.50356671616961,1.528,-2.09800788605429
150.763655900955,3,3.84109,-53,9.62871644467966,8.50014678437368,1.528,-2.10461165681691
151.25305891037,3,3.68155,-53,9.63609306302863,8.49581581526728,1.528,-2.11249122641694
151.812424898148,3,3.43612,-53,9.64427817272095,8.4909390127431,1.528,-2.12115651863875
152.508720874786,3,3.17227,-54,9.65392574187917,8.48503121809756,1.528,-2.1312862204174
153.148469924927,3,2.9207,-54,9.66232731292862,8.47977579749182,1.528,-2.14199591538154
153.57043004036,3,2.71208,-54,9.66782324900714,8.47596124678893,1.528,-2.14879446715376
154.190742969513,3,2.47891,-54,9.67582004188677,8.46972105677392,1.528,-2.15830703831172
154.431875944138,3,2.41142,-55,9.67916797054714,8.46737715443368,1.528,-2.1615759500659
155.22056889534,3,2.19052,-55,9.69046903822919,8.45975395038534,1.528,-2.17183274040215
155.648937940598,3,2.01258,-55,9.6969325098085,8.4552383109713,1.528,-2.17804637127617
156.490658044815,3,1.71806,-56,9.70888009784661,8.44683342446637,1.528,-2.1888573226081
156.85743188858,3,1.55239,-57,9.713734924471,8.44338946990588,1.528,-2.19291556135372
157.197808027267,3,1.41126,-57,9.71850659516316,8.43998506678189,1.528,-2.19779195118318
157.825373888016,3,1.06151,-58,9.72770155219961,8.43339743783545,1.528,-2.20843909095332
158.079288959503,3,0.944932,-58,9.7315478062223,8.4307698015909,1.528,-2.21245278244601
158.586534023285,3,0.644272,-59,9.73951722764319,8.42560621395006,1.528,-2.21980342683555
159.130186080933,3,0.233165,-60,9.74758713556381,8.41997739349582,1.528,-2.22783623032561
159.45442199707,3,0.0490874,-59,9.75198275404722,8.41653660292192,1.528,-2.23276382435859
159.868571996689,3,6.07456,-60,9.75759238245218,8.41214394499105,1.528,-2.2390604036136
160.344846010208,3,5.61437,-60,9.76368374407697,8.40725983513565,1.528,-2.24648425059381
160.858133077621,3,5.16031,-60,9.77052986282158,8.4019245399702,1.528,-2.25465354245738
161.146605968475,3,4.98237,-60,9.77601385707568,8.39850950718469,1.528,-2.26022478207461
161.584339857101,3,4.58353,-60,9.78433536736715,8.39332747577591,1.528,-2.26867868002981
162.151741981506,3,4.24606,-59,9.79252592736706,8.38701149156939,1.528,-2.27833476005188
162.396725893021,3,4.01289,-59,9.79564340007459,8.3843492016341,1.528,-2.28229379160576
162.972446918488,3,3.72451,-59,9.80132181496353,8.37922796964077,1.528,-2.28893401586069
163.439246892929,3,3.44839,-58,9.80476475991878,8.37587562850013,1.528,-2.29244091644978
163.836296081543,3,3.2275,-58,9.80888819651633,8.37212013892212,1.528,-2.29840202829315
164.299304008484,3,2.96979,-58,9.8141722764213,8.36738091550541,1.528,-2.30653889452813
164.841247081757,3,2.80412,-58,9.82088125696522,8.36125190786703,1.528,-2.31605824478096
165.161754846573,3,2.66913,-57,9.82495875829058,8.35750530324609,1.528,-2.32168704678507
165.681504964828,3,2.46051,-57,9.83165013993371,8.35123739975423,1.528,-2.33037751083361
166.342573881149,3,2.12303,-57,9.84015773517616,8.3431450802188,1.528,-2.34120176153571
166.846919059753,3,1.94509,-56,9.84640618760352,8.33701180663802,1.528,-2.34974227301016
167.209689855576,3,1.84078,-57,9.8516707877932,8.33211707117782,1.528,-2.35550492976491
168.228277921677,3,1.46649,-57,9.87015149253673,8.31610410669824,1.528,-2.36927445882625
168.642301082611,3,1.3315,-56,9.87440466815376,8.31170007473781,1.528,-2.37578561326057
169.195838928223,3,1.12901,-57,9.88083820662303,8.30488809954165,1.528,-2.38457552865528
169.483850002289,3,1.01243,-57,9.88436942369663,8.3011165023988,1.528,-2.38916983504922
170.138175010681,3,0.785398,-58,9.89163046708352,8.29320135398328,1.528,-2.3985697148892
170.598644971848,3,0.644272,-59,9.89660130857493,8.28770217679618,1.528,-2.4050404129992
170.958492994308,3,0.46633,-59,9.90069187961904,8.28309552543419,1.528,-2.41050155800226
171.557713031769,3,0.245437,-60,9.90771609513209,8.27594781576276,1.528,-2.41866685570521
172.135222911835,3,0.00613592,-61,9.91486400469351,8.26999002232408,1.528,-2.42488431084339
172.600555896759,3,6.04388,-62,9.92008551149014,8.26383905163282,1.528,-2.43118228518331
172.970304012299,3,5.83526,-63,9.92419924248423,8.25894402079459,1.528,-2.43628181574044
173.289887905121,3,5.76163,-63,9.92743128183027,8.2550229958155,1.528,-2.44161564833785
173.741344928741,3,5.45484,-64,9.93199699022846,8.24948399868092,1.528,-2.44915043417344
174.212494850159,3,5.14804,-65,9.93729090596263,8.24287604242942,1.528,-2.45564404677983
206.476625919342,3,0.754719,-63,10.2801711870811,7.95543847747654,1.528,-2.0105919444705
206.807359933853,3,0.632,-62,10.284126832435,7.9534642192192,1.528,-2.00568637341354
207.246567964554,3,0.478602,-62,10.2893383014204,7.95086945624014,1.528,-1.99911443673506
207.807888031006,3,0.374291,-61,10.2963059707929,7.94751313401943,1.528,-1.99119208882883
208.285234928131,3,0.269981,-61,10.3020392921351,7.94479512797739,1.528,-1.98406036760256
208.7639939785,3,0.159534,-61,10.3074276008265,7.9422985449504,1.528,-1.97618744990355
209.25629401207,3,0,-61,10.3137125290142,7.93948679792176,1.528,-1.96819532708844
209.659430027008,3,6.14206,-61,10.3191006276956,7.93710495616822,1.528,-1.96168428821462
210.115200042725,3,6.06229,-61,10.3227142740858,7.93460309133635,1.528,-1.95704144368851
