8.39036011695862,1098.81841618167,773.291562154477,107.3,-65,2.22120530717959,2.22120530717959
9.08798503875732,1099.92909475912,772.045550700262,107.3,-64,1.97576530717959,1.97576530717959
9.67284512519836,1100.20599688864,771.432170528508,107.3,-63,1.68737530717959,1.68737530717959
10.380077123642,1101.74246488867,768.596429054218,107.3,-62,1.55852530717959,1.55852530717959
10.6055240631104,1101.98688761023,768.106249306676,107.3,-62,1.46034530717959,1.46034530717959
11.5241661071777,1102.50762476281,766.939343286219,107.3,-61,1.39285530717959,1.39285530717959
12.2968909740448,1102.90558603025,766.041296960736,107.3,-61,1.34376530717959,1.34376530717959
12.9842131137848,1103.2794222212,765.16985778019,107.3,-61,1.17196530717959,1.17196530717959
13.6915121078491,1102.91822117418,765.568754280462,107.3,-61,1.03697530717959,1.03697530717959
14.2629590034485,1102.25149470854,766.556809718428,107.3,-61,1.07992530717959,1.07992530717959
14.8586990833282,1102.59052604329,765.77708019245,107.3,-61,0.901985307179586,0.901985307179586
15.292426109314,1102.83899786833,765.199816580317,107.3,-61,0.711765307179586,0.711765307179586
16.2630650997162,1103.35883310314,763.998792410964,107.3,-60,0.527685307179587,0.527685307179587
16.9281370639801,1103.80310497289,762.944909819512,107.3,-60,0.435655307179586,0.435655307179586
17.3433971405029,1103.74794508458,761.232286132184,107.3,-59,0.288385307179587,0.288385307179587
18.318085193634,1103.96945136637,758.480378787517,107.3,-59,0.147265307179587,0.147265307179587
18.9019291400909,1104.31080480403,757.676804686502,107.3,-59,6.28318530717959,0
19.1456501483917,1104.45066060418,757.347450120965,107.3,-59,6.11137930717959,-0.171806
19.851998090744,1104.97502691156,756.117358129809,107.3,-59,5.90275830717959,-0.380427
20.9261281490326,1105.70679831473,754.659701306877,107.3,-59,5.65732130717959,-0.625864
21.3964381217957,1106.09980177236,754.027511941424,107.3,-58,5.53460230717959,-0.748583
22.2287001609802,1106.62825908899,752.839598831635,107.3,-58,5.35666130717959,-0.926524
23.0284640789032,1107.17568658987,751.597517112874,107.3,-58,5.19099530717959,-1.09219
23.4900569915771,1107.46411075321,750.94446207066,107.3,-57,5.11735530717959,-1.16583
24.84024310112,1108.68509231681,748.78089889476,107.3,-58,4.74306530717959,-1.54012
25.4107880592346,1109.0106032846,748.036956660751,107.3,-58,4.59580530717959,-1.68738
25.9453301429749,1109.3142702063,747.348099651809,107.3,-57,4.53444530717959,-1.74874
26.870402097702,1109.86993276078,746.102373136919,107.3,-57,4.32582530717959,-1.95736
27.1191639900208,1110.02504975619,745.754138048572,107.3,-57,4.22151530717959,-2.06167
27.3510410785675,1110.17100069679,745.425748432212,107.3,-57,4.32582530717959,-1.95736
28.5896050930023,1110.71287255525,744.094874198223,107.3,-57,4.00062530717959,-2.28256
29.4872632026672,1111.25614773547,742.93884552429,107.3,-57,3.86563530717959,-2.41755
29.695326089859,1111.36835155293,742.69688806151,107.3,-57,3.79813530717959,-2.48505
30.8321161270142,1112.06260944038,741.223934614999,107.3,-56,3.56497530717959,-2.71821
31.9203250408173,1112.63927102777,740.405560446239,107.3,-56,3.39930530717959,-2.88388
32.3761541843414,1112.91923770962,739.954505468887,107.3,-56,3.29499530717959,-2.98819
33.2515811920166,1113.53602712675,738.550625143485,107.3,-55,3.11704530717959,-3.16614
34.0333540439606,1114.02480563936,737.440243142269,107.3,-55,3.00660530717959,-3.27658
34.5028641223907,1114.32607242275,736.748677734432,107.3,-54,2.90842530717959,-3.37476
35.4374589920044,1114.81506978921,735.241678969637,107.3,-54,2.76116530717959,-3.52202
35.9840371608734,1115.06400131305,734.399844757552,107.3,-54,2.71821530717959,-3.56497
36.9750690460205,1115.67917648428,732.950523829827,107.3,-53,2.65685530717959,-3.62633
37.5548720359802,1116.07904814616,731.994959047988,107.3,-53,2.60163530717959,-3.68155
38.6775441169739,1116.83430275076,730.173469073162,107.3,-53,2.55867530717959,-3.72451
38.8711810112,1116.89,730.021753734551,107.3,-53,2.53413530717959,-3.74905
39.6930949687958,1117.07841570255,729.474764834548,107.3,-53,2.44209530717959,-3.84109
39.9329090118408,1117.27068597433,729.009196105016,107.3,-53,2.43596530717959,-3.84722
40.6456990242004,1117.75226406412,727.82707217622,107.3,-53,2.39914530717959,-3.88404
41.6049790382385,1118.36496039833,726.327696628081,107.3,-53,2.32551530717959,-3.95767
42.3645470142365,1118.79053832062,725.267518419283,107.3,-52,2.30097530717959,-3.98221
43.0477261543274,1119.69019353272,724.494187570502,107.3,-52,2.27642530717959,-4.00676
44.0354001522064,1120.38216548913,722.945265804344,107.3,-52,2.20279530717959,-4.08039
44.857253074646,1120.83713959068,721.817755514936,107.3,-52,2.14757530717959,-4.13561
45.3588571548462,1121.13963673022,721.074896065464,107.3,-52,2.09848530717959,-4.1847
46.1620061397552,1121.58328199842,719.856605337281,107.3,-52,2.04326530717959,-4.23992
47.2265951633453,1122.06120674819,718.342426878326,107.3,-52,2.05553530717959,-4.22765
47.947466135025,1122.49700431011,717.227717251348,107.3,-52,2.02485530717959,-4.25833
48.9609870910645,1123.11130925467,715.640326930592,107.3,-52,1.92054530717959,-4.36264
49.4055771827698,1123.41147821197,714.871383474023,107.3,-52,1.94508530717959,-4.3381
50.2437200546265,1123.60533666251,713.200390461792,107.3,-52,1.89599530717959,-4.38719
51.3031690120697,1124.21120559125,711.662692874913,107.3,-52,1.74873530717959,-4.53445
51.8939280509949,1124.53611345328,710.861184911224,107.3,-52,1.73646530717959,-4.54672
52.2406301498413,1124.71338338544,710.423759375916,107.3,-52,1.71192530717959,-4.57126
53.559210062027,1125.5505184323,708.218937366277,107.3,-53,1.66283530717959,-4.62035
54.1887400150299,1125.99602843606,706.967097052262,107.3,-53,1.63829530717959,-4.64489
55.2835021018982,1126.60297423546,705.515186190787,107.3,-53,1.63215530717959,-4.65103
55.9625051021576,1126.96587889561,704.652447925686,107.3,-53,1.55852530717959,-4.72466
56.2900991439819,1127.12707849447,704.262851106368,107.3,-53,1.56466530717959,-4.71852
57.3938491344452,1127.80966412164,702.848990679909,107.3,-53,1.47875530717959,-4.80443
58.1316549777985,1128.28204406355,701.783397855345,107.3,-53,1.46034530717959,-4.82284
59.17298412323,1128.87389757243,700.358122290177,107.3,-53,1.47875530717959,-4.80443
59.8019881248474,1129.26509696402,699.433147624818,107.3,-53,1.47875530717959,-4.80443
60.1251211166382,1129.45061376325,698.981435790405,107.3,-53,1.43580530717959,-4.84738
61.3081650733948,1129.73351755215,698.016211569978,107.3,-53,1.44194530717959,-4.84124
61.7707591056824,1130.0233142799,697.311450591639,107.3,-53,1.42353530717959,-4.85965
62.9163720607758,1130.7002928038,695.658479702642,107.3,-53,1.42966530717959,-4.85352
63.7948729991913,1131.25349246266,694.30802524164,107.3,-53,1.44807530717959,-4.83511
64.1135380268097,1131.43232703767,693.808336506417,107.3,-53,1.48489530717959,-4.79829
64.8077521324158,1131.7209288856,692.599928874715,107.3,-54,1.45421530717959,-4.82897
65.9890789985657,1132.36393958834,691.041865637224,107.3,-54,1.53398530717959,-4.7492
66.9794011116028,1132.92335702972,689.67374352151,107.3,-54,1.55852530717959,-4.72466
67.2753260135651,1133.08064005576,689.286912295302,107.3,-54,1.57079530717959,-4.71239
68.050448179245,1133.44805672441,688.650635015183,107.3,-54,1.65056530717959,-4.63262
68.7755241394043,1133.81042614203,687.993539759444,107.3,-54,1.71192530717959,-4.57126
69.6488881111145,1134.3217277772,686.774012107341,107.3,-54,1.85304530717959,-4.43014
70.7882699966431,1135.09441269953,684.960062385244,107.3,-54,1.97576530717959,-4.30742
71.4286420345306,1135.50611481942,684.192967957668,107.3,-54,2.04939530717959,-4.23379
72.2060191631317,1135.97008103706,683.463040519144,107.3,-55,2.12916530717959,-4.15402
73.0309751033783,1136.43589893068,682.389033181362,107.3,-55,2.25801530717959,-4.02517
73.3736569881439,1136.62812036817,681.945550864863,107.3,-55,2.28869530717959,-3.99449
74.0472741127014,1136.98542695379,681.088406150741,107.3,-55,2.36233530717959,-3.92085
74.2885060310364,1137.13225711796,680.740097626928,107.3,-55,2.38687530717959,-3.89631
74.9363691806793,1137.55576755596,679.766968698669,107.3,-56,2.51572530717959,-3.76746
75.8967700004578,1138.09126544026,678.673260244975,107.3,-55,2.63231530717959,-3.65087
77.0433440208435,1138.81320772871,676.991951484194,107.3,-56,2.84706530717959,-3.43612
77.7223460674286,1139.20708670368,676.067284719258,107.3,-56,2.96978530717959,-3.3134
78.7348091602325,1139.85527102844,674.57256337627,107.3,-56,3.02500530717959,-3.25818
79.4675600528717,1140.42035175356,673.308087266682,107.3,-56,3.17227530717959,-3.11091
80.0606050491333,1140.78721320894,672.448166989145,107.3,-56,3.32567530717959,-2.95751
80.4487450122833,1141.04702192446,671.830341863627,107.3,-56,3.31339530717959,-2.96979
81.741152048111,1141.75666694851,670.146888221854,107.3,-57,3.50361530717959,-2.77957
82.4743230342865,1142.29593034204,669.091885568423,107.3,-56,3.62633530717959,-2.65685
83.364963054657,1143.05674535401,667.671602849387,107.3,-56,3.79200530717959,-2.49118
83.6208670139313,1143.21846990299,667.275745260182,107.3,-57,3.76745530717959,-2.51573
84.6174011230469,1143.8263234333,665.850752416824,107.3,-57,3.90244530717959,-2.38074
85.1358580589294,1144.14901222114,665.088370669275,107.3,-57,3.97607530717959,-2.30711
85.6567821502686,1144.45187192065,664.361507390437,107.3,-57,4.01902530717959,-2.26416
86.967894077301,1145.07392473163,662.986622836761,107.3,-56,4.20924530717959,-2.07394
87.9356231689453,1145.63099129372,661.711102708851,107.3,-56,4.27060530717959,-2.01258
88.4510262012482,1145.93956777351,661.003110116214,107.3,-56,4.26446530717959,-2.01872
89.2315921783447,1146.4149718507,659.918175541733,107.3,-57,4.39945530717959,-1.88373
90.1327700614929,1147.04178127245,658.52280724302,107.3,-56,4.45467530717959,-1.82851
90.8319029808044,1147.56716290404,657.348132796117,107.3,-57,4.49149530717959,-1.79169
91.6869950294495,1148.08403717125,656.126799038439,107.3,-57,4.54671530717959,-1.73647
92.1514890193939,1148.35549038066,655.484311852717,107.3,-57,4.56512530717959,-1.71806
93.1492040157318,1148.91899127141,654.142879027244,107.3,-57,4.69398530717959,-1.5892
93.7464890480042,1149.19695865804,653.331005404285,107.3,-58,4.77988530717959,-1.5033
94.672532081604,1149.56368831837,652.105887268685,107.3,-57,4.86578530717959,-1.4174
97.0682969093323,1149.67475439217,651.685037970757,107.3,-57,4.83510530717959,-1.44808
97.6024010181427,1149.25478590723,652.073425255554,107.3,-56,4.76147530717959,-1.52171
99.0062379837036,1147.79623306113,652.981164878393,107.3,-55,4.87805530717959,-1.40513
99.6440100669861,1146.20165570734,653.737185210863,107.3,-57,5.16644530717959,-1.11674
103.468428611755,1146.62737342573,653.41639501154,107.3,-58,5.09895530717959,-1.18423
104.137273788452,1147.02362473723,653.307979825884,107.3,-59,4.90260530717959,-1.38058
104.883329629898,1147.71648539338,653.043554519867,107.3,-59,4.71238530717959,-1.5708
105.674737691879,1148.7863684097,652.608452636122,107.3,-60,4.63262530717959,-1.65056
106.485335826874,1149.79795434125,652.213401594253,107.3,-60,4.35036530717959,-1.93282
107.179995775223,1150.72293263426,651.868883116085,107.3,-60,4.00675530717959,-2.27643
108.073121786118,1152.06417218102,651.338075614067,107.3,-60,3.77359530717959,-2.50959
108.599158763886,1152.79187456191,651.066776862357,107.3,-60,3.62019530717959,-2.66299
109.424236774445,1153.91777048958,650.661206109509,107.3,-59,3.44838530717959,-2.8348
110.164748668671,1154.79754257162,650.347875084254,107.3,-60,3.25203530717959,-3.03115
110.885274648666,1155.70255069338,650.043504931675,107.3,-60,3.06796530717959,-3.21522
111.997295618057,1156.87457840943,649.638957056839,107.3,-59,2.73662530717959,-3.54656
112.105395793915,1157.00780364643,649.597492572965,107.3,-59,2.73048530717959,-3.5527
113.276972770691,1158.49254828297,649.15308517757,107.3,-59,2.41141530717959,-3.87177
114.257944822311,1159.7991514387,648.791383724261,107.3,-58,2.30097530717959,-3.98221
115.142224788666,1160.95788665607,648.600653350247,107.3,-58,2.23347530717959,-4.04971
115.692916631699,1161.69392876711,648.421787202832,107.3,-57,2.10462530717959,-4.17856
116.43915772438,1162.78536541281,648.156319760153,107.3,-57,2.01258530717959,-4.2706
116.945295810699,1163.55763949477,647.963182220473,107.3,-57,1.96349530717959,-4.31969
117.87628865242,1164.82007272357,647.633883911052,107.3,-56,1.77328530717959,-4.5099
118.831986665726,1165.98216839027,647.63508722917,107.3,-56,1.69351530717959,-4.58967
119.278957843781,1166.66600711532,647.450386863245,107.3,-57,1.65056530717959,-4.63262
120.330813646317,1168.04625470121,647.074681069788,107.3,-56,1.46034530717959,-4.82284
121.235216617584,1169.21536844957,646.762060054426,107.3,-57,1.34990530717959,-4.93328
122.0284948349,1170.14671424147,646.235857741175,107.3,-57,1.21491530717959,-5.06827
122.63593173027,1170.90352271954,645.92879615946,107.3,-57,1.07992530717959,-5.20326
123.150824785233,1171.6203310142,645.740484437955,107.3,-57,0.981745307179586,-5.30144
124.441999673843,1173.62138636414,645.205657068046,107.3,-58,0.785395307179586,-5.49779
124.574483633041,1173.81158055335,645.154494831148,107.3,-58,0.773125307179586,-5.51006
126.01306271553,1175.8411964785,644.530808574364,107.3,-58,0.490875307179587,-5.79231
126.872939825058,1177.16748188734,644.179516237004,107.3,-57,0.362015307179586,-5.92117
127.556627750397,1178.21470966521,643.905883470913,107.3,-57,0.227025307179586,-6.05616
127.744677782059,1178.50586105748,643.830236100244,107.3,-57,0.196345307179587,-6.08684
128.6695997715,1179.91288665287,643.449943282032,107.3,-58,0.0122753071795865,-6.27091
129.653946638107,1181.52978065555,642.980213204162,107.3,-57,6.19114650717959,-6.37522410717959
130.783011674881,1183.28017198249,642.534356431103,107.3,-57,6.02547630717959,-6.54089430717959
131.058149814606,1183.66606448539,642.436596997034,107.3,-57,5.99479730717959,-6.57157330717959
132.146422624588,1185.32195838102,642.00983668169,107.3,-57,5.83526330717959,-6.73110730717959
132.711427688599,1186.01263605388,641.815976016695,107.3,-56,5.72481630717959,-6.84155430717959
133.208753824234,1186.67573900591,641.641450484937,107.3,-57,5.70027230717959,-6.86609830717959
134.667826652527,1188.74644150666,641.133879804429,107.3,-57,5.55914630717959,-7.00722430717959
135.335418701172,1189.59069430816,640.935113987841,107.3,-57,5.41802030717959,-7.14835030717959
135.678906679153,1189.98672388295,640.841090731134,107.3,-57,5.43029230717959,-7.13607830717959
136.884753704071,1191.63416536542,640.434407558568,107.3,-57,5.30143730717959,-7.26493330717959
137.216126680374,1192.12929047248,640.340219326108,107.3,-57,5.33211730717959,-7.23425330717959
138.373288631439,1193.9191427879,639.997718259341,107.3,-56,5.28916530717959,-7.27720530717959
139.254208803177,1195.19732681798,639.718060137932,107.3,-56,5.17871530717959,-7.38765530717959
139.874270677567,1196.00979087698,639.456326882792,107.3,-56,5.22167530717959,-7.34469530717959
140.700138807297,1197.12413781735,639.242447892786,107.3,-56,5.16031530717959,-7.40605530717959
141.008406639099,1197.48865934256,639.169972436597,107.3,-56,5.20326530717959,-7.36310530717959
142.213808774948,1199.23800832788,638.819553074975,107.3,-56,5.21553530717959,-7.35083530717959
143.168357610703,1200.56040734646,638.707370411948,107.3,-55,5.14803530717959,-7.41833530717959
143.703906774521,1201.33402395408,638.593477491671,107.3,-55,5.12963530717959,-7.43673530717959
144.286276817322,1202.26782321725,638.405872043582,107.3,-54,5.16644530717959,-7.39992530717959
145.075437784195,1203.52514438575,638.153788152878,107.3,-54,5.20939530717959,-7.35697530717959
146.277884721756,1205.28480157566,637.813806608665,107.3,-54,5.21553530717959,-7.35083530717959
147.052484750748,1206.50294152926,637.617965617186,107.3,-53,5.23394530717959,-7.33242530717959
147.722261667252,1207.46345431661,637.431934906743,107.3,-54,5.28302530717959,-7.28334530717959
148.365845680237,1208.41111469555,637.250675634991,107.3,-53,5.23394530717959,-7.33242530717959
148.957375764847,1209.23156654497,637.093056586408,107.3,-53,5.25848530717959,-7.30788530717959
150.15842962265,1211.27793234572,636.507954769839,107.3,-54,5.36279730717959,-7.20357330717959
150.575851678848,1211.88566070934,636.38216974883,107.3,-53,5.32598130717959,-7.24038930717959
151.571219682693,1213.34613670343,636.107522452966,107.3,-53,5.33825330717959,-7.22811730717959
152.438077688217,1214.67754905477,635.85978563515,107.3,-53,5.39347630717959,-7.17289430717959
152.813535690308,1215.21593037836,635.765008089643,107.3,-53,5.41188430717959,-7.15448630717959
153.809649705887,1217.25869427235,635.110527007937,107.3,-53,5.44256430717959,-7.12380630717959
154.730091810226,1218.63564853658,634.859292294755,107.3,-53,5.51619530717959,-7.05017530717959
155.39359664917,1219.60639034402,634.679042627672,107.3,-53,5.54687430717959,-7.01949630717959
156.337302684784,1220.88745829619,634.433072587834,107.3,-53,5.54687430717959,-7.01949630717959
156.667091846466,1221.33892337924,634.333236345759,107.3,-53,5.56528230717959,-7.00108830717959
157.443636655808,1222.43401831013,634.078196337974,107.3,-53,5.64504930717959,-6.92132130717959
158.284639835358,1223.62863849337,633.843730247554,107.3,-53,5.73095230717959,-6.83541830717959
158.910846710205,1224.49476684992,633.674721417835,107.3,-53,5.81685530717959,-6.74951530717959
159.746991634369,1225.54633402275,633.466464613867,107.3,-53,5.82912730717959,-6.73724330717959
160.6345038414,1226.60374570414,633.573642457177,107.3,-53,5.89662230717959,-6.66974830717959
161.417780637741,1227.68888918768,633.383272957821,107.3,-54,5.97638930717959,-6.58998130717959
162.675772666931,1229.59637877524,633.013612256047,107.3,-54,6.08683530717959,-6.47953530717959
163.343998670578,1230.50382258253,632.831505663535,107.3,-55,6.16660230717959,-6.39976830717959
163.939148664474,1231.27544915371,632.623745960124,107.3,-55,0.0306753071795862,-6.25251
164.82924580574,1232.4921056728,632.364569710341,107.3,-55,0.0674953071795859,-6.21569
165.38966178894,1233.20529007087,632.218832028996,107.3,-55,0.0981753071795861,-6.18501
166.366913795471,1234.65063241703,631.930594567674,107.3,-55,0.214755307179586,-6.06843
167.077391624451,1235.87442589006,631.687059080889,107.3,-55,0.429515307179586,-5.85367
167.93750166893,1237.50165449744,631.370352716825,107.3,-55,0.570645307179587,-5.71254
168.735757827759,1238.55587674708,631.156461473134,107.3,-55,0.705635307179587,-5.57755
169.763793706894,1239.87879821348,630.901683753981,107.3,-55,0.871305307179586,-5.41188
170.382496833801,1240.703121189,630.757205641068,107.3,-55,0.920385307179586,-5.3628
170.917100667953,1241.79939625912,630.580020604297,107.3,-55,0.969475307179586,-5.31371
171.818616628647,1243.19346666411,630.360574949897,107.3,-55,1.12900530717959,-5.15418
172.269716739655,1243.83429001172,630.259596725426,107.3,-55,1.25786530717959,-5.02532
173.411729812622,1245.57610732806,629.988558764972,107.3,-55,1.34376530717959,-4.93942
173.984404802322,1246.34945251833,629.931948238084,107.3,-56,1.48489530717959,-4.79829
174.67907166481,1247.02631231037,630.002772532868,107.3,-56,1.65056530717959,-4.63262
175.570957660675,1248.24285301717,629.796332314129,107.3,-56,1.75487530717959,-4.52831
176.45605969429,1249.58450224771,629.579444142615,107.3,-55,1.88986530717959,-4.39332
176.6993496418,1249.95025000564,629.522146358364,107.3,-55,1.88986530717959,-4.39332
177.003660678864,1250.41360109414,629.451519056524,107.3,-55,1.87759530717959,-4.40559
177.951164722443,1251.92309371735,629.060222963422,107.3,-55,2.00031530717959,-4.28287
178.473188638687,1252.69155899419,628.943939826299,107.3,-55,2.09234530717959,-4.19084
179.488482713699,1254.30207707631,628.723867411867,107.3,-55,2.30710530717959,-3.97608
180.175097703934,1255.51406927771,628.566914622762,107.3,-55,2.57095530717959,-3.71223
181.449507713318,1257.70645591039,628.344522708577,107.3,-55,2.76116530717959,-3.52202
181.730417728424,1258.15764890847,628.282692556988,107.3,-55,2.79798530717959,-3.4852
182.765865802765,1259.71941655221,628.066032813601,107.3,-55,3.03114530717959,-3.25204
183.406701803207,1260.7201582834,627.931070396643,107.3,-56,3.16613530717959,-3.11705
183.843577623367,1261.35595434268,627.843164744578,107.3,-56,3.31953530717959,-2.96365
184.495510816574,1262.4024705254,627.609382322139,107.3,-55,3.43611530717959,-2.84707
185.342873811722,1263.74733175357,627.33652329566,107.3,-55,3.62019530717959,-2.66299
186.057174682617,1264.96875797793,627.165230876708,107.3,-56,3.74291530717959,-2.54027
186.264273643494,1265.33088731357,627.113972282639,107.3,-56,3.87790530717959,-2.40528
187.058146715164,1266.50420108887,626.942811847558,107.3,-56,3.98221530717959,-2.30097
187.876101732254,1267.72619855843,626.625078398184,107.3,-56,4.13561530717959,-2.14757
188.345811843872,1268.32367230682,626.351350931215,107.3,-55,4.21537530717959,-2.06781
188.977023839951,1269.19476472792,626.227181126822,107.3,-55,4.28287530717959,-2.00031
189.770432710648,1270.34046383767,626.067767395625,107.3,-55,4.43627530717959,-1.84691
190.006230831146,1270.6859003086,626.018661230641,107.3,-55,4.44240530717959,-1.84078
190.853100776672,1272.02832107754,625.835473356649,107.3,-55,4.58353530717959,-1.69965
191.5652987957,1273.48196744637,625.604545099606,107.3,-56,4.77374530717959,-1.50944
192.18462061882,1274.45896340652,625.467072144833,107.3,-56,4.87192530717959,-1.41126
192.604907751083,1275.03815567402,625.386968966312,107.3,-56,4.96396530717959,-1.31922
193.732385635376,1276.65879353865,625.155266440706,107.3,-56,5.15417530717959,-1.12901
194.164258718491,1277.31672227683,625.067866869098,107.3,-56,5.22780530717959,-1.05538
194.913476705551,1278.46312524085,624.947108623701,107.3,-57,5.45483530717959,-0.82835
195.562623739243,1279.47454138076,624.837376135154,107.3,-57,5.52846630717959,-0.754719
196.278458833694,1280.6041730177,624.70039465275,107.3,-57,5.83526330717959,-0.447922
196.893178701401,1281.6075226522,624.580356685052,107.3,-57,5.97025330717959,-0.312932
197.306388616562,1282.25963319118,624.502508161476,107.3,-58,6.10524330717959,-0.177942
