1.64329600334167,1095.62937661409,781.257135085579,107.3,-56,3.11091530717959,3.11091530717959
2.2612509727478,1095.9320144618,780.587815438293,107.3,-55,2.93910530717959,2.93910530717959
2.87911009788513,1096.12973701939,780.046054694733,107.3,-55,2.81025530717959,2.81025530717959
3.39036417007446,1096.22870249175,779.676591083756,107.3,-54,2.71821530717959,2.71821530717959
5.19750213623047,1097.13620523249,777.400517333852,107.3,-55,2.29483530717959,2.29483530717959
5.90586400032043,1097.47736796441,776.529512021846,107.3,-55,2.06166530717959,2.06166530717959
6.41931009292603,1097.72822326708,775.876582831084,107.3,-55,1.96963530717959,1.96963530717959
6.90385103225708,1097.98817054375,775.198770307182,107.3,-55,1.84077530717959,1.84077530717959
8.3634250164032,1098.77262266134,773.341588689289,107.3,-56,1.52784530717959,1.52784530717959
8.77967810630798,1099.48031240228,772.568482249607,107.3,-56,1.38671530717959,1.38671530717959
9.23365807533264,1099.99806368857,771.892774071687,107.3,-56,1.24559530717959,1.24559530717959
10.2789239883423,1101.50943715331,769.025143936023,107.3,-57,0.822215307179587,0.822215307179587
10.7085959911346,1102.0487594044,767.966556544726,107.3,-57,0.668815307179586,0.668815307179586
12.0056550502777,1102.75295885869,766.394687565658,107.3,-58,0.0674953071795859,0.0674953071795859
12.5638251304626,1103.0454774446,765.717394532112,107.3,-57,6.09910730717959,-0.184078
13.3708920478821,1103.49980167739,764.651966058132,107.3,-58,5.65118530717959,-0.632
13.8596961498261,1102.58944946344,766.091404602975,107.3,-57,5.43642830717959,-0.846757
14.4554300308228,1102.36095703665,766.305313345063,107.3,-56,5.15417530717959,-1.12901
15.0948131084442,1102.72579011314,765.462827155753,107.3,-56,4.89033530717959,-1.39285
16.0116090774536,1103.22766144831,764.301159892238,107.3,-56,4.58353530717959,-1.69965
16.55739402771,1103.55192087227,763.541600213618,107.3,-55,4.36264530717959,-1.92054
17.4395670890808,1103.71086099291,760.760219380095,107.3,-54,4.03130530717959,-2.25188
18.1547391414642,1103.8673429452,758.720447031058,107.3,-54,3.79813530717959,-2.48505
18.7655980587006,1104.23265808504,757.860840209726,107.3,-53,3.62019530717959,-2.66299
19.3926720619202,1104.63450215144,756.916129567766,107.3,-53,3.49747530717959,-2.78571
19.88432097435,1104.99407889375,756.073235471077,107.3,-52,3.36248530717959,-2.9207
20.6046981811523,1105.42301447316,755.090254603998,107.3,-52,3.22135530717959,-3.06183
21.1111969947815,1105.87019175419,754.411802822933,107.3,-52,3.09250530717959,-3.19068
21.8259291648865,1106.36199146569,753.440564559772,107.3,-51,2.92683530717959,-3.35635
22.7392790317535,1106.99340479366,752.009308261593,107.3,-50,2.68139530717959,-3.60179
23.6556282043457,1107.56126530543,750.720769638239,107.3,-50,2.46050530717959,-3.82268
24.219074010849,1107.94530982532,749.917239210171,107.3,-50,2.34392530717959,-3.93926
25.055064201355,1108.81260408652,748.496597656286,107.3,-50,2.17825530717959,-4.10493
25.8209571838379,1109.24278528005,747.508128407166,107.3,-49,2.03099530717959,-4.25219
26.3939101696014,1109.57311105412,746.76857296741,107.3,-49,1.92667530717959,-4.35651
27.4217209815979,1110.21548891421,745.325649943025,107.3,-50,1.68124530717959,-4.60194
28.4343440532684,1110.63389579288,744.273896990287,107.3,-50,1.46034530717959,-4.82284
29.0814030170441,1111.02453908178,743.434954205108,107.3,-50,1.33763530717959,-4.94555
29.6166551113129,1111.32592599479,742.788374970205,107.3,-50,1.22104530717959,-5.06214
30.4195699691772,1111.80347965008,741.775047033451,107.3,-50,1.06765530717959,-5.21553
31.4365170001984,1112.43240230801,740.445599553288,107.3,-51,0.779265307179586,-5.50392
32.3201990127563,1112.87577665403,740.05406347956,107.3,-50,0.527685307179587,-5.7555
32.765084028244,1113.22132420292,739.262503631465,107.3,-50,0.392695307179586,-5.89049
33.5969450473785,1113.75254426137,738.060999084082,107.3,-50,0.214755307179586,-6.06843
34.3176381587982,1114.20439464293,737.029529916016,107.3,-50,0.0859053071795861,-6.19728
35.2200140953064,1114.73376894203,735.615662866639,107.3,-49,6.17273830717959,-6.39363230717959
36.0769870281219,1115.11607476356,734.278151367767,107.3,-49,6.00093330717959,-6.56543730717959
36.9335610866547,1115.64983845731,733.020270837328,107.3,-48,5.90275830717959,-6.66361230717959
37.5258991718292,1116.05977405763,732.041377477864,107.3,-49,5.82912730717959,-6.73724330717959
38.2380740642548,1116.53618001052,730.893222546024,107.3,-49,5.70027230717959,-6.86609830717959
39.3216660022736,1116.89,729.952095080371,107.3,-48,5.56528230717959,-7.00108830717959
40.0970191955566,1117.40226087805,728.690596873854,107.3,-48,5.49778730717959,-7.06858330717959
40.5620741844177,1117.70058766955,727.954941208376,107.3,-48,5.46097130717959,-7.10539930717959
41.5846791267395,1118.35187906372,726.359615084525,107.3,-48,5.36893230717959,-7.19743830717959
42.2165579795837,1118.70801623198,725.473247905378,107.3,-48,5.31984530717959,-7.24652530717959
43.2062630653381,1119.84844783382,724.26758514393,107.3,-48,5.22167530717959,-7.34469530717959
43.8539521694183,1120.28788950497,723.181225124708,107.3,-48,5.19099530717959,-7.37537530717959
44.6428260803223,1120.70926293266,722.13120202087,107.3,-48,5.11735530717959,-7.44901530717959
45.3750920295715,1121.14969548614,721.050084467512,107.3,-48,5.03145530717959,-7.53491530717959
45.9727489948273,1121.51212981265,720.13802449963,107.3,-48,5.00077530717959,-7.56559530717959
46.6474800109863,1121.76579836834,719.134721625911,107.3,-48,4.93328530717959,-7.63308530717959
46.9874610900879,1121.93521188596,718.666034734997,107.3,-48,4.92714530717959,-7.63922530717959
47.9858431816101,1122.52140132793,717.165398781927,107.3,-49,4.81056530717959,-7.75580530717959
48.4081749916077,1122.77758396123,716.504641661682,107.3,-49,4.79829530717959,-7.76807530717959
49.5366680622101,1123.49998538594,714.644654458144,107.3,-49,4.60807530717959,-7.95829530717959
50.1066889762878,1123.58646389925,713.481217179124,107.3,-49,4.57126530717959,-7.99510530717959
51.2040832042694,1124.15541889643,711.800300055483,107.3,-48,4.48535530717959,-8.08101530717959
51.6915760040283,1124.42988415693,711.123285746246,107.3,-49,4.43013530717959,-8.13623530717959
52.3185670375824,1124.75323277444,710.325428316042,107.3,-48,4.38104530717959,-8.18532530717959
53.1407790184021,1125.22116799625,709.208373037472,107.3,-48,4.31355530717959,-8.25281530717959
53.7148470878601,1125.67730756977,707.830339781778,107.3,-48,4.27060530717959,-8.29576530717959
54.762843132019,1126.32463956439,706.17623103458,107.3,-49,4.19697530717959,-8.36939530717959
55.7204110622406,1126.83648986496,704.960070346053,107.3,-49,4.12947530717959,-8.43689530717959
56.2359662055969,1127.10176712489,704.324683166343,107.3,-49,4.09266530717959,-8.47370530717959
57.0564069747925,1127.55206170777,703.326233046665,107.3,-49,3.95153530717959,-8.61483530717959
57.6463890075684,1127.99118318709,702.489081743692,107.3,-49,3.95767530717959,-8.60869530717959
58.3718931674957,1128.42080390776,701.446867370919,107.3,-49,3.96380530717959,-8.60256530717959
58.8818831443787,1128.69792723826,700.775207930423,107.3,-49,3.96994530717959,-8.59642530717959
59.5214321613312,1129.09498394606,699.839071781192,107.3,-49,3.96994530717959,-8.59642530717959
60.1595721244812,1129.4703927424,698.93327627607,107.3,-49,3.95153530717959,-8.61483530717959
60.9587340354919,1129.64795426491,698.307627623088,107.3,-49,3.90858530717959,-8.65778530717959
61.6496500968933,1129.94744431186,697.49595989691,107.3,-49,3.91471530717959,-8.65165530717959
62.3537621498108,1130.36128506061,696.488613313901,107.3,-49,3.90858530717959,-8.65778530717959
62.6638510227203,1130.53734453302,696.059332448764,107.3,-49,3.90858530717959,-8.65778530717959
63.2964761257172,1130.94556860568,695.055101230033,107.3,-49,3.90244530717959,-8.66392530717959
64.0919561386108,1131.42367768254,693.847042370643,107.3,-49,3.92085530717959,-8.64551530717959
64.8477191925049,1131.74239052909,692.547455156375,107.3,-49,3.95153530717959,-8.61483530717959
65.5325801372528,1132.1110976461,691.647510289569,107.3,-50,4.01289530717959,-8.55347530717959
66.1774780750275,1132.46828856366,690.791913440546,107.3,-50,4.01289530717959,-8.55347530717959
66.457808971405,1132.62670038452,690.404518564957,107.3,-50,3.98221530717959,-8.58415530717959
67.2507910728455,1133.06759982259,689.318984220107,107.3,-50,4.01289530717959,-8.55347530717959
67.896674156189,1133.38430009917,688.699590995281,107.3,-50,4.03130530717959,-8.53506530717959
68.7617430686951,1133.80273792589,688.011557783939,107.3,-50,4.11720530717959,-8.44916530717959
69.5635831356049,1134.27074557386,686.896487958602,107.3,-51,4.16015530717959,-8.40621530717959
70.0984830856323,1134.62416277915,686.06186794349,107.3,-51,4.20924530717959,-8.35712530717959
70.5539441108704,1134.93904886207,685.324491908328,107.3,-51,4.23992530717959,-8.32644530717959
71.0553691387177,1135.27150601364,684.544663068,107.3,-51,4.29514530717959,-8.27122530717959
71.7738311290741,1135.71851450535,683.948708318849,107.3,-51,4.32582530717959,-8.24054530717959
72.6260831356049,1136.20842229537,682.913772255676,107.3,-52,4.47308530717959,-8.09328530717959
73.5075922012329,1136.70068046055,681.774045733143,107.3,-52,4.56512530717959,-8.00124530717959
74.0567140579224,1136.99040764935,681.076413160126,107.3,-52,4.63262530717959,-7.93374530717959
74.3270370960236,1137.15805380896,680.679447959792,107.3,-52,4.66943530717959,-7.89693530717959
75.3540849685669,1137.78431339641,679.34235458456,107.3,-53,4.89646530717959,-7.66990530717959
75.7663290500641,1138.01615322381,678.849686613845,107.3,-52,4.97623530717959,-7.59013530717959
76.5748209953308,1138.50483502989,677.707255214979,107.3,-52,5.15417530717959,-7.41219530717959
77.3317379951477,1138.98169172579,676.596700830128,107.3,-53,5.28916530717959,-7.27720530717959
78.1919941902161,1139.48403261111,675.418867891216,107.3,-53,5.44256430717959,-7.12380630717959
79.2974011898041,1140.31685098759,673.549902692633,107.3,-53,5.63891330717959,-6.92745730717959
79.6341149806976,1140.52166039124,673.071393449561,107.3,-53,5.70027230717959,-6.86609830717959
80.496157169342,1141.0787581351,671.754873154742,107.3,-53,5.87207830717959,-6.69429230717959
81.5990161895752,1141.67647295529,670.336680672484,107.3,-53,6.03774830717959,-6.52862230717959
81.8756000995636,1141.83252343004,669.967361215576,107.3,-53,6.05615630717959,-6.51021430717959
82.2903940677643,1142.09927065453,669.393692635508,107.3,-53,6.12978730717959,-6.43658330717959
83.0161070823669,1142.8362775858,668.211247818391,107.3,-53,6.22796200717959,-6.33840860717959
83.7870030403137,1143.31855904236,667.041559572398,107.3,-53,0.0552253071795858,-6.22796
84.170116186142,1143.54919943038,666.502300379437,107.3,-53,0.0981753071795861,-6.18501
84.9268801212311,1144.0208308545,665.392211517481,107.3,-53,0.196345307179587,-6.08684
85.6863920688629,1144.46908681088,664.320191653896,107.3,-53,0.355885307179586,-5.9273
86.2187831401825,1144.71151483701,663.782841327198,107.3,-53,0.441785307179586,-5.8414
87.0679750442505,1145.13128657782,662.856561085517,107.3,-53,0.589045307179586,-5.69414
87.3740730285645,1145.3067279832,662.458766768521,107.3,-53,0.650405307179586,-5.63278
88.1794650554657,1145.7718776437,661.385839005209,107.3,-53,0.797665307179586,-5.48552
88.7618401050568,1146.13310903925,660.561997314706,107.3,-53,0.926525307179586,-5.35666
89.5588049888611,1146.60478324208,659.483718357008,107.3,-53,1.06151530717959,-5.22167
89.9786942005157,1146.90969276937,658.808998999703,107.3,-53,1.14128530717959,-5.1419
90.7624061107636,1147.52446226391,657.448943437818,107.3,-53,1.28854530717959,-4.99464
91.4863619804382,1147.96491988223,656.408537322031,107.3,-53,1.43580530717959,-4.84738
92.0633411407471,1148.3069365274,655.599538436185,107.3,-54,1.60147530717959,-4.68171
92.7306220531464,1148.67449000686,654.727271276393,107.3,-54,1.73033530717959,-4.55285
93.8084051609039,1149.21278690718,653.252363998035,107.3,-54,1.98803530717959,-4.29515
94.4646019935608,1149.44389401911,652.395065135267,107.3,-54,2.11689530717959,-4.16629
96.8981010913849,1149.75059317289,651.542081869099,107.3,-54,2.29483530717959,-3.98835
97.905415058136,1148.90937926878,652.373851022767,107.3,-53,2.22733530717959,-4.05585
98.4496669769287,1148.55891048466,652.629886189418,107.3,-52,2.24574530717959,-4.03744
99.3180510997772,1147.20568056234,653.274819337107,107.3,-52,2.46050530717959,-3.82268
102.900471687317,1145.89096033147,653.735254289468,107.3,-52,2.62617530717959,-3.65701
103.971289634705,1146.9656558173,653.311993058803,107.3,-53,2.44823530717959,-3.83495
104.685358762741,1147.4757434141,653.146143431493,107.3,-53,2.30710530717959,-3.97608
105.182514667511,1148.09440051635,652.885239793459,107.3,-53,2.24574530717959,-4.03744
106.03849363327,1149.2605114081,652.421583512036,107.3,-53,2.11075530717959,-4.17243
106.841451644897,1150.26538923274,652.038360927057,107.3,-53,1.97576530717959,-4.30742
107.844791650772,1151.72071733457,651.473964672179,107.3,-53,1.81623530717959,-4.46695
108.193661689758,1152.23092314831,651.275908263156,107.3,-53,1.72419530717959,-4.55899
108.925777673721,1153.24004360181,650.903047598932,107.3,-54,1.66283530717959,-4.62035
110.188326835632,1154.82699703477,650.337921876219,107.3,-54,1.46648530717959,-4.8167
110.67053771019,1155.4327834187,650.134217883384,107.3,-54,1.29467530717959,-4.98851
111.456530809402,1156.24556854034,649.842190466087,107.3,-54,1.15355530717959,-5.12963
112.560685634613,1157.57087907983,649.425390854852,107.3,-55,0.932665307179586,-5.35052
113.072033643723,1158.21010036011,649.233700522218,107.3,-55,0.797665307179586,-5.48552
114.250249624252,1159.78921010096,648.794056839521,107.3,-55,0.515415307179587,-5.76777
114.81356883049,1160.52560934835,648.662203926913,107.3,-55,0.423375307179586,-5.85981
115.542133808136,1161.49239589683,648.470761857329,107.3,-55,0.257705307179586,-6.02548
116.162975788116,1162.37396746589,648.256400222239,107.3,-55,0.0920353071795859,-6.19115
117.412228822708,1164.22532593196,647.791843542802,107.3,-55,6.12365130717959,-6.44271930717959
118.166518688202,1165.15713231551,647.642950975401,107.3,-54,5.79844730717959,-6.76792330717959
118.808670759201,1165.94649647097,647.644721981204,107.3,-55,5.67572930717959,-6.89064130717959
119.350220680237,1166.77321156971,647.42140427381,107.3,-55,5.47324330717959,-7.09312730717959
120.353357791901,1168.07276831553,647.067444412703,107.3,-54,5.36279730717959,-7.20357330717959
121.155690670013,1169.10322469023,646.791525277469,107.3,-55,5.19099530717959,-7.37537530717959
121.923333644867,1170.03626089478,646.32174975156,107.3,-54,5.04372530717959,-7.52264530717959
122.918079614639,1171.28276368363,645.830271702811,107.3,-55,4.88419530717959,-7.68217530717959
123.157582759857,1171.63026030098,645.737833414787,107.3,-55,4.81056530717959,-7.75580530717959
124.18784070015,1173.22603212321,645.311547167072,107.3,-55,4.73693530717959,-7.82943530717959
125.127685785294,1174.59734626873,644.934024814611,107.3,-55,4.60807530717959,-7.95829530717959
125.485080718994,1175.07313758341,644.765707241997,107.3,-55,4.55899530717959,-8.00737530717959
126.465148687363,1176.55183756524,644.341617081447,107.3,-56,4.45467530717959,-8.11169530717959
127.090016841888,1177.4952041464,644.093226064206,107.3,-56,4.42400530717959,-8.14236530717959
128.164312839508,1179.14011063825,643.662374271698,107.3,-56,4.30741530717959,-8.25895530717959
128.940599679947,1180.37875791545,643.306299642738,107.3,-57,4.22151530717959,-8.34485530717959
129.320027828217,1181.02379227024,643.110182769801,107.3,-57,4.25833530717959,-8.30803530717959
130.726406812668,1183.20078134629,642.554468725607,107.3,-57,4.19083530717959,-8.37553530717959
131.120266675949,1183.75318592599,642.414526232083,107.3,-58,4.12334530717959,-8.44302530717959
132.33340883255,1185.55053544555,641.945679255625,107.3,-58,4.08652530717959,-8.47984530717959
132.834804773331,1186.16345558311,641.773643717013,107.3,-58,4.03743530717959,-8.52893530717959
133.688339710236,1187.34325805371,641.472201776841,107.3,-59,4.08038530717959,-8.48598530717959
134.610739707947,1188.66452947793,641.153211043208,107.3,-60,4.11106530717959,-8.45530530717959
135.243460655212,1189.48531932178,640.95987076175,107.3,-59,4.13561530717959,-8.43075530717959
136.084528684616,1190.53038253418,640.681500610933,107.3,-60,4.07425530717959,-8.49211530717959
136.890632629395,1191.64239506426,640.432853992971,107.3,-59,4.12334530717959,-8.44302530717959
137.594205617905,1192.73439827354,640.224240330904,107.3,-60,4.14174530717959,-8.42462530717959
138.515135765076,1194.13086637097,639.957274523144,107.3,-59,4.15401530717959,-8.41235530717959
138.669247627258,1194.36039211251,639.91343510651,107.3,-59,4.14174530717959,-8.42462530717959
140.043450832367,1196.24696671346,639.411239991104,107.3,-59,4.31968530717959,-8.24668530717959
140.686939716339,1197.10853011434,639.245551071385,107.3,-59,4.30128530717959,-8.26508530717959
141.407387733459,1198.02025726637,639.063434313209,107.3,-59,4.33809530717959,-8.22827530717959
142.44504570961,1199.59033951013,638.750084002248,107.3,-58,4.31968530717959,-8.24668530717959
143.0038626194,1200.35100810881,638.70225717475,107.3,-58,4.38718530717959,-8.17918530717959
143.937682628632,1201.68716926575,638.521809766656,107.3,-58,4.42400530717959,-8.14236530717959
144.186836719513,1202.09930708895,638.439427448077,107.3,-58,4.44240530717959,-8.12396530717959
145.252977609634,1203.79137555352,638.100029936309,107.3,-58,4.52217530717959,-8.04419530717959
146.25573682785,1205.24773036665,637.819193023649,107.3,-58,4.63875530717959,-7.92761530717959
146.779665708542,1206.12468404569,637.691772403617,107.3,-58,4.58967530717959,-7.97669530717959
147.639062643051,1207.33680108234,637.456035910544,107.3,-59,4.73693530717959,-7.82943530717959
148.637464761734,1208.78357637752,637.178612396522,107.3,-58,4.79215530717959,-7.77421530717959
148.943942785263,1209.21220570512,637.096689238833,107.3,-57,4.79215530717959,-7.77421530717959
150.273387670517,1211.45913341024,636.462457240425,107.3,-58,4.91180530717959,-7.65456530717959
150.982779741287,1212.46503368829,636.273137186367,107.3,-57,4.97623530717959,-7.59013530717959
151.623786687851,1213.42484812915,636.092727620168,107.3,-57,5.00077530717959,-7.56559530717959
152.467317819595,1214.71947742104,635.85240449567,107.3,-57,5.03145530717959,-7.53491530717959
153.788688659668,1217.22759973284,635.116207741117,107.3,-57,5.23394530717959,-7.33242530717959
154.837557792664,1218.79864354053,634.829614902527,107.3,-57,5.32598130717959,-7.24038930717959
155.697355747223,1220.03235212063,634.598067715683,107.3,-57,5.38120430717959,-7.18516630717959
156.411095619202,1220.98510108442,634.41417398366,107.3,-57,5.47937930717959,-7.08699130717959
157.142718791962,1222.01267956402,634.166172312187,107.3,-57,5.44869930717959,-7.11767130717959
157.951493740082,1223.14720399508,633.936431996692,107.3,-57,5.63891330717959,-6.92745730717959
158.543563842773,1224.00055371182,633.771986769482,107.3,-57,5.73095230717959,-6.83541830717959
159.467238664627,1225.20889900296,633.53356376148,107.3,-58,5.85367030717959,-6.71270030717959
159.893194675446,1225.72268255661,633.431397606558,107.3,-58,5.98866130717959,-6.57770930717959
160.400948762894,1226.32644267282,633.52192076819,107.3,-58,6.09910730717959,-6.46726330717959
161.747202634811,1228.18588085471,633.2867145768,107.3,-59,0.0981753071795861,-6.18501
162.632161617279,1229.52984770695,633.026466316812,107.3,-59,0.276115307179587,-6.00707
163.497155666351,1230.70463981695,632.784206807012,107.3,-59,0.472465307179586,-5.81072
164.287520647049,1231.74063190725,632.511783440848,107.3,-59,0.656545307179586,-5.62664
165.050694704056,1232.7739211527,632.306981329666,107.3,-59,0.895845307179586,-5.38734
165.933624744415,1233.98782375637,632.062495475802,107.3,-59,0.987885307179586,-5.2953
166.622730731964,1235.06183670305,631.847592221052,107.3,-58,1.11060530717959,-5.17258
166.723554611206,1235.22390263913,631.814878911732,107.3,-58,1.19036530717959,-5.09282
167.905711650848,1237.45955182106,631.379104396747,107.3,-58,1.39285530717959,-4.89033
168.276170730591,1237.95018755162,631.277118317921,107.3,-58,1.46648530717959,-4.8167
169.613209724426,1239.68286798801,630.937662442754,107.3,-57,1.68737530717959,-4.59581
170.549581766129,1241.04317638252,630.702179199746,107.3,-57,1.80396530717959,-4.47922
171.039032697678,1242.05028791125,630.539491952797,107.3,-57,1.90827530717959,-4.37491
172.023284673691,1243.48421379224,630.31476025092,107.3,-56,2.01258530717959,-4.2706
172.646268844604,1244.38921879198,630.172821087243,107.3,-56,2.16598530717959,-4.1172
173.419680833817,1245.58858608237,629.986616317367,107.3,-56,2.16598530717959,-4.1172
174.376400709152,1246.69378516433,630.016055720467,107.3,-56,2.33778530717959,-3.9454
175.011334657669,1247.44003281394,629.931060978916,107.3,-56,2.49118530717959,-3.792
175.673927783966,1248.40217781918,629.77001527094,107.3,-56,2.51572530717959,-3.76746
176.421647787094,1249.53312924226,629.587612450481,107.3,-57,2.68753530717959,-3.59565
176.691747665405,1249.93867505893,629.523910694901,107.3,-56,2.68139530717959,-3.60179
177.204187631607,1250.71892811325,629.404978918661,107.3,-56,2.87161530717959,-3.41157
178.213352680206,1252.31189269331,628.996795330931,107.3,-57,3.00660530717959,-3.27658
178.99773478508,1253.49801322954,628.832581360054,107.3,-57,3.27658530717959,-3.0066
179.400847673416,1254.14650718213,628.744066406191,107.3,-57,3.32567530717959,-2.95751
180.424179792404,1255.94180275487,628.512239126116,107.3,-57,3.62633530717959,-2.65685
181.17484164238,1257.23698242771,628.3855680334,107.3,-57,3.85335530717959,-2.42983
181.800964832306,1258.27096049437,628.267164672994,107.3,-57,3.94539530717959,-2.33779
182.494340658188,1259.32189140606,628.121460078948,107.3,-56,4.12334530717959,-2.15984
183.536911725998,1260.9127900965,627.904593451971,107.3,-56,4.34423530717959,-1.93895
184.258978843689,1261.99041642195,627.726187741546,107.3,-55,4.57739530717959,-1.70579
185.119372844696,1263.41616236443,627.382377518771,107.3,-56,4.76761530717959,-1.51557
185.795740842819,1264.49891197138,627.23138519443,107.3,-55,4.92101530717959,-1.36217
186.446586847305,1265.59380673029,627.075211997493,107.3,-55,5.01918530717959,-1.264
187.27169084549,1266.85276085574,626.894013480196,107.3,-54,5.16644530717959,-1.11674
187.92310667038,1267.7848159805,626.593397077208,107.3,-54,5.27689530717959,-1.00629
188.895293712616,1269.08065534531,626.243323143429,107.3,-54,5.40574830717959,-0.877437
189.715117692947,1270.25942916079,626.079287031064,107.3,-55,5.49778730717959,-0.785398
190.108651638031,1270.83594341328,625.997331573602,107.3,-54,5.60209830717959,-0.681087
190.89230966568,1272.09369857456,625.826775814634,107.3,-54,5.68800030717959,-0.595185
191.419416666031,1273.16726168773,625.65649310497,107.3,-54,5.76776730717959,-0.515418
192.287514686584,1274.60488693869,625.448025283792,107.3,-54,5.89048630717959,-0.392699
192.731331825256,1275.20842841014,625.362333761937,107.3,-54,5.96411730717959,-0.319068
193.510411739349,1276.32578700849,625.202521653081,107.3,-55,6.03161230717959,-0.251573
194.271108627319,1277.47971367695,625.046339703044,107.3,-55,6.17273830717959,-0.110447
194.882281780243,1278.41529631075,624.951310417561,107.3,-56,0.0552253071795858,0.0552253071795858
195.490358829498,1279.36085362315,624.851104468148,107.3,-56,0.116585307179586,0.116585307179586
196.9844186306,1281.75869385095,624.5624051052,107.3,-57,0.533825307179586,0.533825307179586
197.330052614212,1282.2937846751,624.498388858777,107.3,-57,0.595185307179587,0.595185307179587
198.441998720169,1284.28117825645,624.167474738169,107.3,-58,1.01856530717959,1.01856530717959
198.782121658325,1284.78234343558,624.104267166173,107.3,-58,1.12900530717959,1.12900530717959
