46.5157821178436,1121.71628587589,719.330552070175,107.3,-62,1.61374530717959,1.61374530717959
47.5627720355988,1122.25244696053,717.852401785594,107.3,-62,1.62601530717959,1.62601530717959
48.3128380775452,1122.72163965864,716.649960398888,107.3,-61,1.57693530717959,1.57693530717959
48.8089990615845,1123.01279005401,715.893679493842,107.3,-61,1.53398530717959,1.53398530717959
49.7864520549774,1123.54235890003,714.137499567544,107.3,-60,1.47875530717959,1.47875530717959
50.1441550254822,1123.59162395408,713.404435563346,107.3,-59,1.42353530717959,1.42353530717959
50.8577790260315,1123.95578675619,712.289853611694,107.3,-59,1.25786530717959,1.25786530717959
52.1754961013794,1124.6800801306,710.50593740746,107.3,-58,1.20877530717959,1.20877530717959
52.6026051044464,1124.90793294556,709.951187586255,107.3,-58,1.22104530717959,1.22104530717959
52.9439101219177,1125.1065837751,709.480101333325,107.3,-58,1.22104530717959,1.22104530717959
54.3987681865692,1126.11978705506,706.66766156434,107.3,-57,1.15968530717959,1.15968530717959
55.0310451984406,1126.46801543661,705.835713338047,107.3,-57,1.18423530717959,1.18423530717959
56.035991191864,1127.00515410419,704.559071117291,107.3,-58,1.14741530717959,1.14741530717959
56.3385510444641,1127.14973353586,704.207508076674,107.3,-58,1.20264530717959,1.20264530717959
57.1526961326599,1127.62556858528,703.190051884119,107.3,-59,1.17196530717959,1.17196530717959
58.1246631145477,1128.27785324944,701.793565568617,107.3,-59,1.25786530717959,1.25786530717959
59.0539650917053,1128.79838133129,700.535413829049,107.3,-61,1.39285530717959,1.39285530717959
59.9525291919708,1129.35152545518,699.222704298657,107.3,-62,1.62601530717959,1.62601530717959
60.7359330654144,1129.63638999936,698.415753505959,107.3,-62,1.87759530717959,1.87759530717959
61.4805181026459,1129.84148985704,697.753632113615,107.3,-62,2.02485530717959,2.02485530717959
61.836287021637,1130.06436490809,697.211618957564,107.3,-62,2.09234530717959,2.09234530717959
65.8044199943542,1132.26166213437,691.286855817673,107.3,-63,4.12947530717959,4.12947530717959
66.5844101905823,1132.69876291437,690.226998674345,107.3,-62,4.20310530717959,4.20310530717959
67.121474981308,1132.99886878287,689.48802542592,107.3,-61,4.41172530717959,4.41172530717959
67.8896300792694,1133.38137953714,688.701833569694,107.3,-61,4.55899530717959,4.55899530717959
69.1830019950867,1134.04329266183,687.442903907738,107.3,-59,4.72466530717959,4.72466530717959
69.892245054245,1134.48015843248,686.398955669279,107.3,-59,4.78601530717959,4.78601530717959
70.8234531879425,1135.11774002248,684.905344599441,107.3,-58,4.78601530717959,4.78601530717959
71.5395641326904,1135.57436674042,684.114478248515,107.3,-58,4.79215530717959,4.79215530717959
71.7557129859924,1135.70736615808,683.961528918211,107.3,-58,4.73079530717959,4.73079530717959
73.1482191085815,1136.50166491429,682.237301662029,107.3,-57,4.70011530717959,4.70011530717959
73.2429451942444,1136.55479986295,682.114711744762,107.3,-57,4.71852530717959,4.71852530717959
74.4128441810608,1137.21550197082,680.54438366434,107.3,-56,4.68784530717959,4.68784530717959
75.5630631446838,1137.89910598799,679.124611516593,107.3,-56,4.63875530717959,4.63875530717959
76.1897799968719,1138.25999029397,678.276953030454,107.3,-55,4.65102530717959,4.65102530717959
76.8630270957947,1138.69452665266,677.26724503902,107.3,-55,4.65716530717959,4.65716530717959
77.1687231063843,1138.8876262421,676.817645338313,107.3,-55,4.66943530717959,4.66943530717959
78.4043021202087,1139.60987977562,675.124444059837,107.3,-55,4.73079530717959,4.73079530717959
79.2815639972687,1140.30721786282,673.572409175045,107.3,-56,4.79829530717959,4.79829530717959
79.9683921337128,1140.72548877604,672.594947690574,107.3,-55,4.90873530717959,4.90873530717959
80.5945751667023,1141.14463605519,671.598215460752,107.3,-55,5.01918530717959,5.01918530717959
81.2296249866486,1141.4832433359,670.79464080588,107.3,-56,5.01918530717959,5.01918530717959
82.2610170841217,1142.06786033058,669.441897012668,107.3,-56,5.19099530717959,5.19099530717959
83.3020660877228,1143.01699613075,667.768898107223,107.3,-56,5.35052530717959,5.35052530717959
83.8033289909363,1143.328387532,667.018579627562,107.3,-57,5.44256430717959,5.44256430717959
84.8134791851044,1143.94955841347,665.56023250612,107.3,-57,5.57755430717959,5.57755430717959
84.9891321659088,1144.0599562386,665.299975505603,107.3,-57,5.66959330717959,5.66959330717959
85.5853970050812,1144.41036936014,664.461113535658,107.3,-57,5.81685530717959,5.81685530717959
86.251718044281,1144.72478578815,663.754886710762,107.3,-57,5.98252530717959,5.98252530717959
86.7087891101837,1144.92541758064,663.323346659545,107.3,-57,6.11751530717959,6.11751530717959
87.5141980648041,1145.38750136031,662.273246859459,107.3,-57,0.0490853071795865,6.33227061435917
88.49494099617,1145.96691315571,660.940785432607,107.3,-56,0.325205307179586,6.60839061435917
89.0728471279144,1146.32288615622,660.128949464644,107.3,-56,0.472465307179586,6.75565061435917
89.9254510402679,1146.86404766122,658.907896734014,107.3,-56,0.650405307179586,6.93359061435917
90.777312040329,1147.53362084521,657.427321221972,107.3,-56,0.816075307179586,7.09926061435917
91.3630740642548,1147.89172295671,656.581663963251,107.3,-56,0.969475307179586,7.25266061435917
92.1128129959106,1148.33418674866,655.534869008675,107.3,-55,1.07378530717959,7.35697061435917
93.0739321708679,1148.87456737314,654.249186448931,107.3,-55,1.23945530717959,7.52264061435917
93.4789390563965,1149.11359412632,653.677189869814,107.3,-55,1.29467530717959,7.57786061435917
93.8805351257324,1149.23122622774,653.160749689559,107.3,-55,1.35603530717959,7.63922061435917
94.5273771286011,1149.48006051807,652.30776088894,107.3,-55,1.44807530717959,7.73126061435917
97.1909310817719,1149.625079042,651.758814525116,107.3,-55,1.43580530717959,7.71899061435917
98.1177520751953,1148.73566573374,652.539109056348,107.3,-54,1.32535530717959,7.60854061435917
98.8656630516052,1147.97941585688,652.924680388698,107.3,-54,1.26399530717959,7.54718061435917
99.293888092041,1147.26114121817,653.248891480504,107.3,-54,1.28240530717959,7.56559061435917
103.331640720367,1146.45001421058,653.493189723252,107.3,-55,1.06151530717959,7.34470061435917
104.087313652039,1147.00617647436,653.309187782545,107.3,-56,0.969475307179586,7.25266061435917
104.676453828812,1147.4649145914,653.150757986619,107.3,-56,0.846755307179587,7.12994061435917
105.696515798569,1148.81698410596,652.596206357617,107.3,-56,0.595185307179587,6.87837061435917
106.330723762512,1149.61199347506,652.285434711384,107.3,-56,0.472465307179586,6.75565061435917
106.877217769623,1150.31372725694,652.020456128295,107.3,-56,0.398835307179586,6.68202061435917
108.085919618607,1152.08187628466,651.331475249215,107.3,-57,0.220895307179586,6.50408061435917
108.30068063736,1152.37896966644,651.220714221443,107.3,-57,0.196345307179587,6.47953061435917
109.174167633057,1153.57776550086,650.782534205483,107.3,-58,0.0797653071795859,6.36295061435917
110.30343079567,1154.97159852637,650.289297638385,107.3,-57,6.13592330717959,6.13592330717959
111.026810646057,1155.83846818316,649.993311053222,107.3,-58,5.96411730717959,5.96411730717959
111.523884773254,1156.30937709549,649.818503956978,107.3,-58,5.80458330717959,5.80458330717959
112.686513662338,1157.72693915074,649.3783994335,107.3,-59,5.59596230717959,5.59596230717959
113.505279779434,1158.80720191376,649.063277787115,107.3,-59,5.39347630717959,5.39347630717959
114.271454811096,1159.81660483761,648.786690699221,107.3,-58,5.24007530717959,5.24007530717959
115.189843654633,1161.02153294223,648.585186618339,107.3,-58,5.11735530717959,5.11735530717959
115.676661729813,1161.67220283735,648.427066837375,107.3,-58,4.98236530717959,4.98236530717959
116.715698719025,1163.20566905672,648.051668246488,107.3,-59,4.76761530717959,4.76761530717959
117.473340749741,1164.30364799348,647.771041877,107.3,-59,4.59580530717959,4.59580530717959
118.109872817993,1165.09351859168,647.634469145558,107.3,-58,4.47308530717959,4.47308530717959
118.492978811264,1165.52374940572,647.691833254097,107.3,-58,4.42400530717959,4.42400530717959
119.537784814835,1167.02537215745,647.352775000446,107.3,-58,4.27673530717959,4.27673530717959
120.158691644669,1167.84382625471,647.129932128127,107.3,-58,4.16629530717959,4.16629530717959
121.180424690247,1169.13810344487,646.782361055663,107.3,-58,4.03130530717959,4.03130530717959
121.899125814438,1170.01083482375,646.341521867319,107.3,-58,3.92085530717959,3.92085530717959
122.821805715561,1171.15335989106,645.863890007684,107.3,-58,3.79200530717959,3.79200530717959
123.253452777863,1171.77111920545,645.700225454856,107.3,-58,3.73064530717959,3.73064530717959
123.806383609772,1172.60691568437,645.477010144532,107.3,-58,3.67541530717959,3.67541530717959
125.273389816284,1174.79131855519,644.865404511121,107.3,-57,3.53429530717959,3.53429530717959
126.00542473793,1175.82916697105,644.534012797712,107.3,-57,3.46066530717959,3.46066530717959
126.35292673111,1176.37646863042,644.388231537535,107.3,-56,3.43611530717959,3.43611530717959
127.21355175972,1177.68353691584,644.043893533475,107.3,-56,3.23976530717959,3.23976530717959
127.729673624039,1178.48263063599,643.836271861543,107.3,-56,3.22135530717959,3.22135530717959
128.980677843094,1180.44765559358,643.285056191979,107.3,-56,3.18454530717959,3.18454530717959
129.539858818054,1181.3569029675,643.024619041682,107.3,-55,3.05568530717959,3.05568530717959
130.168937683105,1182.32651987518,642.77650576144,107.3,-55,2.95751530717959,2.95751530717959
131.097443819046,1183.721175935,642.4226354298,107.3,-54,2.84706530717959,2.84706530717959
131.744753837585,1184.69158793541,642.173658082823,107.3,-54,2.77957530717959,2.77957530717959
132.510453701019,1185.76695994425,641.884932833829,107.3,-54,2.74275530717959,2.74275530717959
133.514130830765,1187.09577507898,641.533378703638,107.3,-54,2.64458530717959,2.64458530717959
134.224363803864,1188.11021643716,641.284296972895,107.3,-54,2.59549530717959,2.59549530717959
135.183368682861,1189.41645975977,640.976048610656,107.3,-54,2.48504530717959,2.48504530717959
135.591207742691,1189.88380369827,640.866250938359,107.3,-54,2.44209530717959,2.44209530717959
136.356972694397,1190.8955415761,640.574308763146,107.3,-54,2.39914530717959,2.39914530717959
137.542563676834,1192.65174637654,640.240081944497,107.3,-54,2.25801530717959,2.25801530717959
138.072290658951,1193.46672298932,640.084170755506,107.3,-54,2.25801530717959,2.25801530717959
138.751025676727,1194.48218784699,639.890172121225,107.3,-54,2.20893530717959,2.20893530717959
139.624958753586,1195.67715687674,639.551437831813,107.3,-53,2.16598530717959,2.16598530717959
140.722400665283,1197.15046208991,639.237214008005,107.3,-54,2.01258530717959,2.01258530717959
141.421397686005,1198.04131845111,639.059183431887,107.3,-54,1.98803530717959,1.98803530717959
141.927956819534,1198.80282963086,638.905483927716,107.3,-54,1.90827530717959,1.90827530717959
143.010524749756,1200.35948888386,638.702464263443,107.3,-54,1.82850530717959,1.82850530717959
143.874124765396,1201.59115780423,638.541294445612,107.3,-55,1.82850530717959,1.82850530717959
144.202748775482,1202.12627244925,638.434058029843,107.3,-55,1.81009530717959,1.81009530717959
145.331179618835,1203.90864395896,638.076350739057,107.3,-55,1.68737530717959,1.68737530717959
146.292772769928,1205.30972123384,637.81018580363,107.3,-56,1.66897530717959,1.66897530717959
146.490036725998,1205.63990221526,637.762210789236,107.3,-56,1.66283530717959,1.66283530717959
147.561921834946,1207.21937022382,637.478381976826,107.3,-57,1.63829530717959,1.63829530717959
148.084008693695,1208.01413903104,637.327144417394,107.3,-58,1.62601530717959,1.62601530717959
149.451726675034,1209.94407033022,636.959370309175,107.3,-58,1.58306530717959,1.58306530717959
150.320029735565,1211.52490690223,636.450076347815,107.3,-59,1.62908530717959,1.62908530717959
151.099020719528,1212.63908760476,636.240421496512,107.3,-59,1.60147530717959,1.60147530717959
152.012248754501,1214.02744040122,635.979928585459,107.3,-59,1.63215530717959,1.63215530717959
152.512653827667,1214.7844861834,635.840960244797,107.3,-59,1.60147530717959,1.60147530717959
153.083904743195,1215.66913027732,635.653596013968,107.3,-60,1.66897530717959,1.66897530717959
154.12921667099,1217.7327539886,635.023919944391,107.3,-60,1.63215530717959,1.63215530717959
154.476153612137,1218.25049728535,634.929418890498,107.3,-60,1.74260530717959,1.74260530717959
155.62347984314,1219.92875584465,634.617761265175,107.3,-60,1.86532530717959,1.86532530717959
156.482622623444,1221.07974559454,634.39585569138,107.3,-61,1.93281530717959,1.93281530717959
156.673270702362,1221.34767612636,634.33106602173,107.3,-61,1.96963530717959,1.96963530717959
157.807475805283,1222.94213707305,633.97657258539,107.3,-60,2.01258530717959,2.01258530717959
158.51043176651,1223.95493385337,633.780901034617,107.3,-59,2.11689530717959,2.11689530717959
159.192413806915,1224.87364147433,633.600155667287,107.3,-59,2.08007530717959,2.08007530717959
159.993287801743,1225.84242142611,633.431642648015,107.3,-59,2.17211530717959,2.17211530717959
160.597721815109,1226.56007391822,633.565496933062,107.3,-59,2.17825530717959,2.17825530717959
161.172649621964,1227.34513706089,633.451641040357,107.3,-59,2.22733530717959,2.22733530717959
161.968639612198,1228.51995791547,633.221808176423,107.3,-59,2.27029530717959,2.27029530717959
162.482432842255,1229.30142817946,633.07059785659,107.3,-59,2.27029530717959,2.27029530717959
163.525981664658,1230.74186698807,632.773741835575,107.3,-59,2.35005530717959,2.35005530717959
164.274449825287,1231.72249565252,632.515335903116,107.3,-59,2.26415530717959,2.26415530717959
164.887055635452,1232.56567436078,632.349536108885,107.3,-59,2.47891530717959,2.47891530717959
165.603940725327,1233.49057055667,632.16103372455,107.3,-59,2.52800530717959,2.52800530717959
166.577940702438,1234.98984048433,631.862124791126,107.3,-60,2.43596530717959,2.43596530717959
167.288418769836,1236.34404377735,631.597831682303,107.3,-60,2.57708530717959,2.57708530717959
167.737381696701,1237.23661575458,631.425445039779,107.3,-60,2.78570530717959,2.78570530717959
168.917263746262,1238.79504344619,631.108888097116,107.3,-61,2.82252530717959,2.82252530717959
169.827923774719,1239.96424127338,630.886708249935,107.3,-61,2.95137530717959,2.95137530717959
170.419471740723,1240.77545739755,630.745426112704,107.3,-61,2.98819530717959,2.98819530717959
171.258044719696,1242.39118228249,630.485815563931,107.3,-62,3.16613530717959,3.16613530717959
172.017177820206,1243.47553852438,630.316127262825,107.3,-61,3.36862530717959,3.36862530717959
172.370490789413,1243.97744751123,630.237038573989,107.3,-62,3.49747530717959,3.49747530717959
173.748621702194,1246.10484332518,629.906255520137,107.3,-62,4.09266530717959,4.09266530717959
174.464672803879,1246.7713241473,630.034995570406,107.3,-62,4.37491530717959,4.37491530717959
174.656579732895,1246.99830626216,630.007626914559,107.3,-62,4.50990530717959,4.50990530717959
175.353288650513,1247.90605559633,629.851964030964,107.3,-62,4.73693530717959,4.73693530717959
176.550065755844,1249.72484244696,629.557130050934,107.3,-61,4.97009530717959,4.97009530717959
177.375668764114,1250.98866103687,629.343033562294,107.3,-60,5.09895530717959,5.09895530717959
177.701582670212,1251.51784738557,629.182872738173,107.3,-59,5.10508530717959,5.10508530717959
178.653301715851,1252.95473606231,628.907301450149,107.3,-59,5.05600530717959,5.05600530717959
179.752000808716,1254.76987491177,628.66312914452,107.3,-58,5.28916530717959,5.28916530717959
180.159748792648,1255.4877115286,628.570283830692,107.3,-59,5.30757330717959,5.30757330717959
181.340387821198,1257.5235194658,628.363281819327,107.3,-59,5.33211730717959,5.33211730717959
182.13898563385,1258.80422030951,628.193828385303,107.3,-59,5.55301030717959,5.55301030717959
182.84722661972,1259.84647115706,628.048897926525,107.3,-60,5.57755430717959,5.57755430717959
183.231892824173,1260.44717324481,627.967885810103,107.3,-60,5.72481630717959,5.72481630717959
184.216400623322,1261.91624238871,627.74721393444,107.3,-61,5.85367030717959,5.85367030717959
184.600765705109,1262.58583139708,627.557404818845,107.3,-61,5.99479730717959,5.99479730717959
185.247065782547,1263.60536956469,627.356179598736,107.3,-61,6.15433130717959,6.15433130717959
185.788158655167,1264.48528534755,627.233303823065,107.3,-62,6.28318530717959,6.28318530717959
186.802431821823,1266.10698159194,626.999558383868,107.3,-62,0.319065307179586,6.60225061435917
186.980285644531,1266.37711149579,626.960604390589,107.3,-62,0.386565307179586,6.66975061435917
188.03381562233,1267.92287537643,626.518779260836,107.3,-62,0.601325307179586,6.88451061435917
188.382672786713,1268.37445306975,626.344104093171,107.3,-62,0.742445307179586,7.02563061435917
188.886599779129,1269.06867831647,626.245032365253,107.3,-62,0.914255307179586,7.19744061435917
189.899260759354,1270.52919268083,626.040938295372,107.3,-62,1.30081530717959,7.58400061435917
190.568826675415,1271.55431812366,625.898532678192,107.3,-62,1.38058530717959,7.66377061435917
191.240892648697,1272.78213887359,625.720064747578,107.3,-62,1.71192530717959,7.99511061435917
191.718206644058,1273.79749889131,625.553410671029,107.3,-61,1.92054530717959,8.20373061435917
191.995216846466,1274.19035251311,625.502132935131,107.3,-61,1.98190530717959,8.26509061435917
192.678686618805,1275.13752385019,625.372592294015,107.3,-61,2.17825530717959,8.46144061435917
193.44912481308,1276.23384400516,625.215568803077,107.3,-61,2.39914530717959,8.68233061435917
194.171304702759,1277.32747038934,625.066447307069,107.3,-60,2.64458530717959,8.92777061435917
194.974432706833,1278.55658468325,624.938898168014,107.3,-60,2.81025530717959,9.09344061435917
195.42892575264,1279.26420659522,624.862775052653,107.3,-60,2.98205530717959,9.26524061435917
196.203594684601,1280.48581220397,624.71478361442,107.3,-60,3.11091530717959,9.39410061435917
196.809075832367,1281.46817651677,624.596904038633,107.3,-59,3.24590530717959,9.52909061435917
197.675211668015,1282.79191242376,624.43830540868,107.3,-59,3.63246530717959,9.91565061435917
197.933841705322,1283.23198520953,624.369298678444,107.3,-59,3.67541530717959,9.95860061435917
198.585061788559,1284.5288512464,624.127708379365,107.3,-59,3.84108530717959,10.1242706143592
