16.2060868740082,1090.13407620433,773.590284375187,107.3,-66,3.24590530717959,3.24590530717959
16.951798915863,1092.12053510094,772.005587914634,107.3,-65,3.00660530717959,3.00660530717959
17.4358358383179,1093.00934783066,771.363430431763,107.3,-64,2.89001530717959,2.89001530717959
18.293536901474,1094.21795705959,770.565385514201,107.3,-63,2.75502530717959,2.75502530717959
18.7872178554535,1094.88533905982,770.124598067987,107.3,-63,2.59549530717959,2.59549530717959
19.236732006073,1095.47806749384,769.734702391669,107.3,-63,2.44823530717959,2.44823530717959
19.9101519584656,1096.41499424341,769.119185595645,107.3,-63,2.35619530717959,2.35619530717959
20.1761260032654,1096.80420091281,768.863788822505,107.3,-62,2.35005530717959,2.35005530717959
20.8201539516449,1097.95607283723,768.148747161111,107.3,-62,2.17825530717959,2.17825530717959
21.2280089855194,1098.7533331178,767.664791388609,107.3,-62,2.12916530717959,2.12916530717959
21.7561528682709,1099.36719321257,767.258031568234,107.3,-62,2.02485530717959,2.02485530717959
22.0935628414154,1099.76015762741,766.997716123535,107.3,-61,2.00644530717959,2.00644530717959
22.705766916275,1100.50088992765,766.50957353768,107.3,-61,1.85304530717959,1.85304530717959
22.9768989086151,1100.84359285564,766.28260195423,107.3,-62,1.76100530717959,1.76100530717959
23.8566558361053,1102.04940621669,765.476214199685,107.3,-63,1.58306530717959,1.58306530717959
24.2945740222931,1102.56832355625,765.132636298022,107.3,-63,1.58920530717959,1.58920530717959
24.8190858364105,1103.3261731693,764.680805415804,107.3,-63,1.52170530717959,1.52170530717959
32.69935297966,1112.67385929996,758.565936550859,107.3,-65,1.72112530717959,-4.56206
33.2080318927765,1113.06473846567,758.297209392717,107.3,-63,1.45421530717959,-4.82897
33.4763429164886,1113.24649467922,758.170304607905,107.3,-62,1.38058530717959,-4.9026
34.2904868125916,1114.16568966298,757.56211620176,107.3,-61,1.07992530717959,-5.20326
34.515252828598,1114.44082542882,757.380833697476,107.3,-60,0.944935307179586,-5.33825
35.4108438491821,1115.55670193813,756.643183662503,107.3,-59,0.674955307179586,-5.60823
36.2426159381866,1116.59987406661,755.949147553795,107.3,-57,0.404975307179586,-5.87821
36.6210629940033,1117.08914139891,755.623117595088,107.3,-57,0.269985307179586,-6.0132
37.248058795929,1118.040766433,754.947762988511,107.3,-57,0.0736353071795861,-6.20955
38.1980199813843,1119.54772116315,753.872680370036,107.3,-56,6.08070030717959,-6.48567030717959
38.3851869106293,1119.80812322446,753.698550643816,107.3,-55,6.02547630717959,-6.54089430717959
39.2593529224396,1121.01208188777,752.893116118728,107.3,-55,5.78617530717959,-6.78019530717959
39.9803848266602,1121.92343972844,752.277224184056,107.3,-55,5.49165130717959,-7.07471930717959
40.3187828063965,1122.33871142618,751.996248498757,107.3,-54,5.38734030717959,-7.17903030717959
41.2037119865417,1122.91100115662,751.493317673832,107.3,-53,5.10508530717959,-7.46128530717959
41.6414349079132,1122.11667682918,751.717317134171,107.3,-54,4.95782530717959,-7.60854530717959
42.5296490192413,1122.58390104459,751.261158216743,107.3,-54,4.61421530717959,-7.95215530717959
43.1039538383484,1123.34347328829,750.766229651962,107.3,-54,4.38718530717959,-8.17918530717959
43.7054269313812,1124.14438227464,750.245023421362,107.3,-53,4.15401530717959,-8.41235530717959
44.2772188186646,1124.91240358184,749.745463616137,107.3,-54,3.90244530717959,-8.66392530717959
44.8756229877472,1125.7158881597,749.219476853964,107.3,-53,3.66314530717959,-8.90322530717959
45.6190559864044,1126.44573483395,748.817562246079,107.3,-53,3.25817530717959,-9.30819530717959
46.3044669628143,1127.17115869819,748.403302565828,107.3,-53,2.98819530717959,-9.57817530717959
46.8513638973236,1127.91897439608,747.919826373677,107.3,-52,2.73662530717959,-9.82974530717959
47.5668559074402,1128.97450067895,747.238060217205,107.3,-52,2.46050530717959,-10.1058653071796
48.266144990921,1129.99655289884,746.573857473489,107.3,-52,2.20893530717959,-10.3574353071796
48.9076819419861,1130.9407389303,745.954521835219,107.3,-51,2.03712530717959,-10.5292453071796
49.7889800071716,1132.27879837267,745.178880854349,107.3,-51,1.78555530717959,-10.7808153071796
50.3306798934937,1133.06062416516,744.729785596007,107.3,-50,1.63829530717959,-10.9280753071796
51.17058801651,1134.17377929852,743.993425418146,107.3,-50,1.45421530717959,-11.1121553071796
51.5069718360901,1134.64587845369,743.677200380589,107.3,-50,1.37444530717959,-11.1919253071796
52.5322008132935,1136.17815892232,742.664846232855,107.3,-49,1.14128530717959,-11.4250853071796
53.1114299297333,1137.06649829643,742.073334469049,107.3,-49,0.981745307179586,-11.5846253071796
53.633857011795,1138.60535692169,740.770567071641,107.3,-49,0.822215307179587,-11.7441553071796
54.3312969207764,1141.36686193809,738.273046213061,107.3,-48,0.674955307179586,-11.8914153071796
54.6694808006287,1141.7164395209,738.039857401941,107.3,-48,0.576775307179586,-11.9895953071796
55.3651030063629,1142.4887826027,737.525989727299,107.3,-47,0.423375307179586,-12.1429953071796
56.0842888355255,1143.34754719152,736.954338260378,107.3,-47,0.202485307179586,-12.3638853071796
56.9227728843689,1144.33864842845,736.290234189897,107.3,-47,0.0184053071795862,-12.5479653071796
57.586149930954,1145.13790127032,735.77594676768,107.3,-47,6.14205930717959,-12.7074966143592
58.1699848175049,1145.95731753359,735.359174702742,107.3,-46,5.97025330717959,-12.8793026143592
58.5891709327698,1146.51108214246,735.021200213111,107.3,-46,5.92116630717959,-12.9283896143592
59.2690498828888,1147.38518570905,734.428642519992,107.3,-46,5.78003930717959,-13.0695166143592
59.9519939422607,1148.28127799772,733.811037086633,107.3,-46,5.61436930717959,-13.2351866143592
60.6684968471527,1149.09618959813,733.26487292891,107.3,-46,5.46097130717959,-13.3885846143592
61.4117889404297,1149.98911348365,732.665895711451,107.3,-45,5.38120430717959,-13.4683516143592
61.9586338996887,1150.88326440139,732.142759049878,107.3,-45,5.31984530717959,-13.5297106143592
62.5018689632416,1151.85895958899,731.58890721444,107.3,-45,5.19712530717959,-13.6524306143592
63.2641408443451,1152.89312532607,730.887691525972,107.3,-45,5.13576530717959,-13.7137906143592
63.8124718666077,1153.5977217406,730.408839593767,107.3,-44,5.09895530717959,-13.7506006143592
64.4985179901123,1154.40484209961,729.85581834005,107.3,-44,5.04372530717959,-13.8058306143592
65.1862938404083,1155.20256184559,729.308947669072,107.3,-44,5.00691530717959,-13.8426406143592
65.8549509048462,1155.93548240944,728.76611530707,107.3,-44,4.94555530717959,-13.9040006143592
66.5342788696289,1156.47736031858,728.226628035764,107.3,-44,4.89646530717959,-13.9530906143592
67.1322720050812,1157.25089060623,727.694462994789,107.3,-45,4.85351530717959,-13.9960406143592
68.0065579414368,1158.34281759304,726.946464039271,107.3,-45,4.79215530717959,-14.0574006143592
68.5328378677368,1159.00156533501,726.497450113713,107.3,-45,4.73079530717959,-14.1187606143592
69.2679109573364,1159.96341476147,725.842518041049,107.3,-45,4.73079530717959,-14.1187606143592
70.0909388065338,1160.92056324384,725.123502403952,107.3,-45,4.71852530717959,-14.1310306143592
70.4216799736023,1161.17613749416,724.875760267757,107.3,-45,4.71852530717959,-14.1310306143592
71.0535719394684,1161.86536926544,724.358319901117,107.3,-45,4.72466530717959,-14.1248906143592
71.7653048038483,1162.73803771032,723.751002153692,107.3,-45,4.74306530717959,-14.1064906143592
72.4601368904114,1163.62382662082,723.136542237902,107.3,-46,4.77374530717959,-14.0758106143592
73.2055859565735,1164.64294587987,722.429140232611,107.3,-46,4.77374530717959,-14.0758106143592
74.036141872406,1165.84816157837,721.572818401639,107.3,-46,4.82283530717959,-14.0267206143592
74.2208058834076,1166.22658857197,721.280072991494,107.3,-46,4.88419530717959,-13.9653606143592
75.2710518836975,1167.87241382593,720.063500991414,107.3,-46,4.94555530717959,-13.9040006143592
75.6482408046722,1168.31325395444,719.757546483159,107.3,-46,4.94555530717959,-13.9040006143592
76.4259660243988,1169.17641952082,719.158709562508,107.3,-46,5.04986530717959,-13.7996906143592
77.2179248332977,1170.14069937257,718.491131203605,107.3,-46,5.14190530717959,-13.7076506143592
78.2559099197388,1171.38956195352,717.680413422542,107.3,-46,5.19712530717959,-13.6524306143592
79.0740509033203,1172.58722426,717.082107601254,107.3,-46,5.32598130717959,-13.5235746143592
79.7134408950806,1173.44955463207,716.491709212594,107.3,-47,5.42415630717959,-13.4253996143592
80.4166188240051,1174.37103696809,715.851937190725,107.3,-47,5.55914630717959,-13.2904096143592
81.2372148036957,1175.4045920439,715.134250571387,107.3,-47,5.70027230717959,-13.1492836143592
81.7824277877808,1176.06744087822,714.677215244246,107.3,-47,5.79844730717959,-13.0511086143592
82.068470954895,1176.41331278886,714.439020437858,107.3,-47,5.86594230717959,-12.9836136143592
82.7314879894257,1177.19595283364,713.934792791041,107.3,-47,6.03774830717959,-12.8118076143592
83.4899988174438,1178.08524093182,713.340238166153,107.3,-47,6.16046730717959,-12.6890886143592
84.1246399879456,1178.84511204207,712.815580408803,107.3,-47,6.25864160717959,-12.5909143143592
84.9609580039978,1179.88255583942,712.096958768876,107.3,-47,0.171805307179587,-12.3945653071796
85.5956859588623,1180.66997698662,711.554106530296,107.3,-47,0.306795307179586,-12.2595753071796
86.1396999359131,1181.32167444358,711.111742195875,107.3,-46,0.460195307179586,-12.1061753071796
86.5961019992828,1181.97829883375,710.761454529317,107.3,-46,0.533825307179586,-12.0325453071796
87.3080158233643,1183.00527284513,710.183285422671,107.3,-47,0.644275307179586,-11.9220953071796
88.3421058654785,1184.35208509694,709.254957112919,107.3,-47,0.938795307179586,-11.6275753071796
88.8626699447632,1185.0117825615,708.798567486047,107.3,-47,1.04310530717959,-11.5232653071796
89.6157989501953,1185.99413071504,708.118532413337,107.3,-47,1.20877530717959,-11.3575953071796
89.9271910190582,1186.39031636695,707.842367708921,107.3,-46,1.28854530717959,-11.2778253071796
90.5329139232636,1187.02504834607,707.338000563412,107.3,-47,1.46034530717959,-11.1060253071796
91.5312459468842,1187.91035860969,706.558663941998,107.3,-47,1.67510530717959,-10.8912653071796
92.0739419460297,1188.55311368209,706.109576710262,107.3,-47,1.74873530717959,-10.8176353071796
92.9780178070068,1189.55850618758,705.402695656564,107.3,-47,2.00031530717959,-10.5660553071796
93.5763068199158,1190.29701460834,704.884291706303,107.3,-47,2.15370530717959,-10.4126653071796
93.8088388442993,1190.60097881247,704.672431380227,107.3,-48,2.17211530717959,-10.3942553071796
94.4184138774872,1191.42265162791,704.101825258394,107.3,-48,2.31937530717959,-10.2469953071796
95.4650549888611,1192.27272785207,703.318101414957,107.3,-49,2.68753530717959,-9.87883530717959
96.2645618915558,1193.27184586442,702.627660615339,107.3,-49,2.92683530717959,-9.63953530717959
96.952476978302,1194.13504233005,702.043616411007,107.3,-50,3.11704530717959,-9.44932530717959
97.4089958667755,1194.7022486649,701.652078834229,107.3,-50,3.21522530717959,-9.35114530717959
97.8016970157623,1195.18965945366,701.316331040858,107.3,-50,3.36248530717959,-9.20388530717959
98.6627089977264,1196.28690044085,700.589859735489,107.3,-50,3.61405530717959,-8.95231530717959
99.4768669605255,1197.59253336031,699.798581531028,107.3,-51,3.84108530717959,-8.72528530717959
99.7546219825745,1197.93569917105,699.572230748792,107.3,-51,3.90244530717959,-8.66392530717959
100.62146282196,1199.0006681686,698.873702650391,107.3,-51,4.18469530717959,-8.38167530717959
101.250146865845,1199.7421273485,698.387795949988,107.3,-51,4.40559530717959,-8.16077530717959
102.000976800919,1200.58323638401,697.83236911611,107.3,-53,4.58353530717959,-7.98283530717959
102.641261816025,1201.31167412009,697.350360316281,107.3,-53,4.74920530717959,-7.81716530717959
103.081729888916,1201.47686132577,697.299627734847,107.3,-54,4.85351530717959,-7.71285530717959
103.807941913605,1201.98045873282,697.023152860556,107.3,-54,5.12349530717959,-7.44287530717959
104.610210895538,1202.95130580796,696.378186316611,107.3,-55,5.31370930717959,-7.25266130717959
105.60650396347,1204.2809148561,695.494154666177,107.3,-57,5.63891330717959,-6.92745730717959
106.679749011993,1205.58988250209,694.625805248615,107.3,-59,5.96411730717959,-6.60225330717959
107.064999818802,1206.09937516543,694.257253110966,107.3,-60,6.08070030717959,-6.48567030717959
115.916708946228,1217.9648682822,686.293084575146,107.3,-63,0.128855307179586,0.128855307179586
116.614457845688,1218.84394325469,685.696839091212,107.3,-62,0.343615307179586,0.343615307179586
117.008222818375,1219.35859919868,685.342298329795,107.3,-62,0.478605307179587,0.478605307179587
117.741590023041,1220.30115238903,684.693315930323,107.3,-61,0.625865307179586,0.625865307179586
118.323355913162,1221.03621981189,684.188644289681,107.3,-61,0.785395307179586,0.785395307179586
118.789781808853,1221.63110328896,683.783642811355,107.3,-61,0.834485307179587,0.834485307179587
119.75852894783,1222.73795698019,682.904204066919,107.3,-60,1.11673530717959,1.11673530717959
120.55955696106,1223.76914476718,682.202533771318,107.3,-60,1.25172530717959,1.25172530717959
121.517354011536,1224.90217851866,681.443192969171,107.3,-60,1.55852530717959,1.55852530717959
121.844287872314,1225.28585004661,681.181153478803,107.3,-60,1.65056530717959,1.65056530717959
122.942971944809,1226.64906208393,680.26038650486,107.3,-59,1.93895530717959,1.93895530717959
123.657395839691,1227.6488317598,679.552633188958,107.3,-59,2.09848530717959,2.09848530717959
123.982789993286,1228.09245668411,679.239085548523,107.3,-59,2.15984530717959,2.15984530717959
125.552379846573,1229.99145972814,677.987303370246,107.3,-60,2.63844530717959,2.63844530717959
126.053485870361,1230.59706659385,677.588349004262,107.3,-60,2.76730530717959,2.76730530717959
126.673383951187,1231.36420450914,677.084514087602,107.3,-60,2.92683530717959,2.92683530717959
127.573736906052,1232.71817693346,676.279348678827,107.3,-61,3.25203530717959,3.25203530717959
128.245260000229,1233.77702633108,675.684136464202,107.3,-61,3.47906530717959,3.47906530717959
128.711711883545,1234.30179927578,675.339366282254,107.3,-61,3.54042530717959,3.54042530717959
129.196759939194,1234.8443781557,674.986276901149,107.3,-61,3.70609530717959,3.70609530717959
130.049551010132,1235.82951718184,674.344103286485,107.3,-62,3.95767530717959,3.95767530717959
130.767334938049,1236.71739225352,673.760707986862,107.3,-62,4.17856530717959,4.17856530717959
131.253678798676,1237.3485432649,673.344997945717,107.3,-62,4.37491530717959,4.37491530717959
132.116772890091,1238.33446450009,672.625296269931,107.3,-63,4.62034530717959,4.62034530717959
