19.1565299034119,3,5.11429,-66,7.68397812500159,9.31880962569533,1.528,-2.12285255048774
19.2797770500183,3,2.08008,-66,7.6855485005812,9.31776999915098,1.528,-2.12311938310711
19.5764880180359,3,2.2028,-65,7.68932909649118,9.3152671533907,1.528,-2.12376176848457
19.7996978759766,3,2.31938,-65,7.69232672004564,9.31329124850116,1.528,-2.12436963074927
20.0660350322723,3,2.42369,-64,7.69609704889032,9.31081628574918,1.528,-2.12525198156603
20.3579089641571,3,2.58322,-64,7.70022888208888,9.30810402013917,1.528,-2.12621893340171
20.4118740558624,3,2.64458,-63,7.70099282409642,9.3076025445143,1.528,-2.12639771485078
20.7630679607391,3,2.82252,-63,7.70589035869136,9.30439363758838,1.528,-2.12725315614187
20.9638299942017,3,2.82866,-63,7.70866503773964,9.30257769870486,1.528,-2.12763806906516
21.238352060318,3,2.89616,-62,7.71245913472106,9.30009458331873,1.528,-2.1281643991145
21.3829739093781,3,3.0066,-63,7.71445791510593,9.2987864453477,1.528,-2.12844167673384
21.6482229232788,3,3.08023,-62,7.71909700141205,9.29612634677988,1.528,-2.12767982251419
21.9490308761597,3,3.19068,-62,7.72439924724314,9.29309858157426,1.528,-2.12676198547722
22.174880027771,3,3.32567,-62,7.72838021819527,9.29082530988574,1.528,-2.12607286567792
22.4553549289703,3,3.41157,-61,7.73200848040655,9.28856356173164,1.528,-2.12545457015538
22.7209210395813,3,3.4668,-61,7.73523506452396,9.28651113944427,1.528,-2.12490683782715
23.0632019042969,3,3.65701,-61,7.73939467285136,9.28386502392684,1.528,-2.12420859679944
23.1270718574524,3,3.64474,-61,7.74018444422648,9.28335978045207,1.528,-2.12418832700179
23.5173370838165,3,3.792,-61,7.74501019231707,9.28027258609374,1.528,-2.12406447225042
23.8596570491791,3,3.9454,-60,7.74924308268911,9.27756466288045,1.528,-2.12395583342908
24.1691920757294,3,3.98221,-60,7.75308698749788,9.27514204482361,1.528,-2.12389717741709
24.2938339710236,3,4.03744,-60,7.75463610008662,9.27416852667542,1.528,-2.12387662047278
24.5518119335175,3,4.12334,-60,7.75784238083495,9.27215358436628,1.528,-2.12383407267138
24.7793779373169,3,4.23379,-60,7.76066706177232,9.27037992399741,1.528,-2.12384948253558
25.2407579421997,3,4.33196,-60,7.76632159676304,9.26685876505709,1.528,-2.12493793970415
25.5514600276947,3,4.45468,-60,7.77012946835593,9.26448754954159,1.528,-2.12567092749873
25.7355890274048,3,4.50377,-59,7.77294166489609,9.26300734184546,1.528,-2.12567961495032
25.9524240493774,3,4.55285,-60,7.77652996709181,9.2612268865575,1.528,-2.1254779130226
26.3982820510864,3,4.69398,-60,7.78390826434268,9.25756589937195,1.528,-2.12506317181696
26.7244849205017,3,4.81056,-60,7.78807078768556,9.2551058419555,1.528,-2.12460332849372
27.0194709300995,3,4.89647,-60,7.79147988637503,9.25294397449388,1.528,-2.12414254584565
27.5680899620056,3,5.07748,-60,7.79822985090404,9.24865858603984,1.528,-2.12299887184516
27.8845958709717,3,5.19713,-60,7.80242859628198,9.24598946639296,1.528,-2.1221259036249
28.4656879901886,3,5.49165,-61,7.80972785244609,9.24130995739538,1.528,-2.12143475727385
28.7008950710297,3,5.54687,-61,7.81254514053878,9.23948986356673,1.528,-2.12146047288524
29.0568718910217,3,5.688,-61,7.81684727064801,9.23671238286538,1.528,-2.12177373041825
29.4157810211182,3,5.87821,-61,7.82130615066841,9.23383963235082,1.528,-2.12295910911809
29.7371530532837,3,5.92117,-61,7.82529869143479,9.23126733314371,1.528,-2.12402051304936
30.1229948997498,3,6.08684,-61,7.8306765171847,9.22780739994028,1.528,-2.12502759312786
30.4306859970093,3,0.00613592,-61,7.83509599913362,9.224965009581,1.528,-2.12577082019885
30.6250669956207,3,0.0490874,-61,7.83788796588933,9.22316935581851,1.528,-2.12624034701174
31.363401889801,3,0.423379,-61,7.84639511681084,9.21749201105968,1.528,-2.12584013440579
31.8693029880524,3,0.589049,-61,7.85299817961554,9.21310181333979,1.528,-2.12473378335719
32.1355290412903,3,0.724039,-61,7.85671856053036,9.21063552963109,1.528,-2.12394392779035
32.4698429107666,3,0.809942,-61,7.86123311566424,9.20763995609124,1.528,-2.1228745051416
32.8290140628815,3,0.926524,-60,7.86570795178751,9.20466376791491,1.528,-2.12154049739165
33.1974658966064,3,1.18423,-60,7.87029841392661,9.20161067752994,1.528,-2.12017201999924
33.6490490436554,3,1.37445,-61,7.87733420608795,9.19704566251264,1.528,-2.12149056513707
33.9357950687408,3,1.5708,-60,7.88184194829893,9.19412352300933,1.528,-2.12241316140281
34.3183178901672,3,1.79783,-60,7.88778730628927,9.19108712496757,1.528,-2.12343665013483
34.5424108505249,3,1.79169,-60,7.89125645332701,9.1894833380278,1.528,-2.12399414444174
34.7437629699707,3,1.9819,-60,7.89437355306814,9.18804230258007,1.528,-2.12449506450676
35.1662120819092,3,2.25802,-60,7.89968674154513,9.18502020895682,1.528,-2.12532821992142
35.5523738861084,3,2.49732,-60,7.90399571412237,9.1822582803883,1.528,-2.12599253881929
35.9501478672028,3,2.74889,-60,7.90903872204499,9.17906167405108,1.528,-2.12586483612702
36.1363968849182,3,2.87161,-60,7.9116309232143,9.17743060152479,1.528,-2.12549483443985
36.5417568683624,3,3.09864,-60,7.91727269591175,9.17388066853526,1.528,-2.12468954762746
36.9719109535217,3,3.33794,-59,7.92346873552875,9.1699684514794,1.528,-2.12299696318615
37.1612539291382,3,3.40544,-58,7.92620552694728,9.16823983424275,1.528,-2.12221406686349
37.5062589645386,3,3.60179,-58,7.93112013331846,9.16514379772287,1.528,-2.12109263441647
37.7826600074768,3,3.7061,-58,7.93485138716732,9.16281681540378,1.528,-2.12106569395547
38.2747800350189,3,3.90245,-58,7.94137282372929,9.1587830510353,1.528,-2.12116893781651
38.6044719219208,3,4.12334,-57,7.94409964330214,9.15755346098609,1.528,-2.12327514411531
38.8745610713959,3,4.27674,-57,7.94633349984657,9.15654616009764,1.528,-2.12500058380752
39.1440298557281,3,4.35037,-56,7.94879383200989,9.15534048766458,1.528,-2.12659120122366
39.6377398967743,3,4.51604,-56,7.95556225123895,9.1511726274532,1.528,-2.12822816024819
40.0338790416718,3,4.64489,-57,7.96090236000841,9.14788685786001,1.528,-2.12923520134803
40.1488490104675,3,4.71852,-56,7.96235124854094,9.14699826049221,1.528,-2.12918636240873
40.6306159496307,3,4.84124,-56,7.96842263049241,9.14327470695456,1.528,-2.12898170908453
41.0664460659027,3,5.00691,-56,7.97414958385168,9.13974123392121,1.528,-2.12802989066775
41.4856040477753,3,5.14804,-56,7.97980002540665,9.13624263158639,1.528,-2.12664834031394
41.6553499698639,3,5.17872,-56,7.98209225970547,9.13482244773074,1.528,-2.12609258413552
42.016566991806,3,5.30757,-56,7.98707684192414,9.13171026820239,1.528,-2.12500990230779
42.3747539520264,3,5.43643,-56,7.99201961107515,9.1286241951294,1.528,-2.12393630253479
42.7905399799347,3,5.54687,-56,7.99854858849598,9.12423526775589,1.528,-2.12419962949249
42.9495198726654,3,5.57142,-56,8.0011661545382,9.12243364160746,1.528,-2.12453140647057
43.546236038208,3,5.70027,-56,8.01032957979604,9.11637572307363,1.528,-2.1255843139741
43.7577810287476,3,5.76777,-56,8.01320012341484,9.11463068037012,1.528,-2.1258476192341
44.4079689979553,3,6.01934,-56,8.02159680274589,9.10950482732027,1.528,-2.1267072617779
44.5309028625488,3,6.03161,-57,8.02307146181146,9.10859864369601,1.528,-2.12688315145652
45.1837079524994,3,6.24023,-57,8.03079427725347,9.10384045374133,1.528,-2.12777686972078
45.4665379524231,3,0.0245437,-58,8.03401025630679,9.10184377266409,1.528,-2.12811556360302
45.7854149341583,3,0.153398,-58,8.03763611528258,9.09959261247751,1.528,-2.12849742437781
46.2644319534302,3,0.294524,-58,8.04357568960566,9.09588060198723,1.528,-2.12771537418047
46.862498998642,3,0.546097,-58,8.05178793525491,9.09140330480107,1.528,-2.1260744880444
47.4938859939575,3,0.705631,-59,8.06236546381481,9.08749305597604,1.528,-2.12372222898559
47.7844610214233,3,0.803806,-60,8.06641012123115,9.08516950276249,1.528,-2.12378592328334
48.3133859634399,3,1.06151,-60,8.07352726708018,9.08078393753862,1.528,-2.12424327508526
48.5766479969025,3,1.19651,-61,8.07692212033896,9.0786815549749,1.528,-2.1248349885907
49.1351299285889,3,1.55852,-63,8.08402003613996,9.07427821832058,1.528,-2.12634658177055
49.4783039093018,3,1.8101,-63,8.08850421322717,9.07148849624293,1.528,-2.12681252988562
49.9218728542328,3,2.27029,-65,8.09435972188349,9.06784192051163,1.528,-2.12719030463764
52.2054219245911,3,4.23379,-65,8.12198309498035,9.0488194013153,1.528,-2.12398312777827
52.459156036377,3,4.29515,-64,8.1249533327695,9.04696525287722,1.528,-2.12314606076496
52.8313689231873,3,4.54058,-63,8.12941619940382,9.04418175239473,1.528,-2.12202722614768
53.0979368686676,3,4.71852,-63,8.13266911349638,9.04215416528694,1.528,-2.12128450876817
53.6182990074158,3,4.97623,-62,8.13931725870224,9.03801440420809,1.528,-2.12043639115071
53.9088270664215,3,5.13577,-62,8.14344372813531,9.03545035012447,1.528,-2.1207996615367
54.3118278980255,3,5.3628,-61,8.1491381313655,9.03191105641184,1.528,-2.12133752611638
54.6673099994659,3,5.56528,-61,8.15362969819061,9.02910172435269,1.528,-2.12242256754043
55.2627818584442,3,5.86594,-60,8.16141844386514,9.02432089646899,1.528,-2.12421826817558
55.715616941452,3,6.03161,-60,8.16810318491193,9.02046990434421,1.528,-2.12552096227709
55.8439440727234,3,6.04388,-60,8.16999754706278,9.01937858701818,1.528,-2.12589012757202
56.5183439254761,3,0,-60,8.17934733470948,9.01368366696363,1.528,-2.12588229581505
56.8381428718567,3,0.153398,-59,8.18368659522774,9.01098942835169,1.528,-2.1255750252084
57.2514309883118,3,0.33134,-59,8.18866985019121,9.00784400604486,1.528,-2.12516640932905
57.4563908576965,3,0.404971,-58,8.19112033884928,9.00629533498543,1.528,-2.12496338233041
57.8178870677948,3,0.472466,-58,8.19547130194322,9.00355570022463,1.528,-2.12455431571479
58.3426089286804,3,0.711767,-58,8.20192239914564,8.99954072481471,1.528,-2.12372171712747
58.8460700511932,3,0.975612,-58,8.20819952767906,8.99562025856896,1.528,-2.123649946562
59.0737340450287,3,1.07379,-57,8.21107420384806,8.99381922429314,1.528,-2.1239183570353
59.4444019794464,3,1.19651,-57,8.21574739433678,8.99085581795837,1.528,-2.12436980159183
59.9341099262238,3,1.42967,-57,8.22166133286104,8.98581405875976,1.528,-2.1254895673067
60.2822329998016,3,1.58307,-57,8.22586542730052,8.98222997824808,1.528,-2.1262855851882
60.5628340244293,3,1.71192,-56,8.22974531111643,8.97973739144071,1.528,-2.12667611403457
61.0481059551239,3,1.84691,-56,8.23651836822648,8.97547768130704,1.528,-2.1273192004675
61.3077020645142,3,1.90827,-56,8.23973107204769,8.97344676915496,1.528,-2.12676494102251
61.7427079677582,3,2.11689,-56,8.24482949727551,8.9702156683933,1.528,-2.12521233416301
62.234041929245,3,2.3746,-56,8.2506332572391,8.96655176144697,1.528,-2.12380046122524
62.7101969718933,3,2.54641,-55,8.25629059500056,8.96299054689101,1.528,-2.1226810655867
63.043112039566,3,2.6814,-55,8.26023430687341,8.96049828680083,1.528,-2.12222174222428
63.3546938896179,3,2.78571,-55,8.26391980130947,8.95816462879311,1.528,-2.12194331520923
63.6086809635162,3,2.93297,-55,8.26692404545118,8.95626233901352,1.528,-2.12171635441919
64.0673189163208,3,3.12932,-55,8.27581916167471,8.95141238969534,1.528,-2.12223342499198
64.4211180210114,3,3.28885,-55,8.28310774514154,8.94749706940051,1.528,-2.12274629442357
64.9247028827667,3,3.5527,-54,8.29021223238303,8.94313203712891,1.528,-2.12389000620799
65.3425989151001,3,3.7061,-54,8.29544275136366,8.93975543555635,1.528,-2.12492325617675
65.8049519062042,3,3.87177,-54,8.3009700259267,8.9362238311595,1.528,-2.12568221667241
66.0899500846863,3,3.93926,-54,8.30436872290931,8.93405349572593,1.528,-2.12613767657262
66.4641330242157,3,4.12334,-54,8.30921494493854,8.93098529550998,1.528,-2.12569805577871
66.8792340755463,3,4.22765,-53,8.31474982314949,8.92749118209227,1.528,-2.12478148399812
67.3656868934631,3,4.40559,-53,8.32053271412167,8.92380112310457,1.528,-2.12392665310537
67.6216778755188,3,4.51604,-53,8.3234380468895,8.92193857574927,1.528,-2.12351978596465
68.2692699432373,3,4.71239,-54,8.33053839499122,8.91911977969447,1.528,-2.12263364673178
68.683876991272,3,4.86579,-53,8.33499087126195,8.91802378553552,1.528,-2.12211989946978
68.9612820148468,3,4.96396,-53,8.33822115000761,8.9160534879698,1.528,-2.12192220379704
69.285472869873,3,5.06214,-53,8.34202420266304,8.91361316499032,1.528,-2.12170742575029
69.8777379989624,3,5.28917,-54,8.34969151779855,8.9087300712814,1.528,-2.12199063919605
70.1498529911041,3,5.41802,-54,8.35354901975002,8.9062888662631,1.528,-2.1224350977184
70.4964320659637,3,5.5346,-54,8.35826721242382,8.90329853575023,1.528,-2.12283763648223
70.7902419567108,3,5.64505,-54,8.36181355602482,8.9010401499359,1.528,-2.12279839123111
71.3307979106903,3,5.88435,-54,8.36851458546772,8.89678178253137,1.528,-2.12254276903137
71.5849459171295,3,5.95185,-54,8.37201576723561,8.89457424728972,1.528,-2.12205803751676
72.1694819927216,3,6.19115,-54,8.37999418244245,8.88930109971338,1.528,-2.12187563566686
72.3992109298706,3,6.27091,-54,8.38301555552618,8.8869273572727,1.528,-2.1232386407441
73.0741539001465,3,0.319068,-54,8.39169874664722,8.88041456607075,1.528,-2.12566628530275
73.3193159103394,3,0.355884,-54,8.39465314429824,8.87852453791567,1.528,-2.12492206916442
73.93408203125,3,0.576777,-54,8.40217216971873,8.873728122768,1.528,-2.1236729884905
74.1890580654144,3,0.742447,-54,8.40541808747089,8.87167315325584,1.528,-2.12386564188227
74.7662069797516,3,0.99402,-54,8.41281416336705,8.86699479143245,1.528,-2.12423656938945
75.1702079772949,3,1.15969,-54,8.41811963871831,8.86364939447484,1.528,-2.12432499397864
75.5345170497894,3,1.36217,-54,8.42279389164599,8.86069331113897,1.528,-2.12433878658225
76.0091199874878,3,1.59534,-54,8.42825104000571,8.85719087663499,1.528,-2.12397765176433
76.6211550235748,3,1.85305,-54,8.43698728080701,8.85212456041321,1.528,-2.12319981864041
76.9094619750977,3,2.00645,-54,8.44180477061493,8.84951081594296,1.528,-2.12270440302187
77.4391980171204,3,2.17825,-54,8.44909697019034,8.84531406532874,1.528,-2.12216138920369
77.8583490848541,3,2.41142,-54,8.45392351374485,8.84235984522066,1.528,-2.12195390217269
78.3016080856323,3,2.65072,-54,8.45957477673241,8.8388942597407,1.528,-2.12140044975315
78.600909948349,3,2.80412,-54,8.46354247739433,8.83645945639587,1.528,-2.1209340648871
79.1425008773804,3,3.06796,-54,8.47060757180336,8.8321566596131,1.528,-2.1202748101759
79.5569889545441,3,3.2275,-54,8.47593409224869,8.82893608313726,1.528,-2.11990010392908
79.9157180786133,3,3.3993,-53,8.48064370438499,8.82608389099405,1.528,-2.11943992402869
80.2316100597382,3,3.54043,-53,8.48487648112925,8.82351659485451,1.528,-2.11891802227237
80.8714148998261,3,3.82882,-53,8.49262130875395,8.81970731773399,1.528,-2.11842193280304
81.238322019577,3,3.98221,-53,8.49657039112064,8.8183494032787,1.528,-2.118470906767
81.7858538627625,3,4.16016,-53,8.50357938716356,8.81444213790976,1.528,-2.11761607637782
82.3410708904266,3,4.24606,-53,8.51114764430734,8.80975657456276,1.528,-2.1168541248841
82.7036650180817,3,4.39332,-53,8.51621268508913,8.80659786980517,1.528,-2.11723881152576
83.1173660755157,3,4.53445,-53,8.52185862086845,8.80307898007975,1.528,-2.11748674245078
83.5795419216156,3,4.67557,-53,8.52735159905181,8.79966844623669,1.528,-2.11659426630493
83.8901209831238,3,4.77988,-53,8.53104284346337,8.79737659042216,1.528,-2.11599452833477
84.5292220115662,3,4.93328,-53,8.5387232373377,8.7925995912097,1.528,-2.1160959997114
84.9722599983215,3,5.08668,-53,8.54475865973892,8.78828123994495,1.528,-2.11586224250629
85.4038689136505,3,5.21553,-52,8.55171463766619,8.78254725814003,1.528,-2.11509457827558
86.0896129608154,3,5.47324,-53,8.56171485642248,8.77554991491542,1.528,-2.11459282504651
86.541759967804,3,5.63891,-53,8.5679430340028,8.771631318134,1.528,-2.11436483681597
87.1797680854797,3,5.85981,-52,8.57654807396543,8.76625803526141,1.528,-2.11337584127275
87.4637448787689,3,5.97025,-52,8.58010203506374,8.76403487970206,1.528,-2.11336934173668
88.052661895752,3,6.20955,-52,8.58721672889338,8.75958040245527,1.528,-2.11375728998834
88.7181360721588,3,0.190214,-52,8.59544005284959,8.75443660954443,1.528,-2.11288678051666
89.2325310707092,3,0.392699,-52,8.60211763387003,8.75071434866484,1.528,-2.11270238697881
89.6663739681244,3,0.570641,-52,8.6080932127934,8.74787048926029,1.528,-2.11321854994229
90.1802320480347,3,0.730175,-52,8.61484780308794,8.74407036105778,1.528,-2.11300380780383
90.4566299915314,3,0.816078,-52,8.6183511644266,8.74185279010557,1.528,-2.11255628595504
91.0598750114441,3,1.01243,-51,8.62666742183224,8.73659698518257,1.528,-2.11218791700272
91.5849480628967,3,1.21491,-51,8.63423954549566,8.73181712495389,1.528,-2.11235141127488
92.0024430751801,3,1.38058,-52,8.63979618839506,8.72831338031928,1.528,-2.11290411465386
92.6254189014435,3,1.5708,-52,8.64792549513882,8.72318373487638,1.528,-2.11372909922381
93.1434829235077,3,1.73647,-52,8.65451069397255,8.71902435052767,1.528,-2.11441542722445
93.8091678619385,3,1.97577,-52,8.66323198343496,8.71403768925938,1.528,-2.11308604293057
94.64643907547,3,2.2212,-52,8.6739874646259,8.7075194662524,1.528,-2.11163774521174
95.0729038715363,3,2.34392,-52,8.67937800392878,8.70411696850153,1.528,-2.11115013520654
95.7718570232391,3,2.49732,-53,8.68814000142213,8.69857504745641,1.528,-2.11072644093703
96.1250019073486,3,2.60777,-53,8.69353115739533,8.6952162442298,1.528,-2.11108009285264
96.8864870071411,3,2.88388,-53,8.70479886866667,8.68817670117766,1.528,-2.11157135101485
97.3217260837555,3,3.01274,-53,8.71073494175184,8.68444152506524,1.528,-2.11149728236673
97.9322760105133,3,3.17227,-54,8.72122902748399,8.67558424372791,1.528,-2.11019291840303
98.2271010875702,3,3.27658,-54,8.72650523727352,8.67095866481801,1.528,-2.10944740385345
99.127142906189,3,3.57111,-54,8.73779928397462,8.66355277392722,1.528,-2.11057826498635
99.6187958717346,3,3.73064,-55,8.74384125805001,8.65976089652992,1.528,-2.1106985956308
100.40370798111,3,3.96381,-55,8.75442712213127,8.6531004872865,1.528,-2.11067895698592
100.861717939377,3,4.08652,-55,8.76112114871881,8.6488773825561,1.528,-2.11053302340513
101.361484050751,3,4.30128,-55,8.76777799768787,8.64465714587999,1.528,-2.10926332469169
101.786820888519,3,4.46082,-55,8.77323732697052,8.64164655367455,1.528,-2.10822480932333
102.545443058014,3,4.7492,-56,8.7821181978975,8.63861891471579,1.528,-2.1066242951044
102.93288397789,3,4.85352,-55,8.78691671452385,8.63565953543612,1.528,-2.10646993105852
103.234945058823,3,4.95169,-55,8.79065778843904,8.63335231062261,1.528,-2.10634958401161
104.17407989502,3,5.31985,-56,8.80193897848173,8.62641403408124,1.528,-2.10761024425613
104.833744049072,3,5.59596,-55,8.8102125312111,8.62133773566088,1.528,-2.10709820426989
104.973577022552,3,5.68186,-55,8.81197376237089,8.62025728808401,1.528,-2.10695933796691
105.793215990067,3,5.93957,-55,8.82208701232128,8.61404522019827,1.528,-2.1072270912137
106.218824863434,3,6.17887,-55,8.82575744317189,8.61163692956475,1.528,-2.10896845870749
106.885365962982,3,0.0736311,-55,8.83071442039994,8.60824173097481,1.528,-2.11268928377235
107.501374959946,3,0.337476,-54,8.83915094109826,8.60291187755509,1.528,-2.11368138963988
107.793659925461,3,0.423379,-54,8.84276825026633,8.60061665879893,1.528,-2.11375622768468
108.297548055649,3,0.595185,-54,8.84832090742003,8.59707393232278,1.528,-2.11318366582994
109.171311855316,3,0.822214,-54,8.85890530171432,8.59038284296317,1.528,-2.11228397853264
109.700006008148,3,0.981748,-53,8.86574675275235,8.58609229668059,1.528,-2.11107569963579
110.009912014008,3,1.06765,-53,8.86984856418368,8.58352775383188,1.528,-2.11013585296679
110.827559947968,3,1.23946,-53,8.8820238174181,8.5767763019567,1.528,-2.11148970394765
111.243082046509,3,1.3499,-54,8.88819911819503,8.57328419271901,1.528,-2.11309889788352
111.706171035767,3,1.44808,-54,8.89461420184819,8.56927065320267,1.528,-2.1153962654482
112.247119903564,3,1.59534,-54,8.90195557566975,8.56465617534677,1.528,-2.11738400914151
112.749939918518,3,1.69965,-54,8.90867594623237,8.5604171723765,1.528,-2.1187584921706
113.543884038925,3,1.82237,-54,8.91909098693353,8.55390688316655,1.528,-2.12065395625951
114.101662874222,3,1.88986,-54,8.9254930689665,8.54986796235088,1.528,-2.12118209150022
114.763797044754,3,2.06781,-54,8.93290088067988,8.54495634323996,1.528,-2.12243225046643
115.249707937241,3,2.11076,-55,8.93828099836501,8.54111580137524,1.528,-2.12422935533316
115.915586948395,3,2.24575,-55,8.9468944118988,8.53554551759311,1.528,-2.12538372274611
116.431474924088,3,2.33779,-55,8.95421497121589,8.5309047234503,1.528,-2.12584428400284
117.531455039978,3,2.58936,-55,8.9701823189255,8.5207575199747,1.528,-2.12480918082801
117.984314918518,3,2.6814,-55,8.9761433970728,8.5169610287665,1.528,-2.12368145018018
118.628655910492,3,2.7673,-55,8.98418922105587,8.51184439940379,1.528,-2.12228118918595
119.469331979752,3,2.90843,-55,8.99664082883423,8.5034513885831,1.528,-2.12256671308855
119.906060934067,3,2.98819,-55,9.00280957024917,8.49944479341639,1.528,-2.12345313218853
120.690698862076,3,3.12932,-55,9.01340713827494,8.49272629590619,1.528,-2.12531932992942
121.47588801384,3,3.26431,-54,9.02385860016156,8.4860565700678,1.528,-2.12592505550209
121.861340045929,3,3.33794,-54,9.02893380760761,8.4828235762859,1.528,-2.12518634606251
122.482071876526,3,3.44225,-53,9.03686915577616,8.4777792325953,1.528,-2.123591426994
123.415584087372,3,3.58338,-53,9.05100030151141,8.46951169455817,1.528,-2.12182510718833
124.040838003159,3,3.68769,-53,9.06165824102641,8.46348969567612,1.528,-2.12140801582437
124.811711072922,3,3.74291,-53,9.07195554535311,8.4568400940181,1.528,-2.12090035192382
125.234894037247,3,3.86563,-53,9.07747767222362,8.45330193490106,1.528,-2.12253949908538
125.951884031296,3,3.9454,-53,9.08657442408851,8.44745324406839,1.528,-2.12384285632889
126.494173049927,3,3.92699,-53,9.09329179170772,8.44312539060879,1.528,-2.12359984138503
127.215622901917,3,3.93926,-53,9.10234494061378,8.43732927399775,1.528,-2.12191879245856
127.945379972458,3,3.93926,-52,9.11445203205291,8.42865885547876,1.528,-2.11633447124193
128.580523967743,3,3.97608,-52,9.12327149840954,8.42292473365165,1.528,-2.11475378128029
129.01175403595,3,3.96994,-52,9.12888499064178,8.41939612526933,1.528,-2.11456559980222
129.70019698143,3,3.92699,-52,9.13737373022331,8.41407482583017,1.528,-2.11626809887874
130.373265028,3,3.9454,-52,9.14626595801338,8.40844760118834,1.528,-2.1183298647375
130.937444925308,3,3.9454,-52,9.15397682969873,8.40358043900792,1.528,-2.11926941854254
131.922545909882,3,3.86563,-52,9.16685246576343,8.39594736696236,1.528,-2.11810498136637
132.47265791893,3,3.82268,-52,9.17354331305616,8.39213808097027,1.528,-2.1165641581496
132.799320936203,3,3.84109,-52,9.17761464995699,8.38957036281122,1.528,-2.11573909555796
133.867274045944,3,3.78586,-52,9.19177419922866,8.38074465582292,1.528,-2.11539247391964
134.360779047012,3,3.71837,-52,9.19849540986946,8.37655517618673,1.528,-2.11647430788791
135.168859004974,3,3.64474,-52,9.20941153824156,8.36973454286086,1.528,-2.11785857960954
135.812783002853,3,3.63247,-52,9.2188028181029,8.36388857852833,1.528,-2.11761507176418
136.511761903763,3,3.52202,-52,9.23150907571423,8.356039879898,1.528,-2.11608487377971
136.928173065186,3,3.49134,-52,9.23667634285231,8.35271806530923,1.528,-2.11575117551052
137.795363903046,3,3.38089,-51,9.24761425985833,8.34563665676204,1.528,-2.11485898979451
138.447922945023,3,3.30113,-51,9.25587650199507,8.34024990706149,1.528,-2.1149027638472
138.721703052521,3,3.27045,-51,9.25931240436535,8.33800559113354,1.528,-2.11528058393867
139.763706922531,3,3.15386,-51,9.27240291954422,8.32957794210684,1.528,-2.1176793500648
140.210011005402,3,3.04955,-51,9.27715537681832,8.32537152127195,1.528,-2.11833165437682
140.585078954697,3,3.00047,-50,9.28103354724483,8.32175372271154,1.528,-2.11881128676173
141.291543006897,3,2.95751,-50,9.28911866544822,8.316304224423,1.528,-2.11903928759865
141.974623918533,3,2.8348,-50,9.29819117846514,8.31041707037456,1.528,-2.11796694034743
142.695100069046,3,2.71821,-49,9.30828854429211,8.30393067939403,1.528,-2.11676619943071
143.503686904907,3,2.6139,-49,9.31928647471413,8.29688810050088,1.528,-2.11658351051047
144.196866035461,3,2.54027,-49,9.3284871888739,8.29087961226175,1.528,-2.11743308589281
144.540541887283,3,2.50959,-49,9.33320626050497,8.28771068905355,1.528,-2.11808301791386
145.332563877106,3,2.40528,-49,9.34334787666262,8.28119527597756,1.528,-2.11992543838533
146.016605854034,3,2.36847,-48,9.35167895038599,8.27599850054257,1.528,-2.12046486641192
146.554225921631,3,2.34392,-48,9.35807158477504,8.27201935748148,1.528,-2.11990800850453
147.339142084122,3,2.2028,-48,9.36607456454848,8.26702327762292,1.528,-2.11738221257603
148.004040002823,3,2.11076,-47,9.37386328504041,8.26221285110457,1.528,-2.11532467803154
148.553473949432,3,2.08621,-47,9.37996182732932,8.25821526451702,1.528,-2.11388322476279
149.226773023605,3,2.0494,-47,9.38745380743775,8.25332580867784,1.528,-2.11311224269341
149.865161895752,3,1.97577,-47,9.39527573413404,8.24873467779089,1.528,-2.11457305706654
150.37530207634,3,1.90827,-47,9.40281519805228,8.24429309202672,1.528,-2.11336037764777
151.047710895538,3,1.84691,-47,9.41212823076209,8.23880316962575,1.528,-2.11191960995831
151.843888044357,3,1.76715,-47,9.42267530782299,8.23256582315347,1.528,-2.11077735943694
152.383203029633,3,1.68124,-47,9.43005688482593,8.22818493730281,1.528,-2.11030907909285
153.057602882385,3,1.60761,-48,9.4412988640111,8.22195761498564,1.528,-2.10733523495594
153.797034025192,3,1.5033,-48,9.45174587231171,8.21583874712593,1.528,-2.10754204369546
154.35146188736,3,1.45421,-48,9.45926208942496,8.21130989635375,1.528,-2.10856406552075
154.950273990631,3,1.35604,-48,9.46773827812845,8.20619629890278,1.528,-2.1094165199534
155.589453935623,3,1.28241,-48,9.47627569945255,8.20102851466766,1.528,-2.11043647736822
156.235661029816,3,1.17196,-48,9.48485133561581,8.19579154939013,1.528,-2.11153712928609
157.041668891907,3,1.09833,-48,9.49618329258596,8.18957808423987,1.528,-2.11127077857334
157.720319986343,3,0.951068,-49,9.50575030903505,8.18445012969809,1.528,-2.11008573395122
158.162378072739,3,0.846757,-49,9.51145312633247,8.18094511048242,1.528,-2.10972637834069
158.976571083069,3,0.60132,-49,9.52178796587195,8.17456527036594,1.528,-2.11177488061219
159.614573955536,3,0.503146,-49,9.53013152257333,8.16940129918947,1.528,-2.11380734083167
160.472395896912,3,0.325204,-50,9.54058311785143,8.16292234253797,1.528,-2.1151018955284
160.891737937927,3,0.220893,-50,9.54543685789896,8.15987638909382,1.528,-2.11526021651965
161.611767053604,3,0.00613592,-51,9.55469079469886,8.15355414026084,1.528,-2.11610998114774
162.370044946671,3,6.09297,-51,9.56400850166697,8.14771087058862,1.528,-2.11424818541338
162.762877941132,3,5.95798,-51,9.56914356300403,8.14453696333644,1.528,-2.11410583556448
163.437736988068,3,5.70641,-52,9.5782652265529,8.13890594435437,1.528,-2.11537379570837
164.208680868149,3,5.41802,-52,9.58709946675238,8.13341707876939,1.528,-2.11813255240392
165.032449960709,3,5.13577,-53,9.59718391467758,8.12713607425552,1.528,-2.11868419686816
165.553547859192,3,4.89647,-53,9.60610736795239,8.12118392225963,1.528,-2.11767374106878
166.312483072281,3,4.63262,-54,9.6166570354203,8.11427984274331,1.528,-2.11581799808457
166.885969877243,3,4.41786,-53,9.62312517785774,8.11018207462172,1.528,-2.11451102332955
167.511158943176,3,4.20924,-54,9.63121081793876,8.10513044582813,1.528,-2.11476132926077
167.954648971558,3,4.01903,-55,9.63673317088791,8.10167979548663,1.528,-2.11498982496541
168.988614082336,3,3.6386,-55,9.65033801234485,8.09319725762208,1.528,-2.11756913294676
169.397713899612,3,3.42998,-54,9.65584322346385,8.08948710811097,1.528,-2.11927572379577
170.178055047989,3,3.19068,-56,9.66557830462882,8.08170259373578,1.528,-2.1222233365047
170.92554807663,3,2.89002,-55,9.67514783574036,8.07580211787069,1.528,-2.12014185323988
171.515451908112,3,2.66913,-55,9.68178813795848,8.07172785335121,1.528,-2.1177211636311
171.857737064362,3,2.63845,-55,9.68558606852269,8.06939874111715,1.528,-2.11632051357753
172.758300065994,3,2.21507,-55,9.69537283921462,8.0633903062693,1.528,-2.11644651158352
173.525233030319,3,1.92054,-55,9.70594356289502,8.05690876650849,1.528,-2.11751162884382
173.978062868118,3,1.77328,-55,9.71170473626086,8.0540778451132,1.528,-2.11856563661477
174.613831043243,3,1.44808,-55,9.71976836961937,8.04966963265005,1.528,-2.11896007292944
175.252575874329,3,1.20264,-54,9.72781508961256,8.04468285393848,1.528,-2.11783711917409
175.947555065155,3,0.877437,-55,9.7363556017922,8.03946821429034,1.528,-2.11590729190273
176.614161014557,3,0.589049,-55,9.74360921351859,8.03498935876831,1.528,-2.11388037761923
177.15064907074,3,0.349748,-55,9.74954907150178,8.03134440357784,1.528,-2.11313757150571
177.933578968048,3,0.128854,-55,9.75746444180881,8.02594791611639,1.528,-2.11402081897982
178.233113050461,3,6.27705,-55,9.75897568746341,8.02403061146581,1.528,-2.11480822033724
178.991880893707,3,5.89049,-54,9.76579742491313,8.01857743136725,1.528,-2.11759659694978
179.784539937973,3,5.59596,-55,9.77581647337627,8.01233224225858,1.528,-2.11934662281302
180.687419891357,3,5.36893,-55,9.78632149853323,8.00577747028292,1.528,-2.11735919591614
181.227385997772,3,5.22781,-55,9.79218876054737,8.00215490423519,1.528,-2.11561345089428
181.801712036133,3,5.03146,-54,9.79929694486747,7.99778844815284,1.528,-2.11461153539011
182.047004938126,3,5.01305,-54,9.80259441289732,7.99572581972073,1.528,-2.11451591037393
182.969186067581,3,4.77375,-54,9.81823813357699,7.98554773966696,1.528,-2.11859434222726
183.297698020935,3,4.70012,-55,9.82233983826785,7.98310425572576,1.528,-2.11889728640268
183.653987884521,3,4.62035,-55,9.82678836986574,7.98045415867085,1.528,-2.11922584655957
184.399297952652,3,4.39332,-54,9.83706609381809,7.97424343986681,1.528,-2.12023306574408
184.950927019119,3,4.27674,-54,9.84435301592276,7.96983854623048,1.528,-2.11921036607006
185.46241402626,3,4.13561,-55,9.85117522688055,7.96571626150783,1.528,-2.11782766526117
186.068892002106,3,3.92085,-55,9.86001156897355,7.96038572018018,1.528,-2.11618970916588
186.676007986069,3,3.77973,-55,9.87000953224601,7.95428011228361,1.528,-2.11539440783164
187.681215047836,3,3.51588,-56,9.88308981346024,7.94620946437603,1.528,-2.11659364894243
188.18380188942,3,3.37476,-56,9.88874095807811,7.94271358930929,1.528,-2.11765052348349
188.806335926056,3,3.14773,-56,9.89630721599039,7.93804751980526,1.528,-2.11865465558357
189.207961082459,3,2.98819,-56,9.90160009963303,7.93475606707408,1.528,-2.119019845584
189.773655891418,3,2.72435,-56,9.90894983730197,7.93017984880111,1.528,-2.11896719445552
190.275686979294,3,2.50346,-57,9.91525406122748,7.92624266026336,1.528,-2.1177453083576
190.809802055359,3,2.30711,-57,9.9202874127114,7.92257811758864,1.528,-2.1172553448488
191.702590942383,3,1.90827,-57,9.92960120351192,7.91599949942947,1.528,-2.11701362978026
192.266881942749,3,1.68124,-57,9.93704279090839,7.91129498948708,1.528,-2.11695944509887
192.655540943146,3,1.49103,-58,9.94160764810068,7.9084150545082,1.528,-2.11738067565222
193.198138952255,3,1.31309,-58,9.9481468928324,7.90428207565406,1.528,-2.11846817352647
193.682559967041,3,1.12901,-57,9.95423575268819,7.9004228562672,1.528,-2.12019187974651
194.195481061935,3,0.883573,-58,9.96112953570837,7.89607740800495,1.528,-2.12147872654722
194.722944974899,3,0.613592,-59,9.96818725687507,7.89166531030779,1.528,-2.12228581370333
195.311563968658,3,0.355884,-58,9.97420774920879,7.88817466894324,1.528,-2.12026055049578
196.086026906967,3,6.17274,-59,9.9837787240678,7.88235795025889,1.528,-2.11744866729683
196.543235063553,3,6.00707,-58,9.98991868122517,7.87857229600022,1.528,-2.11701981361693
196.864945888519,3,5.92117,-58,9.99438703317456,7.8758113949272,1.528,-2.118096760844
197.33620595932,3,5.68186,-58,10.0006786312646,7.87191991063235,1.528,-2.11955980362646
198.127624988556,3,5.38734,-58,10.0105010298267,7.8658201854007,1.528,-2.12132822863428
198.486499071121,3,5.23394,-58,10.0157379317183,7.86252530129389,1.528,-2.1207958102753
199.571204900742,3,4.73693,-59,10.0342517863534,7.8515900587783,1.528,-2.120396809609
199.79011297226,3,4.63876,-59,10.0379484378232,7.84943205149184,1.528,-2.12053932539336
200.484591960907,3,4.36878,-58,10.0466964479512,7.84396250123428,1.528,-2.12170027627015
200.93887090683,3,4.22765,-58,10.0522542313889,7.84047833596831,1.528,-2.12165050396148
201.493185997009,3,4.07425,-58,10.0589890851175,7.83625375044043,1.528,-2.12127960831019
201.58708190918,3,4.00676,-59,10.0601445465072,7.8355302372338,1.528,-2.12111330825971
202.46021604538,3,3.77359,-59,10.0708971977729,7.82878667955659,1.528,-2.11941241570691
202.715089082718,3,3.66315,-59,10.0740485805984,7.82679372171419,1.528,-2.11867417510057
203.443830966949,3,3.42385,-59,10.0823129805131,7.82076972030868,1.528,-2.11728292782343
203.913250923157,3,3.25204,-58,10.0867014558157,7.81648123558263,1.528,-2.11728848285546
204.077743053436,3,3.27045,-58,10.0883609504952,7.81502552769441,1.528,-2.1172575139651
204.785659074783,3,2.92684,-59,10.0973532904917,7.80947596929653,1.528,-2.11662376809868
205.157608032227,3,2.82252,-59,10.1025027722865,7.80632730890525,1.528,-2.11738423036492
205.692013025284,3,2.60777,-59,10.1100750788128,7.80170820192417,1.528,-2.11892393269195
206.271133899689,3,2.42983,-59,10.1170944704685,7.79740799603647,1.528,-2.11841243784193
206.748934030533,3,2.30711,-59,10.12280986486,7.79390645777324,1.528,-2.11718143178478
207.348476886749,3,5.2094,-59,10.1299118873432,7.78955646900232,1.528,-2.11419721656831
207.792505979538,3,1.9635,-58,10.1354971873925,7.78594859635408,1.528,-2.11247592570589
208.236150026321,3,1.8101,-58,10.1411624578903,7.7822432032177,1.528,-2.11088352534976
208.480951070786,3,1.7426,-59,10.1440447536881,7.78043276101079,1.528,-2.11043767934174
209.114301919937,3,1.56466,-59,10.1512316613906,7.77600832095642,1.528,-2.10976390674463
209.45291686058,3,1.47876,-59,10.1555328919244,7.77334564217073,1.528,-2.11068331089073
209.898499011993,3,1.38672,-59,10.1612766701471,7.76978754946642,1.528,-2.11212687993077
210.358777046204,3,1.22105,-59,10.1678709523748,7.76573557521165,1.528,-2.11146210279807
211.056401968002,3,0.975612,-60,10.177980625154,7.75952575965233,1.528,-2.10970252752181
211.47417807579,3,0.846757,-60,10.1835242715491,7.7560927676187,1.528,-2.10966184020881
212.018852949142,3,0.748583,-61,10.1901516213436,7.75163170980258,1.528,-2.10908060268779
212.331090927124,3,0.681087,-60,10.193709994482,7.74908028055229,1.528,-2.10853549020702
212.860579013824,3,0.490874,-61,10.2001460710487,7.74488129601442,1.528,-2.1093618794415
213.241379976273,3,0.509282,-61,10.204939454439,7.7419137559337,1.528,-2.11067352344193
214.053189992905,3,0.079767,-63,10.2150237519529,7.73567937491921,1.528,-2.11165644042264
214.376631975174,3,6.1666,-63,10.2190805127043,7.73317747510498,1.528,-2.11165223618538
225.860805034637,3,4.54672,-65,10.3678323447644,7.64181749966858,1.528,-2.11807222560583
226.726495027542,3,4.31969,-63,10.3784697548734,7.63532195484264,1.528,-2.1185339856792
227.427435874939,3,4.08039,-62,10.3868852778369,7.63016995802494,1.528,-2.1163192630465
227.896501064301,3,3.90858,-62,10.3925306929728,7.6267257864263,1.528,-2.11405183930562
228.172060966492,3,3.90858,-61,10.3959167469789,7.62464857252639,1.528,-2.11383044346676
228.817808866501,3,3.76132,-61,10.4033654393698,7.62022121800618,1.528,-2.11326818692675
229.271806955338,3,3.71223,-61,10.4069374172107,7.61861657565304,1.528,-2.11272414722483
229.868521928787,3,3.59565,-60,10.4132241238645,7.61510815232956,1.528,-2.11396542504916
230.567583084106,3,3.47907,-60,10.422253967562,7.60958679571637,1.528,-2.11627073893773
231.349864959717,3,3.20909,-61,10.4329665505372,7.60302978123633,1.528,-2.1159755082562
231.701396942139,3,3.19068,-61,10.4377323920151,7.60011225740989,1.528,-2.11593406615639
232.113674879074,3,3.04342,-60,10.4432861284714,7.59670832775234,1.528,-2.11572916871134
232.753499984741,3,2.87775,-60,10.4513676544425,7.59169324995342,1.528,-2.11305546759565
233.320761919022,3,2.67526,-61,10.4600669106135,7.58668783940599,1.528,-2.1116745463369
233.575165987015,3,2.62618,-60,10.4642598713146,7.58433678644144,1.528,-2.11124327037907
234.498466968536,3,2.31324,-61,10.4772096324762,7.57651768174197,1.528,-2.11148375100996
235.093409061432,3,2.11689,-61,10.4851108529744,7.57165090601403,1.528,-2.11346346973573
235.379524946213,3,1.97577,-61,10.4889061989888,7.56931480510515,1.528,-2.11455626763989
235.905818939209,3,1.79169,-61,10.4951680514509,7.56542877592957,1.528,-2.11458889189114
236.382668018341,3,1.56466,-62,10.5006887091237,7.56199957249657,1.528,-2.11421569616793
237.070225954056,3,1.28241,-62,10.5083850845197,7.55726832699,1.528,-2.11320301519478
237.663024902344,3,0.901981,-63,10.5167690148835,7.55187075065497,1.528,-2.11397253531781
237.897062063217,3,0.760854,-63,10.5202495654817,7.54961115510793,1.528,-2.11443660873089
238.18376493454,3,0.564505,-64,10.5243491502797,7.5470312443167,1.528,-2.11505152504662
239.12676692009,3,0.0613592,-65,10.5373645696944,7.53907564546114,1.528,-2.11740521047777
243.759898900986,3,0.438719,-64,10.5978047720343,7.50265192523499,1.528,-2.11750938831864
244.002640008926,3,3.57111,-64,10.6008615033519,7.5007716413305,1.528,-2.11825132956483
244.564656019211,3,3.35635,-64,10.608414105999,7.49606120231113,1.528,-2.11964259847351
244.908926963806,3,3.18454,-64,10.6130996679099,7.49314580456751,1.528,-2.12045011935217
245.275474071503,3,2.89002,-64,10.6183718556032,7.48989813694842,1.528,-2.12109543512583
245.586184024811,3,2.90843,-64,10.6228409160804,7.48714519569449,1.528,-2.12164244812824
246.282016038895,3,2.51573,-63,10.6307071942507,7.48167482013952,1.528,-2.11922683452971
246.586408853531,3,2.39915,-63,10.6340041436101,7.47933428399029,1.528,-2.11783813597885
247.077652931213,3,2.35619,-63,10.6407583896965,7.47521000983134,1.528,-2.11624222119561
247.402848005295,3,2.09849,-63,10.6452362409769,7.47247549926915,1.528,-2.11521873831208
247.79154586792,3,1.98804,-63,10.6507355224988,7.46911177207156,1.528,-2.11472380297511
248.087105035782,3,1.90214,-63,10.6549170815624,7.46655405177764,1.528,-2.11434746265938
248.382176876068,3,1.95122,-63,10.6590160977721,7.46406165126016,1.528,-2.11471095085668
248.588397026062,3,1.75487,-63,10.6618281770148,7.46236228268327,1.528,-2.11547942423595
249.146614074707,3,1.5708,-63,10.6694646140563,7.45774614560118,1.528,-2.11750219624483
249.534157037735,3,1.3499,-63,10.6749028845443,7.45445119348199,1.528,-2.11858528036722
249.904054880142,3,1.3499,-63,10.6800935465143,7.45130626299428,1.528,-2.11961905086041
250.421216011047,3,1.15969,-63,10.6861165002407,7.44810010437316,1.528,-2.11808806443092
250.665739059448,3,1.15355,-64,10.6889296382241,7.44661758065591,1.528,-2.11728069382969
250.966939926147,3,0.93266,-64,10.6926152536912,7.44450338238785,1.528,-2.11621094869038
