7.98776292800903,3,1.25786,-63,7.53536966855703,9.41264690633379,1.528,-2.10403593481303
8.11573004722595,3,1.24559,-63,7.53719617882819,9.41154508889637,1.528,-2.1048626018941
8.39995503425598,3,1.36217,-63,7.54126456818971,9.40908910581724,1.528,-2.10685230412778
8.60387706756592,3,1.39285,-63,7.54418350307846,9.40732701913899,1.528,-2.10827984971204
8.83732891082764,3,1.55239,-63,7.54747544944791,9.40529019642432,1.528,-2.11002305321417
8.91636085510254,3,1.55239,-63,7.54842837556568,9.40453703114768,1.528,-2.11096737719047
9.28286194801331,3,1.62602,-63,7.55284745530405,9.40104431817494,1.528,-2.11534656553701
9.47852492332459,3,1.66897,-62,7.55520665779067,9.39917967267899,1.528,-2.11768447131112
9.62926197052002,3,1.6567,-62,7.55702416678032,9.39774316607533,1.528,-2.11948557349945
9.85679793357849,3,1.71806,-62,7.56001022153312,9.39588067248099,1.528,-2.11897376635968
10.1044938564301,3,1.8101,-62,7.56327674479368,9.39387321344216,1.528,-2.11820482737112
10.3955068588257,3,1.93895,-61,7.56711451786037,9.39151468983244,1.528,-2.11730141628085
10.5825300216675,3,2.03713,-61,7.56967369379351,9.38994132831699,1.528,-2.11806095292905
10.9568049907684,3,2.08621,-61,7.57496983338895,9.38668420246579,1.528,-2.12210367282023
11.2582330703735,3,2.14757,-62,7.57923516053976,9.38406102626805,1.528,-2.12535953921202
11.5029740333557,3,2.28256,-62,7.58258489996244,9.38194438219186,1.528,-2.12793390014587
11.8697080612183,3,2.36233,-62,7.58752784240676,9.37878159034813,1.528,-2.13174480507234
12.2119028568268,3,2.49118,-62,7.59211373126412,9.3758499884616,1.528,-2.13495882929564
12.5164330005646,3,2.62004,-63,7.59594143224135,9.37342947783428,1.528,-2.1345255722159
12.8244540691376,3,2.73662,-63,7.59981301135899,9.3709812201322,1.528,-2.13408734857396
13.0233979225159,3,2.77344,-63,7.60231357689461,9.36939994576169,1.528,-2.13380430981829
13.389368057251,3,3.04955,-64,7.60648120400318,9.36702435356733,1.528,-2.13295403818584
13.6614329814911,3,3.0741,-64,7.60957036636132,9.36526952393194,1.528,-2.13231501531861
21.7692270278931,3,5.15111,-66,7.72122990216514,9.29490838690156,1.528,-2.127310610039
22.2410669326782,3,2.26416,-66,7.72940491685773,9.29021968215488,1.528,-2.12589654094318
22.5440790653229,3,5.54381,-66,7.73308646392081,9.28787785904744,1.528,-2.12527157588076
22.6296010017395,3,2.51573,-65,7.73412554123794,9.28721690450035,1.528,-2.12509518617034
23.0757660865784,3,2.71208,-66,7.7395500327824,9.28376563492152,1.528,-2.12420460942479
23.5866889953613,3,3.06183,-65,7.74586774977315,9.27972397756908,1.528,-2.12404246269594
23.8231670856476,3,3.19682,-64,7.74879187320402,9.27785331685713,1.528,-2.12396741390066
24.1185550689697,3,3.34408,-65,7.75245764513717,9.27553754623133,1.528,-2.1239055288797
24.4291899204254,3,3.50361,-65,7.75631837236501,9.27311132618199,1.528,-2.12385429648046
24.6389379501343,3,3.61406,-64,7.75892522708684,9.2714730847786,1.528,-2.12381970314766
24.8994488716125,3,3.73064,-65,7.76213861513865,9.26946356689634,1.528,-2.12413274593622
25.2477068901062,3,4.02517,-65,7.76640676098487,9.26680573209123,1.528,-2.12495433320209
25.5893840789795,3,4.07425,-65,7.77059425415659,9.26419812084763,1.528,-2.12576039541032
25.8574860095978,3,4.19084,-64,7.77495888151024,9.26200643283843,1.528,-2.12556622525862
26.170284986496,3,4.3381,-64,7.78013524668139,9.25943800737183,1.528,-2.12527525677919
26.4395868778229,3,4.39946,-64,7.78459179876034,9.25722674107312,1.528,-2.125024749688
26.8153450489044,3,4.56513,-64,7.78912084136466,9.25443995425655,1.528,-2.12446140050661
27.1717090606689,3,4.70625,-64,7.79323927425962,9.25182826510365,1.528,-2.1239047424019
27.429055929184,3,1.69965,-65,7.79638543509331,9.24983107115963,1.528,-2.1233823474415
28.0146679878235,3,5.06827,-64,7.80415412393869,9.24489255782738,1.528,-2.12176714626482
28.445317029953,3,5.27076,-64,7.80948385101763,9.24146759320666,1.528,-2.12143253008028
28.6804459095001,3,5.37507,-64,7.81230020242264,9.23964810452006,1.528,-2.12145823714179
28.9772410392761,3,5.41802,-64,7.81585798287547,9.23734975748515,1.528,-2.12151073149291
29.5014600753784,3,5.70027,-64,7.8223705778205,9.23315384721309,1.528,-2.12324208360223
29.6230299472809,3,5.7739,-64,7.82388089178984,9.23218078778725,1.528,-2.12364359564139
30.185576915741,3,5.90276,-64,7.83157540601334,9.22722927947952,1.528,-2.12517875982997
30.5348629951477,3,5.93344,-63,7.83659233219904,9.22400264278585,1.528,-2.12602245947564
30.8159210681915,3,6.09911,-64,7.84018890809894,9.22164626841247,1.528,-2.12624297148242
31.4434878826141,3,0.00613592,-64,7.8473029666691,9.21688432251359,1.528,-2.12578120703162
31.742084980011,3,0.104311,-64,7.85122036920449,9.21428034450482,1.528,-2.12511122144272
32.2422778606415,3,0.227029,-64,7.85821032388471,9.20964662238145,1.528,-2.12362721893262
32.5449888706207,3,0.312932,-65,7.86216934301349,9.20701727658065,1.528,-2.12259540340352
38.0698840618134,3,4.55899,-64,7.9387287453959,9.16039871564209,1.528,-2.1210376985892
38.1581299304962,3,4.48536,-64,7.93992001346663,9.15965578582542,1.528,-2.12102909737569
38.7606139183044,3,4.98851,-62,7.94539106437981,9.15697112744182,1.528,-2.12427264289934
39.1816849708557,3,5.28303,-62,7.94931005729217,9.15502260623004,1.528,-2.1267160515921
39.4467649459839,3,5.41188,-61,7.95294411828289,9.15278482253249,1.528,-2.12759495828111
39.8796470165253,3,5.57142,-60,7.95887862859579,9.1491304671254,1.528,-2.12903023436022
40.4567430019379,3,5.87821,-59,7.96623142767076,9.14461856261765,1.528,-2.12905556985379
40.5559220314026,3,5.93957,-59,7.96748131370591,9.14385201266164,1.528,-2.12901343886385
41.168478012085,3,6.17274,-58,7.97552502121319,9.13888959988207,1.528,-2.12769359199888
41.4133560657501,3,6.26478,-58,7.97882608952196,9.13684566664603,1.528,-2.12688647063579
41.7196869850159,3,0.079767,-58,7.98298007263301,9.13426813182283,1.528,-2.12589974572281
42.0775599479675,3,0.184078,-57,7.98791850880659,9.13118476409265,1.528,-2.12482708709908
42.5193259716034,3,0.306796,-57,7.99408311449052,9.12730877749878,1.528,-2.12363362983962
42.8058040142059,3,0.386563,-57,7.9987999071822,9.12406228938233,1.528,-2.12423148418227
43.1858868598938,3,0.478602,-57,8.00505788064671,9.11975503277522,1.528,-2.1250246834718
43.3775479793549,3,0.46633,-57,8.00804058004392,9.11776723731143,1.528,-2.12537435176662
43.942596912384,3,0.687223,-56,8.01570796845561,9.11310612708994,1.528,-2.12607765537992
44.3039040565491,3,0.822214,-56,8.02034848675289,9.11027192226254,1.528,-2.12655836912606
44.7897510528564,3,0.987884,-56,8.0261764876862,9.10669059344474,1.528,-2.12725350282517
45.1163818836212,3,1.09219,-56,8.03002873177628,9.10431575228735,1.528,-2.12769624557323
45.4807438850403,3,1.20878,-56,8.03417178790436,9.10174348373841,1.528,-2.12813257545633
45.8401739597321,3,1.31922,-56,8.03825876450393,9.09920603287068,1.528,-2.12856299927073
46.2228019237518,3,1.44194,-56,8.0430478590106,9.09621100363856,1.528,-2.12781535747588
46.6246938705444,3,1.61988,-56,8.04814348029806,9.09302134069804,1.528,-2.12685012921277
47.0406439304352,3,1.73647,-56,8.05477236971084,9.09030003372423,1.528,-2.12541080153723
47.2687029838562,3,1.82851,-56,8.05859300771701,9.08888763902447,1.528,-2.12456115785066
47.8981449604034,3,1.9635,-56,8.06793983766186,9.08422689580695,1.528,-2.12388422372299
48.0865790843964,3,2.0494,-56,8.07047538294789,9.08266449994408,1.528,-2.12404715929155
48.7280938625336,3,2.39915,-57,8.07884689165504,9.07748748388067,1.528,-2.1252448935932
49.0041260719299,3,2.49732,-56,8.08235506849926,9.07531111491249,1.528,-2.12599200532855
49.2780249118805,3,2.62618,-57,8.08586035049404,9.07313498781957,1.528,-2.12664195809639
49.6025040149689,3,2.80412,-57,8.090143766226,9.07046744845244,1.528,-2.12691830749845
50.1010670661926,3,3.02501,-57,8.09670632697763,9.06638027157338,1.528,-2.12735458456657
50.3885228633881,3,3.17841,-57,8.1002989070808,9.06413999284867,1.528,-2.12772401025642
50.9680490493774,3,3.39317,-57,8.10750513024552,9.05954974452621,1.528,-2.12824865419733
51.1859068870544,3,3.4852,-56,8.11005354242317,9.05750076991102,1.528,-2.12748028871663
51.6114990711212,3,3.66315,-56,8.11503194630412,9.05349803312232,1.528,-2.12597926242087
52.0378289222717,3,3.88404,-56,8.12002123393934,9.05004407820756,1.528,-2.12453601588982
52.3455090522766,3,3.95767,-56,8.12362296940439,9.04779572212938,1.528,-2.12352098134967
52.7116570472717,3,4.08652,-56,8.12795536191449,9.04509231294925,1.528,-2.1223607699675
53.1936459541321,3,4.26447,-55,8.13383704624363,9.04142617637801,1.528,-2.12101784204264
53.5347690582275,3,4.36264,-55,8.13813085425219,9.03875159740056,1.528,-2.12033194699827
53.8074588775635,3,4.46082,-55,8.14200396106345,9.03634497462126,1.528,-2.12067291281157
54.4210600852966,3,4.69398,-55,8.15051829556109,9.03104780764531,1.528,-2.12167093656813
54.7725670337677,3,4.8167,-55,8.15495963576402,9.02826989073936,1.528,-2.12274384459468
55.1202778816223,3,4.92101,-55,8.15935301169667,9.02552197395752,1.528,-2.12380516574695
55.5042219161987,3,5.08054,-55,8.1649825764268,9.02226764618891,1.528,-2.12491283127572
55.9681930541992,3,5.22781,-55,8.17183170766044,9.0183219510217,1.528,-2.12624756104252
56.4210488796234,3,5.32598,-56,8.17802716603516,9.01450335718542,1.528,-2.12597577926176
56.6190509796143,3,5.40575,-55,8.18071379994921,9.01283523129233,1.528,-2.12578553402778
57.076367855072,3,5.58983,-56,8.18657680522716,9.00916677819941,1.528,-2.12533982153224
57.5306298732758,3,5.64505,-56,8.1920079363395,9.00573438705326,1.528,-2.12488984342467
57.802591085434,3,5.70641,-56,8.19528324827827,9.00367273936027,1.528,-2.12457858650328
58.1923859119415,3,5.85367,-56,8.20007550966901,9.00069017514863,1.528,-2.12396008240409
58.7814428806305,3,6.07456,-56,8.20738349092262,8.99613151969274,1.528,-2.12357375265384
59.0063519477844,3,6.21569,-57,8.21022338108114,8.99435227945337,1.528,-2.12383891513363
59.4384570121765,3,0.110447,-57,8.21567560017621,8.99091702401724,1.528,-2.12435620783546
59.8808479309082,3,0.276117,-57,8.22101811649494,8.98636241448196,1.528,-2.12536777848001
60.2680680751801,3,0.460194,-57,8.22569436515222,8.98237581239163,1.528,-2.12625319568534
60.7155179977417,3,0.625864,-57,8.23187635807304,8.97839713368577,1.528,-2.12687845211669
61.0846378803253,3,0.748583,-58,8.23702825309737,8.97515700458511,1.528,-2.1273676128812
61.6235389709473,3,0.920388,-58,8.24343279388554,8.971100821982,1.528,-2.12563766770564
61.9017689228058,3,1.04924,-58,8.24669374872572,8.9690342086265,1.528,-2.12464461972962
62.0826320648193,3,1.15969,-58,8.24883431221752,8.96768417203766,1.528,-2.12415641154959
62.6298248767853,3,1.4174,-59,8.25533567055811,8.96359165839747,1.528,-2.12287001280906
63.0352449417114,3,1.52784,-59,8.26014125220618,8.96055720909012,1.528,-2.12222877219914
63.4507439136505,3,1.71806,-59,8.26505591315005,8.95744524187218,1.528,-2.12185748568648
63.7829999923706,3,1.88986,-59,8.26996193314888,8.95455880707849,1.528,-2.12182127447215
64.02845287323,3,2.02485,-60,8.2750184858241,8.95184250103614,1.528,-2.12217708452881
64.4884169101715,3,2.27643,-60,8.28449416349129,8.94675230576755,1.528,-2.12284385132118
65.0572729110718,3,2.68753,-61,8.29187152080805,8.94206087078271,1.528,-2.12421778624658
65.1175439357758,3,2.67526,-60,8.29262589202554,8.94157388066782,1.528,-2.12436680664777
65.7120769023895,3,3.10478,-60,8.29986246096995,8.93693109852782,1.528,-2.12553379172389
66.5692200660706,3,3.54043,-59,8.31061615550245,8.93010072525463,1.528,-2.12546601633491
67.0718240737915,3,3.81041,-60,8.31719756038937,8.92593921958441,1.528,-2.12439371301601
67.5283219814301,3,4.08652,-59,8.32237851762019,8.92261781754224,1.528,-2.12366816402622
67.6447010040283,3,4.16629,-59,8.32369934456936,8.92177106333624,1.528,-2.12348319344724
68.342789888382,3,4.52831,-59,8.33132792766494,8.91892543319017,1.528,-2.12254254680789
68.7664499282837,3,4.73693,-59,8.33593559298872,8.91752007226917,1.528,-2.12205128101914
69.1685929298401,3,4.95169,-59,8.34065309499786,8.91449297020099,1.528,-2.12178485928931
69.4942719936371,3,5.16031,-58,8.34447360569145,8.91204144483869,1.528,-2.12156909529688
69.9301970005035,3,5.3812,-58,8.35043517657025,8.90825944973714,1.528,-2.12207632300981
70.5557160377502,3,5.7555,-58,8.35898278171065,8.90284284625469,1.528,-2.12282971770743
70.9782559871674,3,5.89662,-58,8.36408292262822,8.89959496979511,1.528,-2.12277327751619
71.4753589630127,3,6.1666,-58,8.37050608061195,8.89552612201275,1.528,-2.12226705056783
71.8217129707336,3,0,-58,8.37527750634161,8.89251768339131,1.528,-2.12160645635306
72.064670085907,3,0.128854,-57,8.37861570623464,8.89038409985511,1.528,-2.12125377599644
72.5027558803558,3,0.325204,-57,8.38437736884511,8.88585744833335,1.528,-2.12385298343416
73.0446050167084,3,0.576777,-56,8.39134265904722,8.88064236735858,1.528,-2.12575598417537
73.2803249359131,3,0.564505,-57,8.39418327197517,8.87882513114136,1.528,-2.12504043053857
73.7913110256195,3,0.76699,-56,8.40035465403264,8.87487878018078,1.528,-2.12356511435805
74.2298629283905,3,1.00016,-56,8.40593754503302,8.87134428803665,1.528,-2.12389647299656
74.95152592659,3,1.24559,-55,8.41524783335933,8.86546022729842,1.528,-2.12427713055599
75.1766378879547,3,1.31922,-55,8.41820407844179,8.8635961505381,1.528,-2.12432640130736
75.520623922348,3,1.48489,-56,8.42263414367225,8.86079583846246,1.528,-2.12434935813934
76.0512549877167,3,1.68738,-55,8.42873552277883,8.85687993233417,1.528,-2.12394559040434
76.673299074173,3,1.93282,-55,8.43785858630615,8.8516518308339,1.528,-2.12311021630185
76.8019540309906,3,1.96963,-54,8.44000835737456,8.85048546567976,1.528,-2.12288914055368
77.2386150360107,3,2.07394,-55,8.44678724806592,8.8467277949402,1.528,-2.12226068124998
77.8414318561554,3,2.30097,-55,8.45372871108914,8.84247907959948,1.528,-2.12196227649361
78.3315088748932,3,2.54027,-54,8.45997115709659,8.8386510185492,1.528,-2.12135385707421
78.7725410461426,3,2.66299,-54,8.46581770820693,8.8350632473406,1.528,-2.12066662202581
79.2183129787445,3,2.81025,-54,8.47158182107654,8.83156759883262,1.528,-2.12020627438553
79.603905916214,3,2.95751,-54,8.47653701467115,8.82857153787915,1.528,-2.11985768997416
79.8253710269928,3,3.06183,-55,8.47943310417396,8.82681815349739,1.528,-2.11958919114446
80.3629810810089,3,3.28885,-54,8.4866367797026,8.82244892509425,1.528,-2.11870097729868
80.707927942276,3,3.49748,-54,8.49086167143297,8.82031237904503,1.528,-2.11840011091969
81.2021799087524,3,3.60792,-54,8.49618138756941,8.81848316436452,1.528,-2.11846608259669
81.8144979476929,3,3.88404,-54,8.50396670580228,8.81420293214366,1.528,-2.11755418883949
82.2876749038696,3,3.99449,-54,8.51040176115903,8.81022172869492,1.528,-2.11679747553107
82.7113559246063,3,4.11107,-54,8.51632011858633,8.80653087119384,1.528,-2.11724697103187
83.27845287323,3,4.35651,-53,8.523773143821,8.80189027240515,1.528,-2.11717567876023
83.6853950023651,3,4.47309,-53,8.52860966709692,8.79888732468451,1.528,-2.1163898606651
84.0974409580231,3,4.63876,-54,8.53353115500244,8.79582923406781,1.528,-2.11597766165248
84.5004780292511,3,4.76761,-54,8.53837759659779,8.7928145909102,1.528,-2.11608812185978
84.8542129993439,3,4.89647,-53,8.54285616817744,8.78984951001589,1.528,-2.1160722021606
85.4186210632324,3,5.09282,-53,8.55195238907314,8.78235127387214,1.528,-2.11506833994463
85.9281370639801,3,5.28303,-54,8.55947845938602,8.77695968934226,1.528,-2.11463013105502
86.6714859008789,3,5.58369,-53,8.56969269330551,8.77053877069611,1.528,-2.11416374475131
87.2402200698853,3,5.79231,-53,8.5773634111488,8.76574891068537,1.528,-2.11328213283629
87.4784090518951,3,5.84753,-53,8.58027919262423,8.76392396216419,1.528,-2.11337900173998
88.1761569976807,3,6.13592,-53,8.5887266155709,8.75863553737307,1.528,-2.1137108125292
88.6445949077606,3,0.0245437,-53,8.59452910625066,8.75500636224575,1.528,-2.1129985934566
89.0431489944458,3,0.177942,-52,8.5995091607335,8.75195575656122,1.528,-2.11247707036236
89.6464879512787,3,0.368155,-52,8.60781931073382,8.74800084298133,1.528,-2.11319489062817
89.8802409172058,3,0.411107,-52,8.61103893079627,8.74646858193832,1.528,-2.11347299734453
90.4711270332336,3,0.619728,-51,8.61853491534306,8.7417364787533,1.528,-2.11253281348335
91.0168280601501,3,0.809942,-52,8.62603846462108,8.73699407875344,1.528,-2.11218195789047
91.4817988872528,3,0.969476,-51,8.63283213399595,8.73270488008697,1.528,-2.1122463251283
92.0691890716553,3,1.15355,-51,8.64068454312138,8.72775322769433,1.528,-2.11299247675808
92.6096730232239,3,1.30695,-51,8.64772534663502,8.72331015392235,1.528,-2.11370823918209
93.1526589393616,3,1.47876,-52,8.6546273318519,8.71895067898303,1.528,-2.1144275835533
93.8548390865326,3,1.66897,-52,8.66383299248176,8.71369923174254,1.528,-2.11297218395025
94.3612089157104,3,1.81623,-51,8.67037318512458,8.70979939461604,1.528,-2.11201004565262
94.8263120651245,3,1.90827,-52,8.67626671609039,8.70608168866495,1.528,-2.11140296361147
95.4204020500183,3,2.03713,-52,8.68373420171026,8.70136169446953,1.528,-2.11093948734477
95.988755941391,3,2.17212,-52,8.69142026305075,8.69653002951834,1.528,-2.11092542990146
96.879469871521,3,2.48505,-53,8.70470316441554,8.68823692149967,1.528,-2.11157254518555
97.234158039093,3,2.63231,-53,8.70954063190934,8.68519302484136,1.528,-2.11151218462858
97.7006058692932,3,2.74276,-54,8.71708304275552,8.67921897022397,1.528,-2.11077873512767
98.2831089496613,3,2.95138,-54,8.72750755781289,8.6700799444993,1.528,-2.10930577860062
98.9518949985504,3,3.2459,-55,8.73567461724718,8.66489097289531,1.528,-2.11030540882494
99.6499168872833,3,3.52816,-55,8.7442241587637,8.65952066667603,1.528,-2.11070263002529
100.292492866516,3,3.77359,-56,8.75279286219764,8.65413122384215,1.528,-2.11069930047057
100.602567911148,3,3.9454,-56,8.75734928623866,8.65125746262126,1.528,-2.1106425814991
101.556647062302,3,4.43014,-57,8.77037755508617,8.64300910676644,1.528,-2.10876749630509
102.357697963715,3,4.86579,-57,8.77989911331176,8.63948231851801,1.528,-2.10696684763859
103.046331882477,3,5.22781,-57,8.78832178463508,8.63479298943921,1.528,-2.10642473119281
103.658101081848,3,5.56528,-58,8.79577731156532,8.63020159299014,1.528,-2.10674748851113
104.037878036499,3,5.74322,-56,8.80031249602901,8.62741382816092,1.528,-2.10738250440923
104.887809991837,3,6.27091,-56,8.81089350523825,8.62091998428653,1.528,-2.10704451208698
105.28928899765,3,0.153398,-56,8.81588319036458,8.61785646109182,1.528,-2.10699064790863
105.821717023849,3,0.392699,-55,8.82243788723338,8.61382966455807,1.528,-2.10724046394174
106.286023855209,3,0.546097,-55,8.82619448889543,8.61133028627228,1.528,-2.10938337553364
106.601716995239,3,0.730175,-55,8.82824767947397,8.60988971132749,1.528,-2.11133260709554
107.322109937668,3,1.03697,-54,8.83669582586717,8.60446292031053,1.528,-2.11339267651829
107.764111042023,3,1.15969,-53,8.84244263271517,8.60082441049107,1.528,-2.11378980371573
108.59293794632,3,1.41126,-53,8.85171515056706,8.59491735195078,1.528,-2.11286158070237
108.8931889534,3,1.49103,-53,8.85544777074484,8.592563354184,1.528,-2.11256173032798
109.333026885986,3,1.60761,-53,8.86091568893134,8.58911498103407,1.528,-2.11212247928252
110.107701063156,3,1.85305,-52,8.87114286707576,8.5827185271569,1.528,-2.10983928978193
110.668958902359,3,1.98804,-51,8.87957354436925,8.5780849292665,1.528,-2.11097605411592
111.174944877625,3,2.17212,-52,8.88725522695939,8.57387472979977,1.528,-2.11276087187691
111.548353910446,3,2.32551,-52,8.89242799124004,8.57063843624982,1.528,-2.11461334045263
112.372472047806,3,2.58322,-52,8.90363095221617,8.56359939937134,1.528,-2.11772666534014
112.970898866653,3,2.74889,-51,8.91157659556915,8.55860337776928,1.528,-2.11928893192893
113.318978071213,3,2.79798,-52,8.9161414665212,8.55575033342425,1.528,-2.12011816208389
114.04218506813,3,2.95751,-51,8.92482334609823,8.55029108439993,1.528,-2.12113713478251
114.495495080948,3,3.12318,-52,8.92992763796693,8.54706626031704,1.528,-2.12147977234131
115.101942062378,3,3.28885,-51,8.93664490045303,8.54228371310013,1.528,-2.12368285436568
115.709074020386,3,3.4668,-51,8.94413217817043,8.53729557955986,1.528,-2.12512157754166
116.205350875854,3,3.57724,-50,8.95077017745697,8.53308995786777,1.528,-2.1257515458395
116.830184936523,3,3.68769,-50,8.96037049278212,8.52699945151323,1.528,-2.12597010441221
117.341496944427,3,3.78586,-51,8.96765142008866,8.52236992934902,1.528,-2.12529649675312
118.027451992035,3,3.96994,-50,8.97668204556014,8.51661848278584,1.528,-2.12358770608784
118.467447042465,3,4.04971,-50,8.98217622142864,8.51312453839533,1.528,-2.12263152308156
119.372930049896,3,4.17243,-50,8.99517559793824,8.50444668158205,1.528,-2.12249356237816
119.82301902771,3,4.24606,-49,9.00168295182763,8.50015701219245,1.528,-2.12322976784061
120.444459915161,3,4.38105,-49,9.01011395711661,8.49482715058802,1.528,-2.12490130628051
121.221440076828,3,4.41786,-49,9.02049527443725,8.48820044693062,1.528,-2.12616913372
121.853470087051,3,4.4915,-49,9.02883018466475,8.48288958586945,1.528,-2.12520142864718
122.597056865692,3,4.61421,-49,9.03830415631421,8.47686863735302,1.528,-2.12323640325371
123.117249965668,3,4.68171,-49,9.04555993556022,8.47247976784139,1.528,-2.1219738413729
123.934059858322,3,4.7308,-49,9.06022807449588,8.46441405618348,1.528,-2.12153446733016
124.688492059708,3,4.76761,-49,9.07033279850684,8.45788306303404,1.528,-2.12064103461478
125.139760971069,3,4.82897,-49,9.07623627806247,8.4540973259111,1.528,-2.12217101285474
125.884366035461,3,4.93328,-49,9.08574024970233,8.44799136832928,1.528,-2.12384776323705
126.695338964462,3,4.95783,-49,9.09581613206775,8.44150922685798,1.528,-2.12313110507059
127.271023035049,3,4.96396,-49,9.1032171111985,8.43671573901969,1.528,-2.12155667325955
127.987361907959,3,5.01305,-49,9.11515145945775,8.4281572760534,1.528,-2.11600936426058
128.536035060883,3,5.01919,-49,9.12268462320388,8.42329388024453,1.528,-2.11480599437688
129.135717868805,3,5.00078,-49,9.13041350756761,8.41843795048,1.528,-2.11487215870059
129.879179000854,3,4.95783,-49,9.13966787386871,8.41262891135239,1.528,-2.11676915286568
130.217851877213,3,4.98851,-49,9.14419055213314,8.4097628186835,1.528,-2.11783894790087
131.135909080505,3,4.98237,-49,9.15674603252067,8.40183855990881,1.528,-2.11932956630149
131.621481895447,3,4.94555,-49,9.16322678299725,8.39791985191147,1.528,-2.11898124716211
132.347997903824,3,4.92101,-49,9.1719896234962,8.39311796472683,1.528,-2.11687901569301
132.820873975754,3,4.91487,-49,9.17788327444341,8.38940094623171,1.528,-2.11568465839878
133.519622087479,3,4.90874,-49,9.18702194609482,8.38369023341192,1.528,-2.11510979679357
134.185672044754,3,4.9026,-49,9.19611421214358,8.3780428941955,1.528,-2.11599042813613
134.916970014572,3,4.88419,-49,9.20604128528253,8.37184056832481,1.528,-2.11780654118965
135.571662902832,3,4.87806,-49,9.21480101964166,8.36636672887061,1.528,-2.1179417959436
136.350086927414,3,4.85352,-49,9.22871567790869,8.35777324757813,1.528,-2.11640379100852
136.694400072098,3,4.81056,-49,9.23377544197149,8.35458293016118,1.528,-2.11593851353217
137.55987906456,3,4.71852,-49,9.2446073367228,8.34759358865994,1.528,-2.11514222993762
138.182609081268,3,4.69398,-49,9.25254684980935,8.34242482084822,1.528,-2.11453662728167
138.92172908783,3,4.68785,-49,9.26182270336082,8.33636587515435,1.528,-2.11555662245603
139.518112897873,3,4.6633,-49,9.26931654191826,8.33155564900467,1.528,-2.11704128696346
140.163825035095,3,4.60194,-49,9.27667781784668,8.32581701798048,1.528,-2.11827259231319
140.680543899536,3,4.54058,-49,9.28206167993949,8.32090466434325,1.528,-2.11889785012537
141.270125865936,3,4.50377,-48,9.28887129936932,8.31646548205671,1.528,-2.11903432983968
141.960591077805,3,4.39946,-48,9.29799637073369,8.31054331259004,1.528,-2.1179977352814
142.872336864471,3,4.30128,-48,9.3107910140488,8.30233409077884,1.528,-2.11654457055286
143.604755878448,3,4.26447,-48,9.32060435209155,8.29604055254982,1.528,-2.11667304022361
144.036438941956,3,4.22152,-48,9.32628433714078,8.29235885829297,1.528,-2.11712969912717
144.718473911285,3,4.12948,-48,9.33564947541889,8.28607003575378,1.528,-2.11841950859063
145.248334884644,3,4.06198,-48,9.34231047940122,8.28184402296811,1.528,-2.11971018592763
146.039324998856,3,4.01903,-48,9.35195280335741,8.27582807931965,1.528,-2.12044610935908
146.699877977371,3,3.9454,-48,9.35955664841846,8.2710922657272,1.528,-2.11943931211764
147.354599952698,3,3.87177,-48,9.36623217247588,8.26692488654685,1.528,-2.11733247042091
148.071780920029,3,3.77359,-47,9.37465938545519,8.26172128307737,1.528,-2.11511526205898
148.40739607811,3,3.7061,-47,9.37839446109741,8.25927969565033,1.528,-2.11422770085771
149.100345849991,3,3.65701,-47,9.38590474521631,8.2542350408513,1.528,-2.11282294154731
149.80872797966,3,3.57724,-47,9.39458427165072,8.24914053620501,1.528,-2.11444392029841
150.419133901596,3,3.50975,-46,9.40346561382588,8.24390989719543,1.528,-2.1132513515033
151.055335998535,3,3.43612,-46,9.41222692229938,8.23874495740197,1.528,-2.11190568358899
151.723936080933,3,3.3993,-46,9.42103353134941,8.23354019967493,1.528,-2.11088151220154
152.366756916046,3,3.30726,-46,9.42983178769874,8.22831853000517,1.528,-2.11032335904415
153.025924921036,3,3.23977,-47,9.44076931688888,8.2222506794204,1.528,-2.10747668932421
153.790549039841,3,3.15386,-47,9.45166088228639,8.21588990913578,1.528,-2.10752806959426
154.305806875229,3,3.0741,-47,9.45861520138288,8.21170013558394,1.528,-2.10849921042142
155.191796064377,3,2.96365,-47,9.47096424871591,8.20424358750294,1.528,-2.10980192351916
155.605465888977,3,2.9207,-47,9.47648956847812,8.20089905766457,1.528,-2.11046202809252
156.244672060013,3,2.80412,-47,9.48497057951956,8.19571844722929,1.528,-2.11155290059776
156.922425985336,3,2.71821,-47,9.49441171266083,8.19045086912958,1.528,-2.11154966513578
157.593563079834,3,2.57095,-48,9.50411506809894,8.18545516819124,1.528,-2.11018877653075
158.2531208992,3,2.42369,-48,9.51262376380363,8.18022562279466,1.528,-2.10965261214388
158.811397075653,3,2.2887,-49,9.51969865726557,8.1758562579745,1.528,-2.11124199631894
159.514209985733,3,2.11076,-49,9.52880574025345,8.17022224624875,1.528,-2.11348886998971
160.313188076019,3,1.93895,-49,9.53876331018175,8.16405150030891,1.528,-2.11505621762504
160.752778053284,3,1.82237,-50,9.54378799557508,8.16093377382992,1.528,-2.11518233924636
161.469537973404,3,1.61375,-50,9.55286284234162,8.15480298925421,1.528,-2.11594212510024
162.406481027603,3,1.36831,-51,9.56445364105482,8.14743502166294,1.528,-2.1141420566211
162.97856593132,3,1.16583,-51,9.57211033086011,8.14270662729813,1.528,-2.11446718946046
163.659399986267,3,0.914253,-52,9.58080093696722,8.13733056682037,1.528,-2.11618306498954
164.164161920547,3,0.717903,-52,9.58657515325006,8.13374318138507,1.528,-2.11802589997342
164.826001882553,3,0.460194,-52,9.59465661071313,8.12871018200305,1.528,-2.11854594703517
165.451840877533,3,0.233165,-53,9.60435730607408,8.12235218475268,1.528,-2.11787544706808
166.289187908173,3,6.20955,-53,9.61640268214352,8.11444155787928,1.528,-2.11588466541712
166.899853944778,3,5.93957,-53,9.6233047420553,8.11006988910992,1.528,-2.11451658207113
167.575173854828,3,5.79231,-52,9.63203872994752,8.10461319498588,1.528,-2.11478695880701
168.13262295723,3,5.60823,-53,9.63892547005286,8.10030987902916,1.528,-2.11508721239129
168.918009996414,3,5.30144,-53,9.64935852804859,8.09380693662282,1.528,-2.11727595397373
169.308888912201,3,5.1419,-52,9.65473704260496,8.0903856191671,1.528,-2.11890108329734
169.859965085983,3,5.02532,-52,9.66159986277518,8.08481119636846,1.528,-2.12122537805311
170.697021961212,3,4.79829,-52,9.67222220608564,8.07760603145503,1.528,-2.1207782113952
171.328645944595,3,4.64489,-52,9.67971263055732,8.07300063089919,1.528,-2.11851101546526
171.987727880478,3,4.44241,-51,9.68697036243082,8.06854887041028,1.528,-2.11632663877182
172.609309911728,3,4.32583,-51,9.69358969328024,8.06448501131578,1.528,-2.11635592784637
173.235171079636,3,4.1847,-51,9.70194892234498,8.05935327370555,1.528,-2.11710585501084
174.053452968597,3,3.9454,-52,9.71266389443171,8.0536065346327,1.528,-2.11874111478588
174.513872861862,3,3.80427,-52,9.71850579188012,8.05045330159165,1.528,-2.11912480814239
175.092939853668,3,3.64474,-52,9.7258200215238,8.04591343491626,1.528,-2.11817048181423
175.900603055954,3,3.41157,-52,9.73577861443526,8.03982050945539,1.528,-2.11603766885357
176.59241604805,3,3.21522,-52,9.74337731687434,8.035132830806,1.528,-2.11394738105349
176.995221853256,3,3.10478,-53,9.74775061393829,8.03243776321674,1.528,-2.11302951753804
177.909905910492,3,2.85934,-52,9.75734500362977,8.02609944632952,1.528,-2.11395858833981
178.290022850037,3,2.71821,-53,9.75926281568141,8.02366633431074,1.528,-2.11495782218915
178.975641965866,3,2.47891,-53,9.76558932618931,8.01870651011483,1.528,-2.11752045391443
179.395331859589,3,2.34392,-53,9.7709675711164,8.0153705111877,1.528,-2.11948834629789
179.778498888016,3,2.16598,-53,9.77574158824299,8.01237924992534,1.528,-2.11935416110754
180.603354930878,3,1.93895,-53,9.78542957916922,8.0063287122061,1.528,-2.11765219837982
181.083023071289,3,1.81623,-53,9.79051880184046,8.00318336857299,1.528,-2.11598034906132
181.62923002243,3,1.60148,-54,9.79716220978076,7.99909978542039,1.528,-2.11491243138328
182.353417873383,3,1.36217,-54,9.80800550214483,7.9921726462202,1.528,-2.11603766626785
182.926923036575,3,1.20878,-53,9.81771044966547,7.98586209363952,1.528,-2.11855536848841
183.335808992386,3,1.06151,-54,9.82281568077153,7.98282078492425,1.528,-2.11893243123288
183.744273900986,3,0.93266,-54,9.82801544044444,7.97971412589574,1.528,-2.11934194833143
184.47566986084,3,0.619728,-54,9.83812134616605,7.97360559041675,1.528,-2.12033696473381
184.986334085464,3,0.460194,-54,9.84481504989508,7.96955924461298,1.528,-2.11911462930102
185.484273910522,3,0.306796,-54,9.85149372387986,7.96552412754565,1.528,-2.117768626793
186.175906896591,3,0.0674952,-55,9.86157076857252,7.959445129853,1.528,-2.11590068680119
186.80112195015,3,6.16047,-55,9.8721414692282,7.95297408654519,1.528,-2.1152829526811
187.112436056137,3,6.00093,-55,9.87726043256401,7.94983556031267,1.528,-2.11510176947136
187.737066984177,3,5.79845,-55,9.88366223651994,7.94585339552966,1.528,-2.11674014583923
188.199689865112,3,5.63891,-56,9.88893266566859,7.94259545699524,1.528,-2.11767710793451
188.64278793335,3,5.47938,-56,9.89427917831741,7.93930087742355,1.528,-2.11841851886823
189.36123085022,3,5.17872,-56,9.90361999065272,7.93349996997044,1.528,-2.11915921082461
189.750848054886,3,4.98851,-57,9.90866342932399,7.93035871970121,1.528,-2.11902270611417
190.101708889008,3,4.87192,-57,9.91306934226129,7.92760708680873,1.528,-2.11816875107857
190.846893072128,3,4.54058,-57,9.92057843181574,7.92234196633956,1.528,-2.11724963859185
191.357034921646,3,4.29515,-58,9.92491036833072,7.91896642211576,1.528,-2.11715627029403
192.035518884659,3,4.0313,-58,9.93412061573662,7.91314100064617,1.528,-2.11687620195414
192.628992080688,3,3.72451,-58,9.94129582780162,7.90861177965173,1.528,-2.11735190186334
193.076118946075,3,3.50361,-58,9.94661318001946,7.90525416802631,1.528,-2.11803399202483
193.747405052185,3,3.21522,-59,9.95505081360365,7.89990625727151,1.528,-2.12042261679794
194.236055850983,3,2.92684,-60,9.96168777135345,7.89572617476216,1.528,-2.12156497754817
194.526058912277,3,2.77957,-60,9.96567768848667,7.89321578054873,1.528,-2.12218144543142
194.979851961136,3,2.49732,-60,9.97081494398255,7.89014179482068,1.528,-2.12140187303457
195.468076944351,3,2.21507,-60,9.97580858978695,7.88724651223604,1.528,-2.1197220358122
196.115170001984,3,1.82851,-60,9.98416145210992,7.88212231931307,1.528,-2.11734084202484
196.664450883865,3,1.57693,-60,9.99160228931342,7.87753202982826,1.528,-2.11742559120174
197.056746006012,3,1.44808,-60,9.9970510107668,7.87416537897406,1.528,-2.11873882380444
197.501488924026,3,1.19037,-59,10.0026957599103,7.8706691394928,1.528,-2.11998745003726
198.051281929016,3,0.944932,-59,10.0094054847842,7.86650860652686,1.528,-2.12140996206495
198.479815006256,3,0.834486,-59,10.0156403939087,7.86258666883243,1.528,-2.12080572661928
199.42193198204,3,0.454058,-58,10.0314924688318,7.85317183315373,1.528,-2.12035638648607
200.059319019318,3,0.153398,-58,10.0413394939454,7.84731184911265,1.528,-2.1209893534021
200.375524044037,3,0.00613592,-58,10.0453225730651,7.84482149403688,1.528,-2.12151794894882
200.845566034317,3,6.15433,-58,10.0511217132932,7.84118883081133,1.528,-2.12170499303967
201.463454961777,3,5.87208,-58,10.0586232218707,7.83648284238001,1.528,-2.12133226526346
201.906283855438,3,5.74936,-58,10.0640725718695,7.83307063256771,1.528,-2.12054796629168
202.365962028503,3,5.59596,-58,10.0697317920748,7.82952369075272,1.528,-2.11968542278249
203.397853851318,3,5.23394,-58,10.0818831533749,7.82118975391724,1.528,-2.11728238373845
203.706847906113,3,5.13577,-58,10.0847718519915,7.81836687375012,1.528,-2.11728604031898
204.314812898636,3,4.89033,-58,10.0913723425059,7.81316706862492,1.528,-2.11704528252815
204.682229042053,3,4.76761,-58,10.0960394651338,7.81028678723174,1.528,-2.11671636150486
205.256563901901,3,4.51604,-58,10.103904937662,7.80547198802619,1.528,-2.1176693373246
205.506316900253,3,4.37491,-58,10.1074438384656,7.80331325853597,1.528,-2.11838891382134
206.077128887177,3,4.19084,-58,10.1147593677256,7.7988388187956,1.528,-2.11861389768642
206.57949590683,3,4.02517,-59,10.120802746684,7.79513581765607,1.528,-2.11802480740299
207.264397859573,3,0.595185,-59,10.1289159099328,7.79016650516619,1.528,-2.1146157186148
207.648938894272,3,3.54043,-58,10.133663856418,7.78714769391036,1.528,-2.11299124035817
208.106981992722,3,3.38703,-58,10.1395130007291,7.783322037361,1.528,-2.11134715655183
208.355192899704,3,3.35021,-58,10.1426177209942,7.78131127801292,1.528,-2.11057146365679
209.055485963821,3,3.0741,-58,10.1505642511414,7.77641919539106,1.528,-2.10982647645549
209.396862983704,3,2.88388,-58,10.1548103292358,7.77379324737604,1.528,-2.11050171106458
209.868890047073,3,2.71821,-58,10.1608949956851,7.77002398497384,1.528,-2.11203095466776
210.222270011902,3,2.58936,-58,10.1658349959107,7.76698300250552,1.528,-2.11192100092172
211.101451873779,3,2.14757,-59,10.1785784112483,7.75915557101597,1.528,-2.10969814010093
211.608156919479,3,1.9635,-59,10.1853020930185,7.75499182313077,1.528,-2.10964879197785
211.943427085876,3,1.92054,-59,10.1892920418411,7.75224804659482,1.528,-2.10921228295201
212.176086902618,3,1.84691,-59,10.1919435144378,7.75034688432866,1.528,-2.10880609991591
212.82307100296,3,1.55239,-60,10.1996739339114,7.74517359182395,1.528,-2.10923268555212
213.06845498085,3,1.50944,-60,10.2027627377744,7.74326134143237,1.528,-2.11007789460919
213.492918014526,3,1.38058,-60,10.2080860903168,7.73996697481325,1.528,-2.11127518153993
213.982455968857,3,1.27014,-60,10.2141478760498,7.73622068200883,1.528,-2.11160830670184
214.369642019272,3,1.1106,-61,10.2189896100865,7.73323321276272,1.528,-2.11166635001288
214.475116968155,3,1.01856,-61,10.2203612852585,7.73239215930203,1.528,-2.11145337939408
214.962782859802,3,0.82835,-62,10.226703257479,7.72850352896684,1.528,-2.11046870475984
215.364417076111,3,0.546097,-62,10.2322531417189,7.72511280484051,1.528,-2.11024557826299
215.804872989655,3,0.349748,-63,10.2387219460319,7.72117413769831,1.528,-2.11068900436509
216.198395013809,3,0.202485,-63,10.2441397223689,7.7175884193121,1.528,-2.1119138796932
216.464334011078,3,0.122718,-64,10.2475224800682,7.71511382539154,1.528,-2.11337974136289
216.774640083313,3,6.15433,-64,10.251469589239,7.71222639057471,1.528,-2.1150901553369
223.45173406601,3,1.15049,-67,10.3366821348702,7.65938890765952,1.528,-2.11657851108031
223.85605096817,3,0.846757,-65,10.3420823515535,7.65612156773219,1.528,-2.11635561688341
224.248502016068,3,0.644272,-66,10.3474530044151,7.65287065927441,1.528,-2.11628907782141
224.65571308136,3,0.674952,-63,10.3526997415324,7.65003535973838,1.528,-2.11643886256181
225.324132919312,3,0.349748,-64,10.3609412941197,7.64596443550298,1.528,-2.11698934621881
225.773149967194,3,0.0920388,-63,10.3667068241872,7.64249482187309,1.528,-2.11789535808655
226.241456985474,3,0.0552233,-63,10.3726527257763,7.63890341981617,1.528,-2.11865945101267
226.790895938873,3,6.14206,-62,10.3792421107354,7.63484642593936,1.528,-2.11851732702335
227.343113899231,3,5.97025,-61,10.3858721431769,7.63078777151369,1.528,-2.11675431498874
227.742573976517,3,5.85981,-61,10.3906716850068,7.62786099208411,1.528,-2.1146933352618
228.291254043579,3,5.78004,-59,10.3973813802328,7.62375007635721,1.528,-2.11373467898478
228.593023061752,3,5.70641,-60,10.4010894893763,7.62147529401723,1.528,-2.11349222569463
229.369448900223,3,5.43643,-60,10.4077056470162,7.61827146318658,1.528,-2.112607139916
229.601291894913,3,5.3628,-59,10.4098501107601,7.61717039959151,1.528,-2.11272303143876
230.553334951401,3,5.16645,-59,10.422058490317,7.60970644127146,1.528,-2.11627680547292
230.978384017944,3,5.07441,-59,10.4278899506363,7.60613718538637,1.528,-2.11609582911818
231.8128490448,3,4.84738,-59,10.4392433869749,7.59918726571275,1.528,-2.11592092706978
232.120671033859,3,4.71239,-60,10.443374495755,7.59665349048474,1.528,-2.11569993318012
232.787276983261,3,4.49763,-59,10.451794286171,7.59142849904901,1.528,-2.11291432027613
233.284175872803,3,4.32583,-59,10.4594639176849,7.58702594615524,1.528,-2.11173656846669
233.551167011261,3,4.2706,-59,10.4638643321906,7.58455857087884,1.528,-2.11128395440325
233.963403940201,3,4.12334,-59,10.4700606024714,7.58093708210859,1.528,-2.11106130832786
234.459320068359,3,3.95767,-60,10.4766865868739,7.57684101902343,1.528,-2.11145284376982
234.795453071594,3,3.90858,-60,10.4811584471883,7.5740836799203,1.528,-2.11232544944905
235.586418867111,3,3.56497,-61,10.4914578911722,7.56773568746919,1.528,-2.11481664430428
236.082962036133,3,3.36862,-61,10.4972257506791,7.56414933522133,1.528,-2.11446257768109
236.493895053864,3,3.05569,-62,10.5019337605952,7.56123419348677,1.528,-2.1140518736059
237.172038078308,3,2.73662,-62,10.5095247475028,7.55656773416668,1.528,-2.1130530595391
237.59330201149,3,2.46664,-63,10.5157321109638,7.55254391526316,1.528,-2.11383428146185
237.711725950241,3,2.42369,-63,10.5174932864512,7.55140054895472,1.528,-2.11406910486016
238.579251050949,3,2.00645,-63,10.5297944054062,7.54371289653448,1.528,-2.11595906756771
239.062483072281,3,1.81623,-64,10.53647106221,7.53962651867055,1.528,-2.1172073096465
239.410845041275,3,1.58307,-65,10.5413130876518,7.53664126992708,1.528,-2.11827975825676
