35.4269909858704,4,0.935728,-66,11.4574957825655,7.34514336276882,1.928,0.577499349627205
35.6015768051147,4,0.889709,-65,11.4587367217143,7.34317309973439,1.928,0.577690715506461
36.0100967884064,4,0.889709,-65,11.4622225897236,7.33669435530899,1.928,0.577281405612589
36.200562953949,4,0.865165,-65,11.4639281746468,7.33341584206776,1.928,0.576972268345262
36.626592874527,4,0.816078,-65,11.4676869964889,7.3266066841928,1.928,0.576570677611734
36.8726828098297,4,0.779262,-65,11.4697823695344,7.32338107962579,1.928,0.576730052955497
37.1861798763275,4,0.724039,-64,11.4724516916348,7.3192719413622,1.928,0.576933083212222
37.4891939163208,4,0.699495,-65,11.4750305363736,7.31532843203032,1.928,0.576730864694618
37.7904059886932,4,0.711767,-64,11.4775935506224,7.31141983530091,1.928,0.576368037990023
38.0979118347168,4,0.681087,-64,11.4802198967425,7.30739868320545,1.928,0.57615142569184
38.3761229515076,4,0.595185,-63,11.4826251355964,7.30366871279819,1.928,0.576413041671793
38.62229180336,4,0.570641,-64,11.4847533571208,7.30036833234183,1.928,0.576644526689913
38.8763289451599,4,0.607456,-63,11.4870092895626,7.29689838502576,1.928,0.576720908929552
39.230132818222,4,0.595185,-64,11.49028294156,7.29192425268522,1.928,0.576468564921417
39.5870997905731,4,0.527689,-63,11.4936237998459,7.2869510547089,1.928,0.576274431957901
39.8054809570313,4,0.564505,-63,11.4959125956313,7.28420177500959,1.928,0.576546090219567
39.9311668872833,4,0.582913,-63,11.497229876934,7.28261946925432,1.928,0.576702438964663
40.4886169433594,4,0.49701,-63,11.5027453234107,7.27566894834137,1.928,0.577495474175146
40.6732869148254,4,0.429515,-63,11.5042195668983,7.2734391550663,1.928,0.577865647500874
40.9769849777222,4,0.435651,-63,11.5066440265324,7.26977215986981,1.928,0.578474414162109
41.2195580005646,4,0.460194,-63,11.5085127413061,7.26695764198952,1.928,0.578983558930644
41.6067869663239,4,0.411107,-63,11.5111680172237,7.26301817808258,1.928,0.579907112172551
41.9104368686676,4,0.435651,-63,11.5132501813808,7.25992900362405,1.928,0.580631326723921
42.1187999248505,4,0.319068,-62,11.5150017958041,7.25730730629387,1.928,0.580906360645432
42.4427359104156,4,0.30066,-63,11.5178877112993,7.25297843305109,1.928,0.581222088415279
42.664214849472,4,0.325204,-63,11.5198608465191,7.25001873022138,1.928,0.581437955298281
43.1727328300476,4,0.30066,-63,11.5243290389015,7.24334086006538,1.928,0.580495833166941
43.4820687770844,4,0.288388,-63,11.5270019202432,7.23935492629209,1.928,0.579912466328427
43.7374107837677,4,0.251573,-63,11.5285983800436,7.23708251861886,1.928,0.580671633914328
44.0803878307343,4,0.122718,-63,11.5307427552485,7.23403020582711,1.928,0.581691352761795
44.3850119113922,4,0.116583,-64,11.5329797772557,7.23078776395957,1.928,0.581880607131241
44.6541178226471,4,0.079767,-63,11.5351963443822,7.22753910776487,1.928,0.581529766115759
44.921532869339,4,0.0184078,-64,11.5373989842233,7.22431086374772,1.928,0.581181129528405
45.1362287998199,4,0.0122718,-64,11.5391484481164,7.22176386680961,1.928,0.581356857071142
45.5102159976959,4,6.16047,-64,11.5421789216619,7.21736734903516,1.928,0.582071582601177
45.8537268638611,4,6.20955,-64,11.5449766924677,7.21330132536821,1.928,0.582693634387856
46.111377954483,4,6.12365,-64,11.5471288185801,7.21014701515575,1.928,0.583030586670226
46.4501287937164,4,6.06843,-64,11.5499583603644,7.20599983600315,1.928,0.583473600003329
47.1103048324585,4,5.95185,-65,11.5559389252671,7.19730197652199,1.928,0.583843735145323
47.3600389957428,4,5.88435,-65,11.5582525269723,7.19394404071379,1.928,0.583929531208557
47.5513129234314,4,5.82299,-65,11.5597526742479,7.1913325015054,1.928,0.583615489013852
47.9069547653198,4,5.66959,-65,11.5624960597758,7.18647008715607,1.928,0.582967482432278
57.8183698654175,4,3.4852,-65,11.6520734552036,7.05212114443439,1.928,0.584880832863122
58.0900008678436,4,3.33794,-65,11.6543175256606,7.04864283522613,1.928,0.584181664661382
58.2390658855438,4,3.23363,-65,11.6555490213271,7.046734016943,1.928,0.583797976792777
59.1794199943542,4,3.37476,-65,11.6627473348951,7.03564885221797,1.928,0.583100544803151
59.4555068016052,4,3.3134,-65,11.6653503882964,7.0315106647596,1.928,0.585122917061034
59.8176929950714,4,3.27658,-65,11.668765220074,7.02608195783107,1.928,0.587775978672879
60.1418249607086,4,3.25204,-65,11.6715791898293,7.02167522063292,1.928,0.588676914535706
60.313248872757,4,3.23363,-65,11.672968137216,7.01952983113097,1.928,0.588549131376128
60.7514548301697,4,3.21522,-65,11.6765186629981,7.01404563438448,1.928,0.588222483004175
61.009614944458,4,3.21522,-65,11.6785801433311,7.01083757688133,1.928,0.588198828829463
61.1547169685364,4,3.19682,-65,11.6797381357069,7.00903496874959,1.928,0.588189371891727
61.5274448394775,4,3.23363,-65,11.6827107972615,7.0044091093086,1.928,0.588173211211593
62.1222059726715,4,3.14159,-64,11.6873769661106,6.99721213701579,1.928,0.588476907624828
62.6372067928314,4,3.11705,-64,11.6916155293387,6.99052482476603,1.928,0.588139046844368
62.8104069232941,4,3.10478,-64,11.6930666549879,6.98821684397164,1.928,0.587947636461121
63.4152269363403,4,3.0741,-65,11.6993642530262,6.97973980028345,1.928,0.588865520515607
63.6666958332062,4,2.92684,-64,11.7022485596272,6.97612501168456,1.928,0.58959004579332
64.0430507659912,4,2.98819,-65,11.7057842387124,6.97113933913884,1.928,0.589908727525015
64.1592969894409,4,3.03115,-64,11.7067116081183,6.96968887542751,1.928,0.589845695385711
64.6824579238892,4,3.01887,-65,11.7108044105291,6.96328323723968,1.928,0.589623382266222
64.9606318473816,4,3.02501,-65,11.7126540987505,6.96037081905831,1.928,0.589753196748671
65.3913249969482,4,2.85934,-65,11.7155179475103,6.95586155901108,1.928,0.589954186861631
65.5024168491364,4,2.84093,-65,11.7162934496218,6.95464704690497,1.928,0.590060173108108
65.9414598941803,4,2.68753,-65,11.7195141251562,6.94962957344084,1.928,0.590708263430558
66.5823419094086,4,2.58322,-65,11.7242077209183,6.94231195536738,1.928,0.591243687982559
66.8905138969421,4,2.54641,-65,11.7264617102767,6.93879573196839,1.928,0.59134368314682
67.2218008041382,4,2.49732,-65,11.727972704483,6.93550411589868,1.928,0.591897300967626
67.5994498729706,4,2.36847,-65,11.7293233258724,6.93195094270493,1.928,0.592710271150116
67.8049459457397,4,2.45437,-65,11.7305122457553,6.929691349487,1.928,0.592854744001291
68.1963248252869,4,2.29484,-65,11.7336856914425,6.9247347295564,1.928,0.592533369660262
68.5375108718872,4,2.25802,-65,11.7364727178697,6.92038311626189,1.928,0.592259375119743
68.8610458374023,4,2.1353,-65,11.7392153631194,6.91610781631381,1.928,0.592029476914988
69.6018068790436,4,5.2094,-66,11.7451769230221,6.90677238470187,1.928,0.591813380767284
93.0019664764404,4,1.11367,-66,11.8949598744075,6.79264882220032,1.928,1.2527103326356
93.2939703464508,4,1.14128,-64,11.8991562326425,6.79116455475052,1.928,1.2527336457369
93.6207103729248,4,1.11674,-65,11.9041736892239,6.78940068723596,1.928,1.25293016292554
93.9512155056,4,1.17196,-64,11.9093538208009,6.78758293197349,1.928,1.25318446029386
94.2544643878937,4,1.264,-64,11.9139531661494,6.78594588063472,1.928,1.25347898746121
94.6502993106842,4,1.22718,-64,11.9198177425759,6.78383688872752,1.928,1.25391883069319
94.9677143096924,4,1.17196,-64,11.9237952439057,6.78161737667444,1.928,1.2542354766771
95.310934305191,4,1.15969,-64,11.9275727739275,6.77883617019588,1.928,1.25455184481643
95.8379154205322,4,1.24559,-64,11.9343153195443,6.77569014061754,1.928,1.25494745255545
96.2636384963989,4,1.24559,-64,11.9401921052761,6.77367757126739,1.928,1.25522316611886
96.5428605079651,4,1.28241,-64,11.9436354084078,6.7724652416231,1.928,1.25534152966402
96.901130437851,4,1.30082,-64,11.9480535127136,6.77090970073209,1.928,1.25549340199953
97.2889533042908,4,1.35604,-64,11.9532229415068,6.76911390769142,1.928,1.25564823586894
97.6207463741302,4,1.3499,-64,11.9578193050831,6.76752727834152,1.928,1.25577640369943
97.8936953544617,4,1.33763,-64,11.9616350160855,6.76621243136479,1.928,1.25580870355554
98.2389373779297,4,1.35604,-63,11.9665277204198,6.76453086113727,1.928,1.2557089493895
98.6145133972168,4,1.34377,-63,11.9711431868203,6.76337778194525,1.928,1.25542598793168
98.9287233352661,4,1.40513,-63,11.973425008394,6.76392362945895,1.928,1.25479960553891
99.3184974193573,4,1.46035,-64,11.9770716973375,6.76386842319853,1.928,1.25427893020013
99.674334526062,4,1.46649,-64,11.9824469551024,6.76198201198293,1.928,1.25444627313055
100.097612380981,4,1.37445,-64,11.9891218542825,6.75965858410265,1.928,1.25453252859743
100.441507339478,4,1.5033,-64,11.9948490653474,6.75768482623977,1.928,1.2544804630423
100.876975536346,4,1.48489,-64,12.001595600862,6.75535244300382,1.928,1.25484563422888
101.083069324493,4,1.46035,-63,12.0045829494167,6.75431646341328,1.928,1.2551937014458
101.577115535736,4,1.44194,-63,12.0119623914612,6.75174331147762,1.928,1.25596985281399
101.824308395386,4,1.42967,-63,12.0158411474707,6.75037917271157,1.928,1.25630842219448
102.152262449265,4,1.43581,-63,12.0209775462996,6.74858028108382,1.928,1.25675324955922
102.516914367676,4,1.44808,-63,12.0260691596305,6.74728555655109,1.928,1.25696661240357
102.928104400635,4,1.46649,-63,12.0318004617256,6.74578235502036,1.928,1.25724501292392
103.196650505066,4,1.39285,-63,12.0354577311818,6.74443396779662,1.928,1.2577474256977
103.794279336929,4,1.31002,-64,12.0438056597387,6.74138213859364,1.928,1.25858712088502
104.110572338104,4,1.3315,-63,12.0485050833148,6.73969817847886,1.928,1.25865674197503
104.435087442398,4,1.27014,-63,12.0533585691144,6.73796656022791,1.928,1.25879468876284
104.820281505585,4,1.25786,-63,12.059230543249,6.73589764971507,1.928,1.25918981225601
105.06832242012,4,1.25786,-63,12.0630142169927,6.73456520872239,1.928,1.25940857830073
105.39905333519,4,1.22718,-63,12.0681152179915,6.73278425578744,1.928,1.25889847820085
105.712093353271,4,1.16583,-64,12.0729433648994,6.7310985665653,1.928,1.25841566351006
106.095018386841,4,1.19037,-63,12.0796836812439,6.72876751284631,1.928,1.25764208425797
106.370621442795,4,1.11674,-63,12.0847314795331,6.72702638821902,1.928,1.25704220098302
106.646997451782,4,1.03084,-63,12.0893825349582,6.72541031602465,1.928,1.25657087325209
107.090742349625,4,1.10447,-64,12.0954141139758,6.72326969680468,1.928,1.25626929430121
107.56098651886,4,1.00629,-64,12.102226188463,6.72088289859617,1.928,1.25616825823287
107.884229421616,4,1.04924,-64,12.1071620536397,6.71917090932318,1.928,1.25623051238825
108.310865402222,4,1.00629,-64,12.1138260500433,6.71687121521031,1.928,1.25661465815671
108.629843473434,4,0.987884,-64,12.1188709427426,6.71513504493003,1.928,1.25702824845908
108.905370473862,4,1.00016,-64,12.1230117791154,6.71371006424559,1.928,1.25721492529725
109.312601327896,4,0.957204,-64,12.1289211487753,6.71167654586262,1.928,1.25732500179091
109.557039499283,4,0.969476,-64,12.1325060272082,6.71059693155483,1.928,1.25772417119253
109.860287427902,4,0.987884,-64,12.1370062271127,6.70945457311754,1.928,1.25868479078752
110.277079343796,4,0.975612,-64,12.1430916136441,6.70775827242451,1.928,1.25953538647066
110.637878417969,4,0.96334,-64,12.1481775268516,6.70605976933447,1.928,1.25941543568746
110.998554468155,4,0.969476,-64,12.153224505204,6.70436939590781,1.928,1.25941919798941
111.500883340836,4,0.975612,-64,12.1601252460282,6.70204120204096,1.928,1.25985130045223
111.812879323959,4,1.03084,-64,12.1641870475388,6.70066748067565,1.928,1.26002333150852
112.133926391602,4,1.00016,-64,12.168079982205,6.69934636774108,1.928,1.26007716996666
112.38458442688,4,0.987884,-64,12.1711193974597,6.69831490660677,1.928,1.26011920443295
112.790885448456,4,1.06765,-64,12.1766038331869,6.69644128905009,1.928,1.2610989896365
113.217153310776,4,1.04311,-64,12.1826234792755,6.69443119024788,1.928,1.26198295552442
113.352935314178,4,1.05538,-64,12.1850029102489,6.69377733035437,1.928,1.26130201267674
113.755626440048,4,1.04311,-64,12.1920596314167,6.69183816632614,1.928,1.25928252824497
114.063076496124,4,0.96334,-64,12.1968134494701,6.69036301108893,1.928,1.25846937155583
114.527935504913,4,0.954136,-65,12.2033694081793,6.68813795843612,1.928,1.25796608583674
136.440838336945,4,2.8348,-65,12.5057114431979,6.5816001093127,1.928,1.2615803392833
136.764306306839,4,2.85934,-65,12.5101757986576,6.58008244526335,1.928,1.26137963865514
137.012575387955,4,2.77344,-65,12.513727617156,6.57887687609993,1.928,1.26137622344504
137.360021352768,4,2.75503,-65,12.5186982925196,6.57718971417364,1.928,1.2613714439495
137.716978311539,4,2.74276,-65,12.5238188275536,6.57546178082354,1.928,1.261531234891
137.991957426071,4,2.65685,-65,12.5277678191344,6.57413241732109,1.928,1.26170718006044
138.339316368103,4,2.62004,-64,12.532888422062,6.57240579707718,1.928,1.26161732166873
138.84706735611,4,2.50959,-65,12.5405726054428,6.56981057287874,1.928,1.26101563561155
139.039377450943,4,2.49118,-64,12.5431467879877,6.56885348290969,1.928,1.26170942605262
139.41751241684,4,2.45437,-64,12.5481245562371,6.56697802073086,1.928,1.26330331750219
139.777722358704,4,2.36233,-64,12.5530628456044,6.56521235080209,1.928,1.26430950944172
140.014632463455,4,2.33165,-65,12.5564780795876,6.56406885728095,1.928,1.26453515882989
140.430688381195,4,2.17212,-65,12.5624564780226,6.56206813327327,1.928,1.26495310946224
140.794674396515,4,2.11076,-64,12.5674901765291,6.5603934605009,1.928,1.2655387609231
141.097016334534,4,1.9635,-64,12.5716713760747,6.55900240757514,1.928,1.26602522740869
141.204600334167,4,1.97577,-64,12.5732006093349,6.55849413727748,1.928,1.26619383739261
141.691986322403,4,1.93895,-64,12.5803085310818,6.55613377081058,1.928,1.26693815750007
141.958270311356,4,1.80396,-64,12.5842577577538,6.55482540577745,1.928,1.26704298224206
142.174765348434,4,1.7426,-64,12.5875893755368,6.55372720584159,1.928,1.26657408788742
142.671000480652,4,1.5708,-65,12.5948957472575,6.55124170109699,1.928,1.26544784611303
142.874590396881,4,1.5892,-64,12.5973033799844,6.55027864800625,1.928,1.26489380050962
143.326607465744,4,1.36217,-64,12.6027818192917,6.54812869121224,1.928,1.26374157171386
143.496588468552,4,1.34377,-64,12.6052788370121,6.54728157211647,1.928,1.26356421344587
143.974831342697,4,1.22105,-64,12.6123042157993,6.54489819594845,1.928,1.26306521457874
144.250091314316,4,1.12901,-63,12.616243312958,6.54358437438031,1.928,1.26292702241621
144.610742330551,4,1.07379,-63,12.621385267874,6.54187359311855,1.928,1.26277324432526
144.980631351471,4,1.04311,-63,12.6265880513584,6.54015829555495,1.928,1.26298057211902
145.239604473114,4,0.96334,-63,12.6301974919869,6.53897577405381,1.928,1.26329682786933
145.602021455765,4,0.895845,-63,12.6351937060211,6.53733130218894,1.928,1.26365984265053
145.963985443115,4,0.834486,-63,12.6400164690732,6.53572049932957,1.928,1.26378041172683
146.254015445709,4,0.779262,-63,12.6438807926782,6.53442981524549,1.928,1.26387701981695
146.676039457321,4,0.736311,-63,12.6488292682407,6.53354345768487,1.928,1.26506743183801
146.928520441055,4,0.742447,-63,12.6517810134448,6.53302603411379,1.928,1.26579321389408
147.253754377365,4,0.644272,-63,12.6567470388992,6.53145300002106,1.928,1.26584972987188
147.607614517212,4,0.564505,-62,12.662445411043,6.52951151924642,1.928,1.26568836004126
147.844453334808,4,0.674952,-62,12.6660410895278,6.52830151961402,1.928,1.26576314238393
148.016610383987,4,0.552233,-62,12.6685673926653,6.52745778342053,1.928,1.26589068390155
148.512348413467,4,0.49701,-62,12.6756842444893,6.52507756319225,1.928,1.26605893956157
148.6329164505,4,0.490874,-62,12.6772932331542,6.52453681030074,1.928,1.26594614447991
148.905041456223,4,0.417243,-62,12.6809247598873,6.52331631781106,1.928,1.26569156322439
149.398274421692,4,0.30066,-62,12.6871972842888,6.52122372640424,1.928,1.26575218172229
149.599598407745,4,0.362019,-62,12.6896595056546,6.52040744649494,1.928,1.26594220097987
149.959086418152,4,0.294524,-62,12.6939558564165,6.51913994962328,1.928,1.26634337846248
150.044454336166,4,0.33134,-62,12.6949008211381,6.51898172297223,1.928,1.26648512317071
150.477139472961,4,0.257709,-62,12.6996903509676,6.51817975518681,1.928,1.26720355264515
150.619468450546,4,0.30066,-62,12.7012658358313,6.51791595307011,1.928,1.2674398753747
150.988683462143,4,0.171806,-62,12.7058842081578,6.5165206212391,1.928,1.26762529078393
151.196253538132,4,0.184078,-62,12.7085072270537,6.51570058270005,1.928,1.26770812295959
151.730270385742,4,0.227029,-63,12.7157373575558,6.51342852974,1.928,1.26767757921077
151.939982414246,4,0.159534,-63,12.7186947499156,6.5124965030569,1.928,1.26760588485053
152.276381492615,4,0.128854,-63,12.7240061812872,6.51082132803641,1.928,1.2675943534944
152.440954446793,4,0.0736311,-63,12.7268670655668,6.50991850799737,1.928,1.26763656326246
152.753549337387,4,0.0674952,-64,12.7323011164583,6.50820366406848,1.928,1.26771673778381
152.93477845192,4,0.0245437,-63,12.7348914731276,6.50738050909719,1.928,1.26783148838766
153.314340353012,4,0.0122718,-64,12.7398483563179,6.50579952424808,1.928,1.26812890137907
153.393377304077,4,6.27091,-64,12.740880538244,6.50547031253902,1.928,1.26819083229464
153.764161348343,4,6.19115,-64,12.7463653995054,6.50348758627618,1.928,1.26667766230585
154.036503314972,4,6.19115,-64,12.7506781505793,6.50183749021313,1.928,1.26476880117836
154.279978513718,4,6.05002,-65,12.7544971040137,6.500396384207,1.928,1.26324055126179
154.62629532814,4,5.95798,-65,12.7593787927604,6.49885819171511,1.928,1.26374253623669
154.842884302139,4,6.0132,-64,12.7624318352724,6.49789619530097,1.928,1.26405648117423
155.108118534088,4,5.90276,-65,12.7660638899628,6.49675831924914,1.928,1.26438008807685
155.308213472366,4,5.89049,-65,12.7686648684002,6.49595227345617,1.928,1.26454490255209
155.569357395172,4,5.7555,-65,12.772059405604,6.4949003030158,1.928,1.26476000193926
155.597283363342,4,5.71254,-65,12.7724224074954,6.49478780837025,1.928,1.26478300403931
