1.55415296554565,4,4.35651,-64,11.1802586599497,7.7777856548659,1.928,0.574895234421815
1.80380797386169,4,4.3381,-63,11.1823139087055,7.77459690528113,1.928,0.57524213549969
2.09803199768066,4,4.60194,-62,11.1847360140266,7.77083752960398,1.928,0.575644568981416
2.26728796958923,4,4.56513,-63,11.1861288628755,7.76866173087179,1.928,0.57581424329574
2.63608884811401,4,4.81056,-62,11.1891638156358,7.76392076678718,1.928,0.576183955722901
2.7522919178009,4,4.95783,-63,11.190120079158,7.76242696725473,1.928,0.576300446006517
3.23252892494202,4,5.1235,-61,11.1941152337871,7.75629311163585,1.928,0.576317704326125
3.44938182830811,4,5.26462,-61,11.1959265907054,7.75353007354301,1.928,0.576246687634248
3.78674387931824,4,5.4487,-61,11.1988911778876,7.7489359137315,1.928,0.576176454192976
4.04877495765686,4,5.51006,-61,11.2013377680288,7.74507729156603,1.928,0.576161425139252
4.33678984642029,4,5.58983,-61,11.2040269695992,7.7408360365179,1.928,0.576144905758177
4.75566387176514,4,5.74322,-60,11.2083855838257,7.73522828170107,1.928,0.575319393473008
4.9208447933197,4,5.79845,-60,11.2101286664202,7.73304730274742,1.928,0.574950370133482
5.28609585762024,4,5.87208,-59,11.2137482965648,7.72815272549625,1.928,0.574181633242689
5.60216999053955,4,5.98866,-59,11.2164735300913,7.72379235185396,1.928,0.573598351917778
5.69786691665649,4,5.9948,-59,11.2172986418112,7.72247217310211,1.928,0.573421753379518
5.95964884757996,4,6.09911,-59,11.2195288537765,7.71890339716518,1.928,0.572991721179687
6.25026392936707,4,6.20955,-59,11.2216017243476,7.7155797775714,1.928,0.573308975777275
6.66254281997681,4,6.27091,-58,11.224542386526,7.71086474973973,1.928,0.573759046615753
6.7996997833252,4,0.0490874,-58,11.2255468728645,7.70925423193911,1.928,0.573898221478816
7.21573090553284,4,0.184078,-58,11.2288664142178,7.70393259220717,1.928,0.574210465837357
7.37344980239868,4,0.202485,-58,11.2301248643009,7.70191513941761,1.928,0.574328838798304
7.8716938495636,4,0.306796,-57,11.2342164669143,7.69537526739981,1.928,0.574685286030752
8.30615377426147,4,0.343612,-57,11.237850691028,7.68957728215987,1.928,0.574986087965091
8.51312398910522,4,0.417243,-57,11.2376067217658,7.68794770452478,1.928,0.574897443016548
8.77637696266174,4,0.484738,-57,11.2366613740336,7.6862390760311,1.928,0.574710124114066
9.02233290672302,4,0.521553,-57,11.2357781403486,7.68464271292631,1.928,0.574535112994995
9.2679238319397,4,0.558369,-57,11.2369712220288,7.68186609654077,1.928,0.574380043444514
9.53466296195984,4,0.595185,-56,11.2393052319456,7.67825867827228,1.928,0.574221468064871
9.86855578422546,4,0.570641,-57,11.2422268473766,7.67374306383406,1.928,0.574022970075294
10.1005589962006,4,0.638136,-56,11.2444090289983,7.67028885406057,1.928,0.57375381636758
10.1726379394531,4,0.607456,-57,11.2450887575731,7.66921202089739,1.928,0.573668671419794
10.4788219928741,4,0.724039,-57,11.2479761757407,7.66463774264244,1.928,0.57330698430196
10.6622729301453,4,0.717903,-57,11.2497061795185,7.66189705244701,1.928,0.573090278565577
10.9952819347382,4,0.748583,-57,11.2524413884714,7.65758067520261,1.928,0.573666071128616
11.3704798221588,4,0.809942,-57,11.255493092346,7.65276627073169,1.928,0.574386637625588
11.552946805954,4,0.865165,-57,11.2569297498805,7.65049124317405,1.928,0.57473917294942
11.8178508281708,4,0.871301,-56,11.2588133122548,7.64747093438434,1.928,0.575259961423444
12.1187398433685,4,0.908117,-56,11.2609527408038,7.64404034193911,1.928,0.575851494650324
12.3501818180084,4,0.926524,-56,11.2625862122415,7.64129515498572,1.928,0.57631299580642
12.4997248649597,4,0.975612,-56,11.2636061693914,7.63921097839454,1.928,0.576630144746612
12.9239859580994,4,1.0247,-56,11.2664998387675,7.63329806531098,1.928,0.577529912129963
13.1314988136292,4,1.04311,-56,11.2680055632244,7.63042875087899,1.928,0.577923740035597
13.4011178016663,4,1.09833,-56,11.2703718540298,7.62680402359981,1.928,0.578225621377741
13.6218519210815,4,1.15969,-56,11.272309110456,7.62383649898325,1.928,0.578472768333937
13.950021982193,4,1.22718,-56,11.2751894033587,7.61941392027406,1.928,0.57875102767115
14.2285468578339,4,1.28854,-56,11.2776341846574,7.61564303033147,1.928,0.578842521759148
14.3923938274384,4,1.31309,-56,11.2790723686121,7.61342474053461,1.928,0.578896344704121
14.7274689674377,4,1.39285,-56,11.2819364864674,7.60899844597553,1.928,0.578967518084151
15.0219547748566,4,1.46649,-57,11.2843572683188,7.60524623410581,1.928,0.578981401980064
15.2071769237518,4,1.50944,-56,11.2858798626349,7.60288621291595,1.928,0.578990134506288
15.376886844635,4,1.54012,-56,11.2872749407206,7.60072384188311,1.928,0.578998135689427
15.7507569789886,4,1.67511,-56,11.2904292502887,7.59574170097154,1.928,0.579164904873972
16.019437789917,4,1.71806,-56,11.2927029682406,7.5921427302706,1.928,0.57929743014888
16.3233277797699,4,1.8101,-56,11.2953950703999,7.58827834245408,1.928,0.57929609384121
16.5747528076172,4,1.88986,-56,11.2979025586032,7.58556085211378,1.928,0.578943164876599
16.8463528156281,4,1.95736,-56,11.3006112540021,7.58262530347523,1.928,0.578561915999206
17.0520417690277,4,2.01872,-56,11.3026567357046,7.58038464613854,1.928,0.578273723261919
17.2379188537598,4,2.06781,-56,11.3043365387461,7.5778575306805,1.928,0.578028669641745
17.6037027835846,4,2.2212,-56,11.3076421907513,7.57288446891392,1.928,0.577546433349229
17.7514028549194,4,2.22734,-56,11.3089769815858,7.57087639387895,1.928,0.577351710921595
18.0931458473206,4,2.34392,-56,11.3120689859921,7.56622474607365,1.928,0.577326894806361
18.2411789894104,4,2.38074,-56,11.3134086010151,7.56420941347283,1.928,0.577345413014033
18.6655218601227,4,2.49732,-56,11.3173865563765,7.55821783757675,1.928,0.577323593493558
18.9345238208771,4,2.58936,-56,11.3201409748883,7.55405759247394,1.928,0.577183368551142
19.1805558204651,4,2.69981,-56,11.3226601947938,7.5502525889024,1.928,0.577055117355954
19.6308038234711,4,2.78571,-56,11.3267311356611,7.54414970888897,1.928,0.577126581521282
20.0326538085938,4,2.90229,-56,11.3301874197917,7.53898531912282,1.928,0.577290880245171
20.2193188667297,4,2.95138,-56,11.3314555649913,7.53722613442606,1.928,0.577716547078793
20.5707869529724,4,3.04955,-56,11.3334514516373,7.53465696119029,1.928,0.578923846171241
20.6047999858856,4,3.01274,-56,11.3336446019142,7.53440833157853,1.928,0.579040681540866
21.0029358863831,4,3.14159,-56,11.3361591371643,7.5310491087715,1.928,0.580084259830642
21.3254539966583,4,3.22136,-56,11.3391361943939,7.52666398393325,1.928,0.57972862218321
21.6468548774719,4,3.30726,-56,11.3421029388506,7.52229404953084,1.928,0.57937421649406
21.7846829891205,4,3.35021,-55,11.3433723908204,7.52042579088134,1.928,0.579208072914503
22.1696209907532,4,3.41771,-55,11.3469047372755,7.51523477739514,1.928,0.578677709011969
22.2744569778442,4,3.46066,-55,11.3478667546024,7.51382103019294,1.928,0.578533266990127
22.7095627784729,4,3.53429,-55,11.3519787492117,7.50770889159448,1.928,0.578452518074879
23.0541667938232,4,3.58952,-55,11.3553241372838,7.50268622676296,1.928,0.578774225256606
23.1283757686615,4,3.5527,-54,11.3560445520445,7.50160461775233,1.928,0.57884350349798
23.656641960144,4,3.65087,-54,11.3610058508867,7.49411100558707,1.928,0.578390369174084
23.8792288303375,4,3.64474,-54,11.3630780702728,7.49097603368731,1.928,0.578096114021264
24.0934429168701,4,3.69996,-54,11.3644611369647,7.48877856447521,1.928,0.578365890812909
24.3539338111877,4,3.74905,-55,11.3653618405128,7.48715383384419,1.928,0.579400660619918
24.7308168411255,4,3.83495,-54,11.3666649950172,7.48480314360353,1.928,0.580897784660184
25.0035228729248,4,3.8595,-54,11.3689219561065,7.48133088448808,1.928,0.580694537095192
25.3032448291779,4,3.92085,-54,11.3714581857976,7.47743958350482,1.928,0.580416638784748
25.4449858665466,4,3.92699,-54,11.3726575901787,7.47559935449732,1.928,0.580285218333281
25.9090249538422,4,3.96994,-54,11.3765435498238,7.46971406983086,1.928,0.580251773299342
26.0539619922638,4,3.98835,-54,11.3777526869753,7.46789160224014,1.928,0.580286119803936
26.4454619884491,4,4.01289,-54,11.3810328111725,7.46293463357057,1.928,0.580373653664294
26.5218949317932,4,4.0313,-54,11.3816918242297,7.46192152394534,1.928,0.580383784760547
26.9882209300995,4,4.10493,-54,11.3857125371363,7.45574042798449,1.928,0.580445595720155
27.4692678451538,4,4.21538,-54,11.3901032913233,7.44904373514579,1.928,0.580362606304235
27.8195397853851,4,4.28287,-53,11.3934101626846,7.4440228797549,1.928,0.580235920528139
28.0078129768372,4,4.32583,-54,11.3952207970929,7.4412544196176,1.928,0.579803462802787
28.3845419883728,4,4.38105,-53,11.3989272394959,7.43553948612865,1.928,0.578021866096371
28.7091178894043,4,4.41786,-54,11.402089408162,7.43065198012619,1.928,0.576655596237737
29.0107488632202,4,4.46695,-54,11.4047684909393,7.4264120404265,1.928,0.576790715195199
29.0814688205719,4,4.4915,-54,11.4053966247724,7.42541795036027,1.928,0.576822394988519
29.5320518016815,4,4.60808,-54,11.4093080828348,7.41924943316354,1.928,0.577054123710053
29.6375308036804,4,4.65103,-54,11.410123443473,7.41798825436998,1.928,0.577141446204206
30.1920039653778,4,4.7308,-54,11.4144095628181,7.41135859557646,1.928,0.577600475759878
30.4501187801361,4,4.73693,-55,11.4164046876899,7.4082361841774,1.928,0.577687219510368
30.6766757965088,4,4.76761,-54,11.4181558483993,7.40548516719203,1.928,0.577727044294243
31.0624589920044,4,4.83511,-54,11.4211395837526,7.40079735714067,1.928,0.577796431573376
31.4058938026428,4,4.93328,-54,11.4239238607273,7.39639112834115,1.928,0.577967465730389
31.5272238254547,4,4.95169,-54,11.4249075012272,7.39483447821658,1.928,0.578027889361102
32.0444049835205,4,5.056,-54,11.4289115307153,7.38905996816967,1.928,0.578337821311714
32.1263999938965,4,5.08054,-55,11.4295024527823,7.38834453038148,1.928,0.578399129476159
32.6327250003815,4,5.19713,-55,11.4331900121111,7.38380793662932,1.928,0.578765353154901
32.8273079395294,4,5.24621,-55,11.4349495256393,7.38101082762338,1.928,0.578796403393635
33.0977318286896,4,5.25849,-55,11.4373948299061,7.37712351304635,1.928,0.578839555821872
33.4538929462433,4,5.30757,-55,11.4405789327939,7.37205370752982,1.928,0.578849045151029
33.8228878974915,4,5.42416,-55,11.4437662936425,7.36695393017203,1.928,0.578714195268972
34.1370649337769,4,5.46097,-55,11.4464986759805,7.36258507172284,1.928,0.57856154615744
34.4506349563599,4,5.52233,-56,11.4494859886469,7.35784977745569,1.928,0.577878097462275
34.7657189369202,4,5.59596,-55,11.4524877244581,7.35309162055496,1.928,0.577191348985469
35.2870779037476,4,5.73095,-55,11.4565012938849,7.34672233163887,1.928,0.577345989004357
35.7077147960663,4,5.8414,-55,11.4595148218337,7.34189928691966,1.928,0.577772188542642
35.8288578987122,4,5.83526,-56,11.4605996331378,7.33981403852409,1.928,0.577575566493782
36.3062717914581,4,5.94571,-55,11.4648747753147,7.33159626522848,1.928,0.576800696974217
36.5859358310699,4,6.00093,-56,11.4673408154358,7.32713959320793,1.928,0.576544346871025
36.8195948600769,4,6.02548,-56,11.4693303434944,7.3240769257723,1.928,0.576695671580935
37.169558763504,4,6.06843,-56,11.4723101684483,7.3194898012977,1.928,0.576922318872889
37.5245108604431,4,6.12365,-57,11.4753310483361,7.31487015128745,1.928,0.576688323469921
37.7704157829285,4,6.21569,-57,11.4774234539134,7.31167923278209,1.928,0.576392117305386
38.0399808883667,4,6.25864,-57,11.479719062108,7.30817536214641,1.928,0.576096950293898
38.1320209503174,4,6.27705,-57,11.4805147827667,7.30694138303256,1.928,0.576183500217855
38.6374018192291,4,0.104311,-57,11.4848839888428,7.30016575268688,1.928,0.576658735401823
39.1724767684937,4,0.16567,-57,11.4897494656522,7.29273483968954,1.928,0.576509687022641
39.4079489707947,4,0.220893,-57,11.4919282265537,7.28942433354209,1.928,0.576341740869823
39.8130598068237,4,0.30066,-57,11.4959920275701,7.28410636212113,1.928,0.576555518034216
40.0693829059601,4,0.319068,-57,11.4986784828103,7.28087941767189,1.928,0.576874374685939
40.3512198925018,4,0.368155,-57,11.5016323424193,7.27733126964163,1.928,0.577224969689524
40.7591068744659,4,0.46633,-58,11.5049046783737,7.27240292395977,1.928,0.578037674710397
40.9560778141022,4,0.447922,-58,11.5064771220293,7.27002460293065,1.928,0.578432505484551
41.1081669330597,4,0.503146,-58,11.507691268495,7.26818820640136,1.928,0.578737370073659
41.3811869621277,4,0.515418,-58,11.5096210506713,7.26531331391312,1.928,0.579369049078947
41.6837058067322,4,0.582913,-58,11.5116954590285,7.26223564624136,1.928,0.580090566022094
42.0189127922058,4,0.66268,-58,11.5141119106517,7.25864213402241,1.928,0.58080900455339
42.3734359741211,4,0.705631,-59,11.5172703246276,7.25390451305862,1.928,0.581154544470451
42.7218899726868,4,0.76699,-59,11.5203735345629,7.24925014381963,1.928,0.581467928324082
43.2020998001099,4,0.914253,-59,11.5245866922625,7.24295594155937,1.928,0.580432512901551
43.2938129901886,4,0.871301,-59,11.5253913449598,7.24175383919635,1.928,0.580234763405322
43.6932919025421,4,0.938796,-59,11.5283225381591,7.23747515313103,1.928,0.58054046229479
43.8868839740753,4,0.938796,-58,11.5295329224741,7.23575228694641,1.928,0.581116038665887
44.3043978214264,4,1.03697,-59,11.5323157764506,7.23176094013963,1.928,0.581985706008682
44.6193499565125,4,1.07379,-59,11.5349099689965,7.22795882668954,1.928,0.581575093969777
44.8276388645172,4,1.07992,-59,11.5366255996347,7.22544435553534,1.928,0.581303541807815
45.1574800014496,4,1.12901,-59,11.5393206497445,7.22151404198613,1.928,0.581397470162806
45.4756097793579,4,1.15355,-59,11.5418985023593,7.21777417273098,1.928,0.582005446787212
45.6897687911987,4,1.20264,-59,11.5436338644883,7.21525656275004,1.928,0.582414725270858
46.1549029350281,4,1.264,-59,11.5474923770923,7.2096141577543,1.928,0.583087507995493
46.4004878997803,4,1.31309,-59,11.5495437164216,7.20660756787155,1.928,0.583408680377061
46.7127468585968,4,1.3315,-59,11.5522558456511,7.20264755735366,1.928,0.583707154276227
47.1270859241486,4,1.33763,-59,11.5560943896291,7.19707633727446,1.928,0.583849500282078
47.3434457778931,4,1.36217,-59,11.5580988031221,7.19416715380196,1.928,0.583923830615778
47.7113378047943,4,1.38058,-59,11.5609870901459,7.18914460574134,1.928,0.583323911465529
47.9661178588867,4,1.42967,-59,11.5629524379505,7.18566119618423,1.928,0.582859682759961
48.2266638278961,4,1.41126,-59,11.5652301224816,7.18194042544985,1.928,0.582410481627765
48.5586879253387,4,1.44808,-59,11.5686913278558,7.176868263994,1.928,0.581891300821627
48.8807699680328,4,1.47262,-58,11.5720488916764,7.17194798219772,1.928,0.581387666248545
49.0746929645538,4,1.48489,-59,11.5736974040604,7.16952623948701,1.928,0.581197344192797
49.4268338680267,4,1.51557,-59,11.5765948254195,7.16526790809557,1.928,0.580880822859475
49.8646447658539,4,1.47876,-59,11.5804328717705,7.15960624020702,1.928,0.580581834714752
50.095410823822,4,1.48489,-59,11.5826766801718,7.15627792441189,1.928,0.580512794456253
50.221531867981,4,1.54625,-58,11.5839029933521,7.15445889319443,1.928,0.580475061743013
50.9449119567871,4,1.55852,-58,11.5907626164294,7.14417815760263,1.928,0.581678203613582
51.2828087806702,4,1.52171,-58,11.5939131380773,7.13942297026196,1.928,0.58267796914987
51.5687029361725,4,1.52784,-58,11.5968322621749,7.13517651017415,1.928,0.583556046390286
51.8578839302063,4,1.5033,-58,11.5998158644073,7.13085401643989,1.928,0.584448143457789
52.1576459407806,4,1.51557,-58,11.6028764810546,7.12640813250785,1.928,0.585095180221719
52.3675298690796,4,1.57693,-58,11.6049436840527,7.12337716594976,1.928,0.584894046957035
52.6957519054413,4,1.55239,-58,11.6081764307576,7.1186372603081,1.928,0.5845795094398
52.9562227725983,4,1.59534,-58,11.6106889591597,7.11490611918632,1.928,0.584263484739721
53.2742619514465,4,1.59534,-58,11.6136762425877,7.11039654886081,1.928,0.583776516619271
53.5415179729462,4,1.63829,-57,11.6161865291723,7.10660704774263,1.928,0.583367305518487
53.8703529834747,4,1.66897,-57,11.6190124114388,7.10232670145996,1.928,0.583135920869379
54.1130437850952,4,1.73647,-57,11.6210397419129,7.09925242121866,1.928,0.583025476746536
54.5146539211273,4,1.75487,-57,11.6243827154094,7.09417576603447,1.928,0.582795276168457
54.8469598293304,4,1.7426,-57,11.6271170852578,7.0900037805234,1.928,0.582478337845124
55.0353679656982,4,1.71192,-57,11.6286673963252,7.08763838166744,1.928,0.582298642698668
55.3998708724976,4,1.76101,-56,11.6316889076978,7.08311775021015,1.928,0.583069011975916
55.6825859546661,4,1.77942,-56,11.6340504469344,7.07965650912001,1.928,0.584572642779435
55.8935968875885,4,1.79783,-56,11.6358130363005,7.07707313187003,1.928,0.58569491236685
56.3139078617096,4,1.79169,-56,11.6394387215662,7.07161591643975,1.928,0.58641836067817
56.6102039813995,4,1.79169,-56,11.64203092007,7.06767043783456,1.928,0.586450381953807
56.7519178390503,4,1.88986,-56,11.6432707285771,7.06578337635699,1.928,0.586465697235364
57.1820819377899,4,1.88373,-56,11.6468324367448,7.06025956609362,1.928,0.586009723427746
57.4855709075928,4,1.88373,-56,11.6493269717457,7.05638096651147,1.928,0.585642383031636
57.7903349399567,4,1.90214,-56,11.651841845603,7.05248013931535,1.928,0.584952993729316
57.8647527694702,4,1.86532,-55,11.6524566460168,7.05152719867403,1.928,0.584761444975405
58.2453639507294,4,1.87146,-56,11.6556010525823,7.04665336849738,1.928,0.583781765804816
58.6981909275055,4,5.02839,-56,11.6590547658019,7.04134143449404,1.928,0.583191647489106
58.9235827922821,4,1.87146,-55,11.6607409740947,7.0387531047647,1.928,0.582963728334872
59.3751947879791,4,1.92668,-55,11.6645931755113,7.03271443893068,1.928,0.584534620974201
59.6853618621826,4,1.93282,-55,11.6675175508754,7.02806543194172,1.928,0.586806635680096
59.9217579364777,4,1.93895,-55,11.6697463846663,7.02452215770998,1.928,0.588538268086899
60.2962019443512,4,1.93282,-55,11.6728300159564,7.01974317535352,1.928,0.588561838532012
60.7643399238586,4,1.90214,-55,11.6766227164403,7.01388463807466,1.928,0.588214814482405
60.812787771225,4,1.91441,-55,11.6770093563802,7.01328276856814,1.928,0.588211656922895
61.2856838703156,4,1.95122,-55,11.6807833221866,7.00740796179614,1.928,0.588180836202143
61.6377539634705,4,1.99418,-55,11.6835762219999,7.0030743016611,1.928,0.588229537160675
61.9474899768829,4,1.94509,-55,11.6860062404672,6.99932630707604,1.928,0.588387694294813
62.7098479270935,4,1.99418,-55,11.6922241398105,6.9895568443014,1.928,0.588058768224996
62.8560388088226,4,2.00031,-55,11.6934489734038,6.98760877563399,1.928,0.587897206841502
63.2963228225708,4,2.01872,-55,11.6980004425331,6.98144901060796,1.928,0.588522937249351
63.6590058803558,4,2.04326,-55,11.7021603571416,6.97623555240843,1.928,0.589567889712413
63.8546857833862,4,2.07394,-55,11.7042815325013,6.97348966557221,1.928,0.590010864587804
64.323264837265,4,2.08008,-55,11.7080196830054,6.96764296454941,1.928,0.589756787170728
64.5052239894867,4,2.12303,-55,11.7094712858693,6.96537256694499,1.928,0.589658123538569
64.8922247886658,4,2.20893,-55,11.7121992332146,6.96108702552022,1.928,0.589721273458337
65.1757698059082,4,2.29484,-55,11.7140846359586,6.95811837319981,1.928,0.589853594450909
65.5101847648621,4,2.30097,-55,11.7163504324995,6.95455827357975,1.928,0.590071639662616
65.8073668479919,4,2.31938,-55,11.7185304626246,6.95116201612173,1.928,0.59051032291761
66.1963448524475,4,2.38687,-56,11.7213838774697,6.9467166961525,1.928,0.591084510080302
66.475240945816,4,2.41142,-55,11.723424377714,6.94353397076616,1.928,0.591208936029494
66.9049718379974,4,2.45437,-56,11.7265674565697,6.93863076775134,1.928,0.591348374436908
67.1763877868652,4,2.49118,-55,11.7278102896975,6.93593139171885,1.928,0.591799539760233
67.3349828720093,4,2.49732,-55,11.7283774880092,6.9344392238527,1.928,0.592140949513235
67.8351609706879,4,2.55254,-55,11.7307572404283,6.9293086911406,1.928,0.592829933429645
68.1322629451752,4,2.5955,-56,11.7331662538648,6.92554604158254,1.928,0.592585973021307
68.55166888237,4,2.62618,-56,11.7365927370464,6.92019602754526,1.928,0.592249314688755
68.683935880661,4,2.62618,-55,11.7377139804767,6.91844820690391,1.928,0.592155328107097
69.1326608657837,4,2.69981,-55,11.7415178767478,6.91251860389318,1.928,0.591836472096143
69.5176129341125,4,2.70594,-56,11.7445474107165,6.9077649157703,1.928,0.591791033080436
69.6728758811951,4,2.71821,-56,11.7457083010379,6.90593457869699,1.928,0.591832244686844
69.9704279899597,4,2.84707,-56,11.747933077584,6.90242684767586,1.928,0.591911224254233
70.4915449619293,4,2.89616,-56,11.7517310227296,6.89648659384438,1.928,0.592265423197746
70.6377649307251,4,2.88388,-56,11.7527887844931,6.8948361207478,1.928,0.592382141737173
71.0274348258972,4,2.87775,-56,11.75561862571,6.89043576026638,1.928,0.592521993685448
71.3821039199829,4,2.87775,-56,11.7582122028087,6.88642750475018,1.928,0.59236920841636
71.6810138225555,4,2.89002,-57,11.7604306509263,6.88299179953184,1.928,0.592273340034779
71.8772709369659,4,2.8532,-57,11.7620228919793,6.88049641847185,1.928,0.59234720957871
72.3701207637787,4,2.82866,-57,11.7660214004131,6.87422990361486,1.928,0.592532714150313
72.6205909252167,4,2.82866,-57,11.7680834973526,6.87101842750768,1.928,0.592260905716278
72.9292318820953,4,2.84707,-57,11.7706280738431,6.86705791732492,1.928,0.59188250256721
73.312029838562,4,2.81639,-57,11.7736557395059,6.86234104637082,1.928,0.591747294719518
73.5190629959106,4,2.79798,-57,11.7752043940013,6.85992514535801,1.928,0.59190551558713
73.8384809494019,4,2.77344,-57,11.7775937120019,6.85619780927702,1.928,0.592149624242862
74.3131549358368,4,2.70594,-57,11.781236025382,6.85058075453381,1.928,0.592172077528219
74.5646638870239,4,2.74276,-57,11.7831801940896,6.84759237908491,1.928,0.592130999124882
74.9216849803925,4,2.71208,-57,11.7860004582209,6.84318434870427,1.928,0.592194938428358
75.2426059246063,4,2.65685,-57,11.788593159579,6.8390639479306,1.928,0.592368848857915
75.5841519832611,4,2.63231,-58,11.7913823887272,6.834658837384,1.928,0.592583513457494
75.9458799362183,4,2.56482,-58,11.7946508221725,6.8297842023599,1.928,0.593121871137839
76.2611417770386,4,2.50959,-58,11.7974994058557,6.82553574326664,1.928,0.593591073564518
76.5211889743805,4,2.44823,-58,11.7997731302391,6.82210971226913,1.928,0.593645726399826
76.8506858348846,4,2.41142,-58,11.8026210391194,6.81780279776252,1.928,0.593570366349456
78.766681432724,4,2.35006,-58,11.8008820616131,6.81966375820409,1.928,0.67226972377082
78.9571993350983,4,2.2887,-58,11.7997427475325,6.82098451860121,1.928,0.692992580992131
79.3117134571075,4,2.32551,-58,11.7949997110695,6.82588172575706,1.928,0.749210531074242
79.8208463191986,4,2.18439,-57,11.7896965213215,6.83032999719423,1.928,0.841258381884241
79.8958764076233,4,2.19666,-57,11.7888887965195,6.83088357985878,1.928,0.855623766909635
80.3365643024445,4,1.9819,-57,11.7844635556942,6.83293241361337,1.928,0.950400523969826
80.6773104667664,4,1.90214,-57,11.769687669779,6.84164893114366,1.928,1.04554026569701
81.0789613723755,4,1.60761,-58,11.7599599821582,6.84491327662004,1.928,1.16172933047864
84.971720457077,4,1.56466,-59,11.7733223358692,6.83997514032355,1.928,1.25369189852372
85.3195345401764,4,1.63829,-58,11.7793177716527,6.83778092780664,1.928,1.25345967687904
85.5860443115234,4,1.64443,-58,11.7837296671424,6.83620577173099,1.928,1.25337946059741
85.8489153385162,4,1.77942,-58,11.7880813255918,6.83465212177217,1.928,1.25330033953469
86.0001983642578,4,1.82851,-58,11.7905584674983,6.83376515165909,1.928,1.25323715331934
86.4701533317566,4,1.90214,-58,11.7975962770863,6.83118252689065,1.928,1.25261506122184
86.7631034851074,4,1.93282,-58,11.8019807143546,6.82957636265985,1.928,1.25229527894451
87.0946865081787,4,2.01258,-58,11.8069192433094,6.82779253194254,1.928,1.25255497744989
87.3031573295593,4,2.09849,-58,11.8100241645991,6.82667101295946,1.928,1.25271825348323
87.6721103191376,4,2.21507,-58,11.8163474591912,6.82356173011102,1.928,1.25282154573456
87.9603095054626,4,2.26416,-58,11.8221092394781,6.82001631464115,1.928,1.25271783368939
88.2867374420166,4,2.39301,-58,11.8284970478792,6.8161910332423,1.928,1.2526831597481
88.6336145401001,4,2.50959,-58,11.833640837377,6.81439070691804,1.928,1.25363095059077
88.913069486618,4,2.57095,-58,11.8377848337001,6.81294030820495,1.928,1.25439452028364
89.0384023189545,4,2.58936,-58,11.8396443850238,6.81229447552548,1.928,1.25457852735508
89.5664093494415,4,2.68753,-58,11.8474847529944,6.80960311844326,1.928,1.25435236289439
89.743102312088,4,2.70594,-58,11.8500679193679,6.80871394308769,1.928,1.25422475941547
90.0306973457336,4,2.80412,-57,11.8541242474112,6.80730856882622,1.928,1.25382732121325
90.2278864383698,4,2.7673,-57,11.8569054624974,6.80634497612463,1.928,1.25355481832096
90.7107384204865,4,2.90843,-58,11.8637364473862,6.80393801966667,1.928,1.25356783316393
91.0222024917603,4,2.98206,-58,11.8681495623344,6.80236986425789,1.928,1.25379920035539
91.2526004314423,4,3.09864,-58,11.8712652586032,6.80124707423505,1.928,1.25345005426914
91.4742534160614,4,3.10478,-58,11.8741616982816,6.80019216041534,1.928,1.25276100651407
91.8373484611511,4,3.19682,-58,11.8789064252584,6.79846408090588,1.928,1.25163226093852
92.2837543487549,4,3.27045,-57,11.8849316864053,6.79625504831806,1.928,1.25221446709083
92.544849395752,4,3.29499,-57,11.8884575865103,6.79496221827957,1.928,1.25257377310152
92.8008534908295,4,3.38703,-57,11.8920696999268,6.79367108761847,1.928,1.2526942761107
93.2636804580688,4,3.47907,-56,11.8987209397043,6.79131851947496,1.928,1.2527312274428
93.5550723075867,4,3.53429,-56,11.903144919074,6.78976169203404,1.928,1.25287965966363
93.6963963508606,4,3.55884,-56,11.9053599440971,6.78898441961683,1.928,1.25298839725568
94.3000133037567,4,3.6386,-56,11.914628005793,6.78570319791673,1.928,1.25352960043448
94.5436193943024,4,3.65701,-56,11.9182372036018,6.7844052748586,1.928,1.25380029027013
94.7960753440857,4,3.69996,-56,11.9219061600702,6.78300821464828,1.928,1.25407726590588
95.0369775295258,4,3.73064,-56,11.924557565145,6.78105611766199,1.928,1.25429932108089
95.7706694602966,4,3.83495,-56,11.9333852716201,6.77600850317618,1.928,1.2549036329898
96.191258430481,4,3.88404,-56,11.9392022440784,6.77401730875776,1.928,1.25517770188447
96.5069744586945,4,3.97608,-55,11.9431928697084,6.7726210521235,1.928,1.25532631739623
96.7597603797913,4,4.00062,-55,11.9463101689101,6.77152350302955,1.928,1.25543347455629
97.131329536438,4,4.04971,-55,11.951039363213,6.76986766212167,1.928,1.25558734762805
97.6061794757843,4,4.11107,-55,11.9576175083397,6.76759693702506,1.928,1.25577077667486
97.8306694030762,4,4.12334,-54,11.9607418242822,6.76651941184865,1.928,1.25582691426221
98.1342284679413,4,4.19697,-54,11.9650438056501,6.76504086679598,1.928,1.25573920396247
98.5783424377441,4,4.24606,-54,11.9708805099738,6.76331494552315,1.928,1.25549809530131
98.7213184833527,4,4.23379,-54,11.9719188152146,6.76356332442389,1.928,1.25521307033324
99.2133493423462,4,4.31969,-54,11.9754919887302,6.76441808357859,1.928,1.25423219917211
99.3980603218079,4,4.35651,-54,11.9782735706136,6.76344663370918,1.928,1.25431634700967
99.6500253677368,4,4.36878,-53,11.982079742157,6.76211088294114,1.928,1.25443484102941
99.8963613510132,4,4.41173,-53,11.9858008813578,6.76080497371216,1.928,1.25455068781586
100.381952524185,4,4.45468,-53,11.9938572421506,6.75802663638282,1.928,1.25448947961681
100.648527383804,4,4.47922,-53,11.9982842237241,6.7565007921397,1.928,1.25445981322291
101.13448548317,4,4.53445,-53,12.0053282314007,6.75405800782619,1.928,1.25528053705311
101.378530502319,4,4.57126,-53,12.0088656865651,6.75283125731961,1.928,1.25569269926034
101.644673347473,4,4.61421,-53,12.0130224555287,6.75137049233523,1.928,1.25606238383005
101.9505443573,4,4.64489,-53,12.0178219429378,6.74968253701764,1.928,1.25648132213779
102.361968517303,4,4.68785,-53,12.0239056598174,6.74783570364642,1.928,1.25687595145902
102.737422466278,4,4.71852,-53,12.029148101267,6.74650262567781,1.928,1.25709563471976
103.168351411819,4,4.76761,-53,12.0350723321473,6.74457605935985,1.928,1.25769448199195
103.517075538635,4,1.6659,-53,12.0398215281944,6.74282509314047,1.928,1.25834689680246
103.917792320251,4,4.88419,-53,12.0456407930601,6.74072454915347,1.928,1.25861430804533
104.384597539902,4,4.93328,-52,12.0525888911005,6.73823774584589,1.928,1.25874289734508
104.59663438797,4,4.96396,-52,12.0558212225574,6.73709887765968,1.928,1.25896040002255
104.871267318726,4,4.97623,-52,12.0600077810224,6.73562380051827,1.928,1.25924211236786
105.317407369614,4,5.03759,-52,12.0668559581734,6.73322391115497,1.928,1.25902440418266
105.516730308533,4,5.03146,-52,12.0699301990871,6.73215057704287,1.928,1.25871698009129
106.002998352051,4,5.11736,-52,12.0779982914627,6.72934885019114,1.928,1.25784237695661
106.28883934021,4,5.16645,-52,12.0832336022469,6.72754304734092,1.928,1.25722020958805
106.519250392914,4,5.15418,-52,12.0874536879554,6.7260874235748,1.928,1.25671869215602
106.869035482407,4,5.20326,-52,12.0924005751275,6.72433920765083,1.928,1.25641997124363
107.184834480286,4,5.24008,-52,12.0966930562775,6.72281579767407,1.928,1.25620534718613
107.427751302719,4,5.25849,-52,12.1001917089491,6.72158855140052,1.928,1.25614259813089
107.788071393967,4,5.31985,-52,12.105693736606,6.71968019045648,1.928,1.25621199307431
108.151555538177,4,5.35666,-52,12.1113064374349,6.717738325135,1.928,1.25640809532124
108.555435419083,4,5.43029,-53,12.1176941199951,6.71554004158729,1.928,1.25693177019779
108.932813405991,4,5.48552,-53,12.1234100063835,6.71357302721508,1.928,1.25722234325616
109.204602479935,4,5.51619,-52,12.1273539661585,6.71221584105721,1.928,1.25729580917354
109.404231309891,4,5.55915,-53,12.1302508010602,6.71121898904694,1.928,1.25734976982367
109.745468378067,4,5.58983,-52,12.1353023121694,6.70988710537238,1.928,1.25832107048232
110.041018486023,4,5.62051,-52,12.1396882763989,6.70877374522182,1.928,1.25925730515438
110.408093452454,4,5.67573,-52,12.1449384210039,6.70714150845719,1.928,1.2594918296933
110.815410375595,4,5.69414,-52,12.1506800613442,6.70522401724919,1.928,1.25935641364754
111.114302396774,4,5.74322,-52,12.1548145918978,6.70383292740645,1.928,1.25951876416556
111.242222309113,4,5.7739,-52,12.1565718911678,6.70324004419478,1.928,1.25962880066191
111.679591417313,4,5.81686,-52,12.1625708324581,6.70121596217646,1.928,1.26000097959782
111.933420419693,4,5.87821,-52,12.1656486980492,6.70017145247053,1.928,1.26004354582409
112.317720413208,4,5.95185,-52,12.1703086215238,6.69859005290843,1.928,1.26010799157426
112.759967327118,4,6.00707,-52,12.1761784956933,6.69658675447288,1.928,1.26101137011283
112.99428153038,4,6.05616,-52,12.1794019326814,6.69548433902298,1.928,1.26167539813236
113.280545473099,4,6.04388,-52,12.1837343575268,6.69412592451702,1.928,1.26166504565086
113.67355132103,4,6.12365,-52,12.1906213548009,6.69223340006284,1.928,1.25969413260982
114.007494449615,4,6.18501,-52,12.1960295696377,6.69062905515325,1.928,1.25852954818943
114.247233390808,4,6.20342,-52,12.1994106347988,6.68948154212888,1.928,1.25826999167201
114.740183353424,4,6.27091,-52,12.2061901899161,6.6871882933853,1.928,1.25800384526154
114.879732370377,4,0.0122718,-52,12.2080081667555,6.68657797258922,1.928,1.25808546871147
115.20591545105,4,0.0245437,-52,12.2122575215629,6.6851514034753,1.928,1.25827625607017
115.613525390625,4,0.0674952,-52,12.2174207784154,6.68339394611726,1.928,1.25854102095658
116.033266305923,4,0.0613592,-52,12.2226699623271,6.68159582141562,1.928,1.25882581710498
116.162443399429,4,0.13499,-52,12.2243370730764,6.68102697613459,1.928,1.25895323182202
116.562855482101,4,0.147262,-52,12.2296070046292,6.67923307014138,1.928,1.25942699334545
116.795032501221,4,0.190214,-52,12.232662749078,6.67819288238454,1.928,1.25970170168479
117.170895338058,4,0.153398,-51,12.2370752598544,6.67637526394649,1.928,1.25991480990185
117.424973487854,4,0.171806,-52,12.2400140500766,6.67513556738146,1.928,1.26003979293429
117.74032330513,4,0.208621,-51,12.2440590533789,6.67360214874818,1.928,1.26030655898128
118.065647363663,4,0.208621,-51,12.2486710484632,6.67202601062229,1.928,1.26070507117789
118.490884304047,4,0.214757,-52,12.254787651409,6.66991055358248,1.928,1.26090197183438
118.705008506775,4,0.227029,-51,12.2579303026854,6.6688060489591,1.928,1.26077077377139
119.091341495514,4,0.245437,-51,12.2635933103353,6.66681321568326,1.928,1.26047273181616
119.484416484833,4,0.227029,-51,12.2693250952047,6.66478546160211,1.928,1.25991036801765
119.921711444855,4,0.227029,-51,12.2755661477564,6.66257499180568,1.928,1.25940483613258
120.081386327744,4,0.239301,-51,12.2777732086884,6.6617919096096,1.928,1.25928387221612
120.459507465363,4,0.220893,-51,12.2829996812263,6.65993751694951,1.928,1.2589974213174
120.743743419647,4,0.190214,-52,12.2887790870777,6.65847982138366,1.928,1.25775251054271
121.105266332626,4,0.171806,-51,12.2964734780743,6.65661393156698,1.928,1.25597799161911
121.310749530792,4,0.177942,-51,12.3003333487888,6.65558201467551,1.928,1.25541552439899
121.627148389816,4,0.159534,-51,12.3044999922617,6.65409212397915,1.928,1.25609313005468
122.080905437469,4,0.147262,-51,12.3104968477925,6.65194687237535,1.928,1.25700077076717
122.281739473343,4,0.128854,-52,12.313194119428,6.65098012749213,1.928,1.25727316849669
122.637560367584,4,0.0920388,-52,12.3179729190035,6.64926733002054,1.928,1.25775577993896
122.978236436844,4,0.0674952,-52,12.3225599087358,6.64761780838393,1.928,1.25841582164817
123.363781452179,4,0.0184078,-52,12.3277576017784,6.64574557813491,1.928,1.25927503213072
123.749477386475,4,0.0245437,-52,12.3331656378311,6.64380223601862,1.928,1.25922074897351
123.963857412338,4,0.0122718,-52,12.336220396722,6.64270557757679,1.928,1.25897636826224
124.235555410385,4,0.00613592,-52,12.3400721379968,6.64124833318957,1.928,1.25870859419415
124.633190393448,4,6.27091,-52,12.3455967857615,6.63873215697992,1.928,1.25855543564226
125.052391529083,4,6.27705,-52,12.351218315415,6.63634037706753,1.928,1.25841324681608
125.318217515945,4,0,-52,12.3545411261426,6.63513497445254,1.928,1.25834608362052
125.628992319107,4,6.25864,-52,12.3584257946882,6.6337257489482,1.928,1.25826756372439
125.941021442413,4,6.26478,-52,12.3623578623217,6.63229755205458,1.928,1.25821280386716
126.359978437424,4,6.25251,-52,12.3676419125194,6.63037803994193,1.928,1.25814270932372
126.622058391571,4,6.21569,-52,12.37095526196,6.62916213716908,1.928,1.25859849232465
126.868676424026,4,6.19728,-52,12.3740761657644,6.62801215196291,1.928,1.25921928079878
127.207806348801,4,6.21569,-52,12.3784144857792,6.62641866580184,1.928,1.2600363632813
127.532221317291,4,6.14819,-52,12.382857530646,6.62481830692264,1.928,1.26058850866281
127.943299531937,4,6.0807,-52,12.3883620519668,6.62282477605642,1.928,1.26132667872747
128.245832443237,4,6.06229,-51,12.3911642166256,6.62169959917035,1.928,1.26225354857615
128.504179477692,4,6.03775,-52,12.3935571163816,6.62073875788369,1.928,1.26304504618777
128.943879365921,4,6.02548,-52,12.3990099101614,6.61874503208523,1.928,1.26307950632537
129.264996528625,4,6.0132,-52,12.4033390812654,6.61719889954807,1.928,1.26277469733948
129.580004453659,4,5.98866,-51,12.4074481560871,6.61573900443921,1.928,1.26267800299731
129.924718379974,4,5.94571,-52,12.4118945350302,6.61416214427794,1.928,1.26264591572659
130.251080513,4,5.93957,-52,12.4161199597067,6.6126700141625,1.928,1.26275799744676
130.505658388138,4,5.88435,-51,12.4194295193802,6.61150675308913,1.928,1.26296771211914
130.903479337692,4,5.85981,-52,12.4246433025685,6.6096764859624,1.928,1.26326589534659
131.114396333694,4,5.80458,-52,12.4276725128169,6.60862748167265,1.928,1.26323784710355
131.437277317047,4,5.76777,-52,12.4323097606554,6.60702161992118,1.928,1.26319490962356
131.730641365051,4,5.74322,-52,12.4370278352788,6.60546997842196,1.928,1.2629438744833
132.044171333313,4,5.70641,-52,12.4430230657414,6.60363690435966,1.928,1.26227534158999
132.395569324493,4,5.66959,-52,12.4495967269014,6.60159897015303,1.928,1.26162753218272
132.697514533997,4,5.61437,-52,12.4543720236591,6.59994697559902,1.928,1.26167915701253
132.99570941925,4,5.60823,-52,12.4590880086255,6.59831549971873,1.928,1.26173014063379
133.31969833374,4,5.55915,-53,12.4637186185494,6.59670227801645,1.928,1.26186521878789
133.618892431259,4,5.54074,-53,12.4678962087184,6.59524438430441,1.928,1.26200589274256
133.921703338623,4,5.48552,-53,12.4721589080687,6.59378529990307,1.928,1.26208603141406
134.250084400177,4,5.42416,-52,12.4768123018006,6.59221760317978,1.928,1.26211765642
134.501459360123,4,5.41802,-52,12.480370442803,6.59101933726987,1.928,1.26212686420671
134.668793439865,4,5.39961,-52,12.4827069431815,6.59023605333344,1.928,1.26201337704547
135.064494371414,4,5.31371,-52,12.4882321498686,6.58838379356788,1.928,1.26174500986353
135.353799343109,4,5.25849,-52,12.4920174960428,6.58697677888585,1.928,1.26166697815764
135.598446369171,4,5.24008,-52,12.4949140017986,6.58572372530887,1.928,1.26174253917735
135.960513353348,4,5.16645,-52,12.4992007046478,6.58386926038064,1.928,1.2618543662082
136.307627439499,4,5.11122,-52,12.5038788712401,6.58222318377837,1.928,1.26167013530924
136.596831321716,4,5.10509,-52,12.5078574265596,6.58087047496973,1.928,1.26147518609858
136.905728340149,4,5.056,-52,12.51219902842,6.57939571439207,1.928,1.2613776932419
137.294024467468,4,4.99464,-52,12.51775411954,6.57751018827151,1.928,1.26137235180813
137.470714330673,4,4.98237,-53,12.5202822157322,6.57665232341689,1.928,1.26137366307718
137.827537536621,4,4.90874,-52,12.5254065752259,6.57492729150811,1.928,1.26160197612393
138.148934364319,4,4.88419,-53,12.5300221743736,6.57337352545838,1.928,1.26180762163051
138.393553495407,4,4.84738,-53,12.5337092339207,6.57212857948714,1.928,1.26155305055149
138.589368343353,4,4.79829,-53,12.5366726495238,6.57112772780235,1.928,1.26132100951842
138.901544332504,4,4.75534,-53,12.5413323529775,6.56953710337311,1.928,1.26112844029685
139.225903511047,4,4.74307,-53,12.5456022168251,6.56792835669117,1.928,1.26249565932681
139.600003480911,4,4.68785,-53,12.5505268683914,6.56607290716161,1.928,1.26407254270715
139.864083528519,4,4.64489,-53,12.5543078055958,6.56479551151925,1.928,1.26439176572687
140.257357358933,4,4.58353,-53,12.5599771380699,6.56289729752123,1.928,1.26476634662248
140.530596494675,4,4.53445,-53,12.5638381446263,6.56160846342239,1.928,1.26511386105749
140.970541477203,4,4.44241,-53,12.569922308051,6.55958430905225,1.928,1.26582173007132
141.157206535339,4,4.43627,-54,12.5725094294046,6.55872366117885,1.928,1.2661214591169
141.578353404999,4,4.37491,-53,12.5786513355442,6.55668408480041,1.928,1.26676462098623
141.857930421829,4,4.31969,-53,12.5827286205008,6.55533011847522,1.928,1.2671915819581
142.1088783741,4,4.30742,-54,12.586575448297,6.55406142630209,1.928,1.26671678875819
142.552663326263,4,4.19697,-54,12.5934048050268,6.55181026797265,1.928,1.26575562003327
142.939610481262,4,4.1847,-54,12.5980723005968,6.5499710797613,1.928,1.26471685612774
143.135029315948,4,4.17856,-54,12.6003833029811,6.54904667880756,1.928,1.26418504714531
143.474152326584,4,4.08652,-54,12.6049492505104,6.54739338510723,1.928,1.26358762332823
143.881668329239,4,4.00062,-54,12.6109356528915,6.54536248411252,1.928,1.26316242091612
144.107188463211,4,3.98221,-55,12.6142058862362,6.54426224719619,1.928,1.26298795480415
144.514958381653,4,3.92699,-55,12.6200196353796,6.54232795308865,1.928,1.26281408567089
144.767545461655,4,3.86563,-55,12.62361816451,6.54113128705577,1.928,1.26272035346183
145.029797315598,4,3.84109,-55,12.6272733025047,6.53993379422703,1.928,1.26304061317184
145.396221399307,4,3.75518,-55,12.6323803420562,6.53826063079303,1.928,1.26348808711349
145.705310344696,4,3.7061,-55,12.6365699143033,6.53687164862271,1.928,1.26369424785758
146.132119417191,4,3.63247,-55,12.6422566651874,6.53497227382741,1.928,1.26383641662968
146.524535417557,4,3.57724,-56,12.6470580404984,6.5338539434891,1.928,1.26463191819315
146.842311382294,4,3.50361,-56,12.6507731467454,6.53320270721758,1.928,1.26554539725857
147.270839452744,4,3.45452,-56,12.6570221677048,6.53135926144572,1.928,1.26584193861367
147.491939306259,4,3.3993,-56,12.660582640062,6.53014618015586,1.928,1.26574111107789
147.830078363419,4,3.30726,-56,12.6658301453028,6.52837197088918,1.928,1.26575249277257
148.008326530457,4,3.27045,-56,12.6684458320015,6.52749838232182,1.928,1.26588454685833
148.482123374939,4,3.16,-57,12.6752808892918,6.52521312380501,1.928,1.26608721600841
148.610436439514,4,3.09864,-57,12.6769932358767,6.52463763412803,1.928,1.26596717521689
148.912662506104,4,3.0066,-56,12.681026463317,6.52328213707079,1.928,1.26568443349943
149.240683317184,4,2.89616,-57,12.6852699223675,6.52186268878034,1.928,1.26560343966097
149.622143507004,4,2.78571,-57,12.6899352354679,6.5203160360677,1.928,1.2659634801285
149.886684417725,4,2.76117,-57,12.6931544155736,6.51927414436908,1.928,1.26622316233604
150.523236513138,4,2.60163,-57,12.7002006138128,6.51809431582669,1.928,1.26728009207193
150.807587385178,4,2.54641,-57,12.7035957355559,6.51723607004198,1.928,1.26755302322808
151.02638053894,4,2.49118,-57,12.7063605780983,6.51637169295242,1.928,1.26764033404521
151.390775442123,4,2.39301,-57,12.7109653589757,6.51493209303602,1.928,1.26778574817818
151.612178325653,4,2.32551,-57,12.7140720045536,6.5139533682619,1.928,1.26771795140476
151.917719364166,4,2.26416,-57,12.7183807928447,6.5125954471035,1.928,1.26761349593104
152.135630369186,4,2.18439,-57,12.7215594081928,6.51159346544734,1.928,1.2675582535635
152.470656394959,4,2.12917,-57,12.7273833948568,6.50975556801651,1.928,1.26764418123559
152.632558345795,4,2.08621,-57,12.7301978472575,6.50886740066055,1.928,1.26768570594314
152.910663366318,4,1.97577,-56,12.7345765425139,6.50748095538767,1.928,1.26781259255083
153.305476427078,4,1.92054,-56,12.7397325980046,6.50583644505748,1.928,1.26812195588028
153.541511535645,4,1.90827,-56,12.7428395631068,6.50483660194175,1.928,1.26823822815534
153.684735536575,4,1.85305,-56,12.7451076287724,6.50396882029577,1.928,1.26723436256942
153.966911315918,4,1.77942,-57,12.7495761060712,6.50225914202493,1.928,1.26525657566066
154.301828384399,4,1.68124,-57,12.7548051002281,6.50029933634322,1.928,1.26327222257063
154.469491481781,4,1.63216,-57,12.7571684826041,6.49955464793417,1.928,1.26351524962627
154.750803470612,4,1.52784,-57,12.7611338620284,6.49830517932313,1.928,1.26392301034066
154.96565747261,4,1.49717,-57,12.7641624483403,6.49735088891919,1.928,1.26423444044254
155.220019340515,4,1.44808,-57,12.7675184574154,6.49630754735542,1.928,1.26447225868771
155.463523387909,4,1.36217,-56,12.770683698786,6.49532663592078,1.928,1.26467282843792
155.634050369263,4,1.31309,-56,12.772900331577,6.49463969922417,1.928,1.26481328833755
155.900523424149,4,1.25786,-56,12.7766355272471,6.49347609815737,1.928,1.26492450422101
156.087496519089,4,1.22105,-56,12.7795164286384,6.49257324423921,1.928,1.26489878188716
156.370941400528,4,1.16583,-56,12.7838837776068,6.49120454826787,1.928,1.26485978769994
156.559660434723,4,1.13515,-55,12.7867970514762,6.49029321059593,1.928,1.26480290918751
156.797344446182,4,1.07379,-56,12.7904882829808,6.48914520373348,1.928,1.26460649503405
156.9945063591,4,1.01243,-56,12.7935502064986,6.48819291742842,1.928,1.26444356699365
157.184951305389,4,0.981748,-55,12.7965078155583,6.48727307387683,1.928,1.26428618963084
157.37833237648,4,0.938796,-56,12.797967592401,6.48718911374293,1.928,1.26412407630557
157.725299358368,4,0.901981,-55,12.8000439458684,6.48733742470489,1.928,1.26383239808039
157.856310367584,4,0.852893,-55,12.8008279546573,6.48739342533267,1.928,1.26372226351242
158.166578531265,4,0.776194,-56,12.8048952233837,6.48620585517392,1.928,1.26396693759333
158.369555473328,4,0.754719,-55,12.8079184055752,6.48521252388245,1.928,1.26420987187658
158.662304401398,4,0.724039,-55,12.8122786710167,6.48377986523737,1.928,1.26456025034956
158.847122430801,4,0.644272,-55,12.8152194921114,6.48281637327385,1.928,1.26421513288943
159.017810344696,4,0.595185,-55,12.8179434850264,6.48192403076721,1.928,1.2638722855053
159.254838466644,4,0.558369,-55,12.8217261952964,6.48068486705809,1.928,1.26339618576442
159.450803518295,4,0.527689,-55,12.8247537379078,6.47969041320224,1.928,1.26319746204024
159.684547424316,4,0.490874,-55,12.8280476933171,6.47859967891103,1.928,1.26357968516793
159.9081594944,4,0.460194,-55,12.8311988693216,6.4775562234605,1.928,1.26394534049675
160.123757362366,4,0.435651,-54,12.8342371079457,6.47655016519912,1.928,1.26429789082766
160.34774851799,4,0.441786,-54,12.8378464412995,6.47534694353287,1.928,1.26439183393671
160.651010513306,4,0.398835,-54,12.8428127611288,6.47369011246377,1.928,1.26447112811886
160.841385364532,4,0.362019,-54,12.8459304033432,6.47265002510314,1.928,1.2645209055996
161.089992523193,4,0.306796,-54,12.8490001415165,6.47184231797827,1.928,1.26521239156686
161.239646434784,4,0.288388,-54,12.8507499609723,6.47141000964215,1.928,1.26568998934773
161.484445333481,4,0.288388,-54,12.8536122575279,6.47070285402251,1.928,1.26647122793703
