75.0991408824921,875.874500414814,892.199169601692,152.8,-65,5.88435030717959,5.88435030717959
75.6223740577698,876.428682176706,891.545032681834,152.8,-64,5.81071930717959,5.81071930717959
76.0705938339233,876.905689749889,890.976985754816,152.8,-64,5.79844730717959,5.79844730717959
76.3791949748993,877.234288982813,890.585283156319,152.8,-65,5.66959330717959,5.66959330717959
76.9902019500732,877.809625872119,889.900806288741,152.8,-64,5.65732130717959,5.65732130717959
77.4032819271088,878.198421463552,889.439450915134,152.8,-64,5.51005930717959,5.51005930717959
77.9704868793488,878.766866768641,888.76883630913,152.8,-64,5.31984530717959,5.31984530717959
78.5650448799133,879.375608897127,888.071101509473,152.8,-64,5.25234530717959,5.25234530717959
78.9752979278564,879.800689658965,887.5877623274,152.8,-63,5.20939530717959,5.20939530717959
79.5791590213776,880.472300301227,886.801706822331,152.8,-63,5.03145530717959,5.03145530717959
80.1035368442535,881.010097315616,886.174572032462,152.8,-62,4.97009530717959,4.97009530717959
80.4917068481445,881.391483553019,885.730750738428,152.8,-63,4.95782530717959,4.95782530717959
80.8386218547821,881.718373385086,885.347740713631,152.8,-62,4.76147530717959,4.76147530717959
81.4488389492035,882.300345788085,884.666034887726,152.8,-62,4.74306530717959,4.74306530717959
82.2056460380554,883.104992287655,883.730408296138,152.8,-62,4.57739530717959,4.57739530717959
82.5502688884735,883.381970006426,883.378459164767,152.8,-61,4.45467530717959,4.45467530717959
83.3197989463806,884.021115569412,882.593081354146,152.8,-60,4.26446530717959,4.26446530717959
84.1345589160919,884.735289862276,881.757072903778,152.8,-60,4.19083530717959,4.19083530717959
84.6481850147247,885.191632971897,881.223069150598,152.8,-60,4.01902530717959,4.01902530717959
85.3166298866272,885.871308561758,880.427824465196,152.8,-60,3.83495530717959,3.83495530717959
86.278167963028,886.799856165862,879.346776646532,152.8,-59,3.65087530717959,3.65087530717959
86.9913940429688,887.587948497669,878.435153748199,152.8,-59,3.40543530717959,3.40543530717959
87.6378438472748,888.25749753486,877.667913209885,152.8,-60,3.21522530717959,3.21522530717959
88.2539880275726,888.870052612417,876.968711137331,152.8,-59,3.04341530717959,3.04341530717959
88.7638568878174,889.365698228102,876.403403886606,152.8,-59,2.95751530717959,2.95751530717959
89.3233368396759,889.977424604855,875.707812525023,152.8,-59,2.71207530717959,2.71207530717959
90.2776010036469,891.032513107207,874.49231614984,152.8,-59,2.50959530717959,2.50959530717959
90.8662099838257,891.939092766912,873.329142870226,152.8,-60,2.34392530717959,2.34392530717959
91.627995967865,892.937762846557,872.081507724197,152.8,-60,2.15984530717959,2.15984530717959
92.3287789821625,893.636174082135,871.279536167021,152.8,-60,1.92054530717959,1.92054530717959
92.8249540328979,894.157348684159,870.680330954191,152.8,-60,1.78555530717959,1.78555530717959
93.5788018703461,894.872351622722,869.856881978975,152.8,-61,1.55852530717959,1.55852530717959
94.3107469081879,895.645965381312,868.960549937442,152.8,-60,1.34376530717959,1.34376530717959
94.8072309494019,896.179501147776,868.409672781499,152.8,-61,1.13514530717959,1.13514530717959
95.5183320045471,896.926750555567,867.663032286858,152.8,-61,0.791535307179586,0.791535307179586
96.1429848670959,897.547908363641,866.945717811996,152.8,-60,0.497005307179586,0.497005307179586
96.8275990486145,898.13259455191,866.269933209124,152.8,-61,0.300655307179587,0.300655307179587
97.3379509449005,898.647166798947,865.679344242826,152.8,-61,0.0368153071795865,0.0368153071795865
98.0901570320129,899.418167674997,864.792132448644,152.8,-60,5.96411730717959,-0.319068
98.7335698604584,900.067509905195,864.033399708988,152.8,-60,5.79231130717959,-0.490874
98.9404690265656,900.283721692126,863.771778286616,152.8,-60,5.75549630717959,-0.527689
99.9570510387421,901.299619987801,862.568027874098,152.8,-59,5.34438930717959,-0.938796
100.228803873062,901.561307930697,862.263812350216,152.8,-59,5.28916530717959,-0.99402
101.154115915298,902.456808295613,861.21700016835,152.8,-58,5.11122530717959,-1.17196
101.286118984222,902.575074891769,861.077027422293,152.8,-58,5.06827530717959,-1.21491
101.808545827866,903.043137074275,860.52305909023,152.8,-58,4.92714530717959,-1.35604
102.440564870834,903.590123863561,859.876580888519,152.8,-58,4.82897530717959,-1.45421
103.003833055496,903.962793372236,859.483286296684,152.8,-58,4.71238530717959,-1.5708
103.854557991028,904.609508010713,858.79484652452,152.8,-57,4.51603530717959,-1.76715
104.533416986465,905.303228683625,857.989608409578,152.8,-57,4.43627530717959,-1.84691
105.197793960571,905.944142194083,857.242755110624,152.8,-57,4.25833530717959,-2.02485
105.727891921997,906.492748874306,856.604423038774,152.8,-57,4.12947530717959,-2.15371
106.692839860916,907.444046597067,855.496560345424,152.8,-57,3.90244530717959,-2.38074
107.159381866455,907.832031479584,855.141560042549,152.8,-57,3.84722530717959,-2.43596
108.063835859299,908.686612876037,854.239424116294,152.8,-56,3.60792530717959,-2.67526
108.5524289608,909.200768698985,853.647222158603,152.8,-56,3.45452530717959,-2.82866
109.53125,910.223708365371,852.465358161759,152.8,-56,3.32567530717959,-2.95751
110.479142904282,911.144107574599,851.395920963938,152.8,-56,3.14772530717959,-3.13546
111.123649835587,911.823913259595,850.560458071738,152.8,-55,2.95137530717959,-3.33181
111.825666904449,912.560265768537,849.655246922419,152.8,-55,2.81638530717959,-3.4668
112.358369827271,913.053472415289,849.083277237022,152.8,-55,2.71207530717959,-3.57111
113.633700847626,914.330240018171,847.613534068419,152.8,-55,2.43596530717959,-3.84722
114.004623889923,914.713667000527,847.173679954764,152.8,-55,2.38687530717959,-3.89631
114.672832965851,915.441599696891,846.341018485652,152.8,-55,2.25801530717959,-4.02517
115.775384902954,916.679752180263,845.041846822006,152.8,-55,2.06166530717959,-4.22152
116.568158864975,917.551606389128,844.023421183094,152.8,-55,2.00031530717959,-4.28287
116.958677053452,917.935624330432,843.575247499806,152.8,-55,1.88372530717959,-4.39946
117.393146038055,918.36357820817,843.075921261554,152.8,-55,1.84691530717959,-4.43627
118.085228919983,919.051224532484,842.274614387766,152.8,-55,1.75487530717959,-4.52831
119.098198890686,920.096754301543,841.03269553246,152.8,-55,1.59533530717959,-4.68785
119.693320035934,920.754780407257,840.180095933321,152.8,-56,1.53398530717959,-4.7492
120.042363882065,921.117323026899,839.740911719756,152.8,-56,1.50943530717959,-4.77375
121.159279823303,922.285395254049,838.354258568789,152.8,-55,1.37444530717959,-4.90874
122.166538000107,923.203302702176,837.264925882936,152.8,-56,1.24559530717959,-5.03759
122.537880897522,923.560889760336,836.847112877416,152.8,-56,1.21491530717959,-5.06827
123.797713041306,924.784861070646,835.343717230016,152.8,-56,1.10446530717959,-5.17872
124.423964977264,925.355537827041,834.665151084036,152.8,-56,1.02469530717959,-5.25849
125.088837862015,925.968265997869,833.946810793131,152.8,-56,0.963335307179586,-5.31985
126.011270999908,926.836851516243,832.935115993936,152.8,-57,0.920385307179586,-5.3628
126.841337919235,927.693105397539,831.94754068222,152.8,-57,0.840625307179586,-5.44256
127.432562828064,928.344408318511,831.268308459767,152.8,-57,0.816075307179586,-5.46711
128.218732833862,929.210873656165,830.408527710309,152.8,-57,0.760855307179586,-5.52233
129.323024988174,930.367493054555,829.064716753273,152.8,-57,0.662675307179586,-5.62051
129.645134925842,930.707521990388,828.670023349526,152.8,-57,0.699495307179586,-5.58369
130.633239984512,931.712329109634,827.509036173453,152.8,-57,0.674955307179586,-5.60823
131.109189987183,932.196172325148,826.952127454526,152.8,-57,0.681085307179586,-5.6021
131.600134849548,932.710885117531,826.200783975938,152.8,-56,0.656545307179586,-5.62664
133.314533948898,934.441365449819,824.036756705412,152.8,-57,0.509285307179586,-5.7739
133.952528953552,935.091798422519,823.282575954948,152.8,-57,0.515415307179587,-5.76777
134.524438858032,935.648196337481,822.634803399987,152.8,-56,0.503145307179587,-5.78004
134.8113758564,935.902468881434,822.340005048606,152.8,-56,0.497005307179586,-5.78618
135.39706492424,936.415746288377,821.725682737605,152.8,-56,0.423375307179586,-5.85981
136.25510597229,937.175354850894,820.746065554368,152.8,-56,0.349745307179586,-5.93344
136.778934001923,937.721865062479,820.115949731112,152.8,-56,0.288385307179587,-5.9948
137.705098867416,938.665838103629,819.020269230918,152.8,-57,0.208625307179586,-6.07456
138.048979997635,938.996264130698,818.630805595818,152.8,-57,0.165665307179586,-6.11752
138.936053037643,939.855502449387,817.61431602576,152.8,-57,0.0981753071795861,-6.18501
139.7528860569,940.84087639229,816.619648664403,152.8,-57,0.0368153071795865,-6.24637
140.221768856049,941.477799063525,816.018995334347,152.8,-57,6.27091350717959,-6.29545710717959
140.708734035492,942.028382118811,815.36653969236,152.8,-57,6.26477750717959,-6.30159310717959
144.895990848541,942.292349326741,814.971913323527,152.8,-58,6.26477750717959,-6.30159310717959
145.892290830612,941.652613195478,815.517071350278,152.8,-58,0.0736353071795861,-6.20955
146.465659856796,940.84931557852,816.12236098701,152.8,-59,0.110445307179586,-6.17274
147.465238809586,939.687442114489,816.808456152462,152.8,-60,0.214755307179586,-6.06843
148.083362817764,939.207875678912,817.025723303743,152.8,-61,0.177945307179586,-6.10524
148.785245895386,938.520461831277,817.252621807548,152.8,-63,0.0981753071795861,-6.18501
149.970108032227,937.898743650526,817.410474141323,152.8,-65,0.208625307179586,-6.07456
150.597031831741,937.693763132387,817.46336838424,152.8,-64,0.171805307179587,-6.11138
151.239487886429,937.597946766718,817.486345555126,152.8,-65,0.233165307179586,-6.05002
152.014915943146,937.482298859455,817.514078413801,152.8,-65,0.276115307179587,-6.00707
152.548993825912,937.402646093577,817.533179484901,152.8,-64,0.257705307179586,-6.02548
153.297395944595,937.29102885447,817.559945772256,152.8,-65,0.134995307179587,-6.14819
154.36661195755,937.131565196638,817.598185833759,152.8,-65,0.300655307179587,-5.98253
155.183233976364,937.032324678358,817.61810870551,152.8,-65,0.227025307179586,-6.05616
155.676491975784,936.973283321983,817.629771195658,152.8,-65,0.263845307179587,-6.01934
156.415923833847,936.884775766305,817.647254169619,152.8,-66,0.159535307179587,-6.12365
163.291046380997,938.626038778936,817.171642338485,152.8,-65,5.44869930717959,-7.11767130717959
163.980254411697,939.692842215738,816.961679783588,152.8,-64,5.24621530717959,-7.32015530717959
164.590822458267,940.591827441925,816.738615688914,152.8,-64,5.09281530717959,-7.47355530717959
165.330918550491,941.667579582492,816.473092998632,152.8,-64,4.73079530717959,-7.83557530717959
165.679398536682,942.191401429484,816.362797484662,152.8,-63,4.56512530717959,-8.00124530717959
166.664150476456,943.661982336112,816.068197496999,152.8,-62,4.16015530717959,-8.40621530717959
167.156850576401,944.408815863905,815.924384206157,152.8,-62,3.88403530717959,-8.68233530717959
167.789560556412,945.321382506611,815.739115101483,152.8,-62,3.68155530717959,-8.88481530717959
169.169483423233,947.149957567616,815.306462004367,152.8,-61,3.04341530717959,-9.52295530717959
169.895370483398,948.235102018931,815.109048704839,152.8,-61,2.79184530717959,-9.77452530717959
170.250442504883,948.753795743313,815.014418727805,152.8,-60,2.68753530717959,-9.87883530717959
171.087944507599,950.053760807383,814.782392027751,152.8,-60,2.42982530717959,-10.1365453071796
171.780061483383,951.501153262117,814.450955902466,152.8,-59,2.17211530717959,-10.3942553071796
172.320917367935,952.388892555038,814.262453626555,152.8,-59,1.99417530717959,-10.5721953071796
173.133687496185,953.54706820703,814.053775129903,152.8,-58,1.87759530717959,-10.6887753071796
173.554211378098,954.194498514807,813.938041251428,152.8,-58,1.77941530717959,-10.7869553071796
174.390006542206,955.476452359591,813.705611121774,152.8,-58,1.58306530717959,-10.9833053071796
175.047958374023,956.59492959888,813.436844410807,152.8,-57,1.42353530717959,-11.1428353071796
175.505006551743,957.397387783095,813.137876629512,152.8,-56,1.38058530717959,-11.1857853071796
176.871514558792,959.461313572841,812.71817591612,152.8,-55,0.987885307179586,-11.5784853071796
177.633629560471,960.563195929168,812.499001398533,152.8,-55,0.736315307179586,-11.8300553071796
177.989501476288,961.069918946302,812.398524112252,152.8,-55,0.693355307179586,-11.8730153071796
178.499240398407,961.777966170285,812.216403298678,152.8,-54,0.607455307179587,-11.9589153071796
179.289690494537,962.8051608021,811.705243440806,152.8,-53,0.441785307179586,-12.1245853071796
179.994352579117,963.848746875378,811.497899284737,152.8,-53,0.245435307179586,-12.3209353071796
180.578261375427,964.722971976749,811.32514340533,152.8,-52,0.184075307179587,-12.3822953071796
181.171547412872,965.624566023841,811.149640999886,152.8,-52,0.0859053071795861,-12.4804653071796
181.768795490265,966.503463770357,810.977778889254,152.8,-52,6.26477750717959,-12.5847784143592
182.694122552872,967.849824573832,811.024346789157,152.8,-51,6.05615630717959,-12.7933996143592
183.199539422989,968.573700605467,810.885549870946,152.8,-50,5.97025330717959,-12.8793026143592
183.995349407196,969.819376888518,810.622282524764,152.8,-50,5.85367030717959,-12.9958856143592
184.27653837204,970.288017849568,810.522637882656,152.8,-50,5.79231130717959,-13.0572446143592
185.126113414764,971.725341712367,810.212480676575,152.8,-50,5.63891330717959,-13.2106426143592
185.848787546158,972.767994379772,809.939578520318,152.8,-50,5.55914630717959,-13.2904096143592
186.539660453796,973.676799898536,809.662966317939,152.8,-49,5.44256430717959,-13.4069916143592
187.000645399094,974.418027050851,809.502546754606,152.8,-49,5.36893230717959,-13.4806236143592
187.918404579163,975.740692282256,809.211033216778,152.8,-48,5.22167530717959,-13.6278806143592
188.249836444855,976.171638141624,809.11709157971,152.8,-49,5.16644530717959,-13.6831106143592
188.807218551636,976.97938629174,808.943685213526,152.8,-48,5.11735530717959,-13.7322006143592
189.629715442657,978.472406179403,808.637518764119,152.8,-48,4.96396530717959,-13.8855906143592
190.254218578339,979.557253929921,808.418366152101,152.8,-49,4.91487530717959,-13.9346806143592
190.808704376221,980.401609637489,808.247226257486,152.8,-49,4.79215530717959,-14.0574006143592
191.464125394821,981.417293702025,808.043973485455,152.8,-49,4.73693530717959,-14.1126206143592
192.85117149353,983.601108968076,807.61773733368,152.8,-48,4.57126530717959,-14.2782906143592
193.512711524963,984.738067383615,807.508778309199,152.8,-48,4.43627530717959,-14.4132806143592
194.210771560669,985.766854745603,807.288804167373,152.8,-48,4.35036530717959,-14.4991906143592
194.720283508301,986.51840205658,807.128253665152,152.8,-48,4.30741530717959,-14.5421406143592
195.356905460358,987.427697784127,806.935922076814,152.8,-48,4.21537530717959,-14.6341806143592
196.220314502716,988.714537834765,806.667003179118,152.8,-48,4.08652530717959,-14.7630306143592
196.738933563232,989.462627136038,806.584220857846,152.8,-49,3.96994530717959,-14.8796106143592
197.381586551666,990.363233920861,806.470452484825,152.8,-49,3.90858530717959,-14.9409706143592
197.953053474426,991.188881167806,806.302266875282,152.8,-49,3.82267530717959,-15.0268806143592
198.317278385162,991.755176923312,806.186000844063,152.8,-48,3.78586530717959,-15.0636906143592
198.912129402161,992.672124935481,805.995573317395,152.8,-48,3.71223530717959,-15.1373206143592
199.565591573715,993.604756583695,805.800345074742,152.8,-48,3.64473530717959,-15.2048206143592
200.133272409439,994.347393005907,805.607031283424,152.8,-48,3.58951530717959,-15.2600406143592
200.458222389221,994.763701360774,805.445605594802,152.8,-48,3.52201530717959,-15.3275406143592
201.159180402756,995.692297080838,805.202812841834,152.8,-48,3.40543530717959,-15.4441206143592
201.596635580063,996.277484408085,805.085318113131,152.8,-48,3.42384530717959,-15.4257106143592
202.22913146019,997.133428167153,804.912714746144,152.8,-48,3.35021530717959,-15.4993406143592
202.686334371567,997.844470321989,804.7693746831,152.8,-49,3.26431530717959,-15.5852406143592
203.297872543335,998.816077401084,804.574003337465,152.8,-49,3.20295530717959,-15.6466006143592
203.924253463745,999.733650874404,804.353439333904,152.8,-49,3.10477530717959,-15.7447806143592
204.426673412323,1000.42135389993,804.171553778071,152.8,-49,3.09864530717959,-15.7509106143592
204.912380456924,1001.13897299461,804.023378724262,152.8,-49,3.02500530717959,-15.8245506143592
205.593379497528,1002.059746963,803.835061730782,152.8,-49,2.95751530717959,-15.8920406143592
206.035366535187,1002.63311751997,803.717693592256,152.8,-49,2.90229530717959,-15.9472606143592
206.708111524582,1003.48748194812,803.54165270018,152.8,-49,2.85320530717959,-15.9963506143592
207.192677497864,1004.09329843614,803.41533351757,152.8,-49,2.80411530717959,-16.0454406143592
207.908205509186,1005.23850340131,803.171999706789,152.8,-49,2.75502530717959,-16.0945306143592
208.421136379242,1006.0104788138,803.009499449103,152.8,-49,2.72434530717959,-16.1252106143592
209.050701379776,1006.92893634892,802.819361014151,152.8,-50,2.69366530717959,-16.1558906143592
209.64582157135,1007.79670114078,802.639756557992,152.8,-50,2.70594530717959,-16.1436106143592
210.110916376114,1008.46557992266,802.499953798917,152.8,-50,2.68139530717959,-16.1681606143592
210.807107448578,1009.34231675601,802.30689512178,152.8,-50,2.66299530717959,-16.1865606143592
211.636871576309,1010.4092079869,801.906627556593,152.8,-51,2.68139530717959,-16.1681606143592
212.331438541412,1011.38709845056,801.701667418473,152.8,-51,2.71821530717959,-16.1313406143592
212.969371557236,1012.45061719764,801.478964774854,152.8,-52,2.76730530717959,-16.0822506143592
213.401162385941,1013.11502171244,801.341586857524,152.8,-52,2.84093530717959,-16.0086206143592
214.111739397049,1014.18856710228,801.117728797617,152.8,-52,2.92069530717959,-15.9288606143592
214.643337488174,1014.92149790577,800.929725077367,152.8,-52,3.01887530717959,-15.8306806143592
215.353856563568,1015.88901738712,800.680145039459,152.8,-53,3.16000530717959,-15.6895506143592
215.821932554245,1016.57482419158,800.539769024831,152.8,-54,3.19067530717959,-15.6588806143592
216.419947385788,1017.39432042812,800.371891640452,152.8,-54,3.27658530717959,-15.5729706143592
216.84947347641,1017.98918677481,800.252580918157,152.8,-54,3.31339530717959,-15.5361606143592
217.336449384689,1018.67478168749,800.11570374574,152.8,-54,3.39316530717959,-15.4563906143592
217.867917537689,1019.50977437976,799.944909785958,152.8,-54,3.48520530717959,-15.3643506143592
218.506089448929,1020.40919031745,799.863153084988,152.8,-54,3.60178530717959,-15.2477706143592
218.849556446075,1020.93062668508,799.797198148591,152.8,-54,3.63860530717959,-15.2109506143592
219.581745386124,1022.14212241978,799.570507010384,152.8,-54,3.71836530717959,-15.1311906143592
220.047491550446,1022.87882222897,799.433786144894,152.8,-54,3.78586530717959,-15.0636906143592
220.701620578766,1023.78760469395,799.266824522553,152.8,-55,3.88403530717959,-14.9655206143592
221.186317443848,1024.47752124579,799.142241553996,152.8,-55,3.95153530717959,-14.8980206143592
221.80418753624,1025.43116698769,798.975283012479,152.8,-55,4.01289530717959,-14.8366606143592
222.205095529556,1026.12086360042,798.858862224249,152.8,-55,4.08038530717959,-14.7691706143592
222.884329557419,1027.0631328593,798.7004013855,152.8,-55,4.12334530717959,-14.7262106143592
223.052681446075,1027.29403520807,798.661485735137,152.8,-55,4.20310530717959,-14.6464506143592
223.421344518662,1027.86668548942,798.563767430245,152.8,-55,4.27673530717959,-14.5728206143592
224.122158527374,1028.92138663058,798.382527358987,152.8,-55,4.41786530717959,-14.4316906143592
224.73330950737,1029.79234207532,798.230110477366,152.8,-56,4.50990530717959,-14.3396506143592
225.133685350418,1030.34528409419,798.131438790354,152.8,-56,4.57739530717959,-14.2721606143592
225.737520456314,1031.10171955979,797.9079464937,152.8,-56,4.70011530717959,-14.1494406143592
226.318953514099,1031.94928354179,797.743118073985,152.8,-57,4.88419530717959,-13.9653606143592
226.863323450089,1032.74721048531,797.598284167938,152.8,-56,4.97009530717959,-13.8794606143592
227.215193510056,1033.25574483997,797.504810710366,152.8,-57,5.04986530717959,-13.7996906143592
228.205367565155,1034.76529421259,797.222459132657,152.8,-57,5.21553530717959,-13.6340206143592
228.541527509689,1035.26485184062,797.129485907439,152.8,-57,5.28916530717959,-13.5603906143592
229.189257383347,1036.33188916001,796.895396443062,152.8,-58,5.41802030717959,-13.4315356143592
229.711701393127,1037.15224594351,796.727516432865,152.8,-58,5.51005930717959,-13.3394966143592
230.354624509811,1038.05806971769,796.56655417558,152.8,-58,5.72481630717959,-13.1247396143592
230.895719528198,1038.7734029255,796.438368466078,152.8,-58,5.84139930717959,-13.0081566143592
231.46649646759,1039.64507470877,796.276598747741,152.8,-58,5.97025330717959,-12.8793026143592
231.98645734787,1040.39384464735,796.133757455364,152.8,-59,6.10524330717959,-12.7443126143592
232.827068567276,1041.69914299381,795.809466076961,152.8,-60,6.27091350717959,-12.5786424143592
233.529016494751,1042.79759062658,795.562617249111,152.8,-60,0.190215307179586,-12.3761553071796
233.627603530884,1042.9465120229,795.534378380564,152.8,-60,0.239305307179587,-12.3270653071796
234.578526496887,1044.33997553548,795.264870720959,152.8,-60,0.429515307179586,-12.1368553071796
235.473959445953,1045.61984630716,795.018655326773,152.8,-61,0.595185307179587,-11.9711853071796
235.985233545303,1046.35475976256,794.880879781889,152.8,-61,0.773125307179586,-11.7932453071796
236.699862480164,1047.17174884899,794.734944220994,152.8,-61,0.908115307179586,-11.6582553071796
237.069347381592,1047.68012355642,794.637336277168,152.8,-62,1.00629530717959,-11.5600753071796
237.782557487488,1048.75250495913,794.435920130407,152.8,-62,1.19036530717959,-11.3760053071796
238.367257356644,1049.60127956375,794.27903749434,152.8,-63,1.43580530717959,-11.1305653071796
239.317648410797,1050.90355396937,794.037215407729,152.8,-64,1.69351530717959,-10.8728553071796
