65.3801500797272,2,0.914253,-64,8.62634258391317,9.05106733133233,1.073,0.725124486115785
65.8617510795593,2,0.96334,-63,8.631096606515,9.04571104710708,1.073,0.725101420777016
66.2198209762573,2,1.0247,-63,8.63460906910759,9.04175982088435,1.073,0.724579602569793
66.569130897522,2,1.1106,-62,8.63802266975297,9.03792345546866,1.073,0.723775899756448
67.1917378902435,2,1.22718,-61,8.64331464114766,9.0314598501765,1.073,0.721488878710016
67.9254770278931,2,1.39285,-61,8.64980594488965,9.02365909105369,1.073,0.720342717569405
68.4599719047546,2,1.4174,-60,8.65506350000692,9.01769897781474,1.073,0.721260102824543
69.0739951133728,2,1.61375,-60,8.66095486157696,9.01102368506803,1.073,0.722930905635403
69.6162619590759,2,1.77328,-59,8.666433430407,9.00485378174725,1.073,0.723991051252392
70.7552878856659,2,2.01258,-59,8.67750565405332,8.99237364538961,1.073,0.724057250469335
70.8479568958282,2,1.9635,-59,8.67843760353241,8.99132833457824,1.073,0.723510132881421
71.6229219436646,2,2.18439,-59,8.68627388790871,8.98252977807628,1.073,0.719747028375358
72.3100399971008,2,2.4421,-59,8.69337782423436,8.97451903671383,1.073,0.719187788539237
72.9026579856873,2,2.66299,-59,8.69968224248995,8.96735727670251,1.073,0.719994133242266
73.3968160152435,2,2.80412,-59,8.70457537274112,8.96180695623277,1.073,0.721381559416969
73.9335780143738,2,3.04342,-59,8.70974560802914,8.95594665002352,1.073,0.723143705975912
74.6543970108032,2,3.23363,-58,8.71696274578271,8.94782951220052,1.073,0.724934356044327
74.9842150211334,2,3.41157,-58,8.72037199151557,8.94452667238941,1.073,0.726734318616646
75.5401830673218,2,3.65087,-58,8.72613831355394,8.93865017659637,1.073,0.728466080019203
75.9506878852844,2,3.74291,-59,8.73043514735549,8.93368741283296,1.073,0.727115193525137
76.604434967041,2,4.02517,-58,8.73700319459023,8.9261166610593,1.073,0.725075050651267
77.102646112442,2,4.2706,-57,8.74210133761369,8.92025500129408,1.073,0.724018283987209
77.5284099578857,2,4.36264,-57,8.7468276361758,8.91483624503566,1.073,0.723969921862387
78.2245180606842,2,4.61421,-57,8.75368558765912,8.9069389373164,1.073,0.725197501180555
78.9745059013367,2,4.85352,-57,8.75945183835712,8.90007890958788,1.073,0.728213973973297
79.3586919307709,2,4.92715,-57,8.76226735290596,8.89670163960695,1.073,0.729582739084789
79.9229829311371,2,5.13577,-56,8.76762927254644,8.89052598690451,1.073,0.728881620866218
80.3953409194946,2,5.27076,-56,8.77251599806614,8.88491827033241,1.073,0.728172100290079
81.1093668937683,2,5.49779,-57,8.7803322349096,8.87596014901131,1.073,0.72665998844371
82.3393700122833,2,5.78004,-56,8.79327336481111,8.86115211592446,1.073,0.72550078827856
83.1825799942017,2,5.98866,-57,8.80355359871369,8.85134830448738,1.073,0.728738777852724
83.6493721008301,2,6.1666,-57,8.80771731815293,8.84663182575751,1.073,0.729804041137828
84.0885488986969,2,0.00613592,-57,8.81194242273538,8.841837909876,1.073,0.730328464140718
84.6336739063263,2,0.159534,-57,8.81762935441206,8.83537482808528,1.073,0.730292195443801
85.3129510879517,2,0.411107,-57,8.82556891513644,8.82639635762728,1.073,0.728094779207829
86.3163819313049,2,0.779262,-57,8.83566653496925,8.81473821368306,1.073,0.724939038811312
87.0631959438324,2,1.07379,-56,8.84420718053281,8.80442354429028,1.073,0.724955127231626
87.4068970680237,2,1.19037,-56,8.84789743652768,8.80025541341838,1.073,0.726293619364057
87.9532809257507,2,1.40513,-56,8.85350080784832,8.79392259353169,1.073,0.728303184454146
89.1369469165802,2,1.95736,-56,8.86537063714443,8.78050166198688,1.073,0.732148934106465
90.309760093689,2,2.4421,-56,8.876059736128,8.76845345701182,1.073,0.731771634413256
90.67657995224,2,2.58322,-56,8.87938466465294,8.7646279000442,1.073,0.730758097962329
91.5608429908752,2,3.00047,-55,8.88840482011274,8.75441977088513,1.073,0.727027929669747
92.1199259757996,2,3.18454,-55,8.89409069441207,8.74792088306457,1.073,0.726234504081223
92.603245973587,2,3.35635,-54,8.89942238634511,8.74184863906296,1.073,0.726407848979446
93.3499479293823,2,3.62633,-54,8.90772973363949,8.73242794867292,1.073,0.727051151874114
94.1272311210632,2,3.88404,-54,8.91555924794951,8.72297310940148,1.073,0.725664213348834
94.7551720142365,2,4.05585,-53,8.92237017177977,8.71386041406952,1.073,0.723622955544129
95.1069769859314,2,4.16629,-53,8.92538495391974,8.71039802235418,1.073,0.723072659066178
96.1896629333496,2,4.5099,-53,8.93574703822023,8.69848328979636,1.073,0.723789957328058
96.5923130512238,2,4.60808,-53,8.94002804539245,8.69355557104141,1.073,0.72286506911298
97.4666910171509,2,4.8167,-53,8.94855257334696,8.68372311856539,1.073,0.723338999005278
98.1066999435425,2,5.02532,-52,8.95489371798547,8.67573022292249,1.073,0.725696560110016
98.5723690986633,2,5.11122,-52,8.96001423510452,8.66884884409687,1.073,0.727221157902845
99.0299959182739,2,5.24008,-52,8.96466655320078,8.66360285596133,1.073,0.727320483467109
99.8245120048523,2,5.47324,-53,8.97307528342446,8.65412671973581,1.073,0.726271822469555
100.490993022919,2,5.688,-52,8.98019759155392,8.64608614795986,1.073,0.724102179899735
102.062716960907,2,6.19728,-52,8.99403406202403,8.63070937547069,1.073,0.72529871838263
102.48323392868,2,0.0245437,-53,8.99651374818662,8.62824518106166,1.073,0.727171443341836
103.018625974655,2,0.208621,-52,9.00214543880862,8.62186903194863,1.073,0.728747903127945
103.764858961105,2,0.404971,-52,9.00990979284072,8.61305091031127,1.073,0.72870954155646
104.616733074188,2,0.681087,-52,9.01892413408675,8.60283569670091,1.073,0.726759082647109
105.222609996796,2,0.859029,-51,9.02542168475463,8.59544241740239,1.073,0.723846463425168
105.847186088562,2,1.01856,-51,9.03271564096424,8.58710117241638,1.073,0.720719125401282
106.357311964035,2,1.15969,-51,9.03944117461765,8.57939157985302,1.073,0.718922030233345
106.98566699028,2,1.29468,-51,9.04633177482857,8.57148080219925,1.073,0.71833823644041
107.568789958954,2,1.45421,-51,9.05257535264126,8.56431542967769,1.073,0.71837804446731
108.026839017868,2,1.60148,-51,9.05717268153406,8.55903060846555,1.073,0.71849222366668
108.804524898529,2,1.80396,-51,9.06399272476641,8.55116126684485,1.073,0.718565236145112
109.431674957275,2,1.97577,-50,9.07003339429318,8.54424841508695,1.073,0.718857578707772
110.036067962646,2,2.10462,-50,9.07762980163203,8.53479410576662,1.073,0.716862830446639
110.825262069702,2,2.34392,-50,9.08651242483299,8.52425355363982,1.073,0.715116292265056
111.677305936813,2,2.55868,-50,9.09591116796082,8.51343193551436,1.073,0.712712573160272
112.068727016449,2,2.63845,-50,9.10000533224767,8.50869861010487,1.073,0.712772049232769
112.718697071075,2,2.77957,-50,9.10661623159853,8.5010500025037,1.073,0.712902831971694
113.465600967407,2,2.96365,-50,9.11432526160394,8.49223085485691,1.073,0.710976657361713
114.217189073563,2,3.14159,-50,9.12203332626534,8.48368472867825,1.073,0.712469464558719
114.630088090897,2,3.20295,-50,9.12587029197258,8.47916792475174,1.073,0.711670654651077
115.510453939438,2,3.36862,-49,9.13410023273261,8.46952667849526,1.073,0.70964377391268
116.040344953537,2,3.4668,-49,9.13912123612333,8.46367142494823,1.073,0.709091745650792
116.85223197937,2,3.59565,-49,9.14700880537817,8.4544825462171,1.073,0.710006588258853
117.210457086563,2,3.66315,-49,9.15054811020725,8.45035183320301,1.073,0.710977031552586
117.842158079147,2,3.76132,-49,9.15419568353838,8.44467876408201,1.073,0.712997484614348
118.819139957428,2,3.95767,-49,9.16242812295743,8.43494852602966,1.073,0.714961330534674
119.394279956818,2,3.98835,-49,9.16818817849163,8.42832000851414,1.073,0.713844206362125
120.051378011703,2,4.08039,-50,9.17474901652901,8.4207550441588,1.073,0.711843741911997
120.791646003723,2,4.20311,-49,9.1822652321083,8.41206576913254,1.073,0.710358200281014
121.130289077759,2,4.26447,-49,9.18570462394518,8.40811916190335,1.073,0.709895488934695
121.849432945251,2,4.41173,-50,9.19280928531474,8.40025207271434,1.073,0.709159741515811
122.63380408287,2,4.57126,-50,9.20154242197279,8.39009858648881,1.073,0.711566135802545
123.160025119781,2,4.65717,-50,9.20672527141232,8.38413661589171,1.073,0.713073565868289
124.178234100342,2,4.85352,-50,9.21631675880575,8.37305834996929,1.073,0.713040897213909
125.124913930893,2,5.06827,-50,9.22478066870705,8.36312911425901,1.073,0.711148344281217
126.095350027084,2,5.27076,-51,9.23218310858542,8.35399176824538,1.073,0.711224910866889
126.456659078598,2,5.31985,-51,9.23557329432888,8.35001097401163,1.073,0.711307224018685
127.245064973831,2,5.50392,-51,9.24242629600017,8.3419583584093,1.073,0.713315801867113
128.186662912369,2,5.65119,-51,9.25189748008627,8.33081760526309,1.073,0.716033131858831
129.036701917648,2,5.83526,-51,9.25979076925674,8.32173535683079,1.073,0.714737895507853
129.653048992157,2,5.9273,-51,9.26595149924571,8.31484438550506,1.073,0.712473229426425
130.454086065292,2,6.07456,-52,9.27388112211276,8.30550628876422,1.073,0.714519061939799
131.012990951538,2,6.13592,-52,9.27880144259324,8.2997914689427,1.073,0.716107363692634
131.689536094666,2,6.25864,-52,9.28490426900306,8.29266082803488,1.073,0.715711525239858
132.398210048676,2,0.0859029,-52,9.29193786640509,8.28442850242662,1.073,0.716069332575538
133.210953950882,2,0.190214,-52,9.30224858061666,8.27204304524459,1.073,0.716564641203088
133.456794023514,2,0.233165,-52,9.30571872260986,8.26782392821232,1.073,0.716524739476117
134.179964065552,2,0.33134,-51,9.31290255231622,8.2595016394575,1.073,0.716312508434121
134.970158100128,2,0.417243,-51,9.32083263272613,8.25030837811926,1.073,0.71741499336313
135.738913059235,2,0.509282,-51,9.32776969594122,8.24229824803352,1.073,0.717094602820884
136.428972005844,2,0.613592,-52,9.33448246300414,8.23457143644025,1.073,0.716359155688282
136.876840114594,2,0.705631,-52,9.33819183569627,8.23052733623131,1.073,0.715008089530751
137.368767976761,2,0.773126,-52,9.34196570938417,8.22653393657233,1.073,0.713164203863307
138.308372020721,2,0.895845,-52,9.35179334445475,8.21508709979155,1.073,0.714147477651866
138.889048099518,2,0.987884,-51,9.35812494347768,8.20768961908819,1.073,0.714378249429283
139.983220100403,2,1.13515,-51,9.36941575291356,8.19457887880726,1.073,0.714638622170717
140.268908977509,2,1.15969,-51,9.37201834612215,8.19155559244989,1.073,0.714497440402141
140.793241024017,2,1.22718,-52,9.37731910369223,8.18566141130888,1.073,0.714425634080257
141.569133996964,2,1.27627,-52,9.38546737755781,8.17644904606012,1.073,0.713634429189996
142.328731060028,2,1.42353,-52,9.39324508723431,8.16730902762198,1.073,0.713310424893091
142.637757062912,2,1.43581,-52,9.3962961073409,8.16370290277901,1.073,0.713841680685236
146.450813055038,2,1.31922,-52,9.39606662187727,8.16323585542114,1.073,0.782511682585123
147.129024028778,2,1.18423,-52,9.39301429554251,8.16594826153279,1.073,0.82372524343193
147.965898036957,2,1.04311,-52,9.3897310203309,8.1680585336161,1.073,0.897513375101654
149.096568107605,2,0.736311,-53,9.38240084933908,8.17274852413269,1.073,1.01531595395855
149.780366182327,2,0.484738,-53,9.3762026908482,8.17593208847704,1.073,1.09380940021807
150.551410198212,2,0.251573,-54,9.36787780090048,8.17989263768174,1.073,1.17269563083898
151.538546085358,2,0.0736311,-54,9.36422744868708,8.18093595067629,1.073,1.22992684646389
152.163592100143,2,0.0184078,-55,9.36354781842493,8.18111879383189,1.073,1.23928840212603
152.878875017166,2,0.0184078,-55,9.36303312015609,8.1812484506477,1.073,1.24595328632485
153.65958404541,2,0.0368155,-55,9.36247134302463,8.18138996702433,1.073,1.25322779986681
154.493613004684,2,6.27091,-55,9.36187119831086,8.18154114851711,1.073,1.26099913943013
155.008119106293,2,6.26478,-55,9.36150097361584,8.18163441122654,1.073,1.26579321951396
155.900681018829,2,6.20955,-55,9.36085871016975,8.18179620278167,1.073,1.27410995915049
156.592571020126,2,6.14819,-55,9.36036084481127,8.18192161924602,1.073,1.28055687215123
157.526583194733,2,6.08684,-55,9.35929722374259,8.18217489599985,1.073,1.29213334631609
157.886521100998,2,6.08684,-55,9.35872255295491,8.18230784222685,1.073,1.2978039317565
158.368579149246,2,6.07456,-55,9.35795290720915,8.18248589460087,1.073,1.30539843987095
159.375712156296,2,5.98253,-55,9.35634493564408,8.18285788802264,1.073,1.32126515928817
159.586047172546,2,5.97639,-55,9.35600911830625,8.18293557710826,1.073,1.32457884939971
160.927636146545,2,5.91503,-56,9.35443109475266,8.18305429001065,1.073,1.34526896190009
161.141605138779,2,5.87208,-56,9.35433556788588,8.18296888519599,1.073,1.34844538837742
161.929895162582,2,5.78004,-56,9.35398363429355,8.18265424258033,1.073,1.36014776299387
162.193387985229,2,5.74322,-56,9.35386599741775,8.18254907053905,1.073,1.36405938387737
163.172459125519,2,5.7555,-56,9.35342888923022,8.18215827845086,1.073,1.37859395480158
166.66287612915,2,5.85981,-56,9.36330590324528,8.18052877594482,1.073,1.41084309473104
167.357266187668,2,6.0132,-56,9.36789298459715,8.17983586335391,1.073,1.41165149275378
168.100259065628,2,6.12979,-57,9.37354761590291,8.17897236106025,1.073,1.41248949011778
168.566749095917,2,6.26478,-57,9.37939695200526,8.1780541886534,1.073,1.41293252435605
169.864697217941,2,0.380427,-56,9.3972694666286,8.17545932623869,1.073,1.41058692226412
170.419909238815,2,0.546097,-56,9.40533569006859,8.17437388467431,1.073,1.40680991493092
170.922926187515,2,0.711767,-56,9.41285626186144,8.17318515458969,1.073,1.4065859911663
171.874655246735,2,0.865165,-56,9.42734966599812,8.17076132267622,1.073,1.40682157769523
172.444732189178,2,1.07992,-56,9.4360879821222,8.16924530587615,1.073,1.40733798705755
173.069439172745,2,1.24559,-56,9.44541874920098,8.16758350561891,1.073,1.40848860737778
173.557620048523,2,1.38058,-56,9.45139460712082,8.16620646009824,1.073,1.40818331898404
174.28987622261,2,1.58307,-57,9.46128189504572,8.16419449282672,1.073,1.40841484510639
174.958978176117,2,1.78555,-56,9.47121518234805,8.16228157462007,1.073,1.40783611144789
175.809859037399,2,2.01872,-56,9.48467577065121,8.15964037820719,1.073,1.40628593040411
176.437934160233,2,2.19052,-57,9.49477401450409,8.15770853142026,1.073,1.40571773858991
176.661541223526,2,2.28256,-57,9.49836667997364,8.15702952720995,1.073,1.40558385043577
177.238169193268,2,2.50959,-57,9.50353036211189,8.15663824926015,1.073,1.40389574154597
178.390574216843,2,2.93297,-57,9.5180869773501,8.15391452218202,1.073,1.40252664348134
179.063110113144,2,3.17227,-58,9.52780776743951,8.15200637432234,1.073,1.40210621186745
179.344679117203,2,3.33181,-58,9.53209884492441,8.1511722136901,1.073,1.40240107795141
180.221544027328,2,3.58952,-57,9.54475115632356,8.14867091963256,1.073,1.40290905383654
181.700058221817,2,4.17243,-58,9.56501459767055,8.14439022409913,1.073,1.40003319183637
181.882444143295,2,4.19697,-57,9.56783445404034,8.14382467740736,1.073,1.39915247334514
182.99980711937,2,4.56513,-58,9.58459270933267,8.14045948963971,1.073,1.39581916351945
183.566954135895,2,4.82284,-59,9.59266100705771,8.1388352780647,1.073,1.39615438134425
184.480018138886,2,5.19713,-59,9.60637888136845,8.13641956367606,1.073,1.39835759685286
185.645339250565,2,5.57755,-60,9.62422758852879,8.13324967001203,1.073,1.39892458468577
185.797765254974,2,5.63278,-60,9.62645334148621,8.13283221022078,1.073,1.39849453816713
186.589858055115,2,5.89662,-60,9.63753214968501,8.13074193778346,1.073,1.39744330168673
187.235158205032,2,6.17274,-60,9.646625280846,8.12901145333168,1.073,1.39718617874336
188.348336219788,2,0.325204,-60,9.66401883732791,8.1270676164208,1.073,1.39172519454119
188.914791107178,2,0.558369,-60,9.67198935933184,8.12565814032371,1.073,1.38936871353309
189.931348085403,2,0.938796,-60,9.68758926218571,8.12262328902732,1.073,1.38648690594803
190.624237060547,2,1.17196,-60,9.69859009809515,8.12043707688497,1.073,1.38667760833996
191.429295063019,2,1.43581,-60,9.71194093364501,8.11776458745111,1.073,1.38292959960192
191.913466215134,2,1.62602,-60,9.72119299724391,8.11571071947056,1.073,1.37937557099607
193.408252239227,2,2.06167,-60,9.74458226215568,8.11066843508058,1.073,1.37831662224852
194.03092622757,2,2.31324,-61,9.75302550835995,8.10886495332249,1.073,1.379760520524
194.877761125565,2,2.56482,-61,9.76454494194178,8.10644563709546,1.073,1.38213838822346
195.09733915329,2,2.66299,-60,9.76760035637399,8.10582334868874,1.073,1.38258389006595
196.246603250504,2,2.94524,-60,9.78486322266857,8.10252899544605,1.073,1.38045651912969
197.347747087479,2,3.21522,-61,9.80184032762802,8.09911596491586,1.073,1.38028452615407
197.748745203018,2,3.30726,-60,9.80799024047328,8.09786426332375,1.073,1.3808103551334
198.676421165466,2,3.56497,-60,9.82098662954278,8.09518991678377,1.073,1.38333631748191
199.426694154739,2,3.71837,-60,9.83210720946943,8.09351992191783,1.073,1.38505746407293
199.967447042465,2,3.83495,-60,9.84097629928047,8.09182629664251,1.073,1.38377343059443
201.268924236298,2,4.0988,-59,9.86000202919799,8.0880656207016,1.073,1.3827088747566
201.795955181122,2,4.22765,-59,9.86809862500517,8.08645673028034,1.073,1.38284774158227
202.267858028412,2,4.28901,-59,9.87513671361644,8.08506079942109,1.073,1.38307498614075
203.120796203613,2,4.49763,-59,9.88784079548094,8.08127894090936,1.073,1.38713725956691
203.80061507225,2,4.68785,-59,9.89776131714883,8.07940819386266,1.073,1.38766340361015
204.863726139069,2,4.87806,-58,9.91341436840461,8.0764146383733,1.073,1.38605406862182
205.780338048935,2,5.08668,-58,9.92702312481575,8.0737724143247,1.073,1.38451021242188
206.485095024109,2,5.21553,-58,9.93783079876949,8.07154232734489,1.073,1.38546164608592
206.959890127182,2,5.33825,-58,9.94496509590197,8.06997949563455,1.073,1.38713479302907
207.858502149582,2,5.48552,-59,9.95884092326518,8.06725007795355,1.073,1.38751695980516
208.978735208511,2,5.70641,-58,9.97512761597819,8.0640563498082,1.073,1.38731919898551
209.390116214752,2,5.88435,-59,9.9812105832017,8.06284754686774,1.073,1.38637992842066
210.454102039337,2,6.09297,-59,9.99785018502594,8.05957818420439,1.073,1.38332595968071
210.916031122208,2,6.14206,-59,10.0050743180844,8.05813444919613,1.073,1.38208784536594
211.951512098312,2,0.0920388,-60,10.0201584077421,8.05508108784056,1.073,1.37851401508406
212.446905136108,2,0.153398,-59,10.027115397666,8.05363974087726,1.073,1.37626255979074
213.318556070328,2,0.257709,-59,10.0396892953732,8.05100062133946,1.073,1.37218779884841
214.020318031311,2,0.343612,-60,10.0487064480325,8.0493567257162,1.073,1.37068150107487
214.867340087891,2,0.355884,-60,10.0598701157812,8.0470943753,1.073,1.36941747226161
215.510160207748,2,0.349748,-60,10.068778308497,8.04520041638588,1.073,1.36769813872637
216.852136135101,2,0.484738,-60,10.0885617399644,8.040963351237,1.073,1.36592641163362
217.42625617981,2,0.509282,-60,10.0972101409537,8.03949524126045,1.073,1.36636689684888
217.682152032852,2,0.527689,-60,10.1013973144862,8.03917524588479,1.073,1.36716688528802
218.734329223633,2,0.484738,-60,10.1164211111363,8.03659537474196,1.073,1.37092276363966
219.337380170822,2,0.49701,-60,10.1255567937341,8.03459382973644,1.073,1.37211870754337
219.878964185715,2,0.46633,-60,10.1332395199058,8.03292477068707,1.073,1.37244110444314
220.707473039627,2,0.368155,-60,10.1456724000239,8.03022993344021,1.073,1.37229650285646
221.157885074615,2,0.362019,-60,10.1527809459872,8.02864520326569,1.073,1.37224497560812
221.850202083588,2,0.325204,-59,10.1634981905082,8.02619000325617,1.073,1.37271605167982
222.302978038788,2,0.30066,-59,10.1700073795121,8.0248459762674,1.073,1.37359599760072
223.016062259674,2,0.257709,-59,10.1808028500006,8.02257537906238,1.073,1.37430726500002
223.62701010704,2,0.190214,-58,10.1898275173192,8.02066675348108,1.073,1.37594163772087
224.542256116867,2,0.079767,-59,10.2021081968018,8.01811981965563,1.073,1.37602856064455
225.087616205215,2,0.0184078,-58,10.21087534698,8.01671887346347,1.073,1.3756201959178
225.474034070969,2,6.24637,-58,10.217688325997,8.01573919691868,1.073,1.37552570934749
226.070104122162,2,6.15433,-58,10.2265677046876,8.01384151636964,1.073,1.372621146143
226.755238056183,2,6.11138,-57,10.2364251050371,8.01167214023218,1.073,1.37092801733247
227.242314100266,2,6.01934,-57,10.2436242077483,8.0100910283076,1.073,1.37094006069327
228.021437168121,2,5.91503,-56,10.254775883941,8.00764768149687,1.073,1.37218059290706
228.920076131821,2,5.85981,-56,10.2670151501925,8.00565900127419,1.073,1.3744352073551
229.359526157379,2,5.85981,-56,10.2732059303359,8.0047192626308,1.073,1.37499888610062
230.005761146545,2,5.78004,-56,10.2820632757408,8.00274207933703,1.073,1.37384681409823
230.471754074097,2,5.76777,-56,10.28919434833,8.0011732433674,1.073,1.37353676746391
231.095424175262,2,5.73709,-56,10.2984587623682,7.99914681688013,1.073,1.37231764744219
231.712813138962,2,5.65119,-56,10.3076640769313,7.99714302675407,1.073,1.37121202113678
232.122689247131,2,5.56528,-56,10.3139387051143,7.99577897714906,1.073,1.37095012361262
232.81162405014,2,5.5346,-56,10.3259628593735,7.99290825939885,1.073,1.37023624691033
233.253013134003,2,5.51006,-56,10.3326884451436,7.99137163556619,1.073,1.37114450732781
233.80518913269,2,5.47938,-56,10.3406681051222,7.98961311443448,1.073,1.37296533459612
234.303453207016,2,5.46097,-56,10.3482259461605,7.98800210095001,1.073,1.37456971839547
234.949007034302,2,5.38734,-56,10.3578141628214,7.98596239421095,1.073,1.37345301130728
235.531045198441,2,5.32598,-56,10.3667229869532,7.98410271760176,1.073,1.37215435487068
235.818217039108,2,5.27689,-55,10.3712291783989,7.98317380971602,1.073,1.37168397172854
236.802092075348,2,5.22167,-55,10.3838737812412,7.98045382405833,1.073,1.36928220722264
237.318233251572,2,5.1235,-55,10.3914248327971,7.97897210828132,1.073,1.36948879259539
237.781927108765,2,5.01305,-55,10.3978820757571,7.97771636605486,1.073,1.37145501823995
238.485689163208,2,4.92101,-56,10.4086342560071,7.97564142284664,1.073,1.37415133867646
239.153588056564,2,4.80443,-56,10.4192101470139,7.97361870178385,1.073,1.37580617990978
240.115499258041,2,4.65717,-56,10.4325728006702,7.97034564550979,1.073,1.37475766837241
240.521380186081,2,4.60194,-56,10.4381171418282,7.96887466429939,1.073,1.37369994596541
241.185254096985,2,4.44241,-56,10.4480104434998,7.96689305090045,1.073,1.37352412617097
241.819199085236,2,4.30742,-56,10.4588733487656,7.96478179269959,1.073,1.37345404291119
242.355592250824,2,4.19084,-56,10.4667490754044,7.96321683544701,1.073,1.37510598144559
242.923032045364,2,4.0313,-57,10.4754414127743,7.96148171744514,1.073,1.37694408137755
243.997222185135,2,3.76746,-57,10.4925080670948,7.9569811323053,1.073,1.37950219601603
244.42809009552,2,3.60792,-57,10.4991187186902,7.95545780236952,1.073,1.38010733294463
244.899861097336,2,3.4668,-57,10.5063100989161,7.95400798021678,1.073,1.38063018482153
245.575836181641,2,3.26431,-58,10.5171979828819,7.95183040342361,1.073,1.38027656123973
246.045835256577,2,3.13546,-58,10.5240105681552,7.95045529481057,1.073,1.38088069058196
246.492019176483,2,2.95751,-58,10.5306051352693,7.94912409882855,1.073,1.38170547823102
246.998396158218,2,2.77957,-59,10.5383428226947,7.94756261956432,1.073,1.38303691813935
247.726654052734,2,2.55868,-59,10.5489962361668,7.94582683004872,1.073,1.38905343758531
247.953552246094,2,2.46664,-59,10.5522520516498,7.94520914661292,1.073,1.38989740408699
248.670455217361,2,2.31938,-60,10.5625765102629,7.94318475068097,1.073,1.39114171617109
249.296605110168,2,2.12303,-60,10.5719039075306,7.94136924411702,1.073,1.38960942988487
249.651593208313,2,2.01258,-60,10.5774820779811,7.94029018819382,1.073,1.38879556567161
250.078330039978,2,1.90214,-60,10.5841837093368,7.93899348852532,1.073,1.38781940193718
250.500962257385,2,1.72419,-60,10.5905236874771,7.93774294237837,1.073,1.38701672580565
250.886502027512,2,1.68124,-61,10.59620104956,7.93669665725984,1.073,1.38669261201112
251.70939207077,2,1.44194,-62,10.6076264564874,7.9350041642893,1.073,1.38864673352065
252.163831233978,2,1.27014,-62,10.6140962862906,7.93378275716756,1.073,1.38908208655414
252.533444166183,2,1.14742,-63,10.6198729211495,7.9327019977518,1.073,1.39026859402592
252.854468107224,2,0.975612,-63,10.6250860410543,7.93173006014241,1.073,1.39161605298438
253.242705106735,2,0.846757,-63,10.6310484602065,7.93061967783983,1.073,1.39256398984494
253.582235097885,2,0.754719,-63,10.6360771834275,7.92968389804044,1.073,1.39302313413904
253.96692609787,2,0.546097,-64,10.6413641949827,7.92869611032978,1.073,1.39303186850699
254.274755239487,2,0.521553,-64,10.6452487763155,7.92796676036525,1.073,1.39260773564718
254.724247217178,2,0.386563,-64,10.651245175077,7.92685207854784,1.073,1.39175476757385
255.598628044128,2,0.0981748,-65,10.6643429782142,7.92446553237348,1.073,1.3896383866989
255.803716182709,2,0.0552233,-65,10.6676179527945,7.92387547229824,1.073,1.38930524273298
256.408719062805,2,6.18501,-65,10.6772756541351,7.92215945392796,1.073,1.38957253697171
256.811819076538,2,6.16047,-65,10.683675031183,7.92103385813681,1.073,1.39034648030598
257.201626062393,2,5.93957,-65,10.6893830804309,7.92002716581491,1.073,1.39090171782373
257.506615161896,2,5.96412,-65,10.6938491184015,7.91923951911828,1.073,1.39133614151724
257.835954189301,2,5.82299,-65,10.6984246568379,7.91842232098861,1.073,1.3918281598295
258.298175096512,2,5.79231,-65,10.7048372810301,7.91727192448105,1.073,1.39248966589253
258.73976111412,2,5.70027,-65,10.7124116654577,7.91572287744022,1.073,1.3913677457931
259.481808185577,2,5.54074,-65,10.7239586735325,7.91349712567534,1.073,1.39003580454725
259.840188026428,2,5.57142,-65,10.7291236071603,7.91255616469336,1.073,1.38969265837626
260.124895095825,2,5.47324,-65,10.7334042248262,7.91176443983302,1.073,1.38988585439481
260.707347154617,2,5.38734,-65,10.7422488800909,7.91011854487171,1.073,1.38960576073201
261.078996181488,2,5.3628,-65,10.7480350738278,7.90902559716586,1.073,1.38832488536632
261.470424175262,2,5.31985,-65,10.7541263394124,7.90785920825599,1.073,1.3870974620509
261.639690160751,2,5.25849,-65,10.7567588692728,7.90734668031858,1.073,1.38663152756234
262.13077712059,2,5.25849,-64,10.7644708372103,7.90567036088418,1.073,1.38512567865014
262.498345136642,2,5.16645,-64,10.7704377678135,7.90391940911702,1.073,1.38359481858555
262.957349061966,2,5.09895,-64,10.777889166434,7.90200726644036,1.073,1.38230299181472
263.489407062531,2,4.99464,-65,10.7865267548223,7.90026558878173,1.073,1.38187819238579
263.721349239349,2,5.00078,-64,10.7902395448211,7.89951424217373,1.073,1.38224767567734
264.200574159622,2,4.82897,-64,10.7978911603563,7.89796479002785,1.073,1.3832168803118
264.599833250046,2,4.82897,-65,10.8037065132047,7.89679439220654,1.073,1.38414062230246
264.993510246277,2,4.7492,-64,10.8093114739287,7.89566816178068,1.073,1.3850782746105
265.369237184525,2,4.54058,-64,10.8151604409144,7.89449336907058,1.073,1.38593680965794
265.673100233078,2,4.56513,-64,10.8199313023928,7.89353515367194,1.073,1.38662818026201
266.01092004776,2,4.46082,-64,10.8250812967465,7.89247909430206,1.073,1.38715651380303
266.483576059341,2,4.31355,-65,10.8321879290397,7.89100745540239,1.073,1.38774139592982
266.828304052353,2,4.29515,-65,10.8369359860057,7.89004488910081,1.073,1.38661690214146
267.564437150955,2,4.11107,-65,10.8474505554625,7.88790363555556,1.073,1.38431868727104
