2.15188598632813,799.556611947328,965.580524452781,192.8,-58,0.951065307179586,0.951065307179586
2.66130113601685,799.452231447075,964.823181679927,192.8,-58,0.840625307179586,0.840625307179586
3.10271120071411,799.37456814724,964.248350604817,192.8,-58,0.736315307179586,0.736315307179586
3.53550910949707,799.319590535343,963.829532392836,192.8,-57,0.693355307179586,0.693355307179586
3.76216697692871,799.270303357684,963.529924663258,192.8,-57,0.650405307179586,0.650405307179586
4.16430115699768,799.150349493935,962.871039325537,192.8,-58,0.539965307179586,0.539965307179586
4.41388297080994,799.083989911056,962.47502867588,192.8,-58,0.404975307179586,0.404975307179586
5.08785319328308,798.959633802817,961.490628169014,192.8,-57,0.631995307179587,0.631995307179587
5.55502605438232,798.869498486261,960.775554657667,192.8,-56,0.411105307179586,0.411105307179586
6.06074118614197,798.7774320268,960.047329252217,192.8,-57,0.190215307179586,0.190215307179586
6.74320006370544,798.651197792249,959.083646741741,192.8,-57,6.27704938717959,-0.00613592000000018
7.18354797363281,798.565702844744,958.453761622154,192.8,-58,6.23409790717959,-0.0490874000000003
7.49343013763428,798.535184334645,958.165826113825,192.8,-58,6.19728240717959,-0.0859028999999998
7.90521502494812,798.492628480381,957.776178562752,192.8,-58,6.22182610717959,-0.0613592000000001
8.42460918426514,798.411095629369,957.186918412258,192.8,-58,6.10524330717959,-0.177942
8.81936597824097,798.349166527339,956.662072615195,192.8,-58,6.12978730717959,-0.153398
9.56462812423706,798.243067525421,955.653222551016,192.8,-57,6.16660230717959,-0.116583
10.1120731830597,798.185216724501,955.03572252366,192.8,-56,6.05002030717959,-0.233165
10.5263590812683,798.158018727581,954.666775782834,192.8,-56,5.98252530717959,-0.30066
11.0845851898193,798.250053316699,954.650307253471,192.8,-56,5.95798130717959,-0.325204
11.5266780853271,798.29863643592,954.50546503101,192.8,-55,5.89662230717959,-0.386563
11.8882570266724,798.287279837694,954.156507740045,192.8,-55,5.85980630717959,-0.423379
12.3474431037903,798.265023298346,953.57143398904,192.8,-55,5.79231130717959,-0.490874
12.9811751842499,798.237558117908,952.718905895386,192.8,-55,5.69413630717959,-0.589049
13.4304502010345,798.226737734764,952.153889469121,192.8,-55,5.69413630717959,-0.589049
13.9944891929626,798.221733345062,951.44576832624,192.8,-55,5.65732130717959,-0.625864
14.3555111885071,798.230150225247,950.868575302417,192.8,-55,5.58982630717959,-0.693359
14.8764700889587,798.243288995696,950.036817302803,192.8,-54,5.49165130717959,-0.791534
15.4457771778107,798.239225839517,949.378586001836,192.8,-54,5.42415630717959,-0.859029
15.6855890750885,798.239616065346,949.005320288403,192.8,-54,5.39347630717959,-0.889709
16.3853590488434,798.244437306496,947.982608746596,192.8,-53,5.28916530717959,-0.99402
16.944274187088,798.25391159737,947.300331780373,192.8,-53,5.22167530717959,-1.06151
17.2758500576019,798.262255448272,946.802645614825,192.8,-53,5.19099530717959,-1.09219
17.8645050525665,798.383747096778,945.168113048867,192.8,-52,5.14190530717959,-1.14128
18.3271210193634,798.492417193917,943.865223012279,192.8,-52,5.08667530717959,-1.19651
18.8331661224365,798.517886597734,943.271935723364,192.8,-52,5.00691530717959,-1.27627
19.3999440670013,798.557025430298,942.4047843583,192.8,-52,4.92714530717959,-1.35604
19.6691989898682,798.57581021377,942.005629549832,192.8,-52,4.88419530717959,-1.39899
20.211314201355,798.613593517453,941.249159576108,192.8,-52,4.84124530717959,-1.44194
20.6547980308533,798.645209279431,940.717713404685,192.8,-52,4.81669530717959,-1.46649
21.0947940349579,798.669643351485,940.125650641108,192.8,-52,4.77374530717959,-1.50944
21.6841239929199,798.691075658094,939.194965047271,192.8,-52,4.72466530717959,-1.55852
22.2895832061768,798.762774810093,938.451086345291,192.8,-52,4.68784530717959,-1.59534
22.7135910987854,798.831583499125,937.81915088638,192.8,-52,4.67557530717959,-1.60761
23.2005770206451,798.904227790555,937.147722922852,192.8,-51,4.64489530717959,-1.63829
23.4872901439667,798.941580183851,936.796695317673,192.8,-51,4.61421530717959,-1.66897
24.0594110488892,799.01550953531,936.109980846103,192.8,-51,4.57126530717959,-1.71192
24.6770310401917,799.132908973533,934.504321135069,192.8,-51,4.52217530717959,-1.76101
25.1465990543365,799.237236270527,933.101570386581,192.8,-51,4.46695530717959,-1.81623
25.8294010162354,799.363672439492,932.312237039027,192.8,-51,4.48535530717959,-1.79783
26.2677941322327,799.454532250089,931.770972167328,192.8,-51,4.46695530717959,-1.81623
26.7889621257782,799.56317010189,931.142746223183,192.8,-51,4.38718530717959,-1.896
27.4664351940155,799.722799868241,930.243525735154,192.8,-51,4.34423530717959,-1.93895
27.9338691234589,799.523851496555,930.070975545027,192.8,-51,4.23378530717959,-2.0494
28.7131111621857,798.9591574038,930.139092241904,192.8,-51,4.14788530717959,-2.1353
29.2473821640015,799.112128045666,929.395048359408,192.8,-51,4.12947530717959,-2.15371
29.702632188797,799.230383811007,928.846003734613,192.8,-51,4.07425530717959,-2.20893
30.3060050010681,799.396679000382,928.099794248297,192.8,-51,4.04970530717959,-2.23348
30.8790061473846,799.583084162871,927.30304176169,192.8,-51,4.01289530717959,-2.27029
31.2865700721741,799.202688420943,926.342798443128,192.8,-51,3.93926530717959,-2.34392
31.8977720737457,797.508454253081,924.167834395501,192.8,-51,3.90858530717959,-2.3746
32.4995141029358,797.622682791326,923.70834365895,192.8,-51,3.87176530717959,-2.41142
32.9905850887299,797.787945011896,923.088582531214,192.8,-51,3.81040530717959,-2.47278
33.5924739837646,797.990808044704,922.353382849618,192.8,-51,3.77972530717959,-2.50346
34.2004489898682,798.20209197423,921.620751545642,192.8,-51,3.72450530717959,-2.55868
34.759624004364,798.384596008085,921.113358895498,192.8,-51,3.68155530717959,-2.60163
35.2744519710541,798.523444342319,920.930131365745,192.8,-51,3.60178530717959,-2.6814
35.7529351711273,798.689203892326,920.424352225979,192.8,-52,3.58337530717959,-2.69981
36.404678106308,798.947697719129,919.650751270317,192.8,-52,3.57110530717959,-2.71208
36.8397619724274,799.141879525966,919.085702009483,192.8,-52,3.55269530717959,-2.73049
37.5427761077881,799.45558182867,918.198833373322,192.8,-52,3.50974530717959,-2.77344
37.8844850063324,799.584351734383,917.844228367817,192.8,-53,3.45452530717959,-2.82866
38.6287469863892,802.397011582184,917.598007096716,192.8,-53,3.34407530717959,-2.93911
39.3051149845123,803.123211459065,916.792360014771,192.8,-53,3.28885530717959,-2.99433
39.873409986496,803.427763003636,916.003975679271,192.8,-54,3.20295530717959,-3.08023
40.2811470031738,803.647663256032,915.442216018748,192.8,-54,3.11704530717959,-3.16614
40.7606861591339,803.905081456293,914.795247403731,192.8,-54,3.11704530717959,-3.16614
41.306104183197,804.20985197568,914.062430047994,192.8,-55,3.04955530717959,-3.23363
41.9035601615906,804.677845487622,912.876158221667,192.8,-55,2.97592530717959,-3.30726
42.4407691955566,805.073863798561,911.886705100345,192.8,-55,2.93910530717959,-3.34408
43.2377510070801,805.481218308388,910.98544673659,192.8,-55,2.76730530717959,-3.51588
43.5605340003967,805.665822045359,910.586880596044,192.8,-56,2.75502530717959,-3.52816
44.3364541530609,806.117781913457,909.61784439288,192.8,-56,2.46664530717959,-3.81654
44.703910112381,806.302102789644,909.23838320628,192.8,-56,2.46664530717959,-3.81654
45.3752431869507,806.631482815495,908.579107256255,192.8,-57,2.39914530717959,-3.88404
46.0997312068939,807.050950857877,907.768997244192,192.8,-57,2.29483530717959,-3.98835
46.5971829891205,807.393948743661,907.111833488738,192.8,-57,2.19052530717959,-4.09266
46.8687970638275,807.552402352712,906.809724899272,192.8,-57,2.09848530717959,-4.1847
47.6949579715729,808.034856284324,905.898734465957,192.8,-57,2.07394530717959,-4.20924
48.082643032074,808.267686457375,905.467350416656,192.8,-57,2.03712530717959,-4.24606
48.9268710613251,808.962344427487,903.889618632588,192.8,-57,1.87759530717959,-4.40559
49.2548160552979,809.40360851937,902.543544704774,192.8,-57,1.77328530717959,-4.5099
49.7889561653137,809.921660246085,901.243638143709,192.8,-57,1.68124530717959,-4.60194
50.469847202301,810.356830455599,900.493512377759,192.8,-57,1.56466530717959,-4.71852
51.1610450744629,810.74031626239,899.849781069273,192.8,-57,1.49102530717959,-4.79216
51.7457749843597,811.072935986125,899.303365657676,192.8,-57,1.36217530717959,-4.92101
52.1630170345306,811.337807673441,898.874684436276,192.8,-56,1.28240530717959,-5.00078
52.6041071414948,811.647423341291,898.644675483324,192.8,-56,1.25172530717959,-5.03146
53.2438540458679,812.16042859809,898.748116615465,192.8,-56,1.14741530717959,-5.13577
53.454451084137,812.314414557094,898.525149292109,192.8,-56,1.11673530717959,-5.16645
54.1525931358337,812.828461774802,897.78395594109,192.8,-56,1.04310530717959,-5.24008
54.7240991592407,813.258808167663,897.170065532004,192.8,-55,1.02469530717959,-5.25849
55.3531069755554,813.818940831005,896.36676150284,192.8,-55,0.944935307179586,-5.33825
55.8583631515503,813.989279174186,895.295643756085,192.8,-55,0.846755307179587,-5.43643
56.3271880149841,814.098843283616,894.363957442479,192.8,-56,0.766995307179586,-5.51619
56.868753194809,814.331348103198,894.106316966727,192.8,-55,0.730175307179587,-5.55301
57.5094141960144,814.817706911682,893.458271862637,192.8,-55,0.668815307179586,-5.61437
57.9139790534973,815.146774954727,893.011750596186,192.8,-55,0.601325307179586,-5.68186
58.4128031730652,815.50706781565,892.530502274811,192.8,-55,0.521555307179586,-5.76163
58.8504490852356,815.852297965516,892.074743359832,192.8,-55,0.404975307179586,-5.87821
59.3072950839996,816.228659884437,891.580584283188,192.8,-55,0.368155307179586,-5.91503
59.6819591522217,816.559342057929,891.157731975443,192.8,-55,0.325205307179586,-5.95798
60.2642710208893,817.013856322095,890.397049904244,192.8,-55,0.233165307179586,-6.05002
60.7422440052032,817.237669402456,889.532155208064,192.8,-55,0.190215307179586,-6.09297
61.3694961071014,817.696737262867,888.748425129295,192.8,-55,0.0920353071795859,-6.19115
61.9827010631561,818.227400004168,888.100278791163,192.8,-55,6.25250570717959,-6.31386490717959
62.5918610095978,818.788389504136,887.428282649671,192.8,-55,6.15433130717959,-6.41203930717959
63.0485780239105,819.250159907411,886.890195700705,192.8,-55,6.06842830717959,-6.49794230717959
63.6359190940857,819.83956100356,886.207178869227,192.8,-55,5.98252530717959,-6.58384530717959
64.1406381130219,820.341506344742,885.629422051423,192.8,-55,5.87821430717959,-6.68815630717959
64.7690620422363,820.881006576441,885.123099844174,192.8,-55,5.63891330717959,-6.92745730717959
65.060711145401,821.133675604208,884.88508773845,192.8,-55,5.57755430717959,-6.98881630717959
65.5622642040253,821.630369179026,884.348871040695,192.8,-56,5.44869930717959,-7.11767130717959
66.0982031822205,822.147029011746,883.796430168628,192.8,-56,5.36893230717959,-7.19743830717959
66.6066851615906,822.619213978437,883.298543994888,192.8,-56,5.31370930717959,-7.25266130717959
67.176479101181,823.176211954228,882.735788045772,192.8,-56,5.16031530717959,-7.40605530717959
67.6187610626221,823.616462333228,882.295916896052,192.8,-56,5.04372530717959,-7.52264530717959
68.0082521438599,824.022434277796,881.893057551278,192.8,-56,4.97009530717959,-7.59627530717959
68.4279541969299,824.459895536428,881.458950322011,192.8,-56,4.87805530717959,-7.68831530717959
68.8213591575623,824.950198416761,880.814414638166,192.8,-57,4.77988530717959,-7.78648530717959
69.403510093689,825.652367584934,879.923376184198,192.8,-56,4.60807530717959,-7.95829530717959
69.812429189682,826.052224478476,879.553474517641,192.8,-56,4.50376530717959,-8.06260530717959
70.3231241703033,826.567405693553,879.077950148889,192.8,-56,4.38104530717959,-8.18532530717959
71.0182290077209,827.335443072905,878.37338693312,192.8,-56,4.16629530717959,-8.40007530717959
71.4919781684875,827.846062330604,877.921223261971,192.8,-57,4.03130530717959,-8.53506530717959
71.6736211776733,828.041173877636,877.749315259828,192.8,-56,3.96994530717959,-8.59642530717959
72.1266779899597,828.539824850175,877.314711363896,192.8,-56,3.82881530717959,-8.73755530717959
72.6194920539856,829.108195687777,876.829360985719,192.8,-56,3.69996530717959,-8.86640530717959
73.1605970859528,829.608777548606,876.402014372402,192.8,-55,3.55883530717959,-9.00753530717959
73.5576992034912,829.877784630353,876.172478824181,192.8,-55,3.48520530717959,-9.08116530717959
73.7381761074066,830.000044278692,876.06815839059,192.8,-55,3.38089530717959,-9.18547530717959
74.2649791240692,830.52605390307,875.634845019144,192.8,-55,3.19067530717959,-9.37569530717959
74.8092310428619,831.101192579355,875.163919414032,192.8,-55,3.00660530717959,-9.55976530717959
75.1163990497589,831.393197044137,874.931026472541,192.8,-55,2.86547530717959,-9.70089530717959
75.6927599906921,831.941105564231,874.494033062157,192.8,-55,2.74275530717959,-9.82361530717959
76.0643839836121,832.343432796159,874.185682621998,192.8,-55,2.62003530717959,-9.94633530717959
76.2721581459045,832.571283322505,874.01170703319,192.8,-55,2.52800530717959,-10.0383653071796
76.7963771820068,833.120413291761,873.592717777064,192.8,-55,2.30710530717959,-10.2592653071796
77.1617131233215,833.419095483901,873.365845570353,192.8,-54,2.24574530717959,-10.3206253071796
77.599601984024,833.777093671425,873.093918281282,192.8,-54,2.07394530717959,-10.4924253071796
77.8618650436401,833.818776310208,873.01315300565,192.8,-54,1.98190530717959,-10.5844653071796
78.3084890842438,833.851100499712,872.893987710017,192.8,-54,1.87759530717959,-10.6887753071796
78.6540741920471,833.967406533242,872.760686440122,192.8,-54,1.78555530717959,-10.7808153071796
79.0328621864319,834.34673116088,872.501214937624,192.8,-54,1.66897530717959,-10.8973953071796
79.4709250926971,834.785746224808,872.201126579706,192.8,-55,1.55238530717959,-11.0139853071796
79.8624579906464,835.186852137116,871.932563791183,192.8,-54,1.34376530717959,-11.2226053071796
80.1211550235748,835.451874335628,871.755116642017,192.8,-54,1.27013530717959,-11.2962353071796
80.676628112793,836.065719807641,871.353809466008,192.8,-54,1.05537530717959,-11.5109953071796
80.9416251182556,836.374389724949,871.155189643145,192.8,-54,0.963335307179586,-11.6030353071796
81.4038960933685,836.922953784567,870.804301170343,192.8,-54,0.773125307179586,-11.7932453071796
82.0109570026398,837.672145181349,870.330945273949,192.8,-54,0.601325307179586,-11.9650453071796
82.40789103508,838.255646389494,869.741734524469,192.8,-54,0.423375307179586,-12.1429953071796
82.9280271530151,839.075379206221,868.804981878108,192.8,-54,0.263845307179587,-12.3025253071796
83.2710030078888,839.44918436173,868.511318992607,192.8,-54,0.128855307179586,-12.4375153071796
83.7101299762726,839.86112812151,868.264874540574,192.8,-54,0.0245453071795865,-12.5418253071796
84.1290590763092,840.284532504521,868.014446646798,192.8,-53,6.14819530717959,-12.7013606143592
84.555652141571,840.7331760075,867.750624760807,192.8,-53,6.00706830717959,-12.8424876143592
84.9467651844025,841.141609130203,867.512984091423,192.8,-52,5.93343730717959,-12.9161186143592
85.4352080821991,841.648582440843,867.2207423982,192.8,-52,5.77390330717959,-13.0756526143592
85.9566781520844,842.254740745446,866.879206769012,192.8,-52,5.66345730717959,-13.1860986143592
86.4283881187439,842.837123331727,866.560304581481,192.8,-52,5.45483530717959,-13.3947206143592
86.8423211574554,843.601546836656,866.305821135855,192.8,-52,5.37506830717959,-13.4744876143592
87.3043789863586,844.431662409201,866.019997461571,192.8,-51,5.22167530717959,-13.6278806143592
87.795303106308,845.061165865367,865.697220901894,192.8,-51,5.11735530717959,-13.7322006143592
88.2404260635376,845.625031471542,865.411051026264,192.8,-51,4.98850530717959,-13.8610506143592
88.5293850898743,845.982361002055,865.233469077766,192.8,-51,4.93941530717959,-13.9101406143592
89.0984590053558,846.672213280021,864.893151274611,192.8,-51,4.77374530717959,-14.0758106143592
89.8308861255646,847.557943384336,864.467492199868,192.8,-50,4.58353530717959,-14.2660206143592
90.4364910125732,848.390319250838,864.085661244222,192.8,-50,4.38104530717959,-14.4685106143592
90.8900721073151,849.482471083294,863.507976680339,192.8,-50,4.32582530717959,-14.5237306143592
91.1644630432129,850.16295569309,863.146191395332,192.8,-49,4.26446530717959,-14.5850906143592
91.6872730255127,850.905793739142,862.798311261476,192.8,-49,4.09879530717959,-14.7507606143592
92.1059501171112,851.394049214453,862.586690538221,192.8,-50,4.00675530717959,-14.8428006143592
92.6247980594635,852.042731494337,862.312505244662,192.8,-49,3.87176530717959,-14.9777906143592
93.0004360675812,852.530664335058,862.108504922202,192.8,-49,3.74291530717959,-15.1066406143592
93.3343050479889,852.98697235519,861.920392566553,192.8,-49,3.63246530717959,-15.2170906143592
93.7410609722137,853.542614260574,861.692854020337,192.8,-49,3.58337530717959,-15.2661806143592
94.1674160957336,854.124085992239,861.459825651503,192.8,-49,3.46679530717959,-15.3827606143592
94.5938320159912,854.648122401067,861.30668031125,192.8,-49,3.41770530717959,-15.4318506143592
95.1681640148163,855.241822537001,861.256185196595,192.8,-49,3.28271530717959,-15.5668406143592
95.4522850513458,855.615237376509,861.109832100532,192.8,-49,3.23363530717959,-15.6159206143592
95.9175710678101,856.227728910435,860.868674807057,192.8,-49,3.13545530717959,-15.7141006143592
96.2647249698639,856.680449337244,860.698100299828,192.8,-49,3.04341530717959,-15.8061406143592
96.7299671173096,857.281295506261,860.472672660245,192.8,-49,2.92683530717959,-15.9227206143592
97.1457622051239,857.75650720649,860.294883667502,192.8,-49,2.81638530717959,-16.0331706143592
97.4504361152649,858.105424243328,860.164448369639,192.8,-49,2.73048530717959,-16.1190706143592
97.6543869972229,858.382748147345,860.067187853538,192.8,-49,2.69366530717959,-16.1558906143592
98.0335981845856,858.898383705851,859.886348842498,192.8,-49,2.50959530717959,-16.3399606143592
98.4499831199646,859.455376308636,859.724988064723,192.8,-49,2.41755530717959,-16.4320006143592
98.7878940105438,859.901168496311,859.619246344135,192.8,-49,2.31324530717959,-16.5363106143592
99.2220211029053,860.46833725335,859.452376491208,192.8,-49,2.27642530717959,-16.5731306143592
99.6172690391541,860.981742086964,859.283874391971,192.8,-49,2.17825530717959,-16.6713006143592
99.9584550857544,861.45704190255,859.13220583983,192.8,-49,2.14143530717959,-16.7081206143592
100.307851076126,861.954151959315,858.974880746958,192.8,-48,2.03099530717959,-16.8185606143592
100.632954120636,862.413697784632,858.834570608265,192.8,-48,1.98190530717959,-16.8676506143592
101.040603160858,862.987012115976,858.664533967554,192.8,-49,1.83464530717959,-17.0149106143592
101.514388084412,863.630470441964,858.477318248906,192.8,-49,1.73646530717959,-17.1130906143592
101.891616106033,864.13531451668,858.331660030865,192.8,-49,1.61988530717959,-17.2296706143592
102.28152012825,864.524143983535,858.681838949471,192.8,-49,1.53398530717959,-17.3155706143592
102.600193977356,864.839231539245,858.978242067915,192.8,-49,1.41739530717959,-17.4321606143592
102.974092006683,865.350079048267,858.893977316584,192.8,-49,1.30695530717959,-17.5426006143592
103.275686979294,865.780265949215,858.77053237979,192.8,-49,1.23945530717959,-17.6101006143592
103.666002988815,866.296763137067,858.627103465643,192.8,-49,1.22104530717959,-17.6285106143592
104.003508090973,866.731153603385,858.508041410635,192.8,-49,1.12287530717959,-17.7266806143592
104.336688041687,867.153418641217,858.395734578813,192.8,-49,1.03083530717959,-17.8187206143592
104.722407102585,867.639045354704,858.268289684691,192.8,-49,0.951065307179586,-17.8984906143592
105.049165010452,868.062009246244,858.161978952379,192.8,-49,0.840625307179586,-18.0089306143592
105.418790102005,868.549222116847,858.042972885864,192.8,-49,0.779265307179586,-18.0702906143592
105.800487995148,869.097078342609,857.881537020563,192.8,-49,0.711765307179586,-18.1377906143592
106.165736198425,869.652691094614,857.700030132431,192.8,-49,0.625865307179586,-18.2236906143592
106.529215097427,870.130683402676,857.568505745544,192.8,-49,0.546095307179586,-18.3034606143592
106.879751205444,870.546957363247,857.470956627174,192.8,-49,0.454055307179586,-18.3955006143592
107.162343978882,870.861353429201,857.397461336885,192.8,-49,0.417245307179586,-18.4323106143592
107.585724115372,871.296067433008,857.296168753474,192.8,-49,0.325205307179586,-18.5243506143592
107.852889060974,871.624661875003,857.223678967206,192.8,-49,0.239305307179587,-18.6102506143592
108.227850198746,872.179023929767,857.10722537003,192.8,-50,0.116585307179586,-18.7329706143592
108.500637054443,872.579477431127,857.024045242217,192.8,-50,0.0122753071795865,-18.8372806143592
108.868689060211,873.108475515606,856.917930432818,192.8,-50,6.20341830717959,-18.9293229215388
109.177841186523,873.545438678775,856.82219360216,192.8,-49,6.11751530717959,-19.0152259215388
109.433427095413,873.87160730572,856.711646517189,192.8,-49,6.03774830717959,-19.0949929215388
109.666369199753,874.168878804999,856.610893425152,192.8,-49,6.00706830717959,-19.1256729215388
110.023183107376,874.638360372737,856.497376176502,192.8,-49,5.92116630717959,-19.2115749215388
110.299791097641,875.011862832685,856.436968273361,192.8,-50,5.84753430717959,-19.2852069215388
110.699120998383,875.541702356971,856.355589549013,192.8,-50,5.71868030717959,-19.4140609215388
111.065306186676,876.015475872482,856.288484248094,192.8,-50,5.55301030717959,-19.5797309215388
111.27596116066,876.288502924689,856.249986649394,192.8,-50,5.46710730717959,-19.6656339215388
111.639737129211,876.76941433239,856.185588145555,192.8,-50,5.39961230717959,-19.7331289215388
112.059472084045,877.325910766653,856.112705548306,192.8,-50,5.31370930717959,-19.8190319215388
112.273962020874,877.612911036972,856.077782949041,192.8,-50,5.24007530717959,-19.8926659215388
112.733772039413,878.176510353249,856.019704994337,192.8,-50,5.08667530717959,-20.0460659215388
113.012926101685,878.404050182628,856.021697462195,192.8,-50,5.01304530717959,-20.1196959215388
113.325142145157,878.658538993155,856.023925910623,192.8,-50,4.89033530717959,-20.2424059215388
113.599753141403,879.085573499663,855.978576328736,192.8,-51,4.75534530717959,-20.3773959215388
113.978926181793,879.686229553581,855.913393026024,192.8,-51,4.58967530717959,-20.5430659215388
114.232059001923,880.058581285018,855.876345016055,192.8,-51,4.49149530717959,-20.6412459215388
114.596217155457,880.581319821296,855.825967105305,192.8,-51,4.36264530717959,-20.7700959215388
114.904380083084,881.039987738748,855.784965366924,192.8,-51,4.29514530717959,-20.8375959215388
115.292221069336,881.629539180979,855.734590548855,192.8,-51,4.13561530717959,-20.9971259215388
115.597943067551,882.103082063004,855.697010797885,192.8,-52,4.01902530717959,-21.1137159215388
115.98473906517,882.709415977241,855.651206536186,192.8,-52,3.88403530717959,-21.2487059215388
116.314258098602,883.307779764806,855.587042315008,192.8,-51,3.77359530717959,-21.3591459215388
116.672926187515,883.999612772432,855.504744451476,192.8,-52,3.58337530717959,-21.5493659215388
117.307929992676,884.834066223036,855.451461524217,192.8,-52,3.32567530717959,-21.8070659215388
117.487991094589,885.055218447384,855.440818828723,192.8,-52,3.22135530717959,-21.9113859215388
117.871023178101,885.570872110938,855.41997325509,192.8,-52,3.03114530717959,-22.1015959215388
118.203019142151,886.020225048449,855.402462104718,192.8,-52,2.90842530717959,-22.2243159215388
118.514868974686,886.459544840307,855.390002404739,192.8,-51,2.79184530717959,-22.3408959215388
118.869162082672,886.960322431436,855.376217776073,192.8,-51,2.68753530717959,-22.4452059215388
119.203313112259,887.45034456854,855.367160946691,192.8,-51,2.50959530717959,-22.6231459215388
119.545264005661,887.949325202502,855.358082103765,192.8,-52,2.39300530717959,-22.7397359215388
119.922360181808,888.266094851922,855.365903576591,192.8,-51,2.25188530717959,-22.8808559215388
120.341026067734,888.701316458122,855.372,192.8,-51,2.11075530717959,-23.0219859215388
120.564944028854,889.03936068855,855.372,192.8,-51,1.99417530717959,-23.1385659215388
120.86360001564,889.49023534242,855.372,192.8,-51,1.87759530717959,-23.2551459215388
121.062043190002,889.740401511505,855.372728576738,192.8,-51,1.72419530717959,-23.4085459215388
121.398046016693,890.150047975526,855.374167615839,192.8,-51,1.57693530717959,-23.5558059215388
121.71440911293,890.539629778569,855.376793534413,192.8,-51,1.47262530717959,-23.6601159215388
122.149852991104,891.084358539355,855.383194577431,192.8,-51,1.30081530717959,-23.8319259215388
122.335093975067,891.323663940944,855.386794009235,192.8,-51,1.25786530717959,-23.8748759215388
122.61187505722,891.703491579073,855.394748514745,192.8,-51,1.12287530717959,-24.0098659215388
122.990509033203,892.237032483494,855.403748188103,192.8,-51,0.951065307179586,-24.1816759215388
123.290811061859,892.840044930974,855.386604977087,192.8,-51,0.773125307179586,-24.3596159215388
123.657217025757,893.575795395433,855.365688119533,192.8,-51,0.668815307179586,-24.4639259215388
123.920528173447,894.007504003346,855.379291609596,192.8,-51,0.552235307179586,-24.5805059215388
124.098253011703,894.2957488318,855.38940066993,192.8,-51,0.503145307179587,-24.6295959215388
124.44073009491,894.85691625241,855.408879283001,192.8,-51,0.294525307179586,-24.8382159215388
124.746882200241,895.367921867683,855.426289234903,192.8,-51,0.184075307179587,-24.9486659215388
125.019815206528,895.809078069482,855.441892436113,192.8,-51,0.0429553071795858,-25.0897859215388
125.245949983597,896.120615775914,855.455128753174,192.8,-51,6.27091350717959,-25.1450130287183
125.581091165543,896.582327665203,855.474745527744,192.8,-51,6.14205930717959,-25.2738672287183
125.852761983871,896.947418691184,855.490902779602,192.8,-51,6.00706830717959,-25.4088582287183
126.094079971313,897.267695123669,855.505366876553,192.8,-50,5.87207830717959,-25.5438482287183
126.407947063446,897.679648792854,855.526918173843,192.8,-50,5.76163230717959,-25.6542942287183
126.729430198669,898.065564109799,855.570401589837,192.8,-51,5.65118530717959,-25.7647412287183
126.967344999313,898.351162188319,855.602581655022,192.8,-51,5.48551530717959,-25.9304112287183
127.209285020828,898.716719490757,855.627174314628,192.8,-50,5.39347630717959,-26.0224502287183
127.50815320015,899.195497020027,855.654608886545,192.8,-50,5.28916530717959,-26.1267612287183
127.821068048477,899.69098723441,855.683508273804,192.8,-50,5.19099530717959,-26.2249312287183
128.055642127991,900.05576716936,855.705374245166,192.8,-49,5.14803530717959,-26.2678912287183
128.400055170059,900.58804954908,855.737164495307,192.8,-49,5.01304530717959,-26.4028812287183
128.663652181625,900.965200639356,855.758619198047,192.8,-49,4.94555530717959,-26.4703712287183
128.892289161682,901.292331382582,855.777228431943,192.8,-49,4.79829530717959,-26.6176312287183
129.120648145676,901.613746402503,855.795545568074,192.8,-49,4.74306530717959,-26.6728612287183
129.393767118454,901.973534298088,855.816205111375,192.8,-49,4.63875530717959,-26.7771712287183
129.756589174271,902.451490782056,855.843650066575,192.8,-49,4.54058530717959,-26.8753412287183
130.069271087646,902.982986822617,855.857205151496,192.8,-48,4.44240530717959,-26.9735212287183
130.290172100067,903.363587825512,855.866349666065,192.8,-48,4.39332530717959,-27.0226012287183
130.629100084305,903.925203437829,855.889513915359,192.8,-48,4.30741530717959,-27.1085112287183
130.911897182465,904.371457020783,855.917980372808,192.8,-48,4.23992530717959,-27.1760012287183
131.243774175644,904.900758883637,855.952890877257,192.8,-47,4.15401530717959,-27.2619112287183
131.497006177902,905.315565883055,855.982464359392,192.8,-47,4.03130530717959,-27.3846212287183
131.826281070709,905.848300716865,856.020304639431,192.8,-47,3.87790530717959,-27.5380212287183
132.093625068665,906.215249927258,856.044959681563,192.8,-47,3.79200530717959,-27.6239212287183
132.37407708168,906.600190848006,856.070823573214,192.8,-46,3.71223530717959,-27.7036912287183
133.118345975876,907.625773583134,856.143133250791,192.8,-46,3.49133530717959,-27.9245912287183
133.414362192154,908.050322576715,856.060387867147,192.8,-46,3.44225530717959,-27.9736712287183
133.704704999924,908.467233347207,855.975845325218,192.8,-46,3.34407530717959,-28.0718512287183
133.978908061981,908.876264856168,855.956390091986,192.8,-46,3.24590530717959,-28.1700212287183
134.276309013367,909.333417183446,855.98864968054,192.8,-46,3.20908530717959,-28.2068412287183
134.621465206146,909.855233468298,856.025559653529,192.8,-45,3.09864530717959,-28.3172812287183
134.926654100418,910.295668972188,856.056925980215,192.8,-45,3.00046530717959,-28.4154612287183
135.156856060028,910.627886552776,856.080585392482,192.8,-45,2.93910530717959,-28.4768212287183
135.461326122284,911.069028315388,856.112761263988,192.8,-44,2.85320530717959,-28.5627212287183
135.746132135391,911.482185627058,856.143115678723,192.8,-44,2.79184530717959,-28.6240812287183
136.096003055573,912.032772008301,856.180969194889,192.8,-44,2.69980530717959,-28.7161212287183
136.396275997162,912.535873887309,856.213857480266,192.8,-44,2.59549530717959,-28.8204312287183
136.65908908844,912.890603725384,856.245329727725,192.8,-44,2.48504530717959,-28.9308812287183
137.021131038666,913.104423008066,856.297310856598,192.8,-44,2.39300530717959,-29.0229212287183
137.319982051849,913.342541988754,856.335216327332,192.8,-44,2.28869530717959,-29.1272312287183
137.658907175064,913.867959568805,856.357471583946,192.8,-43,2.25188530717959,-29.1640412287183
138.006016016006,914.404201457099,856.379060313893,192.8,-43,2.18438530717959,-29.2315412287183
138.280381202698,914.819255777858,856.390431665147,192.8,-43,2.11689530717959,-29.2990312287183
138.58783698082,915.284368902052,856.403174490467,192.8,-42,2.04939530717959,-29.3665312287183
138.925755977631,915.917849480845,856.419001859686,192.8,-42,1.97576530717959,-29.4401612287183
139.277765989304,916.596837751081,856.435773681501,192.8,-42,1.90213530717959,-29.5137912287183
139.642638206482,917.135318594654,856.440111212386,192.8,-42,1.82236530717959,-29.5935612287183
140.025987148285,917.684418879625,856.453391067333,192.8,-42,1.76100530717959,-29.6549212287183
140.333145141602,918.032632950734,856.520928809084,192.8,-42,1.71805530717959,-29.6978712287183
140.558122158051,918.287681376978,856.570396639867,192.8,-42,1.68737530717959,-29.7285512287183
140.950464010239,918.951635934355,856.591287047022,192.8,-42,1.59533530717959,-29.8205912287183
141.280136108398,919.596188815672,856.582992271108,192.8,-42,1.53398530717959,-29.8819412287183
141.682621002197,920.308627845381,856.569930464608,192.8,-42,1.44807530717959,-29.9678512287183
142.010271072388,920.873753475477,856.558712089817,192.8,-42,1.39285530717959,-30.0230712287183
142.41090297699,921.542410859141,856.537469455282,192.8,-42,1.33149530717959,-30.0844312287183
142.798801183701,922.180033874665,856.515446244418,192.8,-42,1.26399530717959,-30.1519312287183
143.142909049988,922.691558520259,856.492542155809,192.8,-42,1.18423530717959,-30.2316912287183
143.50977897644,923.249982071531,856.489061696252,192.8,-42,1.12287530717959,-30.2930512287183
143.926325082779,923.943448334263,856.580372200597,192.8,-42,1.05537530717959,-30.3605512287183
144.291760206223,924.557496466553,856.601806504719,192.8,-42,0.987885307179586,-30.4280412287183
144.469727993011,924.859381799703,856.58283988693,192.8,-42,0.963335307179586,-30.4525912287183
144.906452178955,925.605115718691,856.533827979721,192.8,-42,0.865165307179586,-30.5507612287183
145.326105117798,926.334298929983,856.480412514499,192.8,-43,0.773125307179586,-30.6428012287183
145.753021001816,927.065496286983,856.421338433562,192.8,-43,0.711765307179586,-30.7041612287183
146.212658166885,927.849602461465,856.354155036444,192.8,-43,0.631995307179587,-30.7839312287183
146.611593008041,928.54028617517,856.290539431234,192.8,-43,0.576775307179586,-30.8391512287183
147.009833097458,929.198062712459,856.217465737181,192.8,-43,0.533825307179586,-30.8821012287183
147.451594114304,929.88006728154,856.122023021768,192.8,-43,0.447925307179586,-30.9680012287183
147.915177106857,930.641836821384,856.032412720856,192.8,-43,0.368155307179586,-31.0477712287183
148.382771015167,931.425046899738,855.940619137533,192.8,-43,0.325205307179586,-31.0907212287183
148.802348136902,932.134186929171,855.851976633854,192.8,-43,0.257705307179586,-31.1582212287183
149.319905042648,932.937957557331,855.745598935312,192.8,-44,0.269985307179586,-31.1459412287183
149.788773059845,933.694402294282,855.639616153369,192.8,-44,0.208625307179586,-31.2073012287183
150.13516998291,934.312513754756,855.548062414228,192.8,-44,0.159535307179587,-31.2563912287183
150.596562147141,934.703228422079,855.42778708195,192.8,-45,0.0429553071795858,-31.3729712287183
151.012169122696,934.801691531957,855.320426703107,192.8,-45,6.27091350717959,-31.4281983358979
151.523338079453,935.719332153458,855.160819468566,192.8,-46,6.23409790717959,-31.4650139358979
151.96738910675,936.439981804974,855.032847434041,192.8,-46,6.21569010717959,-31.4834217358979
152.330151081085,936.961282906141,854.937077122506,192.8,-46,6.17273830717959,-31.5263735358979
152.911790132523,937.87212198205,854.765454101703,192.8,-47,6.07456430717959,-31.6245475358979
153.249088048935,938.411934334132,854.66100986033,192.8,-48,6.01320430717959,-31.6859075358979
153.618553161621,939.005700215208,854.540830831227,192.8,-48,6.00093330717959,-31.6981785358979
154.110800981522,939.839028927872,854.301677943182,192.8,-49,5.94570930717959,-31.7534025358979
154.404036045074,940.361749260921,854.109999870695,192.8,-49,5.92116630717959,-31.7779455358979
155.002577066422,941.390594521867,853.836437458013,192.8,-51,5.79231130717959,-31.9068005358979
155.361865997314,942.010998594538,853.695462913294,192.8,-52,5.74322430717959,-31.9558875358979
155.882263183594,942.959707262537,853.473882430745,192.8,-53,5.65118530717959,-32.0479265358979
156.274733066559,943.668848803118,853.304100804956,192.8,-54,5.66959330717959,-32.0295185358979
156.851545095444,944.658132176025,853.062065038089,192.8,-55,5.60209830717959,-32.0970135358979
157.224279165268,945.210319338734,852.921835181884,192.8,-57,5.55301030717959,-32.1461015358979
157.694137096405,946.403732735235,852.208863664299,192.8,-59,5.53460230717959,-32.1645095358979
158.239723205566,948.104269172201,851.048052501893,192.8,-61,5.48551530717959,-32.2135965358979
161.716984033585,953.569585352125,849.412489116788,192.8,-64,5.97945730717959,-31.7196545358979
162.147730112076,954.236593288942,849.200525872453,192.8,-61,5.89662230717959,-31.8024895358979
162.541063070297,954.86060871516,848.99602545055,192.8,-59,5.90275830717959,-31.7963535358979
162.767259120941,955.214829519238,848.876927803987,192.8,-59,5.82912730717959,-31.8699845358979
163.327052116394,956.084343655045,848.579888813494,192.8,-57,5.80458330717959,-31.8945285358979
163.64021897316,956.587578113338,848.405053400235,192.8,-56,5.78003930717959,-31.9190725358979
164.126784086227,957.366922223957,848.133456169935,192.8,-56,5.83219530717959,-31.8669165358979
164.51716709137,957.912293940374,847.936236877651,192.8,-55,5.82912730717959,-31.8699845358979
165.035472154617,958.759317350325,847.645989791123,192.8,-54,5.92730130717959,-31.7718105358979
165.388661146164,959.531790611722,847.403091434705,192.8,-54,5.97025330717959,-31.7288585358979
165.937698125839,960.551798080737,847.037590319637,192.8,-54,6.05615630717959,-31.6429555358979
166.330108165741,961.179335396559,846.783142365353,192.8,-54,6.05615630717959,-31.6429555358979
166.700400114059,961.73110051169,846.550934265143,192.8,-54,6.14205930717959,-31.5570525358979
167.243180990219,962.527478971451,846.211073090864,192.8,-55,6.20341830717959,-31.4956935358979
167.656445026398,963.152936362186,845.937235698327,192.8,-55,0.0122753071795865,-31.4036512287183
168.10890007019,963.838526588506,845.634869684089,192.8,-56,0.171805307179587,-31.2441212287183
168.340923070908,964.190935350031,845.477213132881,192.8,-56,0.208625307179586,-31.2073012287183
169.052788972855,965.17647633703,845.12187387599,192.8,-58,0.497005307179586,-30.9189212287183
169.298361063004,965.476057711263,845.05349450398,192.8,-58,0.656545307179586,-30.7593812287183
169.964860200882,966.455905059265,844.661567199206,192.8,-60,1.03697530717959,-30.3789512287183
170.472216129303,967.252040257277,844.283248726986,192.8,-61,1.40512530717959,-30.0108012287183
170.7894551754,967.724794031053,844.054202891913,192.8,-62,1.63215530717959,-29.7837712287183
173.306394100189,971.476702125276,842.2617396296,192.8,-62,4.43013530717959,-20.7026059215388
173.774051189423,972.148197020124,841.947220962576,192.8,-61,5.19712530717959,-19.9356159215388
174.158986091614,972.784729742268,841.599627942855,192.8,-59,5.41188430717959,-19.7208569215388
174.619570016861,973.493017705181,841.208466806954,192.8,-58,5.46710730717959,-19.6656339215388
174.797696113586,973.750632904242,841.064754010242,192.8,-57,5.70027230717959,-19.4324689215388
175.322164058685,974.506460018878,840.641492571571,192.8,-56,5.65732130717959,-19.4754199215388
175.886474132538,975.313070834912,840.185783993763,192.8,-54,5.76776730717959,-19.3649739215388
176.24485707283,975.840453029911,839.879826288172,192.8,-54,5.80458330717959,-19.3281579215388
176.571917057037,976.329340267936,839.592293610169,192.8,-53,5.92116630717959,-19.2115749215388
177.057311058044,977.033368607673,839.166643608605,192.8,-53,6.08683530717959,-19.0459059215388
177.418260097504,977.540895138688,838.850924763224,192.8,-53,6.19728240717959,-18.9354588215388
177.815549135208,978.093611626967,838.502219893362,192.8,-53,6.25864160717959,-18.8740996215388
178.144299983978,978.542954787466,838.212042564151,192.8,-52,0.116585307179586,-18.7329706143592
178.617902040482,979.192428215544,837.791316397355,192.8,-52,0.239305307179587,-18.6102506143592
178.868180990219,979.541483213097,837.561651735949,192.8,-52,0.325205307179586,-18.5243506143592
179.318121194839,980.168998540245,837.148770968887,192.8,-51,0.460195307179586,-18.3893606143592
179.626545190811,980.562208500962,836.887795633247,192.8,-52,0.497005307179586,-18.3525506143592
180.106922149658,981.156527729486,836.492131585448,192.8,-51,0.625865307179586,-18.2236906143592
180.430721998215,981.588766889934,836.199366885687,192.8,-51,0.687225307179586,-18.1623306143592
180.879887104034,982.23144597301,835.757749415195,192.8,-51,0.785395307179586,-18.0641606143592
181.266247034073,982.823805906148,835.347907729333,192.8,-52,0.846755307179587,-18.0028006143592
181.65987610817,983.513380391091,834.865115684464,192.8,-51,0.951065307179586,-17.8984906143592
182.147016048431,984.323937321805,834.294886408854,192.8,-51,1.07378530717959,-17.7757706143592
182.408941030502,984.695346694554,834.029270718823,192.8,-51,1.11060530717959,-17.7389506143592
182.860047101974,985.335014670187,833.571808244246,192.8,-52,1.20877530717959,-17.6407806143592
183.333112001419,985.968709763313,833.1077267318,192.8,-52,1.31922530717959,-17.5303306143592
183.597632169724,986.318528167461,832.850135849821,192.8,-52,1.39285530717959,-17.4567006143592
184.020364999771,986.859282524388,832.446735834209,192.8,-53,1.52784530717959,-17.3217106143592
184.506072998047,987.450869679765,831.996659595965,192.8,-53,1.65056530717959,-17.1989906143592
184.836268186569,987.85372034481,831.689418028857,192.8,-53,1.76714530717959,-17.0824106143592
185.378573179245,988.523352461421,831.169797195609,192.8,-54,1.93895530717959,-16.9106006143592
185.667731046677,988.880401349811,830.892734557344,192.8,-54,2.06780530717959,-16.7817506143592
186.090771198273,989.611563689291,830.176561547661,192.8,-55,2.15984530717959,-16.6897106143592
186.615972995758,990.57885840591,829.198770771867,192.8,-56,2.30097530717959,-16.5485806143592
187.130849123001,991.295980730485,828.581656490494,192.8,-56,2.55867530717959,-16.2908806143592
187.587599992752,991.893571028802,828.091190498066,192.8,-57,2.73048530717959,-16.1190706143592
187.942510128021,992.319951743625,827.733011473591,192.8,-57,3.02500530717959,-15.8245506143592
188.612501144409,993.111518539006,827.06357945023,192.8,-59,3.23976530717959,-15.6097906143592
189.021133184433,993.609218428022,826.632555000105,192.8,-59,3.49133530717959,-15.3582206143592
189.371819972992,994.036342976883,826.262651112501,192.8,-61,3.81654530717959,-15.0330106143592
189.855697154999,994.658771158313,825.711485931785,192.8,-62,4.23992530717959,-14.6096306143592
193.207944154739,999.147140284869,821.649107185542,192.8,-64,1.94201530717959,-10.6243553071796
193.477555990219,999.450081337259,821.336314391611,192.8,-63,2.11075530717959,-10.4556153071796
193.953910112381,999.985274504277,820.783708991785,192.8,-62,2.44209530717959,-10.1242753071796
194.142796039581,1000.16620182592,820.591903831173,192.8,-61,2.52186530717959,-10.0445053071796
194.519003152847,1000.52655765758,820.20988243417,192.8,-60,2.78570530717959,-9.78066530717959
194.994482040405,1001.08373298277,819.652352666649,192.8,-59,2.86547530717959,-9.70089530717959
195.502053976059,1001.84167262046,818.937382835187,192.8,-59,3.10477530717959,-9.46159530717959
195.871453046799,1002.32426229437,818.441525097961,192.8,-59,3.22135530717959,-9.34501530717959
196.060405015945,1002.54617740419,818.196732141775,192.8,-58,3.33794530717959,-9.22842530717959
196.505872011185,1003.0664423853,817.621796919907,192.8,-58,3.53429530717959,-9.03207530717959
196.797564983368,1003.37500766716,817.26934679795,192.8,-58,3.62633530717959,-8.94003530717959
196.984225034714,1003.57246464025,817.04380705536,192.8,-58,3.68768530717959,-8.87868530717959
197.430594205856,1004.03219227993,816.515763868763,192.8,-58,3.96380530717959,-8.60256530717959
197.882079124451,1004.4529258561,816.021811722191,192.8,-58,4.20310530717959,-8.36326530717959
198.220748186111,1004.76785411272,815.649737702573,192.8,-57,4.34423530717959,-8.22213530717959
198.51057600975,1005.03483319077,815.32549863805,192.8,-58,4.49149530717959,-8.07487530717959
198.876133203506,1005.37157146985,814.916538859638,192.8,-58,4.62034530717959,-7.94602530717959
199.372500181198,1006.1070017794,814.154335982558,192.8,-58,4.92101530717959,-7.64535530717959
199.696668148041,1006.63713730401,813.619488142174,192.8,-58,5.10508530717959,-7.46128530717959
200.055883169174,1007.05370826501,813.13507439324,192.8,-58,5.33211730717959,-7.23425330717959
200.366551160812,1007.34718560426,812.758445141201,192.8,-59,5.57755430717959,-6.98881630717959
200.521601200104,1007.49365602994,812.570474761571,192.8,-58,5.73095230717959,-6.83541830717959
200.929275989532,1007.85480388494,812.091726124709,192.8,-59,6.01934030717959,-6.54703030717959
201.182551145554,1008.07349292083,811.79796473321,192.8,-59,6.17273830717959,-6.39363230717959
201.564526081085,1008.39538474439,811.361740651165,192.8,-60,0.190215307179586,-6.09297
201.884078025818,1008.65490269049,811.005202919062,192.8,-59,0.497005307179586,-5.78618
202.261676073074,1008.96284209667,810.581350619258,192.8,-60,0.619725307179587,-5.66346
202.575880050659,1009.22587825543,810.215123352058,192.8,-60,0.901985307179586,-5.3812
202.896005153656,1009.49387128996,809.841994588591,192.8,-60,1.17809530717959,-5.10509
203.09813117981,1009.70344906907,809.625796897803,192.8,-61,1.31308530717959,-4.9701
203.60257101059,1010.3088823973,809.125826149324,192.8,-61,1.69965530717959,-4.58353
203.757212162018,1010.49448413071,808.972555040447,192.8,-60,1.90213530717959,-4.38105
203.939555168152,1010.65762601855,808.743105412976,192.8,-60,1.96963530717959,-4.31355
204.366311073303,1011.03607257325,808.203152793383,192.8,-61,2.16598530717959,-4.1172
204.787206172943,1011.39545021325,807.681171169496,192.8,-61,2.33165530717959,-3.95153
205.003398180008,1011.57382655138,807.417787357735,192.8,-61,2.42368530717959,-3.8595
205.278185129166,1011.80054857695,807.083018116846,192.8,-61,2.58322530717959,-3.69996
205.629247188568,1012.09815334874,806.644749289823,192.8,-62,2.73048530717959,-3.5527
205.978124141693,1012.39553213596,806.207044887391,192.8,-61,2.81025530717959,-3.47293
206.359790086746,1012.72751987105,805.711021605563,192.8,-62,2.87161530717959,-3.41157
206.518371105194,1012.86659208577,805.502004247563,192.8,-62,2.92683530717959,-3.35635
207.171352148056,1013.43585597489,804.665212442112,192.8,-62,3.12932530717959,-3.15386
207.413676977158,1013.64569658931,804.364656115921,192.8,-62,3.28271530717959,-3.00047
207.677118062973,1013.87823712357,804.020621602692,192.8,-62,3.35021530717959,-2.93297
207.799348115921,1013.99276295495,803.835022387714,192.8,-62,3.35021530717959,-2.93297
217.510236024857,1021.65625046142,791.846189535149,192.8,-63,4.33196530717959,4.33196530717959
217.7855219841,1021.89987760848,791.528576654074,192.8,-63,4.36264530717959,4.36264530717959
218.16241812706,1022.22543554143,791.106323155966,192.8,-63,4.50990530717959,4.50990530717959
218.834680080414,1022.77285068188,790.273977718425,192.8,-63,4.62648530717959,4.62648530717959
219.080766201019,1022.96661093987,789.953528060991,192.8,-63,4.69398530717959,4.69398530717959
219.430031061172,1023.25175404996,789.54682132431,192.8,-62,4.72466530717959,4.72466530717959
219.821328163147,1023.57918581917,789.128979290464,192.8,-63,4.93328530717959,4.93328530717959
219.952043056488,1023.68856615593,788.989396920413,192.8,-62,4.99464530717959,4.99464530717959
220.495097160339,1024.18407421988,788.362541357313,192.8,-62,5.10508530717959,5.10508530717959
220.808453083038,1024.47370119676,787.996593758152,192.8,-62,5.20326530717959,5.20326530717959
221.096566200256,1024.75009998249,787.66590677412,192.8,-62,5.28916530717959,5.28916530717959
221.37181019783,1025.01478215197,787.350350629212,192.8,-62,5.39347630717959,5.39347630717959
221.481121063232,1025.11989847515,787.22503012963,192.8,-63,5.44869930717959,5.44869930717959
221.933911085129,1025.56682031956,786.693650870528,192.8,-62,5.57141830717959,5.57141830717959
222.260521173477,1025.89313517816,786.306151975939,192.8,-62,5.74936030717959,5.74936030717959
222.724575996399,1026.36939433841,785.790331161841,192.8,-61,5.87821430717959,5.87821430717959
223.115432977676,1026.77650897358,785.37232857713,192.8,-62,6.04388430717959,6.04388430717959
223.374731063843,1027.02598111265,785.104004896388,192.8,-62,6.07456430717959,6.07456430717959
223.688440084457,1027.29953709973,784.79169514447,192.8,-62,0.0429553071795858,6.32614061435917
224.041146993637,1027.6070994596,784.440561450292,192.8,-63,0.263845307179587,6.54703061435917
224.409263134003,1027.92737768038,784.084554462285,192.8,-62,0.429515307179586,6.71270061435917
224.698800086975,1028.17922357316,783.805481986495,192.8,-62,0.527685307179587,6.81087061435917
225.055397033691,1028.4834045629,783.472845417023,192.8,-62,0.754715307179586,7.03790061435917
225.233180999756,1028.6295706706,783.317137910625,192.8,-62,0.724035307179586,7.00722061435917
225.758450031281,1029.06142361849,782.857094561965,192.8,-62,1.14741530717959,7.43060061435917
226.101271152496,1029.39203004225,782.505891907518,192.8,-62,1.27627530717959,7.55946061435917
226.645301103592,1029.92894465008,781.935739728721,192.8,-62,1.50330530717959,7.78649061435917
226.777801990509,1030.0855174391,781.783055966124,192.8,-62,1.61988530717959,7.90307061435917
227.357398986816,1030.78083603918,781.109590236335,192.8,-62,1.79782530717959,8.08101061435917
227.639916181564,1031.08606847362,780.812372553483,192.8,-62,1.96963530717959,8.25282061435917
228.063037157059,1031.46187252675,780.442205561152,192.8,-61,2.14757530717959,8.43076061435917
228.382436037064,1031.74555355563,780.162779747703,192.8,-61,2.31324530717959,8.59643061435917
228.698086977005,1032.0376765399,779.882233021976,192.8,-62,2.49118530717959,8.77437061435917
229.106847047806,1032.41884036613,779.517858554756,192.8,-61,2.62003530717959,8.90322061435917
229.314086198807,1032.61208837,779.33312266535,192.8,-61,2.68753530717959,8.97072061435917
229.574825048447,1032.90622179096,779.059891446244,192.8,-60,2.76116530717959,9.04435061435917
230.057448148727,1033.45816476363,778.548138495859,192.8,-60,2.89615530717959,9.17934061435917
230.586068153381,1034.02347143142,778.033875711724,192.8,-60,3.04955530717959,9.33274061435917
230.917231082916,1034.36529684213,777.726232842087,192.8,-60,3.19681530717959,9.48000061435917
231.267047166824,1034.68310182702,777.412694681428,192.8,-59,3.28885530717959,9.57204061435917
231.640136003494,1034.94600461287,777.098388515056,192.8,-59,3.42384530717959,9.70703061435917
231.8498711586,1035.09379771508,776.921698552571,192.8,-59,3.49133530717959,9.77452061435917
232.399801969528,1035.57392279676,776.455816819646,192.8,-59,3.63246530717959,9.91565061435917
232.790121078491,1035.96405779718,776.123768585958,192.8,-58,3.80427530717959,10.0874606143592
233.127106189728,1036.31598574326,775.828600624301,192.8,-58,3.85335530717959,10.1365406143592
233.54519200325,1036.77866912146,775.447743658356,192.8,-58,3.96994530717959,10.2531306143592
233.933796167374,1037.20872601797,775.093743120393,192.8,-58,4.01902530717959,10.3022106143592
234.528424024582,1037.83318585563,774.585501401967,192.8,-58,4.16629530717959,10.4494806143592
234.78973698616,1038.10687197358,774.362884549324,192.8,-57,4.22151530717959,10.5047006143592
235.211415052414,1038.54674575704,774.017766927873,192.8,-57,4.31355530717959,10.5967406143592
235.743010997772,1039.10060039649,773.588109995451,192.8,-57,4.46081530717959,10.7440006143592
235.921416044235,1039.26006669391,773.471373912374,192.8,-58,4.55285530717959,10.8360406143592
236.25169801712,1039.49908961444,773.313690134951,192.8,-58,4.65716530717959,10.9403506143592
236.750872135162,1039.86033868445,773.075373584287,192.8,-58,4.78601530717959,11.0692006143592
237.262156009674,1040.47257062064,772.617348443062,192.8,-58,4.89033530717959,11.1735206143592
237.423165082932,1040.66741444248,772.471304954582,192.8,-58,5.02532530717959,11.3085106143592
237.89683008194,1041.23031751683,772.054282044834,192.8,-58,5.14190530717959,11.4250906143592
238.316747188568,1041.71982706046,771.696240778632,192.8,-58,5.24621530717959,11.5294006143592
238.814774990082,1042.29992185078,771.275532383485,192.8,-59,5.29530130717959,11.5784866143592
239.049597024918,1042.57321704061,771.079020127943,192.8,-59,5.41188430717959,11.6950696143592
239.503190040588,1043.10282952285,770.699569437968,192.8,-59,5.61436930717959,11.8975546143592
239.908054113388,1043.5935375385,770.362376498771,192.8,-59,5.71254430717959,11.9957296143592
240.346690177917,1044.12517827247,769.997056398093,192.8,-59,5.86594230717959,12.1491276143592
240.625960111618,1044.53123756481,769.745937867188,192.8,-59,5.92730130717959,12.2104866143592
240.961899995804,1045.02612785957,769.442098244357,192.8,-60,6.05615630717959,12.3393416143592
241.536381006241,1045.78505329447,768.9628778506,192.8,-60,6.24636980717959,12.5295551143592
241.818751096725,1046.11697916845,768.746320387184,192.8,-61,0.0184053071795862,12.5847759215388
242.299203157425,1046.69245761714,768.374050853826,192.8,-60,0.276115307179587,12.8424859215388
242.650881052017,1047.12675855859,768.096925491183,192.8,-60,0.392695307179586,12.9590659215388
243.20436501503,1047.85310542682,767.642720277992,192.8,-60,0.539965307179586,13.1063359215388
243.369919061661,1048.08771913962,767.499545755822,192.8,-61,0.515415307179587,13.0817859215388
243.958077192307,1048.89713142657,767.008680085846,192.8,-61,0.711765307179586,13.2781359215388
244.384800195694,1049.43885073948,766.686156457884,192.8,-61,0.865165307179586,13.4315359215388
244.476071119308,1049.55471799209,766.617172528782,192.8,-61,0.859025307179587,13.4253959215388
245.132447004318,1050.25933427466,766.247870218873,192.8,-61,1.10446530717959,13.6708359215388
245.486852169037,1050.61840267333,766.069765860242,192.8,-61,1.15355530717959,13.7199259215388
246.184000015259,1051.4456812795,765.609697655788,192.8,-61,1.41739530717959,13.9837659215388
246.563704013824,1051.86737042826,765.37936792537,192.8,-61,1.50943530717959,14.0758059215388
246.988752126694,1052.32568199143,765.131158741722,192.8,-61,1.71192530717959,14.2782959215388
247.429265022278,1052.82279840744,764.8684307279,192.8,-61,1.74260530717959,14.3089759215388
247.915632009506,1053.38232469443,764.575710133546,192.8,-62,1.92054530717959,14.4869159215388
248.291969060898,1053.81951506079,764.351664692869,192.8,-61,1.95735530717959,14.5237259215388
248.725702047348,1054.32384851627,764.093719144281,192.8,-62,2.04939530717959,14.6157659215388
249.202507019043,1055.04891962505,763.658296867971,192.8,-62,2.18438530717959,14.7507559215388
249.496566057205,1055.50795214167,763.379205097866,192.8,-63,2.28256530717959,14.8489359215388
