164.70127415657,958.169494650523,847.843227026748,192.8,-64,1.12287530717959,1.12287530717959
165.177978992462,959.070999550043,847.547983688104,192.8,-63,1.06765530717959,1.06765530717959
165.528335094452,959.837276889462,847.307033592345,192.8,-63,0.901985307179586,0.901985307179586
166.171993017197,960.926479593142,846.88566796867,192.8,-62,0.447925307179586,0.447925307179586
166.498417139053,961.435946455333,846.676459553479,192.8,-61,0.362015307179586,0.362015307179586
166.985920190811,962.148325819033,846.373493617193,192.8,-62,0.0981753071795861,0.0981753071795861
167.301825046539,962.616234235004,846.172214312783,192.8,-61,6.15433130717959,-0.128854
167.64232301712,963.131563306945,845.946593236993,192.8,-61,5.97025330717959,-0.312932
168.091956138611,963.812791252247,845.646382860837,192.8,-60,5.78617530717959,-0.49701
168.672079086304,964.693912558741,845.252197013195,192.8,-60,5.58369030717959,-0.699495
169.02355504036,965.140812912633,845.130014043483,192.8,-60,5.46097130717959,-0.822214
169.465774059296,965.680290266613,845.006878475481,192.8,-60,5.24007530717959,-1.04311
169.949385166168,966.431042921661,844.673279939795,192.8,-60,5.14803530717959,-1.13515
170.451208114624,967.220733839164,844.298416463507,192.8,-60,4.97009530717959,-1.31309
170.840512037277,967.800879634091,844.017339959342,192.8,-60,4.91487530717959,-1.36831
171.272127151489,968.460792201109,843.694390501881,192.8,-61,4.81056530717959,-1.47262
172.039705991745,969.679484626055,843.086763661872,192.8,-60,4.28900530717959,-1.99418
172.472808122635,970.352213605831,842.74417521119,192.8,-60,4.18469530717959,-2.09849
172.93810915947,971.014609211665,842.438815775066,192.8,-60,3.84108530717959,-2.4421
173.212687015533,971.35912637078,842.306795203475,192.8,-60,3.74291530717959,-2.54027
173.583257198334,971.832697911508,842.119506351948,192.8,-61,3.74291530717959,-2.54027
174.188752174377,972.833951274484,841.572749417332,192.8,-61,3.20908530717959,-3.0741
174.566184043884,973.415808142359,841.251538808322,192.8,-61,3.08636530717959,-3.19682
174.901782035828,973.901167363092,840.980777101418,192.8,-61,2.90842530717959,-3.37476
175.473841190338,974.723263546947,840.519005709907,192.8,-60,2.37460530717959,-3.90858
175.776472091675,975.155836647437,840.274616137508,192.8,-60,2.12916530717959,-4.15402
176.361467123032,976.014761010471,839.777309313808,192.8,-60,1.66897530717959,-4.61421
176.68023109436,976.491247419844,839.49707002208,192.8,-60,1.42353530717959,-4.85965
177.004657030106,976.959332349857,839.21269960845,192.8,-59,1.19036530717959,-5.09282
177.587491989136,977.778850266719,838.702899165185,192.8,-59,0.791535307179586,-5.49165
177.930457115173,978.250670126062,838.400794479995,192.8,-57,0.546095307179586,-5.73709
178.357084035873,978.833792236982,838.02422523042,192.8,-57,0.214755307179586,-6.06843
178.721153974533,979.336429952907,837.696568834692,192.8,-56,6.25864160717959,-6.30772900717959
178.998296976089,979.722951271746,837.442252785818,192.8,-56,6.11137930717959,-6.45499130717959
179.423720121384,980.311274652934,837.054853162728,192.8,-55,5.95184530717959,-6.61452530717959
179.799836158752,980.776602951987,836.745063962712,192.8,-54,5.75549630717959,-6.81087430717959
180.165213108063,981.228644921601,836.444120047577,192.8,-54,5.59596230717959,-6.97040830717959
180.439043045044,981.600672896606,836.191185663226,192.8,-53,5.44869930717959,-7.11767130717959
180.915735006332,982.282738240999,835.722503890264,192.8,-52,5.30143730717959,-7.26493330717959
181.343720197678,982.959526360772,835.252885716122,192.8,-51,5.09281530717959,-7.47355530717959
181.565644025803,983.348301020843,834.980692766372,192.8,-51,5.00691530717959,-7.55945530717959
182.059458017349,984.199780117912,834.383678194425,192.8,-51,4.79829530717959,-7.76807530717959
182.422990083694,984.715268238473,834.01502370455,192.8,-51,4.76147530717959,-7.80489530717959
182.761542081833,985.195334646333,833.671701269683,192.8,-50,4.60194530717959,-7.96442530717959
183.154846191406,985.732959644248,833.281322747266,192.8,-50,4.54671530717959,-8.01965530717959
183.613351106644,986.339315895911,832.83482868118,192.8,-49,4.39945530717959,-8.16691530717959
183.99113702774,986.823683166559,832.473819628896,192.8,-49,4.31355530717959,-8.25281530717959
184.370143175125,987.285308606942,832.122617545151,192.8,-49,4.20924530717959,-8.35712530717959
184.786787033081,987.792776376895,831.736538870428,192.8,-49,4.12334530717959,-8.44302530717959
185.25319314003,988.368534596614,831.289932693769,192.8,-49,4.03743530717959,-8.52893530717959
185.675951004028,988.890551260865,830.88485843386,192.8,-48,3.96380530717959,-8.60256530717959
186.128769159317,989.681546745588,830.105819109258,192.8,-48,3.88403530717959,-8.68233530717959
186.506986141205,990.37813097296,829.401676286614,192.8,-47,3.79813530717959,-8.76823530717959
186.950734138489,991.060327173033,828.775066685155,192.8,-47,3.71836530717959,-8.84800530717959
187.507579088211,991.788875626158,828.177118155701,192.8,-47,3.61405530717959,-8.95231530717959
187.900431156158,992.270327922637,827.774917042457,192.8,-46,3.56497530717959,-9.00139530717959
188.351067066193,992.801763809493,827.326138155387,192.8,-46,3.54042530717959,-9.02594530717959
188.780405044556,993.316019763294,826.886474673448,192.8,-46,3.49133530717959,-9.07503530717959
189.139484167099,993.753365888741,826.507718564807,192.8,-46,3.42998530717959,-9.13638530717959
189.561089038849,994.270470007108,826.058568932147,192.8,-46,3.41770530717959,-9.14866530717959
190.039970159531,994.901647765825,825.494390665931,192.8,-46,3.39316530717959,-9.17320530717959
190.419876098633,995.402373663777,825.046816800954,192.8,-45,3.35634530717959,-9.21002530717959
190.884438991547,996.223762335184,824.369333544783,192.8,-45,3.33794530717959,-9.22842530717959
191.343276023865,997.027098731781,823.70498880839,192.8,-45,3.29499530717959,-9.27137530717959
191.72353219986,997.461830111366,823.295012362508,192.8,-45,3.27044530717959,-9.29592530717959
192.134572029114,997.931755186399,822.851846257782,192.8,-45,3.27044530717959,-9.29592530717959
192.499557971954,998.345903183898,822.446511877988,192.8,-45,3.27658530717959,-9.28978530717959
192.948620080948,998.854578454831,821.944502714436,192.8,-45,3.28885530717959,-9.27751530717959
193.316112041473,999.268679806247,821.523615159404,192.8,-45,3.29499530717959,-9.27137530717959
193.695502996445,999.694970792181,821.083461051976,192.8,-45,3.29499530717959,-9.27137530717959
194.009843111038,1000.03885079653,820.726911548217,192.8,-45,3.31953530717959,-9.24683530717959
194.384333133698,1000.39756188627,820.346633779469,192.8,-45,3.31339530717959,-9.25297530717959
194.796947002411,1000.79279049459,819.927642960341,192.8,-45,3.35634530717959,-9.21002530717959
195.203377008438,1001.39566862236,819.358101567255,192.8,-45,3.42384530717959,-9.14252530717959
195.626391172409,1002.0273410606,818.76224047984,192.8,-44,3.48520530717959,-9.08116530717959
195.983121156693,1002.45541118359,818.296855704696,192.8,-45,3.51588530717959,-9.05048530717959
196.301590204239,1002.82943794805,817.884269479982,192.8,-44,3.56497530717959,-9.00139530717959
196.648514032364,1003.21733520641,817.449443786458,192.8,-45,3.57724530717959,-8.98912530717959
197.070741176605,1003.66398510956,816.939270341525,192.8,-45,3.67541530717959,-8.89095530717959
197.328195095062,1003.93633085832,816.628190975165,192.8,-45,3.73064530717959,-8.83572530717959
197.752246141434,1004.33193600018,816.163856955633,192.8,-45,3.83495530717959,-8.73141530717959
198.013025045395,1004.574952846,815.878548866509,192.8,-45,3.89017530717959,-8.67619530717959
198.358923196793,1004.89513601581,815.495157180796,192.8,-46,3.92699530717959,-8.63937530717959
198.753618001938,1005.25871482569,815.053600284065,192.8,-46,4.00062530717959,-8.56574530717959
199.183994054794,1005.79872395915,814.465354050099,192.8,-46,4.10493530717959,-8.46143530717959
199.484050035477,1006.2894273938,813.970288807147,192.8,-46,4.16629530717959,-8.40007530717959
199.786333084106,1006.78377291512,813.47154910341,192.8,-46,4.25219530717959,-8.31417530717959
200.125097990036,1007.11909311961,813.051163829832,192.8,-46,4.35650530717959,-8.20986530717959
200.514029026031,1007.4865028582,812.579654665307,192.8,-46,4.46081530717959,-8.10555530717959
200.829859018326,1007.76896284973,812.20703497797,192.8,-46,4.58353530717959,-7.98283530717959
201.126579046249,1008.02516412054,811.862884017182,192.8,-47,4.67557530717959,-7.89079530717959
201.411221027374,1008.27088100307,811.532789637319,192.8,-47,4.76761530717959,-7.79875530717959
201.810726165771,1008.59533139269,811.087044717422,192.8,-47,4.89646530717959,-7.66990530717959
202.03024315834,1008.77360788259,810.842120247461,192.8,-47,4.95168530717959,-7.61468530717959
202.43766617775,1009.11017238023,810.376221532145,192.8,-47,5.06213530717959,-7.50423530717959
202.73591709137,1009.35985341631,810.028588704977,192.8,-47,5.16031530717959,-7.40605530717959
203.04708313942,1009.6421807411,809.67639267832,192.8,-47,5.24621530717959,-7.32015530717959
203.418337106705,1010.08776317,809.308427833806,192.8,-48,5.36279730717959,-7.20357330717959
203.635783195496,1010.34874396734,809.092908207614,192.8,-48,5.40574830717959,-7.16062230717959
204.033286094666,1010.74074647635,808.624512421767,192.8,-49,5.50392330717959,-7.06244730717959
204.325292110443,1010.99969701292,808.255052008325,192.8,-49,5.60823330717959,-6.95813730717959
204.560059070587,1011.20788803301,807.958013271207,192.8,-49,5.70640830717959,-6.85996230717959
204.982398033142,1011.55649968833,807.443371553951,192.8,-49,5.84139930717959,-6.72497130717959
205.334698200226,1011.84717654812,807.014169003171,192.8,-49,5.89662230717959,-6.66974830717959
205.522837162018,1012.00745064006,806.778252339155,192.8,-49,5.97025330717959,-6.59611730717959
205.874469995499,1012.30717850867,806.337090382553,192.8,-50,6.06842830717959,-6.49794230717959
206.110171079636,1012.50860925682,806.04003138166,192.8,-50,6.14819530717959,-6.41817530717959
206.476068019867,1012.82949317051,805.557761734914,192.8,-50,6.22796200717959,-6.33840860717959
206.771991014481,1013.08901140698,805.167721091268,192.8,-51,0.0368153071795865,-6.24637
206.975090026855,1013.26590325378,804.908637031896,192.8,-51,0.0859053071795861,-6.19728
207.256684064865,1013.50974894706,804.559374969666,192.8,-51,0.171805307179587,-6.11138
207.511495113373,1013.73040197374,804.24333194223,192.8,-51,0.239305307179587,-6.04388
207.850187063217,1014.04039749789,803.757826407831,192.8,-51,0.319065307179586,-5.96412
208.192052125931,1014.36071463418,803.238724225203,192.8,-51,0.435655307179586,-5.84753
208.41245007515,1014.55923488138,802.916313387163,192.8,-51,0.478605307179587,-5.80458
208.762808084488,1014.84851022217,802.444141379303,192.8,-52,0.539965307179586,-5.74322
209.004379034042,1015.04796482829,802.118579989948,192.8,-52,0.625865307179586,-5.65732
209.328372001648,1015.33680955863,801.637614965109,192.8,-52,0.693355307179586,-5.58983
209.613343000412,1015.59778194504,801.200210542825,192.8,-53,0.766995307179586,-5.51619
209.948115110397,1015.89084669697,800.707053559348,192.8,-53,0.840625307179586,-5.44256
210.231371164322,1016.10310372181,800.344447808578,192.8,-53,0.994015307179586,-5.28917
210.542340993881,1016.33612797645,799.946364706905,192.8,-53,1.03083530717959,-5.25235
211.18740105629,1016.60311460987,799.1316267747,192.8,-53,1.14741530717959,-5.13577
211.570965051651,1016.79189684148,798.661558156022,192.8,-53,1.24559530717959,-5.03759
211.810809135437,1016.96763987395,798.379730238502,192.8,-53,1.32535530717959,-4.95783
212.136985063553,1017.20664158631,797.996458401585,192.8,-54,1.45421530717959,-4.82897
212.331743001938,1017.34758522368,797.777792771358,192.8,-54,1.50330530717959,-4.77988
212.697187185287,1017.61140468437,797.371228138192,192.8,-54,1.60761530717959,-4.67557
212.979375123978,1017.81870226249,797.053260537259,192.8,-54,1.71805530717959,-4.56513
213.246929168701,1018.03939569491,796.72463422305,192.8,-54,1.84691530717959,-4.43627
213.526566028595,1018.2700557042,796.381167052972,192.8,-54,1.93281530717959,-4.35037
213.884761095047,1018.55698959812,795.953573849469,192.8,-54,2.01871530717959,-4.26447
214.09862112999,1018.72229561902,795.70699236829,192.8,-54,2.00644530717959,-4.27674
214.353013038635,1018.91893130263,795.413677473571,192.8,-54,2.08007530717959,-4.20311
214.80912899971,1019.30344439271,794.923773077219,192.8,-55,2.28869530717959,-3.99449
215.078361988068,1019.53908654594,794.644368809811,192.8,-55,2.41755530717959,-3.86563
215.44441318512,1019.85179313086,794.252056859199,192.8,-55,2.58935530717959,-3.69383
215.636434078217,1020.00989448707,794.036643761364,192.8,-55,2.60163530717959,-3.68155
216.026411056519,1020.3309839694,793.599159341697,192.8,-55,2.84093530717959,-3.44225
216.283016204834,1020.55378939905,793.301668210674,192.8,-56,2.93297530717959,-3.35021
216.541156053543,1020.78055408383,793.000204570914,192.8,-56,3.02500530717959,-3.25818
216.904987096787,1021.10226768144,792.573389466055,192.8,-57,3.22749530717959,-3.05569
217.109220981598,1021.28920242849,792.328004699498,192.8,-56,3.32567530717959,-2.95751
217.481041193008,1021.62952850727,791.881266804547,192.8,-56,3.41157530717959,-2.87161
217.74955701828,1021.86881154386,791.568869803555,192.8,-57,3.52201530717959,-2.76117
218.198323011398,1022.25644970845,791.06609731844,192.8,-58,3.70609530717959,-2.57709
218.315924167633,1022.35803204102,790.93434351695,192.8,-58,3.76745530717959,-2.51573
218.630402088165,1022.61200879295,790.539985457815,192.8,-59,3.98221530717959,-2.30097
219.09907913208,1022.98102994992,789.929681236674,192.8,-59,4.30128530717959,-1.9819
219.2837870121,1023.12937913973,789.702986321683,192.8,-58,4.38718530717959,-1.896
219.814337015152,1023.5733357274,789.136444706084,192.8,-59,4.59580530717959,-1.68738
220.003637075424,1023.73173928657,788.934302850721,192.8,-60,4.68784530717959,-1.59534
220.248735189438,1023.95636806314,788.650251163464,192.8,-60,4.68784530717959,-1.59534
220.783619165421,1024.45074783299,788.025595643458,192.8,-59,5.01918530717959,-1.264
220.973536014557,1024.63179078502,787.806955921236,192.8,-60,5.08054530717959,-1.20264
221.28370308876,1024.93005594184,787.45136187713,192.8,-61,5.36279730717959,-0.920388
221.551911115646,1025.18797212912,787.143872188914,192.8,-61,5.49165130717959,-0.791534
222.079527139664,1025.71230474867,786.520888110957,192.8,-61,5.88435030717959,-0.398835
222.312707185745,1025.94527401839,786.244237103165,192.8,-62,5.96411730717959,-0.319068
222.804414987564,1026.45255422378,785.704947233022,192.8,-62,0.0122753071795865,0.0122753071795865
223.130609989166,1026.79231727122,785.356097499434,192.8,-63,0.214755307179586,0.214755307179586
223.472630977631,1027.11135037459,785.006541655682,192.8,-62,0.337475307179586,0.337475307179586
223.518584012985,1027.15142167353,784.96079358939,192.8,-63,0.429515307179586,0.429515307179586
224.121919155121,1027.67743928683,784.361513222702,192.8,-63,0.797665307179586,0.797665307179586
224.217713117599,1027.76076307592,784.26918145641,192.8,-62,0.895845307179586,0.895845307179586
224.726004123688,1028.20288626921,783.779261161143,192.8,-62,1.28854530717959,1.28854530717959
225.166028022766,1028.57436046529,783.375952115448,192.8,-62,1.41126530717959,1.41126530717959
225.444656133652,1028.80343616523,783.131922862875,192.8,-62,1.56466530717959,1.56466530717959
225.797473192215,1029.09350673414,782.822917131822,192.8,-62,1.83464530717959,1.83464530717959
226.087303161621,1029.3782447381,782.52053058764,192.8,-61,1.90827530717959,1.90827530717959
226.573296070099,1029.85788136718,782.011202167228,192.8,-61,2.14757530717959,2.14757530717959
226.826554059982,1030.14400328515,781.726408246664,192.8,-61,2.22120530717959,2.22120530717959
227.156226158142,1030.53949729778,781.343344045861,192.8,-60,2.29483530717959,2.29483530717959
227.561681985855,1031.01658307927,780.88081566692,192.8,-60,2.41755530717959,2.41755530717959
227.996235132217,1031.40254086241,780.500647250526,192.8,-60,2.59549530717959,2.59549530717959
228.195819139481,1031.57980571859,780.326041367185,192.8,-59,2.68753530717959,2.68753530717959
228.74112701416,1032.07781085442,779.843866528456,192.8,-59,2.87774530717959,2.87774530717959
228.970686197281,1032.2918720185,779.639234248984,192.8,-59,2.99433530717959,2.99433530717959
229.378871202469,1032.68212280318,779.267672546569,192.8,-59,3.11091530717959,3.11091530717959
229.47038602829,1032.78678203929,779.170634128618,192.8,-59,3.08023530717959,3.08023530717959
230.018184185028,1033.41326125853,778.589772328253,192.8,-59,3.23976530717959,3.23976530717959
230.524078130722,1033.9594855107,778.091463040374,192.8,-58,3.41770530717959,3.41770530717959
230.885903120041,1034.33296021015,777.755335810866,192.8,-57,3.57724530717959,3.57724530717959
231.288310050964,1034.6980850453,777.394781908535,192.8,-57,3.63860530717959,3.63860530717959
231.481541156769,1034.83424831537,777.231995670729,192.8,-57,3.67541530717959,3.67541530717959
231.902594089508,1035.13094973908,776.877282476118,192.8,-57,3.81654530717959,3.81654530717959
232.282603025436,1035.45677913392,776.555519092689,192.8,-57,3.96380530717959,3.96380530717959
232.741199970245,1035.91515976439,776.165386244971,192.8,-57,4.12334530717959,4.12334530717959
233.042008161545,1036.22181023697,775.906121017898,192.8,-56,4.18469530717959,4.18469530717959
233.37370800972,1036.58889278639,775.603957697129,192.8,-56,4.27673530717959,4.27673530717959
233.866137981415,1037.13385067652,775.155376619049,192.8,-56,4.38104530717959,4.38104530717959
234.296070098877,1037.58982998253,774.783447570911,192.8,-55,4.49149530717959,4.49149530717959
234.689252138138,1038.00162917276,774.44848926051,192.8,-56,4.60194530717959,4.60194530717959
235.125128030777,1038.45684577252,774.087507521924,192.8,-56,4.74920530717959,4.74920530717959
235.639518976212,1038.99277501372,773.671756352994,192.8,-55,4.88419530717959,4.88419530717959
235.87147808075,1039.22392691379,773.495215379259,192.8,-55,4.96396530717959,4.96396530717959
236.362329006195,1039.57915254333,773.260872501264,192.8,-54,5.12349530717959,5.12349530717959
236.72872209549,1039.84430884448,773.085948493644,192.8,-54,5.24007530717959,5.24007530717959
237.040727138519,1040.20461027127,772.818195787498,192.8,-54,5.35052530717959,5.35052530717959
237.478416204453,1040.73427613829,772.42118935323,192.8,-55,5.46710730717959,5.46710730717959
237.949305057526,1041.291489117,772.00953938871,192.8,-55,5.60823330717959,5.60823330717959
238.161535978317,1041.53889285346,771.828581227186,192.8,-54,5.63891330717959,5.63891330717959
238.619230031967,1042.07233887934,771.439175377235,192.8,-54,5.78003930717959,5.78003930717959
238.96147108078,1042.47065257451,771.152768863092,192.8,-54,5.81685530717959,5.81685530717959
239.389654159546,1042.9689890099,770.794441235736,192.8,-54,5.93343730717959,5.93343730717959
239.83269405365,1043.50219877111,770.42514047747,192.8,-53,6.05002030717959,6.05002030717959
240.134135007858,1043.86755470761,770.17408396697,192.8,-53,6.13592330717959,6.13592330717959
240.655997037888,1044.57548650337,769.718771077002,192.8,-54,6.23409790717959,6.23409790717959
240.999971151352,1045.08221243386,769.407664924328,192.8,-54,0.0306753071795862,6.31386061435917
241.378724098206,1045.59972769252,769.083789311285,192.8,-53,0.128855307179586,6.41204061435917
241.854103088379,1046.15853541369,768.71920796311,192.8,-53,0.288385307179587,6.57157061435917
242.108373165131,1046.45742973818,768.524201180524,192.8,-53,0.343615307179586,6.62680061435917
242.498301029205,1046.93833145364,768.217159929583,192.8,-52,0.454055307179586,6.73724061435917
243.011662006378,1047.58001776,767.809373777231,192.8,-52,0.527685307179587,6.81087061435917
243.416844129562,1048.15421865822,767.458963998316,192.8,-52,0.619725307179587,6.90291061435917
243.708820104599,1048.56799028716,767.206457209376,192.8,-52,0.687225307179586,6.97041061435917
244.169991016388,1049.16615327509,766.848512448255,192.8,-52,0.797665307179586,7.08085061435917
244.548902988434,1049.64717710441,766.562125112835,192.8,-52,0.865165307179586,7.14835061435917
244.970498085022,1050.09654024313,766.328090410314,192.8,-52,1.03083530717959,7.31402061435917
245.324134111404,1050.45202167937,766.152919437514,192.8,-51,1.07378530717959,7.35697061435917
245.704028129578,1050.87611705472,765.926445107323,192.8,-51,1.14128530717959,7.42447061435917
246.018882036209,1051.24974210777,765.718663827822,192.8,-51,1.23332530717959,7.51651061435917
246.40326499939,1051.69437576419,765.473057170405,192.8,-51,1.33149530717959,7.61468061435917
246.786797046661,1052.10792229407,765.249091521637,192.8,-51,1.45421530717959,7.73740061435917
247.323482036591,1052.70110354992,764.932096353355,192.8,-52,1.57079530717959,7.85398061435917
247.608102083206,1053.02853613081,764.76079741367,192.8,-51,1.64442530717959,7.92761061435917
248.109663009644,1053.60753431766,764.460084010446,192.8,-51,1.76714530717959,8.05033061435917
248.47038602829,1054.02697367817,764.245558254186,192.8,-51,1.84077530717959,8.12396061435917
248.870064020157,1054.52996891581,763.973818899185,192.8,-51,1.95735530717959,8.24054061435917
249.349201202393,1055.27791241703,763.519069250445,192.8,-51,2.05553530717959,8.33872061435917
249.724450111389,1055.81723959166,763.215240814308,192.8,-51,2.13530530717959,8.41849061435917
249.899455070496,1056.03613055741,763.110308547222,192.8,-51,2.17825530717959,8.46144061435917
250.266895055771,1056.49571349518,762.889993015197,192.8,-51,2.28256530717959,8.56575061435917
250.684620141983,1056.97165928467,762.667115793423,192.8,-51,2.39300530717959,8.67619061435917
251.05820608139,1057.38693616762,762.473942052368,192.8,-51,2.50959530717959,8.79278061435917
251.461903095245,1057.89493563821,762.243979425991,192.8,-51,2.60776530717959,8.89095061435917
251.807038068771,1058.34434529196,762.041967561832,192.8,-51,2.69980530717959,8.98299061435917
252.170785188675,1058.81171849827,761.836292249745,192.8,-51,2.85320530717959,9.13639061435917
252.628700017929,1059.39622157183,761.581826770245,192.8,-51,2.97592530717959,9.25911061435917
252.952342987061,1059.75762657037,761.406864273166,192.8,-51,3.11091530717959,9.39410061435917
253.299764156342,1060.12928366444,761.220587946496,192.8,-51,3.25817530717959,9.54136061435917
253.845510005951,1060.75572567112,760.938959825815,192.8,-51,3.45452530717959,9.73771061435917
254.224161148071,1061.20471395341,760.747256963713,192.8,-51,3.55269530717959,9.83588061435917
254.523818969727,1061.61121941464,760.580578710471,192.8,-51,3.65087530717959,9.93406061435917
254.986688137054,1062.23734412207,760.324101519821,192.8,-51,3.79200530717959,10.0751906143592
255.288454055786,1062.52905730651,760.208972049698,192.8,-51,3.90244530717959,10.1856306143592
255.682950973511,1062.91041234025,760.058463929717,192.8,-51,4.03130530717959,10.3144906143592
256.011542081833,1063.29465974413,759.911634510108,192.8,-51,4.15401530717959,10.4372006143592
256.299168109894,1063.647358234,759.77783910471,192.8,-51,4.22151530717959,10.5047006143592
256.69747710228,1064.26861527445,759.575255160107,192.8,-51,4.33196530717959,10.6151506143592
257.006932020187,1064.86186575151,759.403459709457,192.8,-51,4.44240530717959,10.7255906143592
257.352244138718,1065.45504874408,759.223710284069,192.8,-51,4.55285530717959,10.8360406143592
257.673109054565,1065.83996269156,759.08556894514,192.8,-51,4.66943530717959,10.9526206143592
258.061709165573,1066.30610543897,758.91849584392,192.8,-51,4.77988530717959,11.0630706143592
258.36222410202,1066.66645863028,758.79037026479,192.8,-51,4.86578530717959,11.1489706143592
258.720947027206,1067.09661013094,758.637427508998,192.8,-51,4.96396530717959,11.2471506143592
259.004621982574,1067.47296287016,758.504638829924,192.8,-51,5.06827530717959,11.3514606143592
259.399127006531,1068.00371334939,758.317562423383,192.8,-50,5.14190530717959,11.4250906143592
259.677507162094,1068.3510911304,758.196787238839,192.8,-51,5.21553530717959,11.4987206143592
259.996360063553,1068.72904623197,758.066700366672,192.8,-51,5.23394530717959,11.5171306143592
260.409430980682,1069.31791612818,757.801009809967,192.8,-51,5.34438930717959,11.6275746143592
260.606044054031,1069.66179585734,757.612282116092,192.8,-51,5.41802030717959,11.7012056143592
260.993599176407,1070.32045472546,757.260318125388,192.8,-51,5.49778730717959,11.7809726143592
261.267683029175,1070.64564238752,757.158377274025,192.8,-51,5.57755430717959,11.8607396143592
261.582302093506,1071.01892318073,757.041360036602,192.8,-51,5.68186530717959,11.9650506143592
261.909906148911,1071.37424315608,756.931071027586,192.8,-51,5.76163230717959,12.0448176143592
262.261635065079,1071.73295141446,756.820550104735,192.8,-51,5.79844730717959,12.0816326143592
262.52571606636,1072.03223555126,756.731823937709,192.8,-51,5.89662230717959,12.1798076143592
262.894848108292,1072.5309362691,756.592391288028,192.8,-51,6.00706830717959,12.2902536143592
263.171550989151,1072.90325451362,756.488370070701,192.8,-51,6.09910730717959,12.3822926143592
263.555675029755,1073.36913980926,756.360781029511,192.8,-51,6.20341830717959,12.4866036143592
263.829183101654,1073.7008643968,756.269933727695,192.8,-51,6.23409790717959,12.5172832143592
264.149739980698,1073.92254327536,756.294220594686,192.8,-52,0.0613553071795865,12.6277259215388
264.439776182175,1074.09041405695,756.341783982802,192.8,-52,0.0736353071795861,12.6400059215388
264.728097200394,1074.33935970147,756.331000522394,192.8,-52,0.177945307179586,12.7443159215388
265.031202077866,1074.72875003191,756.229326380558,192.8,-51,0.245435307179586,12.8118059215388
265.355802059174,1075.1442661371,756.120926584226,192.8,-51,0.300655307179587,12.8670259215388
265.478269100189,1075.29739614196,756.0812137478,192.8,-51,0.368155307179586,12.9345259215388
265.801584005356,1075.70166175162,755.976371238041,192.8,-51,0.423375307179586,12.9897459215388
266.113391160965,1076.09329585898,755.876357409507,192.8,-52,0.460195307179586,13.0265659215388
266.499553203583,1076.58541473568,755.756921816958,192.8,-51,0.539965307179586,13.1063359215388
266.708930969238,1076.85224249053,755.692163620275,192.8,-52,0.607455307179587,13.1738259215388
267.039589166641,1077.23756332344,755.596554763145,192.8,-52,0.668815307179586,13.2351859215388
267.308845996857,1077.54844180512,755.519233704882,192.8,-52,0.754715307179586,13.3210859215388
267.668292045593,1078.17066782787,755.391768856617,192.8,-52,0.852895307179586,13.4192659215388
267.921292066574,1078.6690456218,755.294982444462,192.8,-52,0.981745307179586,13.5481159215388
268.245652198792,1079.20141590614,755.189408286251,192.8,-52,1.04924530717959,13.6156159215388
268.508687973022,1079.5055151062,755.125960428459,192.8,-52,1.11673530717959,13.6831059215388
268.879765033722,1079.9313949347,755.03772101306,192.8,-52,1.17196530717959,13.7383359215388
269.186453104019,1080.27108163064,754.969783673873,192.8,-52,1.22104530717959,13.7874159215388
269.399088144302,1080.50659550049,754.922680899902,192.8,-52,1.29467530717959,13.8610459215388
269.826393127441,1080.99658278738,754.829966150485,192.8,-52,1.39899530717959,13.9653659215388
270.048448085785,1081.25461897234,754.782181671789,192.8,-52,1.43580530717959,14.0021759215388
270.279648065567,1081.54003396352,754.731234429983,192.8,-52,1.49716530717959,14.0635359215388
270.687370061874,1082.12212812873,754.635770986889,192.8,-53,1.55852530717959,14.1248959215388
270.936226129532,1082.48260386549,754.590877018839,192.8,-53,1.61374530717959,14.1801159215388
271.250449180603,1083.01614952412,754.736144912449,192.8,-53,1.67510530717959,14.2414759215388
271.495175123215,1083.4316902166,754.849283722838,192.8,-52,1.73033530717959,14.2967059215388
271.885704994202,1083.96505280396,754.865464003271,192.8,-52,1.79168530717959,14.3580559215388
272.104745149612,1084.23087258187,754.83231471332,192.8,-52,1.87145530717959,14.4378259215388
272.453812122345,1084.66609679767,754.780261677624,192.8,-52,1.96963530717959,14.5360059215388
272.912847995758,1085.26248081046,754.713414238828,192.8,-53,2.04939530717959,14.6157659215388
273.124934196472,1085.54268184795,754.684202194924,192.8,-53,2.08621530717959,14.6525859215388
273.416694164276,1085.93452746927,754.646309431543,192.8,-53,2.13530530717959,14.7016759215388
273.671679019928,1086.27698260437,754.613192891006,192.8,-53,2.19052530717959,14.7568959215388
274.043595075607,1086.79231580693,754.570221376748,192.8,-53,2.28256530717959,14.8489359215388
274.383076190948,1087.26372963503,754.531341885771,192.8,-54,2.34392530717959,14.9102959215388
274.797034978867,1087.99190560535,754.456512969771,192.8,-53,2.43596530717959,15.0023359215388
275.021079063416,1088.38842874649,754.41558154875,192.8,-53,2.46664530717959,15.0330159215388
275.504548072815,1089.11351132556,754.364451324301,192.8,-53,2.60776530717959,15.1741359215388
275.776592969894,1089.50682446404,754.339550388251,192.8,-53,2.70594530717959,15.2723159215388
276.190457105637,1090.00898189908,754.306467074884,192.8,-53,2.79798530717959,15.3643559215388
276.490827083588,1090.37811227757,754.282539264009,192.8,-53,2.89001530717959,15.4563859215388
276.995882987976,1091.11330237271,754.244338210045,192.8,-54,3.03728530717959,15.6036559215388
277.230871200562,1091.44813805438,754.228221758067,192.8,-54,3.02500530717959,15.5913759215388
277.661556005478,1092.02199006319,754.207818131087,192.8,-54,3.12318530717959,15.6895559215388
278.039430141449,1092.3466367219,754.231641566737,192.8,-54,3.25203530717959,15.8184059215388
278.411528110504,1092.49536176892,754.294987420094,192.8,-54,3.30112530717959,15.8674959215388
278.743165969849,1092.81942691273,754.308034706357,192.8,-54,3.44838530717959,16.0147559215388
279.103474140167,1093.27715258675,754.298263034665,192.8,-54,3.55269530717959,16.1190659215388
279.589485168457,1093.95719048235,754.283516642959,192.8,-54,3.71836530717959,16.2847359215388
279.951421022415,1094.48041116502,754.272519867346,192.8,-54,3.84722530717959,16.4135959215388
280.314285039902,1095.02296334376,754.266073702846,192.8,-54,3.94539530717959,16.5117659215388
280.708633184433,1095.62220523817,754.260839060525,192.8,-54,4.08038530717959,16.6467559215388
281.139981985092,1096.30529478829,754.260200659076,192.8,-54,4.21537530717959,16.7817459215388
281.48162317276,1096.58765977767,754.388553577579,192.8,-54,4.31968530717959,16.8860559215388
281.923599004745,1096.73278119618,754.664284272742,192.8,-54,4.49149530717959,17.0578659215388
282.145313978195,1097.00559661302,754.696749415085,192.8,-54,4.53444530717959,17.1008159215388
282.538093090057,1097.5986762133,754.696167964497,192.8,-54,4.66330530717959,17.2296759215388
282.871876001358,1098.09618911533,754.69662728676,192.8,-55,4.70011530717959,17.2664859215388
283.323505163193,1098.76483638506,754.697913146894,192.8,-54,4.84124530717959,17.4076159215388
283.657752990723,1099.32393683345,754.71377876243,192.8,-54,4.98236530717959,17.5487359215388
283.987569093704,1099.88199032105,754.730911983541,192.8,-54,5.12963530717959,17.6960059215388
284.476620197296,1100.60778077487,754.746952925527,192.8,-54,5.28302530717959,17.8493959215388
285.122148990631,1101.30468822383,754.840688184353,192.8,-54,5.43029230717959,17.9966629215388
285.537875175476,1101.74635868152,754.905346947281,192.8,-54,5.55914630717959,18.1255169215388
286.022323131561,1102.45627207404,754.928293642797,192.8,-54,5.73095230717959,18.2973229215388
286.23225903511,1102.91774377179,754.800259940064,192.8,-54,5.85367030717959,18.4200409215388
286.586983203888,1103.794675648,754.49674699129,192.8,-54,5.93343730717959,18.4998079215388
287.105880022049,1104.66622510297,754.388772195574,192.8,-54,6.08683530717959,18.6532059215388
287.304792165756,1104.92484533664,754.409050372986,192.8,-54,6.17887430717959,18.7452449215388
287.682389974594,1105.45048613446,754.456933707876,192.8,-54,6.24636980717959,18.8127404215388
288.051737070084,1105.98184695948,754.508426406382,192.8,-54,0.0429553071795858,18.8925112287183
288.467517137527,1106.43452172811,754.620866083872,192.8,-54,0.110445307179586,18.9600012287183
288.948842048645,1107.04208937813,754.747879789324,192.8,-54,0.276115307179587,19.1256712287183
289.345463991165,1107.71123997747,754.832991049766,192.8,-54,0.392695307179586,19.2422512287183
289.713106155396,1108.24327491058,754.90009195686,192.8,-54,0.454055307179586,19.3036112287183
290.009864091873,1108.64157707736,754.950091590562,192.8,-54,0.601325307179586,19.4508812287183
290.30894613266,1109.05152487265,755.003059421882,192.8,-54,0.699495307179586,19.5490512287183
290.650915145874,1109.52978642093,755.066502280327,192.8,-54,0.791535307179586,19.6410912287183
291.017443180084,1110.0718215832,755.140939585175,192.8,-54,0.877435307179586,19.7269912287183
291.424136161804,1110.71586216326,755.23285605631,192.8,-54,1.06151530717959,19.9110712287183
291.599341154099,1110.99064683782,755.288166329724,192.8,-54,1.11673530717959,19.9662912287183
292.04752612114,1111.68716859628,755.467271924757,192.8,-54,1.24559530717959,20.0951512287183
292.236747980118,1111.97761710784,755.533418670673,192.8,-54,1.31308530717959,20.1626412287183
292.621349096298,1112.5486883357,755.617432034002,192.8,-54,1.41126530717959,20.2608212287183
292.863082170486,1112.90762334052,755.670236895288,192.8,-54,1.46648530717959,20.3160412287183
293.258180141449,1113.54207680735,755.767176360771,192.8,-54,1.58920530717959,20.4387612287183
293.456032037735,1113.86118803242,755.816031442132,192.8,-54,1.66283530717959,20.5123912287183
293.808251142502,1114.41623426259,755.89878102518,192.8,-54,1.81009530717959,20.6596512287183
294.240018129349,1115.08734536821,755.997210654004,192.8,-54,1.94508530717959,20.7946412287183
294.339673995972,1115.23563128114,756.018278190064,192.8,-54,1.98803530717959,20.8375912287183
294.730998039246,1115.81097708993,756.099273473824,192.8,-54,2.12302530717959,20.9725812287183
294.969904184341,1116.16305051939,756.148341987372,192.8,-54,2.22120530717959,21.0707612287183
295.298178195953,1116.67808426051,756.201303004147,192.8,-55,2.29483530717959,21.1443912287183
295.586469173431,1117.13038805371,756.247813488542,192.8,-55,2.34392530717959,21.1934812287183
295.829791069031,1117.5264799662,756.29705686048,192.8,-55,2.41141530717959,21.2609712287183
296.195327997208,1118.12719646437,756.374987649432,192.8,-55,2.59549530717959,21.4450512287183
296.428188085556,1118.49102899028,756.420865536814,192.8,-55,2.63844530717959,21.4880012287183
296.747902154922,1118.96429301629,756.478603747988,192.8,-55,2.73662530717959,21.5861812287183
297.062185049057,1119.42295106337,756.535252211349,192.8,-54,2.77343530717959,21.6229912287183
297.400883197784,1119.89425622358,756.595920216014,192.8,-55,2.85933530717959,21.7088912287183
297.633071184158,1120.21735039025,756.637509997042,192.8,-55,2.90842530717959,21.7579812287183
298.06325006485,1120.73884329798,756.706845773064,192.8,-54,2.96978530717959,21.8193412287183
298.235753059387,1120.94559138787,756.73441218505,192.8,-55,3.03728530717959,21.8868412287183
298.641494989395,1121.53996114089,756.74841305794,192.8,-55,3.13545530717959,21.9850112287183
298.924763202667,1121.98086022161,756.745986090523,192.8,-55,3.24590530717959,22.0954612287183
299.239483118057,1122.41411450582,756.786958441659,192.8,-55,3.30112530717959,22.1506812287183
299.511811971664,1122.7607755496,756.844197823306,192.8,-54,3.38089530717959,22.2304512287183
299.870815992355,1123.24542679283,756.927944866452,192.8,-54,3.46066530717959,22.3102212287183
300.121987104416,1123.60986736842,756.994139175081,192.8,-54,3.53429530717959,22.3838512287183
300.432803153992,1124.05090597423,757.074312068457,192.8,-54,3.58337530717959,22.4329312287183
300.648950099945,1124.3132731214,757.122306058792,192.8,-54,3.62633530717959,22.4758912287183
300.958027124405,1124.68844223056,757.190934554371,192.8,-54,3.68768530717959,22.5372412287183
301.309592008591,1125.16920380707,757.283760749639,192.8,-54,3.77972530717959,22.6292812287183
301.686374187469,1125.71025189729,757.390297023074,192.8,-54,3.79200530717959,22.6415612287183
301.977420091629,1126.05489479231,757.537401758819,192.8,-54,3.88403530717959,22.7335912287183
302.269005060196,1126.38286125457,757.700090385493,192.8,-54,3.93926530717959,22.7888212287183
302.624045133591,1126.8093657315,757.836641549015,192.8,-54,4.01289530717959,22.8624512287183
302.947498083115,1127.21573925546,757.920686982379,192.8,-54,4.03130530717959,22.8808612287183
303.263586044312,1127.613120169,758.004855566194,192.8,-54,4.09266530717959,22.9422212287183
303.660634994507,1128.11266736094,758.113580543264,192.8,-54,4.14174530717959,22.9913012287183
303.941476106644,1128.47477297496,758.193988053896,192.8,-54,4.22765530717959,23.0772112287183
304.367624044418,1129.03619670327,758.320781502649,192.8,-54,4.32582530717959,23.1753812287183
304.596749067307,1129.35316270847,758.394807988006,192.8,-54,4.41172530717959,23.2612812287183
304.842136144638,1129.70550768181,758.479080187814,192.8,-54,4.46695530717959,23.3165112287183
305.205718994141,1130.19398178729,758.592577413875,192.8,-54,4.58353530717959,23.4330912287183
305.597414970398,1130.54069685235,758.654091377029,192.8,-55,4.60807530717959,23.4576312287183
