1.59920001029968,1103.57704168065,782.94695222049,192.8,-61,3.74291530717959,3.74291530717959
2.18085479736328,1103.71712228888,781.956795896514,192.8,-60,3.67541530717959,3.67541530717959
2.67849683761597,1103.81322891792,781.20901406851,192.8,-59,3.61405530717959,3.61405530717959
3.24868297576904,1103.927061203,780.271211166056,192.8,-59,3.49747530717959,3.49747530717959
4.38732981681824,1104.55217288838,778.624194381661,192.8,-59,3.23976530717959,3.23976530717959
4.92549395561218,1104.60498364607,777.920778422652,192.8,-59,3.21522530717959,3.21522530717959
5.3359158039093,1104.64452724545,777.42026943611,192.8,-58,3.30726530717959,3.30726530717959
5.77008700370789,1104.69634619249,776.699835995533,192.8,-59,3.19681530717959,3.19681530717959
6.22634387016296,1104.74394579643,776.01390823052,192.8,-59,3.22749530717959,3.22749530717959
7.09189701080322,1104.76787851011,774.3520654519,192.8,-58,3.17840530717959,3.17840530717959
7.39785599708557,1104.76457981405,773.567485538221,192.8,-58,3.19681530717959,3.19681530717959
8.20491695404053,1104.84064364226,772.504294457787,192.8,-57,3.38089530717959,3.38089530717959
8.6811900138855,1104.88817340905,771.79813792276,192.8,-57,3.38702530717959,3.38702530717959
9.16220498085022,1104.93617292699,771.13051554129,192.8,-57,3.42998530717959,3.42998530717959
9.81496381759644,1104.99989015108,770.204497030361,192.8,-57,3.45452530717959,3.45452530717959
10.450110912323,1105.05299877237,769.057217246428,192.8,-57,3.55883530717959,3.55883530717959
10.9819748401642,1105.09172173018,768.028649898964,192.8,-57,3.51588530717959,3.51588530717959
11.4631128311157,1105.12857226125,767.370499414019,192.8,-57,3.49133530717959,3.49133530717959
12.0478839874268,1105.19951807304,766.431706315454,192.8,-56,3.57110530717959,3.57110530717959
12.5635528564453,1105.2563655851,765.661440946139,192.8,-56,3.60792530717959,3.60792530717959
13.2279498577118,1105.31947495916,764.740954368732,192.8,-56,3.64473530717959,3.64473530717959
13.5362617969513,1105.32412449497,764.349775781231,192.8,-57,3.63246530717959,3.63246530717959
14.3707728385925,1105.21289090795,763.404176376972,192.8,-56,3.69382530717959,3.69382530717959
14.9527099132538,1105.28516781279,762.561924378695,192.8,-56,3.73064530717959,3.73064530717959
15.2695889472961,1105.32582939299,762.112839815215,192.8,-57,3.71836530717959,3.71836530717959
15.8992238044739,1105.40505184524,761.191233415197,192.8,-57,3.76132530717959,3.76132530717959
16.5706717967987,1105.49689976553,760.144897450165,192.8,-57,3.78586530717959,3.78586530717959
17.0735788345337,1105.63125747779,759.30977778373,192.8,-58,3.82267530717959,3.82267530717959
17.5433518886566,1105.87429292468,758.47165268545,192.8,-58,3.84722530717959,3.84722530717959
18.3297798633575,1106.00443571991,757.281763509038,192.8,-58,3.88403530717959,3.88403530717959
18.807070016861,1106.06573198741,756.60137493974,192.8,-59,3.85335530717959,3.85335530717959
19.2847619056702,1106.12704186536,755.917542684259,192.8,-59,3.90858530717959,3.90858530717959
19.8920738697052,1106.20291541771,755.070352420714,192.8,-59,3.87176530717959,3.87176530717959
20.5013568401337,1106.28962377707,754.275476158011,192.8,-60,3.87790530717959,3.87790530717959
21.0651099681854,1106.42183376205,753.547659594119,192.8,-61,3.87790530717959,3.87790530717959
21.223837852478,1106.44133027404,753.320768935893,192.8,-61,3.90244530717959,3.90244530717959
22.2909338474274,1106.5958515849,751.727409943449,192.8,-62,3.87790530717959,3.87790530717959
22.9047329425812,1106.67006333142,750.972846103086,192.8,-62,3.75518530717959,3.75518530717959
