1.65444302558899,1103.592307888,782.843990133189,192.8,-63,4.32582530717959,4.32582530717959
1.72666597366333,1103.61226643831,782.709380799396,192.8,-62,4.33196530717959,4.33196530717959
2.72126889228821,1103.82176795525,781.138665537861,192.8,-63,3.95153530717959,3.95153530717959
2.98882985115051,1103.87518397733,780.698599694421,192.8,-63,3.82881530717959,3.82881530717959
3.68721199035645,1104.28050192607,779.620931042407,192.8,-63,3.61405530717959,3.61405530717959
4.43593001365662,1104.55702265159,778.556713390764,192.8,-62,3.52815530717959,3.52815530717959
4.98995089530945,1104.6111939865,777.842173256535,192.8,-61,3.52815530717959,3.52815530717959
5.20321989059448,1104.63174217064,777.582091954494,192.8,-62,3.39316530717959,3.39316530717959
6.04299783706665,1104.72986340373,776.228919177611,192.8,-62,3.20295530717959,3.20295530717959
6.59855580329895,1104.77243003784,775.578669021789,192.8,-62,3.14772530717959,3.14772530717959
7.21515679359436,1104.76409045797,774.004890473139,192.8,-61,3.06182530717959,3.06182530717959
7.50730180740356,1104.77468560903,773.429541436675,192.8,-62,3.00046530717959,3.00046530717959
8.05069494247437,1104.82525302528,772.732955052926,192.8,-62,2.98819530717959,2.98819530717959
8.71835899353027,1104.89188255351,771.744886293491,192.8,-61,2.82866530717959,2.82866530717959
9.44742679595947,1104.9644752401,770.733191058558,192.8,-62,2.71821530717959,2.71821530717959
9.72549080848694,1104.99126876475,770.333202011944,192.8,-62,2.66299530717959,2.66299530717959
10.4722409248352,1105.05457613984,769.009359917125,192.8,-62,2.57095530717959,2.57095530717959
10.7802338600159,1105.07652904382,768.343308810554,192.8,-62,2.47891530717959,2.47891530717959
11.9576148986816,1105.1884334565,766.577330465195,192.8,-62,2.15984530717959,2.15984530717959
12.5555279254913,1105.25550090042,765.673237715714,192.8,-63,2.01871530717959,2.01871530717959
17.7098150253296,1105.91662961245,758.208056477007,192.8,-66,5.98866130717959,-0.294524
18.2913780212402,1105.99944992486,757.336786790455,192.8,-64,5.63891330717959,-0.644272
19.0245819091797,1106.09366232424,756.291022661053,192.8,-63,5.33211730717959,-0.951068
19.3516638278961,1106.13562498279,755.821507136956,192.8,-62,5.19099530717959,-1.09219
20.0608248710632,1106.22279463301,754.849444640697,192.8,-61,5.08054530717959,-1.20264
20.5148379802704,1106.29282629858,754.258122494579,192.8,-60,4.95782530717959,-1.32536
20.9177539348602,1106.38854127507,753.739466965714,192.8,-60,4.95782530717959,-1.32536
21.4639399051666,1106.47082195767,752.977559467571,192.8,-59,4.89646530717959,-1.38672
22.0838079452515,1106.56217018269,752.047383264399,192.8,-59,4.83510530717959,-1.44808
22.8092179298401,1106.65917299114,751.08528886644,192.8,-58,4.68784530717959,-1.59534
23.2983748912811,1106.72431765594,750.422887504547,192.8,-57,4.63262530717959,-1.65056
23.5980219841003,1106.77131897504,749.951592459348,192.8,-57,4.58353530717959,-1.69965
24.170284986496,1106.73031725112,748.960740257417,192.8,-56,4.50376530717959,-1.77942
24.6446800231934,1106.68956589312,748.158101999219,192.8,-56,4.47308530717959,-1.8101
25.1646950244904,1106.76365977975,747.423831582645,192.8,-56,4.47308530717959,-1.8101
26.1668529510498,1106.90754912695,746.053354651846,192.8,-55,4.42400530717959,-1.85918
26.7988588809967,1107.01264717214,745.125458916445,192.8,-55,4.37491530717959,-1.90827
27.1429059505463,1107.06860125526,744.643236454678,192.8,-55,4.34423530717959,-1.93895
27.6138598918915,1107.16296100026,743.942347590993,192.8,-55,4.25219530717959,-2.03099
28.1367909908295,1107.26022266034,743.200368148496,192.8,-54,4.23378530717959,-2.0494
28.5501317977905,1107.32744604366,742.652803135279,192.8,-54,4.28900530717959,-1.99418
29.4946568012238,1107.49851380408,741.318534187667,192.8,-54,4.26446530717959,-2.01872
29.797388792038,1107.55669787112,740.879020696598,192.8,-54,4.28287530717959,-2.00031
30.3491268157959,1107.65636284052,740.206641536644,192.8,-54,4.22151530717959,-2.06167
31.2720568180084,1107.72006886229,739.515598303301,192.8,-54,4.15401530717959,-2.12917
32.0309908390045,1107.92209106251,738.344253699926,192.8,-54,4.12334530717959,-2.15984
32.539027929306,1108.05728450761,737.599187602482,192.8,-54,4.00062530717959,-2.28256
33.1207239627838,1108.2414325761,736.696922281404,192.8,-53,3.96380530717959,-2.31938
33.5860848426819,1108.37318512689,736.055173126107,192.8,-53,3.95767530717959,-2.32551
34.3356068134308,1108.5037499728,735.065925531409,192.8,-53,3.90244530717959,-2.38074
34.8903589248657,1108.59343236677,734.265623799253,192.8,-53,3.83495530717959,-2.44823
35.2946259975433,1108.73089452252,733.642860467543,192.8,-53,3.78586530717959,-2.49732
36.0084159374237,1108.97616345072,732.516648126666,192.8,-52,3.70609530717959,-2.57709
36.518248796463,1109.15158648979,731.734055023194,192.8,-52,3.66314530717959,-2.62004
37.1859788894653,1109.37990097488,730.733212722133,192.8,-52,3.58951530717959,-2.69367
37.4989438056946,1109.48631142017,730.271021266292,192.8,-52,3.56497530717959,-2.71821
38.2138578891754,1109.69940095678,729.254107244262,192.8,-51,3.49133530717959,-2.79185
38.8674359321594,1109.92181523018,728.310528512567,192.8,-51,3.39316530717959,-2.89002
39.1407089233398,1110.02253647157,727.895959883035,192.8,-52,3.31953530717959,-2.96365
39.7807929515839,1110.25564613526,726.966627946868,192.8,-52,3.17227530717959,-3.11091
40.5899670124054,1110.56448374244,725.799993805467,192.8,-51,3.06182530717959,-3.22136
40.8890399932861,1110.688428341,725.329889649512,192.8,-51,3.01887530717959,-3.26431
41.5929818153381,1110.92984476701,724.388606083568,192.8,-51,2.94524530717959,-3.33794
42.1439988613129,1111.15756204261,723.586824670656,192.8,-51,2.86547530717959,-3.41771
42.6178019046783,1111.34409977042,722.926445815003,192.8,-51,2.85320530717959,-3.42998
43.0066277980804,1111.4936416493,722.395133663388,192.8,-51,2.82866530717959,-3.45452
43.7529098987579,1111.78202227089,721.362191730596,192.8,-51,2.79798530717959,-3.4852
44.1697587966919,1111.94840463091,720.766780570816,192.8,-51,2.72434530717959,-3.55884
45.2612209320068,1112.50223909229,718.925097522528,192.8,-51,2.59549530717959,-3.68769
45.7231819629669,1112.70718130789,718.220096300874,192.8,-51,2.57708530717959,-3.7061
46.174124956131,1112.90716235267,717.544015122498,192.8,-51,2.58935530717959,-3.69383
46.655396938324,1113.12059299522,716.826013466014,192.8,-51,2.55254530717959,-3.73064
47.0632297992706,1113.30146006173,716.220108793211,192.8,-51,2.49732530717959,-3.78586
47.7885649204254,1113.641568142,715.053949379118,192.8,-51,2.42368530717959,-3.8595
48.2819769382477,1113.82016363972,714.434663065269,192.8,-52,2.39914530717959,-3.88404
48.9148199558258,1114.06231455128,713.585547226205,192.8,-52,2.35619530717959,-3.92699
49.2992718219757,1114.21752132745,713.043353979595,192.8,-52,2.32551530717959,-3.95767
50.0346310138702,1114.52769511784,712.005371918554,192.8,-51,2.16598530717959,-4.1172
50.4457788467407,1114.68587601363,711.457214275861,192.8,-51,2.15984530717959,-4.12334
50.955276966095,1114.9121796306,710.670918972303,192.8,-51,2.09234530717959,-4.19084
51.5942149162292,1115.22235292158,709.550458897037,192.8,-51,2.09234530717959,-4.19084
52.1618838310242,1115.48357916328,708.584027576097,192.8,-51,2.06166530717959,-4.22152
52.9134078025818,1115.76512978867,707.606495219813,192.8,-52,1.98190530717959,-4.30128
53.4997799396515,1115.99067767801,706.860506991611,192.8,-52,1.95122530717959,-4.33196
54.0135228633881,1116.18895894029,706.214676594495,192.8,-52,1.93281530717959,-4.35037
54.8654379844666,1116.53881544494,705.088922775282,192.8,-52,1.87145530717959,-4.41173
55.3872859477997,1116.76149025947,703.975548702643,192.8,-52,1.79782530717959,-4.48536
55.8546550273895,1116.95688264368,703.306027349592,192.8,-53,1.80396530717959,-4.47922
56.6029689311981,1117.27262758529,702.36693841657,192.8,-53,1.74873530717959,-4.53445
57.0681259632111,1117.48339937304,701.739618386025,192.8,-53,1.70578530717959,-4.5774
57.7187609672546,1117.79947528678,700.822766093654,192.8,-53,1.66283530717959,-4.62035
58.3475630283356,1118.07494264697,700.020926777593,192.8,-54,1.68737530717959,-4.59581
58.6657178401947,1118.32882324365,699.391040262746,192.8,-54,1.75487530717959,-4.52831
59.5198128223419,1118.85845159404,697.985490377295,192.8,-54,1.68124530717959,-4.60194
59.8579699993134,1119.01635410378,697.531012274486,192.8,-54,1.67510530717959,-4.60808
60.5135838985443,1119.31558857585,696.681132329832,192.8,-54,1.63829530717959,-4.64489
61.2333538532257,1119.637748327,695.741179659065,192.8,-54,1.60147530717959,-4.68171
61.7869558334351,1119.89715903186,695.01876015068,192.8,-54,1.59533530717959,-4.68785
62.195827960968,1120.07381390682,694.511761994714,192.8,-54,1.62601530717959,-4.65717
62.6070189476013,1120.25424301453,694.001214209469,192.8,-54,1.66283530717959,-4.62035
63.3328769207001,1120.59703761239,693.091405969015,192.8,-54,1.73646530717959,-4.54672
63.8238580226898,1120.83365627556,692.499859311112,192.8,-54,1.74260530717959,-4.54058
64.6110098361969,1121.23380973023,691.531946593386,192.8,-53,1.74260530717959,-4.54058
65.004390001297,1121.42545233829,691.063141771201,192.8,-53,1.76100530717959,-4.52218
65.5008068084717,1121.66783302318,690.509739024687,192.8,-53,1.77328530717959,-4.5099
66.5985147953033,1122.21903527151,689.341129019046,192.8,-53,1.77941530717959,-4.50377
67.0313909053802,1122.4459515137,688.822478760087,192.8,-53,1.78555530717959,-4.49763
67.6443269252777,1122.77496303649,688.080749313282,192.8,-52,1.80396530717959,-4.47922
68.3887748718262,1123.17647196068,687.189967644348,192.8,-52,1.85304530717959,-4.43014
68.908360004425,1123.46252716677,686.576379227277,192.8,-52,1.86532530717959,-4.41786
69.5925378799438,1123.80330036327,685.943501500418,192.8,-52,1.84691530717959,-4.43627
70.3428678512573,1124.2423260839,685.04857718027,192.8,-52,1.84077530717959,-4.44241
71.0907130241394,1124.69523104428,684.131409235733,192.8,-52,1.86532530717959,-4.41786
71.5984389781952,1125.02761030115,683.470221162518,192.8,-52,1.86532530717959,-4.41786
72.1640408039093,1125.38540238248,682.771427740592,192.8,-52,1.84691530717959,-4.43627
73.0374248027802,1125.92955998867,681.910634444682,192.8,-52,1.81623530717959,-4.46695
73.4905970096588,1126.23488506117,681.529189408942,192.8,-52,1.84077530717959,-4.44241
74.2349338531494,1126.71198149697,680.657370596644,192.8,-52,1.83464530717959,-4.44854
75.0115659236908,1127.24491124792,679.699568141818,192.8,-52,1.81623530717959,-4.46695
75.5679779052734,1127.66690755597,678.95848339733,192.8,-52,1.82850530717959,-4.45468
76.1532418727875,1128.11724424572,678.190066410573,192.8,-52,1.80396530717959,-4.47922
76.6224060058594,1128.48364733935,677.666274842295,192.8,-52,1.73646530717959,-4.54672
77.3416738510132,1129.05316120282,677.07978406862,192.8,-53,1.74260530717959,-4.54058
78.0927059650421,1129.62263526643,676.150936162266,192.8,-53,1.74873530717959,-4.53445
78.9147799015045,1130.24655623836,675.152092176151,192.8,-53,1.67510530717959,-4.60808
79.524080991745,1130.74795633756,674.378839210662,192.8,-54,1.63215530717959,-4.65103
80.2560408115387,1131.28320467232,673.559736992509,192.8,-54,1.56466530717959,-4.71852
80.8368499279022,1131.66328027945,672.870342528414,192.8,-55,1.52784530717959,-4.75534
81.622761964798,1132.26412737951,671.9091818553,192.8,-55,1.47262530717959,-4.81056
81.8503448963165,1132.46046206738,671.628159518482,192.8,-55,1.42966530717959,-4.85352
82.242537021637,1132.78023070355,671.176630511835,192.8,-55,1.43580530717959,-4.84738
83.0102198123932,1133.41593707746,670.294126874275,192.8,-55,1.35603530717959,-4.92715
83.5884549617767,1133.93484374461,669.591442871102,192.8,-56,1.30081530717959,-4.98237
83.9790308475494,1134.26123893024,669.149591478022,192.8,-56,1.25172530717959,-5.03146
84.7434430122375,1134.8432125789,668.357017012195,192.8,-56,1.19650530717959,-5.08668
85.3926978111267,1135.31136459574,667.726718352532,192.8,-57,1.09219530717959,-5.19099
86.2782788276672,1136.09400101737,666.729384790181,192.8,-58,0.987885307179586,-5.2953
86.7079668045044,1136.54095302951,666.17745102635,192.8,-58,0.987885307179586,-5.2953
87.3193778991699,1137.12344607616,665.461776347687,192.8,-58,0.883575307179586,-5.39961
88.1191918849945,1137.86909306937,664.56019159019,192.8,-59,0.846755307179587,-5.43643
88.8327469825745,1138.50559357165,663.797558396785,192.8,-59,0.840625307179586,-5.44256
89.0044918060303,1138.63878457008,663.635770507525,192.8,-59,0.797665307179586,-5.48552
90.2864949703217,1139.78563989789,662.312676066161,192.8,-60,0.803805307179586,-5.47938
90.8026008605957,1140.30729450168,661.743998789188,192.8,-60,0.760855307179586,-5.52233
91.365257024765,1140.87724197067,661.127914868594,192.8,-61,0.785395307179586,-5.49779
92.1449949741364,1141.66776445544,660.288280255447,192.8,-61,0.711765307179586,-5.57142
92.5699188709259,1142.12813597264,659.818701307907,192.8,-61,0.785395307179586,-5.49779
92.9504849910736,1142.54044933851,659.398141674715,192.8,-61,0.797665307179586,-5.48552
93.3259840011597,1142.94562359356,659.058861782504,192.8,-61,0.871305307179586,-5.41188
94.1713697910309,1143.85179898037,658.274127918874,192.8,-61,0.828345307179586,-5.45484
94.7979168891907,1144.5141786105,657.637432396842,192.8,-61,0.938795307179586,-5.34439
95.2464768886566,1144.99722958843,657.183051416467,192.8,-61,0.797665307179586,-5.48552
95.9314119815826,1145.70531023912,656.520691006631,192.8,-62,0.926525307179586,-5.35666
96.495903968811,1146.21384496465,656.051452146258,192.8,-62,0.834485307179587,-5.4487
96.9463310241699,1146.64535773014,655.656817888792,192.8,-62,0.828345307179586,-5.45484
98.1145329475403,1147.89458806036,654.408429663774,192.8,-62,0.791535307179586,-5.49165
98.730162858963,1148.60119842537,653.6442665382,192.8,-62,0.889705307179586,-5.39348
99.2550668716431,1149.21473603595,653.117078665405,192.8,-62,0.883575307179586,-5.39961
99.4844439029694,1149.48284493267,652.886703613411,192.8,-62,0.877435307179586,-5.40575
100.535874843597,1150.55071826682,651.977870263975,192.8,-63,0.828345307179586,-5.45484
101.103542804718,1151.23674113037,651.415835018878,192.8,-63,0.889705307179586,-5.39348
101.21666097641,1151.3734436702,651.303839268358,192.8,-63,0.846755307179587,-5.43643
101.528317928314,1151.73441891208,651.011290451424,192.8,-63,0.901985307179586,-5.3812
102.592329025269,1152.90251526705,650.042100637599,192.8,-63,0.859025307179587,-5.42416
102.996215820313,1153.33546098049,649.652910076049,192.8,-63,0.834485307179587,-5.4487
103.760434865952,1154.21703722738,648.971524302826,192.8,-64,0.865165307179586,-5.41802
104.28307890892,1154.7761528479,648.558701983518,192.8,-64,0.766995307179586,-5.51619
104.774473905563,1155.25798172515,648.205734317626,192.8,-64,0.644275307179586,-5.63891
105.65306186676,1156.2694391565,647.482569881414,192.8,-64,0.478605307179587,-5.80458
106.605630874634,1157.27747143772,646.76342056484,192.8,-65,0.147265307179587,-6.13592
107.119518995285,1157.99240113491,646.248671182868,192.8,-65,0.0981753071795861,-6.18501
107.272357940674,1158.20503321678,646.095576083919,192.8,-65,0.0490853071795865,-6.2341
108.364386796951,1159.50815669694,645.242981246666,192.8,-65,6.08070030717959,-6.48567030717959
109.034605026245,1160.24781776782,644.773530910528,192.8,-65,5.97638930717959,-6.58998130717959
109.814505815506,1161.06061147156,644.272628800795,192.8,-65,5.73708830717959,-6.82928230717959
110.397936820984,1161.67841663409,643.897584725656,192.8,-66,5.41802030717959,-7.14835030717959
110.98482298851,1162.39737708608,643.505495031995,192.8,-65,5.22780530717959,-7.33856530717959
111.480395793915,1163.0414928576,643.167811357658,192.8,-65,5.04986530717959,-7.51650530717959
111.784358978271,1163.3865084152,642.964214264876,192.8,-65,5.00077530717959,-7.56559530717959
112.369155883789,1164.06156464191,642.571207908207,192.8,-64,4.87192530717959,-7.69444530717959
113.798241853714,1165.76209595139,641.634356429333,192.8,-64,4.27673530717959,-8.28963530717959
114.368669986725,1166.47392909987,641.265230580172,192.8,-63,4.09266530717959,-8.47370530717959
114.750033855438,1167.11537301831,640.960695148266,192.8,-63,4.01902530717959,-8.54734530717959
115.551982879639,1168.58661549946,640.284565772898,192.8,-62,3.66314530717959,-8.90322530717959
115.981285810471,1169.1116898591,640.023686722639,192.8,-61,3.52201530717959,-9.04435530717959
116.693302869797,1169.97500378661,639.611514164852,192.8,-61,3.36248530717959,-9.20388530717959
117.610812902451,1171.14424991165,639.067919370792,192.8,-60,3.11704530717959,-9.44932530717959
118.027098894119,1171.65981983356,638.838642448857,192.8,-59,3.06796530717959,-9.49840530717959
118.602306842804,1172.43310387902,638.555907940683,192.8,-58,2.92683530717959,-9.63953530717959
119.331615924835,1173.50856774538,638.261238543588,192.8,-58,2.79184530717959,-9.77452530717959
119.972534894943,1174.28404302275,637.953676411053,192.8,-58,2.79184530717959,-9.77452530717959
120.588426828384,1175.02155402634,637.66358874964,192.8,-58,2.67526530717959,-9.89110530717959
121.203491926193,1175.67985288023,637.407451842541,192.8,-58,2.58935530717959,-9.97701530717959
122.072588920593,1176.6976067141,637.020178368413,192.8,-57,2.56481530717959,-10.0015553071796
122.534528017044,1177.56622114004,636.544522982163,192.8,-57,2.49118530717959,-10.0751853071796
123.0886759758,1178.52651903365,636.05051630924,192.8,-57,2.43596530717959,-10.1304053071796
123.816403865814,1179.42044863644,635.723932080722,192.8,-58,2.42368530717959,-10.1426853071796
124.289994001389,1179.97435857715,635.523872843312,192.8,-57,2.44823530717959,-10.1181353071796
124.802011966705,1180.56017270962,635.324073850468,192.8,-57,2.40528530717959,-10.1610853071796
125.277334928513,1181.11911144603,635.137654435845,192.8,-57,2.41141530717959,-10.1549553071796
125.908694982529,1181.90324699398,634.836645659218,192.8,-57,2.36846530717959,-10.1979053071796
126.287546873093,1182.41620945038,634.544527039311,192.8,-57,2.34392530717959,-10.2224453071796
127.114637851715,1183.42723178844,634.163144940593,192.8,-56,2.34392530717959,-10.2224453071796
127.757090806961,1184.21830864367,633.919153895226,192.8,-56,2.31937530717959,-10.2469953071796
128.254582881927,1184.87697126022,633.725495762686,192.8,-56,2.28256530717959,-10.2838053071796
129.350072860718,1186.13381518801,633.366756486604,192.8,-56,2.22120530717959,-10.3451653071796
129.593240976334,1186.19409754851,633.321721961194,192.8,-55,2.16598530717959,-10.4003853071796
130.279675960541,1186.58181620816,633.163537797425,192.8,-55,2.15984530717959,-10.4065253071796
130.845210790634,1187.30346497929,632.977378727263,192.8,-55,2.12302530717959,-10.4433453071796
131.273305892944,1187.86729209969,632.840123842399,192.8,-55,2.11689530717959,-10.4494753071796
132.341289997101,1189.41645784912,632.490113477604,192.8,-54,2.05553530717959,-10.5108353071796
132.856922864914,1190.14054447865,632.339960776533,192.8,-54,2.01871530717959,-10.5476553071796
133.606557846069,1190.98370132854,631.945399153871,192.8,-54,1.95122530717959,-10.6151453071796
134.470498800278,1192.21529523428,631.707055966487,192.8,-54,1.82850530717959,-10.7378653071796
134.742857933044,1192.57362515653,631.638610925157,192.8,-54,1.82236530717959,-10.7440053071796
135.293766021729,1193.25511247049,631.51100938797,192.8,-54,1.72419530717959,-10.8421753071796
136.090807914734,1194.303789632,631.328783370359,192.8,-54,1.63215530717959,-10.9342153071796
136.865854978561,1195.70731668901,631.035180032023,192.8,-54,1.58306530717959,-10.9833053071796
137.442650794983,1196.55299051207,630.893734976476,192.8,-54,1.52170530717959,-11.0446653071796
138.205621957779,1197.55790976097,630.768393226433,192.8,-54,1.47262530717959,-11.0937453071796
138.903087854385,1198.52588932489,630.653779363803,192.8,-54,1.42966530717959,-11.1367053071796
139.389247894287,1199.15681787416,630.579011652739,192.8,-53,1.38671530717959,-11.1796553071796
140.248008012772,1200.13875243922,630.448954032602,192.8,-53,1.26399530717959,-11.3023753071796
140.608086824417,1200.55911868263,630.394544617501,192.8,-53,1.21491530717959,-11.3514553071796
141.296998977661,1201.52919985667,630.301947329484,192.8,-53,1.11060530717959,-11.4557653071796
142.012755870819,1202.42233309338,630.225883352677,192.8,-53,1.06151530717959,-11.5048553071796
142.8897960186,1203.69398692244,630.123492639879,192.8,-53,0.963335307179586,-11.6030353071796
143.358615875244,1204.41401864316,630.036256629423,192.8,-53,0.901985307179586,-11.6643853071796
144.046340942383,1205.50038802034,629.776325265273,192.8,-54,0.730175307179587,-11.8361953071796
144.534708023071,1206.28292634465,629.722706898607,192.8,-53,0.681085307179586,-11.8852853071796
145.411621809006,1207.63556359432,629.635261453948,192.8,-53,0.533825307179586,-12.0325453071796
145.992110967636,1208.5693190234,629.574366707607,192.8,-53,0.460195307179586,-12.1061753071796
146.695094823837,1209.66179667622,629.50376116185,192.8,-52,0.392695307179586,-12.1736753071796
147.262908935547,1210.54305325746,629.498725409957,192.8,-53,0.312935307179586,-12.2534353071796
147.825680971146,1211.41654496645,629.448941330776,192.8,-53,0.269985307179586,-12.2963853071796
148.486611843109,1212.44996767508,629.383874725541,192.8,-53,0.177945307179586,-12.3884253071796
149.23702788353,1213.63690003323,629.313347498062,192.8,-53,0.0674953071795859,-12.4988753071796
149.847275018692,1214.58701183103,629.252419407364,192.8,-53,0.00613530717958621,-12.5602353071796
150.583302021027,1215.61317069564,629.150101499114,192.8,-53,6.26477750717959,-12.5847784143592
150.8920109272,1216.02474759945,629.109626809268,192.8,-53,6.22796200717959,-12.6215939143592
151.658638000488,1217.04996293126,629.041406910097,192.8,-53,6.20341830717959,-12.6461376143592
152.102971792221,1217.63464052562,629.003304325297,192.8,-53,6.17887430717959,-12.6706816143592
152.657846927643,1218.41030759064,628.954243731117,192.8,-53,6.17887430717959,-12.6706816143592
152.934611797333,1218.82906994247,628.926685301236,192.8,-53,6.14819530717959,-12.7013606143592
153.714360952377,1219.9765030325,628.87561332501,192.8,-53,6.09297130717959,-12.7565846143592
154.418922901154,1220.87097715363,628.870358664279,192.8,-53,6.05002030717959,-12.7995356143592
155.01348400116,1221.7870180584,628.815195651544,192.8,-52,6.03161230717959,-12.8179436143592
155.462458848953,1222.39292056481,628.779906824247,192.8,-53,6.02547630717959,-12.8240796143592
156.346790790558,1223.67899958634,628.702550020683,192.8,-52,6.01320430717959,-12.8363516143592
156.918531894684,1224.40425238087,628.667370071156,192.8,-52,6.05002030717959,-12.7995356143592
157.435907840729,1225.0463127661,628.655562064072,192.8,-53,6.09297130717959,-12.7565846143592
158.063688993454,1225.97958031492,628.60874152875,192.8,-52,6.12978730717959,-12.7197686143592
158.50932598114,1226.6783269971,628.565236778372,192.8,-52,6.13592330717959,-12.7136326143592
159.256846904755,1227.7523903455,628.493375132483,192.8,-53,6.17887430717959,-12.6706816143592
159.90008187294,1228.54903299216,628.437480024082,192.8,-53,6.20955420717959,-12.6400017143592
160.113689899445,1228.81747465558,628.418531200783,192.8,-53,6.23409790717959,-12.6154580143592
161.014178991318,1230.13498840418,628.295487130053,192.8,-53,6.28318530717959,-12.5663706143592
161.337718963623,1230.66425568469,628.262697480063,192.8,-53,0.0306753071795862,-12.5356953071796
162.167317867279,1231.99263635381,628.176774794058,192.8,-53,0.110445307179586,-12.4559253071796
162.655563831329,1232.78230684548,628.120590041758,192.8,-53,0.208625307179586,-12.3577453071796
163.307881832123,1233.84288567878,628.040854947786,192.8,-52,0.319065307179586,-12.2473053071796
163.734184026718,1234.4983825336,627.9904321128,192.8,-52,0.386565307179586,-12.1798053071796
164.023128986359,1235.07686183863,627.970408640156,192.8,-52,0.392695307179586,-12.1736753071796
164.694410800934,1236.32562143549,627.908250329032,192.8,-52,0.441785307179586,-12.1245853071796
165.31381893158,1237.27317560718,627.821259567652,192.8,-53,0.497005307179586,-12.0693653071796
165.996954917908,1238.29662761222,627.728889105185,192.8,-53,0.521555307179586,-12.0448153071796
166.451890945435,1238.95807898322,627.669877267183,192.8,-53,0.558365307179586,-12.0080053071796
167.284972906113,1240.35872681353,627.539473362176,192.8,-53,0.595185307179587,-11.9711853071796
167.616027832031,1241.12726670046,627.44597583453,192.8,-53,0.619725307179587,-11.9466453071796
168.115708827972,1242.0755514311,627.343151638091,192.8,-53,0.656545307179586,-11.9098253071796
168.531931877136,1242.65382008559,627.295782822776,192.8,-54,0.631995307179587,-11.9343753071796
169.425979852676,1243.97684933323,627.183671790485,192.8,-54,0.693355307179586,-11.8730153071796
169.954910993576,1244.74102647676,627.119528607707,192.8,-54,0.693355307179586,-11.8730153071796
170.533789873123,1245.5411400073,627.04941556637,192.8,-55,0.711765307179586,-11.8546053071796
171.019994974136,1246.07082538657,626.964252603276,192.8,-55,0.766995307179586,-11.7993753071796
171.549389839172,1246.7241689357,626.874257947481,192.8,-55,0.724035307179586,-11.8423353071796
171.803498983383,1247.1073990358,626.836686369039,192.8,-55,0.742445307179586,-11.8239253071796
172.679796934128,1248.46919693982,626.702080306018,192.8,-55,0.809945307179587,-11.7564253071796
173.178741931915,1249.24371139744,626.624628860256,192.8,-56,0.816075307179586,-11.7502953071796
173.941272974014,1250.36616395947,626.513257240747,192.8,-56,0.914255307179586,-11.6521153071796
174.374765872955,1250.95141280828,626.397306153838,192.8,-56,0.951065307179586,-11.6153053071796
175.136829853058,1252.06034652996,626.231589950004,192.8,-56,1.03697530717959,-11.5293953071796
175.481479883194,1252.58363244926,626.182588481649,192.8,-56,1.11060530717959,-11.4557653071796
175.764043807983,1252.96469113387,626.14798213172,192.8,-56,1.12287530717959,-11.4434953071796
176.679160833359,1254.28605320886,626.030922808247,192.8,-57,1.28854530717959,-11.2778253071796
177.134649991989,1254.9425274818,625.973528845343,192.8,-57,1.38671530717959,-11.1796553071796
177.673283815384,1256.08730996819,625.943641656355,192.8,-58,1.58920530717959,-10.9771653071796
178.435495853424,1258.24043940148,625.947019004916,192.8,-57,1.74260530717959,-10.8237653071796
178.777781009674,1258.76151967797,625.900475912259,192.8,-57,1.81009530717959,-10.7562753071796
180.022663831711,1260.53353791843,625.740233381787,192.8,-57,2.05553530717959,-10.5108353071796
180.400439023972,1261.0829403676,625.691674811062,192.8,-58,2.12916530717959,-10.4372053071796
180.966568946838,1261.8751672544,625.620623062977,192.8,-58,2.23347530717959,-10.3328953071796
181.66992688179,1262.0202236394,625.553979373065,192.8,-58,2.38073530717959,-10.1856353071796
182.237255811691,1262.85433200006,625.477047048538,192.8,-57,2.47277530717959,-10.0935953071796
182.522030830383,1263.28795814865,625.440612324877,192.8,-57,2.54027530717959,-10.0260953071796
183.016050815582,1264.06293880199,625.38072745621,192.8,-57,2.64458530717959,-9.92178530717959
183.776953935623,1265.15387026074,625.303534909158,192.8,-57,2.72434530717959,-9.84202530717959
184.455820798874,1266.16758142215,625.246940146667,192.8,-57,2.86547530717959,-9.70089530717959
184.791996002197,1266.54530533462,625.243958115779,192.8,-57,2.93297530717959,-9.63339530717959
185.575073003769,1267.58470190547,625.217735433309,192.8,-57,3.03114530717959,-9.53522530717959
186.062799930573,1268.31422209203,625.197446124418,192.8,-56,3.09864530717959,-9.46772530717959
186.646693944931,1269.18961578021,625.181306135109,192.8,-57,3.20295530717959,-9.36341530717959
187.04950594902,1269.77917959442,625.176541983075,192.8,-57,3.23976530717959,-9.32660530717959
187.606755971909,1270.5884336005,625.176893164083,192.8,-56,3.27044530717959,-9.29592530717959
188.012158870697,1271.06976831046,625.160725724453,192.8,-56,3.27044530717959,-9.29592530717959
188.557075977325,1271.50216544973,625.103857745326,192.8,-56,3.38089530717959,-9.18547530717959
189.498211860657,1272.8353318968,625.145357129874,192.8,-55,3.43611530717959,-9.13025530717959
189.649209022522,1273.07850994479,625.154950392317,192.8,-55,3.47293530717959,-9.09343530717959
190.321146011353,1274.0495176023,625.198545062848,192.8,-55,3.52815530717959,-9.03821530717959
190.915506839752,1274.86857203291,625.242672046812,192.8,-55,3.59565530717959,-8.97071530717959
191.496870994568,1275.6237744333,625.272077206184,192.8,-55,3.60178530717959,-8.96458530717959
192.134184837341,1276.40240432285,625.289492611072,192.8,-55,3.63246530717959,-8.93390530717959
192.559743881226,1277.03785152352,625.338566751321,192.8,-54,3.66314530717959,-8.90322530717959
193.051558971405,1277.79574010143,625.401502879823,192.8,-54,3.68768530717959,-8.87868530717959
193.710521936417,1278.81745632348,625.484283669187,192.8,-54,3.74904530717959,-8.81732530717959
194.371868848801,1279.88690336585,625.572111746972,192.8,-55,3.78586530717959,-8.78050530717959
194.903868913651,1280.58640355001,625.652660913135,192.8,-54,3.83495530717959,-8.73141530717959
195.244202852249,1280.9114675006,625.708940641895,192.8,-55,3.86563530717959,-8.70073530717959
195.901187896729,1281.85476601209,625.787581073778,192.8,-55,3.91471530717959,-8.65165530717959
196.380451917648,1282.62896147888,625.847132687626,192.8,-55,3.98834530717959,-8.57802530717959
