1.94329619407654,4,0.521553,-58,7.99600672472051,9.65880016938402,1.928,2.99205946796036
2.64143419265747,4,0.46633,-58,7.99456284029743,9.6485286410974,1.928,2.99475665827181
3.16627311706543,4,0.404971,-58,7.99366493980758,9.64186841785998,1.928,2.99997194329454
3.50646018981934,4,0.46633,-58,7.99323280572193,9.63857643010638,1.928,3.00585673556204
3.73776412010193,4,0.435651,-58,7.99277582562258,9.6356990804532,1.928,3.00955744884223
4.36853218078613,4,0.312932,-59,7.99092331437676,9.62541049595871,1.928,3.01815184755694
4.64763307571411,4,0.355884,-59,7.99040995451171,9.62134739191049,1.928,3.01850204653465
4.93958401679993,4,0.423379,-59,7.98987295911527,9.6170972190441,1.928,3.01886836897563
5.62304997444153,4,0.441786,-60,7.98856374098955,9.60671434518372,1.928,3.01841293044635
6.06700110435486,4,0.343612,-60,7.98776333120436,9.60038654145882,1.928,3.01783390072546
6.85854911804199,4,0.227029,-61,7.98628462152884,9.58916865722907,1.928,3.01594293653052
7.0622091293335,4,0.257709,-61,7.98588320163023,9.58622397559519,1.928,3.01527483907689
8.24594306945801,4,0.19635,-62,7.98439142070512,9.5738961769143,1.928,3.02284910251987
8.51132202148438,4,0.202485,-62,7.98397483722668,9.5708854145019,1.928,3.02759057992908
9.21518898010254,4,0.239301,-62,7.98287093137556,9.56089943352755,1.928,3.03750411022153
9.55014204978943,4,0.220893,-62,7.98244846852731,9.55671036513968,1.928,3.04341496875529
10.1788201332092,4,0.0981748,-64,7.98180834766649,9.549762803128,1.928,3.05463856757724
10.3889870643616,4,0.16567,-64,7.98167037242835,9.54789113902808,1.928,3.05831290815802
11.0914330482483,4,0.0613592,-65,7.98251624464451,9.54651756763977,1.928,3.069583440322
12.1676001548767,4,0.0920388,-66,7.9827503495909,9.53824035890888,1.928,3.08793134300025
18.5383369922638,4,2.00031,-64,7.98503047758019,9.43617593401447,1.928,-3.0969524522051
19.2299761772156,4,2.15371,-63,7.98545159038132,9.42667298013569,1.928,-3.08640290144753
19.9234030246735,4,2.11076,-62,7.98593527237829,9.41650912110707,1.928,-3.07584867280241
20.4816370010376,4,2.16598,-62,7.98632851553474,9.40923593119121,1.928,-3.06738122072125
20.8607811927795,4,2.2212,-61,7.98659909373727,9.40472809833707,1.928,-3.06147179277801
21.3266141414642,4,2.23961,-62,7.98676260114081,9.3975180355444,1.928,-3.05352511075301
21.8297350406647,4,2.17825,-61,7.98708319079974,9.39016064545274,1.928,-3.04561992258294
22.3628511428833,4,2.2887,-61,7.98773951489689,9.38346146287981,1.928,-3.03838952866138
22.6597661972046,4,2.25188,-60,7.98822739233784,9.3790002412351,1.928,-3.03342724369895
23.7901341915131,4,2.18439,-60,7.98980836209123,9.36430410205343,1.928,-3.01701123935385
24.1765551567078,4,2.15371,-59,7.99030593549216,9.35970583752075,1.928,-3.0116065627576
24.770238161087,4,2.12303,-59,7.99155232258024,9.34156105456632,1.928,-3.00571613460917
25.1971189975739,4,2.12303,-58,7.99246295180932,9.33044222243029,1.928,-3.00082927211198
25.9956831932068,4,2.01258,-58,7.99398135496858,9.32106935683006,1.928,-2.98969176332064
26.4222881793976,4,2.00031,-58,7.99486640371733,9.31582385098553,1.928,-2.98460661496568
27.1223721504211,4,2.04326,-57,7.99636371810159,9.30725755013775,1.928,-2.97509768835514
27.4812541007996,4,2.00031,-56,7.9972652235271,9.30222755963853,1.928,-2.96897154921353
28.0351400375366,4,1.90214,-56,7.99385773028939,9.3017846985695,1.928,-2.95964895886534
28.6444110870361,4,1.92668,-56,7.98938719054495,9.302401654718,1.928,-2.94997533015173
29.3754420280457,4,1.87759,-56,7.99145392881267,9.29240604479834,1.928,-2.93875935090898
30.0102691650391,4,1.82237,-55,7.99314381026913,9.2846707084266,1.928,-2.92790166933763
30.2989029884338,4,1.7426,-55,7.99394702637776,9.28108614292051,1.928,-2.9225910436832
31.3583610057831,4,1.70579,-55,7.98971011861477,9.26056497226981,1.928,-2.90529721594466
32.1728711128235,4,1.58307,-56,7.97560676234565,9.23957768530133,1.928,-2.89028383256779
32.6317551136017,4,1.48489,-56,7.97665244052529,9.2354804716261,1.928,-2.88225992323794
33.2069561481476,4,1.42967,-56,7.97861826078102,9.22812809766052,1.928,-2.87298232633064
33.7733612060547,4,1.38672,-55,7.98051327137489,9.2213781705452,1.928,-2.86364981840597
34.3313400745392,4,1.30695,-55,7.98248984711344,9.21461577792569,1.928,-2.85412141126815
35.3211691379547,4,1.14742,-55,7.98539628435223,9.2088074913355,1.928,-2.83628079413352
35.8165051937103,4,1.12287,-55,7.98711226271243,9.20357155736464,1.928,-2.8295195460647
36.3158249855042,4,1.03697,-55,7.98910922465142,9.19760189353733,1.928,-2.82076175156261
37.1618711948395,4,0.93266,-55,7.99295913480663,9.18646130485034,1.928,-2.80716483408593
37.6772031784058,4,0.920388,-55,7.99506239453574,9.18059333019894,1.928,-2.79943499771812
37.9826171398163,4,0.834486,-55,7.99621331940722,9.17742392723845,1.928,-2.79480950041264
38.6065711975098,4,0.816078,-55,8.02296176611461,9.1760180502405,1.928,-2.78502711095663
39.4326171875,4,0.809942,-55,8.03189335672343,9.16619231431264,1.928,-2.77328047530821
39.6013901233673,4,0.773126,-55,8.03280625912984,9.16383659253565,1.928,-2.7712354775693
40.4883270263672,4,0.730175,-55,8.03758878175685,9.15162699797813,1.928,-2.75918473098197
40.6710979938507,4,0.736311,-54,8.03856990233741,9.1491611497105,1.928,-2.75631704077444
41.4203071594238,4,0.674952,-54,8.04273995605748,9.13909071419759,1.928,-2.74470336962865
41.9806890487671,4,0.625864,-54,8.04748172153139,9.12694278914295,1.928,-2.74119285384937
42.4961149692535,4,0.60132,-54,8.05100257331966,9.11827357791129,1.928,-2.73524879542789
43.1428270339966,4,0.539961,-54,8.05426930069781,9.11102657005967,1.928,-2.72370328924533
43.5254302024841,4,0.546097,-54,8.05645745732757,9.10630226080602,1.928,-2.71718100068867
44.1395320892334,4,0.546097,-54,8.06002713466433,9.09864264557733,1.928,-2.70650136551014
44.6943311691284,4,0.546097,-54,8.06297469440277,9.09247821510546,1.928,-2.6969565543561
45.1819310188293,4,0.515418,-54,8.06534344822457,9.08767864038179,1.928,-2.68904824462134
45.73472905159,4,0.472466,-54,8.06812121912121,9.08228092648038,1.928,-2.68324017820111
46.3559601306915,4,0.435651,-54,8.07231964293589,9.07421963404816,1.928,-2.67440137862195
46.9297699928284,4,0.417243,-54,8.0758797260313,9.06741906449157,1.928,-2.66586076730055
47.496689081192,4,0.349748,-54,8.0791895579287,9.06115465645012,1.928,-2.65765232168157
48.0499429702759,4,0.368155,-54,8.08245963767383,9.05506289014484,1.928,-2.65001829155385
48.7070891857147,4,0.337476,-53,8.08682506780842,9.04723772077495,1.928,-2.64110629310481
49.2699220180511,4,0.33134,-53,8.0942393424185,9.0248154118897,1.928,-2.63958969288724
49.7424941062927,4,0.33134,-53,8.09889420842572,9.01299673297434,1.928,-2.63501283370288
50.2181980609894,4,0.337476,-53,8.1021796866281,9.00728883116537,1.928,-2.62755138278583
50.9479060173035,4,0.288388,-53,8.10620768718782,9.00046565980722,1.928,-2.61683068512157
51.5526831150055,4,0.312932,-53,8.10959982082228,8.99488193389587,1.928,-2.60718606763833
51.9247710704803,4,0.30066,-53,8.11186565461712,8.99119462187754,1.928,-2.60106643144843
52.6185491085052,4,0.362019,-53,8.11659108675423,8.98648814440224,1.928,-2.58767878907144
53.070335149765,4,0.337476,-53,8.12024659354517,8.98778292852094,1.928,-2.5757366639208
53.4403891563416,4,0.337476,-53,8.12304132648788,8.98540037205194,1.928,-2.56847238590846
53.9586679935455,4,0.368155,-53,8.12683091747333,8.97991315124232,1.928,-2.55987061589386
54.6718771457672,4,0.33134,-53,8.13217788788122,8.97228663593495,1.928,-2.54967672522815
55.5799760818481,4,0.337476,-53,8.13937243131129,8.95949503552303,1.928,-2.53808228648072
56.026046037674,4,0.355884,-54,8.14020622418295,8.94901799681836,1.928,-2.53711623680872
56.4598660469055,4,0.374291,-54,8.14155804630142,8.94300838112545,1.928,-2.53350103651963
56.8233699798584,4,0.368155,-54,8.14311864176614,8.94127907263752,1.928,-2.52835528931165
57.2459959983826,4,0.392699,-54,8.14592631255093,8.93765501831284,1.928,-2.52208181976115
58.0164160728455,4,0.392699,-54,8.15220763611886,8.92912922889838,1.928,-2.51014050702677
58.4201810359955,4,0.374291,-54,8.15512396730669,8.92523384366892,1.928,-2.50378707122471
58.6323890686035,4,0.343612,-54,8.15672654307649,8.92310613514683,1.928,-2.50039425402037
59.2215521335602,4,0.380427,-55,8.16158022554903,8.91673330323062,1.928,-2.49066410183364
59.7885501384735,4,0.398835,-55,8.16654004896407,8.91036964725775,1.928,-2.48278415067029
60.3408420085907,4,0.392699,-55,8.17049711044404,8.90258494288514,1.928,-2.47553483163942
60.6747980117798,4,0.411107,-55,8.17206087501299,8.89654199097374,1.928,-2.47119288959159
61.194815158844,4,0.349748,-55,8.17550957944067,8.88928580357332,1.928,-2.46400588560337
62.0028281211853,4,0.417243,-55,8.18245773817364,8.88078210107187,1.928,-2.45229710755672
62.2620990276337,4,0.429515,-56,8.18482459933901,8.8779392774013,1.928,-2.44856711567915
62.8126971721649,4,0.460194,-56,8.19011669129485,8.87168101720971,1.928,-2.44059064310144
63.395268201828,4,0.460194,-56,8.19600232605604,8.86482654309018,1.928,-2.43214702175159
63.721036195755,4,0.503146,-56,8.19924210345144,8.86109744487014,1.928,-2.4280667174558
64.2061250209808,4,0.503146,-57,8.20404747220811,8.85559159912276,1.928,-2.42187970509032
64.6327521800995,4,0.558369,-56,8.2076568488919,8.85228687655105,1.928,-2.41280204527616
65.1287980079651,4,0.625864,-57,8.21201102781819,8.84812295215352,1.928,-2.40269810147397
65.4307119846344,4,0.693359,-57,8.21500091552361,8.84489515176846,1.928,-2.39752083749
65.9903140068054,4,0.699495,-57,8.22046841298578,8.83902071137069,1.928,-2.38808586649889
66.3874270915985,4,0.699495,-58,8.22415607226032,8.83513233140146,1.928,-2.38180750988591
67.0408880710602,4,0.803806,-58,8.23042008182483,8.82869991817517,1.928,-2.37122390078781
67.3744070529938,4,0.803806,-58,8.23372114866414,8.82539885133586,1.928,-2.36568814499553
68.0765709877014,4,0.859029,-58,8.24093643954271,8.81822393841654,1.928,-2.35449438342641
68.4738709926605,4,0.93266,-58,8.24513467303677,8.81394543899699,1.928,-2.3485466316991
68.9905211925507,4,1.01856,-58,8.25162805150728,8.80531999706237,1.928,-2.34595899911871
69.4886350631714,4,1.11674,-58,8.25735606069499,8.79846373499839,1.928,-2.34098017869618
70.0076100826263,4,1.19651,-58,8.26243079897791,8.79376917007151,1.928,-2.33162561005661
70.6415271759033,4,1.20264,-58,8.26919216523855,8.78755214593819,1.928,-2.32118036275269
70.9059941768646,4,1.28854,-58,8.27211432217675,8.78487148957339,1.928,-2.31699938407562
71.4568800926209,4,1.39899,-59,8.27808361788695,8.77954440285452,1.928,-2.30846102012652
71.9796640872955,4,1.47262,-59,8.28370271217079,8.77459498735977,1.928,-2.3004203888282
72.3715171813965,4,1.46649,-59,8.28822202051787,8.77073580270384,1.928,-2.29359487912423
72.7195870876312,4,1.50944,-59,8.29223636991639,8.7673078189478,1.928,-2.28753200873114
73.2127470970154,4,1.53398,-60,8.29644105293459,8.76371870283891,1.928,-2.27820518672531
73.5657551288605,4,1.60761,-60,8.29883241919243,8.76167822285813,1.928,-2.27122178701541
73.7543840408325,4,1.63829,-60,8.30011023945331,8.76058789775515,1.928,-2.26749022577512
74.351879119873,4,1.73647,-59,8.30618457029378,8.75559076283527,1.928,-2.25662533525047
74.8446381092072,4,1.81623,-60,8.31134851753571,8.75137073988579,1.928,-2.24802151737174
75.2868301868439,4,1.77942,-60,8.31555214740803,8.74801806606063,1.928,-2.2417114225302
75.4621531963348,4,1.88373,-60,8.31721882819512,8.74668877751252,1.928,-2.23920955767613
76.0224280357361,4,1.92054,-60,8.32297422817337,8.74220813605827,1.928,-2.23074842898672
76.4947221279144,4,2.06167,-60,8.3281535274811,8.73825347481116,1.928,-2.22326022709041
76.9642300605774,4,2.07394,-60,8.33257642236572,8.73488481788601,1.928,-2.21604389983982
77.1781561374664,4,2.16598,-60,8.33432538550828,8.73355634522158,1.928,-2.21283939273449
77.7791910171509,4,2.25802,-60,8.33812792819271,8.73035211546866,1.928,-2.20327836480645
78.1265230178833,4,2.25802,-60,8.33837930797507,8.72942538701728,1.928,-2.19677625789854
78.835235118866,4,2.4421,-60,8.34148824112803,8.72636590379602,1.928,-2.18457986546265
79.0500950813293,4,2.4421,-60,8.34363988469815,8.7248941032608,1.928,-2.18138102507736
79.629105091095,4,2.56482,-60,8.34947793738309,8.72092626727763,1.928,-2.17273651439144
79.8109030723572,4,2.56482,-59,8.35134036696466,8.71967926675606,1.928,-2.17000441292508
80.3682670593262,4,2.67526,-60,8.35706539217246,8.71584931390237,1.928,-2.16158487800959
80.6169891357422,4,2.65685,-60,8.35996252010891,8.71398509907196,1.928,-2.15684562964071
81.0724380016327,4,2.84707,-60,8.36526761265241,8.71057143132471,1.928,-2.14816732763438
81.5481541156769,4,2.87161,-59,8.37100986775293,8.70691815941235,1.928,-2.14019904435391
82.2850940227509,4,2.96979,-59,8.38062118700624,8.69962888992113,1.928,-2.12854787039727
82.7397541999817,4,3.04342,-59,8.38778661649447,8.69144056941175,1.928,-2.12041666563019
83.1010680198669,4,3.05569,-59,8.3928976883291,8.68606688983566,1.928,-2.11420202627093
83.4041571617126,4,3.14159,-59,8.39574095894625,8.68436590941639,1.928,-2.10960083865143
83.9218239784241,4,3.11091,-59,8.40066585501096,8.68142608960768,1.928,-2.10174699514187
84.3636891841888,4,3.14159,-59,8.40531290555871,8.67869342183993,1.928,-2.09507443669233
84.5178411006927,4,3.10478,-59,8.40693410527908,8.67774008591741,1.928,-2.09274660535471
85.2588081359863,4,3.2459,-59,8.41465490281798,8.67326284763947,1.928,-2.08147545429475
85.6955151557922,4,3.28272,-58,8.41937832999656,8.67056320878436,1.928,-2.07494378962474
86.1982781887054,4,3.30726,-59,8.42547909854682,8.66715359761855,1.928,-2.06788102363842
86.5915939807892,4,3.31953,-58,8.4313852086568,8.66459966637332,1.928,-2.06121764975925
86.9429380893707,4,3.36862,-59,8.4378735937288,8.66243962474846,1.928,-2.05404779840025
87.5166351795197,4,3.38703,-58,8.44703834832102,8.65880441629999,1.928,-2.04359296430033
87.7383031845093,4,3.44225,-58,8.44988075857532,8.65734697648121,1.928,-2.04016543087755
88.3605091571808,4,3.3993,-58,8.45773527388136,8.65337253055593,1.928,-2.03109325788248
88.8619470596313,4,3.46066,-58,8.46393610354693,8.65029090611607,1.928,-2.02435377028636
89.2908461093903,4,3.54043,-58,8.46897335283455,8.64783593501328,1.928,-2.01812457901431
89.6737442016602,4,3.52816,-57,8.47345383951141,8.64565546337545,1.928,-2.01253472957434
90.1321251392365,4,3.52202,-58,8.47971982455698,8.64277562457002,1.928,-2.00556536322533
90.4294199943542,4,3.54043,-58,8.48380600463815,8.64090119487049,1.928,-2.00103836634366
90.9903571605682,4,3.56497,-57,8.49731176220394,8.63375750532072,1.928,-1.99224772845379
91.3609640598297,4,3.64474,-57,8.50528028716909,8.62962485898165,1.928,-1.98642903771888
91.7840981483459,4,3.52816,-57,8.51017887333026,8.62749595991485,1.928,-1.97978814361498
92.0613040924072,4,3.65087,-57,8.51338806218605,8.62610126378509,1.928,-1.97543752434453
92.6310021877289,4,3.65701,-57,8.52050488117693,8.62309226671903,1.928,-1.96810628695647
92.9635481834412,4,3.73678,-57,8.52480248637984,8.62129288724195,1.928,-1.96354684106967
93.3781280517578,4,3.82268,-57,8.53046866473121,8.61895701298558,1.928,-1.95722288881462
93.9419951438904,4,3.95767,-57,8.53816652343642,8.61583031574949,1.928,-1.94884211210831
94.1240651607513,4,3.95153,-57,8.54064963111235,8.61483519509297,1.928,-1.94619940961011
94.775642156601,4,3.89631,-58,8.54836063705774,8.61290695612653,1.928,-1.9350894380296
95.1234710216522,4,3.77359,-57,8.55195622366766,8.61260114592517,1.928,-1.92842648243029
95.6899740695953,4,3.93313,-57,8.55928125592001,8.6098663811167,1.928,-1.92023980759944
96.0896010398865,4,4.00676,-58,8.56452262768091,8.6078372859316,1.928,-1.91455526106042
96.3159589767456,4,3.95153,-58,8.56747207274071,8.60673049008605,1.928,-1.91125598407123
96.8815290927887,4,4.00062,-57,8.57454515503727,8.60407866577277,1.928,-1.90306482359558
97.3028421401978,4,4.04357,-57,8.57936033673266,8.60227718171191,1.928,-1.8970430404264
97.4650971889496,4,4.04357,-57,8.5812535975992,8.60157456766663,1.928,-1.89471285078457
97.8678271770477,4,4.27674,-56,8.58672975202873,8.59965402061552,1.928,-1.88870724824906
98.180584192276,4,4.04971,-57,8.59098249149419,8.5981625385281,1.928,-1.88404334345139
98.63414311409,4,4.24606,-57,8.59698331149549,8.59667359278007,1.928,-1.87906341701459
98.7950341701508,4,4.28287,-57,8.59910588220446,8.59617011989507,1.928,-1.8773622553283
99.4075720310211,4,4.28287,-57,8.60709357470382,8.59373272419977,1.928,-1.86956234825553
99.7624139785767,4,4.3381,-57,8.6117812053939,8.59220478705699,1.928,-1.86465356825331
100.011381149292,4,4.38105,-57,8.61532343506388,8.59108374433372,1.928,-1.86077635244412
100.43446803093,4,4.36264,-57,8.62134298736393,8.58917868002902,1.928,-1.85418753536663
100.778019189835,4,4.52831,-57,8.62617716131158,8.5877406175232,1.928,-1.84994095261727
101.235346078873,4,4.39332,-57,8.63257028663998,8.5858506411866,1.928,-1.84428499596619
101.747237205505,4,4.52218,-57,8.6394209230553,8.58387408735013,1.928,-1.83739185301675
101.913269996643,4,4.52831,-57,8.64160038067147,8.583393242195,1.928,-1.83526045861667
102.454673051834,4,4.68171,-57,8.6469534827786,8.58842890967583,1.928,-1.83261276525641
102.822363138199,4,4.68785,-58,8.65133657099476,8.58956081006237,1.928,-1.82930053347558
103.04342508316,4,4.71239,-58,8.65448973870832,8.58865598802283,1.928,-1.82626008769961
103.392516136169,4,4.7492,-58,8.6594476821701,8.5872358173067,1.928,-1.8214403585069
103.782737016678,4,4.76761,-57,8.66447007232561,8.58585923071161,1.928,-1.81560599735194
104.088726997375,4,4.80443,-58,8.66840835739314,8.58477978641045,1.928,-1.8110310088099
104.507409095764,4,4.84124,-57,8.67368359287971,8.58339326874691,1.928,-1.80398003241868
104.944406032562,4,4.93942,-57,8.67923923592684,8.58195707598447,1.928,-1.7968894542761
105.109797000885,4,4.9026,-57,8.68141929919337,8.58142457618868,1.928,-1.79463429488452
105.441392183304,4,4.93942,-57,8.68579014533983,8.58035695823641,1.928,-1.79011288723198
105.990037202835,4,4.9701,-57,8.69385419136564,8.57787342205841,1.928,-1.78265901078728
106.211146116257,4,5.03146,-57,8.69721768311663,8.57677464072415,1.928,-1.77965872731066
106.625735044479,4,5.00691,-57,8.70245304235494,8.57541645643191,1.928,-1.77305970297251
107.007382154465,4,5.07441,-57,8.70698523605426,8.57435438783879,1.928,-1.76672409577101
107.209019184113,4,5.03759,-57,8.70909278127588,8.57386294416873,1.928,-1.763406533159
107.612802028656,4,5.08668,-57,8.7132387022082,8.57289690433984,1.928,-1.75677075957245
108.078085184097,4,5.17258,-57,8.71957603540055,8.57153738656155,1.928,-1.75027228613078
108.302484035492,4,5.19099,-57,8.72289366477102,8.57084045957859,1.928,-1.74733041923499
108.690459012985,4,5.22167,-57,8.72852306952192,8.5696931677821,1.928,-1.74091499220554
109.051904201508,4,5.25235,-58,8.73371809113236,8.56865106811446,1.928,-1.73432190618952
109.364331007004,4,5.30144,-58,8.73783429610863,8.56741532245983,1.928,-1.72881144793217
109.709237098694,4,5.28303,-58,8.74223585121941,8.5659235202243,1.928,-1.72279992803256
110.173829078674,4,5.3628,-58,8.74841776914708,8.56464476883773,1.928,-1.71586688234415
110.523984193802,4,5.33212,-58,8.75314589709227,8.56388007161193,1.928,-1.71095882563995
110.855580091476,4,5.43643,-58,8.7574413046422,8.56326917623279,1.928,-1.70505947313076
111.187960147858,4,5.47324,-58,8.76174166612135,8.56266007284969,1.928,-1.69911041076504
111.525943040848,4,5.49779,-58,8.76618978679807,8.5620573287657,1.928,-1.69419204539336
111.671305179596,4,5.57142,-58,8.76811147258315,8.56179999719189,1.928,-1.69220602671483
112.067857027054,4,5.57755,-59,8.77337130318235,8.56111340337383,1.928,-1.68691181140236
112.478922128677,4,5.5346,-59,8.77887159830243,8.56044411967559,1.928,-1.68176441132317
112.867715120316,4,5.55301,-58,8.78285688007793,8.5602066101583,1.928,-1.67601623984415
113.489312171936,4,5.6021,-59,8.7891062161795,8.55997562138321,1.928,-1.66596689350397
113.79793214798,4,5.65119,-59,8.79399513066509,8.5594450755063,1.928,-1.6611042870784
114.133949041367,4,5.58369,-59,8.79917747263652,8.55889917621223,1.928,-1.65607335115125
114.406891107559,4,5.63891,-59,8.80309547734919,8.55852158612075,1.928,-1.65253293653006
114.847289085388,4,5.66959,-59,8.80953204543513,8.55792380644639,1.928,-1.64660895563102
114.94118309021,4,5.69414,-59,8.81095931454597,8.55780185199654,1.928,-1.64524467398329
115.443467140198,4,5.60823,-59,8.81860928591242,8.55715303789141,1.928,-1.63797447372489
115.831007003784,4,5.62051,-59,8.82468428575361,8.55669411439066,1.928,-1.6326911169225
116.076537132263,4,5.60823,-60,8.82853316849231,8.55640335837641,1.928,-1.62934378830839
116.387216091156,4,5.55301,-60,8.83448508056447,8.5557030180449,1.928,-1.62415951923202
116.636198997498,4,5.52233,-60,8.83928769886998,8.55513171655806,1.928,-1.61997611802193
117.40877699852,4,5.46711,-60,8.84956295742776,8.55445436125356,1.928,-1.60808884884005
117.691618204117,4,5.41188,-61,8.85329349700475,8.55429736927002,1.928,-1.60372825132007
118.081112146378,4,5.40575,-61,8.85853702586054,8.55408539682692,1.928,-1.59769261491372
118.309391975403,4,5.44256,-60,8.86170078234464,8.5539821206688,1.928,-1.59431634407669
118.800942182541,4,5.3628,-60,8.86862551701364,8.55378572588302,1.928,-1.5872461317886
118.911796092987,4,5.3628,-60,8.87022843887298,8.55375062223873,1.928,-1.58540616716697
119.413091182709,4,5.20326,-60,8.87757977612575,8.55361475121947,1.928,-1.57647443542698
119.6154961586,4,5.08668,-61,8.8800832186137,8.55359538811392,1.928,-1.57361624318104
120.111097097397,4,5.056,-61,8.88424638296181,8.55369818229535,1.928,-1.56978348870182
120.379624128342,4,5.056,-61,8.88759587137387,8.55372,1.928,-1.56660324698528
120.736853122711,4,4.93942,-61,8.89298888227321,8.55372,1.928,-1.56142701397503
121.214825153351,4,5.03759,-61,8.89926669560701,8.55373382914148,1.928,-1.55429370334493
121.582554101944,4,4.97623,-61,8.90374995739956,8.55374957830468,1.928,-1.54872899901225
121.875097036362,4,4.87806,-61,8.90740646115671,8.55379155653533,1.928,-1.54428305424672
122.030980110168,4,4.91487,-61,8.90935651713128,8.55381447141165,1.928,-1.54191365603555
122.527335166931,4,4.82284,-61,8.91587477194685,8.5539231889413,1.928,-1.53488428704161
122.705240011215,4,4.80443,-61,8.91831616628964,8.55397431761863,1.928,-1.53254003718576
123.050353050232,4,4.86579,-60,8.92357200460171,8.55400331898787,1.928,-1.52854833968944
123.339063167572,4,4.87192,-61,8.9293693611913,8.5538385043016,1.928,-1.52670653557035
123.717140197754,4,4.84738,-60,8.93677637155592,8.55367722819675,1.928,-1.52459116923349
123.964241027832,4,4.85352,-61,8.94078400138839,8.55381778014348,1.928,-1.52454558481833
124.185455083847,4,4.84738,-60,8.94437178395458,8.55394360758893,1.928,-1.5245047759171
124.611201047897,4,4.86579,-60,8.95141453293641,8.55418573454756,1.928,-1.52360653414125
124.789780139923,4,4.86579,-60,8.95439523818737,8.55428728712056,1.928,-1.52307132463486
125.075870990753,4,4.93942,-60,8.95886304096704,8.55445173541933,1.928,-1.52084356903307
125.347473144531,4,4.85965,-60,8.96260480564149,8.55461071194953,1.928,-1.5165007955249
125.757966041565,4,4.89033,-60,8.96821605830992,8.55485220908496,1.928,-1.50992781314668
125.923099994659,4,4.83511,-59,8.97040771065792,8.55495118693294,1.928,-1.50726955094394
126.175229072571,4,4.92101,-59,8.97375395941687,8.55510230784463,1.928,-1.50321087502986
126.487051010132,4,4.98237,-59,8.9777460688338,8.55537617677001,1.928,-1.49905082361917
126.875295162201,4,5.03146,-59,8.98240663570595,8.55590131106546,1.928,-1.4956911576153
126.943446159363,4,4.97623,-59,8.98322473503335,8.55599349127136,1.928,-1.49510141379798
127.409075975418,4,5.06827,-59,8.99036778387045,8.55645514103509,1.928,-1.49393884117826
127.594183206558,4,5.04986,-58,8.99333314414991,8.55662506001598,1.928,-1.49370862836544
127.974827051163,4,5.04373,-59,8.99930093784946,8.55697841016605,1.928,-1.49437984099015
128.035013198853,4,5.04986,-58,9.00023687668314,8.55703451306474,1.928,-1.49455349281942
128.327906131744,4,5.03146,-58,9.00479157706731,8.55730753506683,1.928,-1.49539856092115
129.072612047195,4,5.09282,-58,9.01550334963385,8.55791905282348,1.928,-1.49539023263985
129.113284111023,4,5.10509,-58,9.01604045536599,8.5579498853027,1.928,-1.49546048420449
129.552083969116,4,5.10509,-58,9.02182089880866,8.55828180675716,1.928,-1.49624331782349
129.828386068344,4,5.07441,-58,9.0256795441093,8.55847233370271,1.928,-1.49647519267656
130.238404035568,4,5.056,-58,9.03274394131693,8.55864206652709,1.928,-1.49522268148979
130.490437984467,4,5.09282,-58,9.03706394760953,8.55875556138598,1.928,-1.49447002144761
130.686905145645,4,5.08668,-58,9.04016419775988,8.5589533259359,1.928,-1.49408903385878
130.999214172363,4,5.08054,-58,9.04509243157376,8.55926769732366,1.928,-1.49348340662649
131.405335187912,4,5.09895,-58,9.05165404102741,8.55971758641471,1.928,-1.49304120679264
131.711395978928,4,5.06827,-58,9.05666747365949,8.56007501688379,1.928,-1.4928624915581
131.862750053406,4,5.08668,-57,9.05898357065639,8.56023667887949,1.928,-1.49293563818287
132.166213035584,4,5.056,-58,9.06314882226276,8.56051653900982,1.928,-1.49355599480509
132.360090970993,4,5.11122,-57,9.06580993887115,8.56069533743815,1.928,-1.49395233132123
132.960322141647,4,1.84384,-58,9.0740792130347,8.56127689372749,1.928,-1.49413247130716
133.104684114456,4,5.00691,-57,9.07606939287224,8.5614179805903,1.928,-1.49413033362742
133.550673007965,4,5.02532,-57,9.08246054813662,8.56020696638184,1.928,-1.49533885648839
133.848384141922,4,4.98851,-57,9.08675628935057,8.55942231939707,1.928,-1.4961261822084
134.118797063828,4,5.03759,-57,9.09091296390051,8.55971564090663,1.928,-1.49607600879229
134.343607187271,4,5.00691,-57,9.09436865126967,8.55995949628273,1.928,-1.49603429668848
134.66325211525,4,4.96396,-56,9.09915538540705,8.56029854376786,1.928,-1.49606157500794
134.940415143967,4,4.93942,-56,9.1031552831918,8.56058340295728,1.928,-1.49618817909212
135.187355041504,4,4.92715,-56,9.10671901372864,8.56083719979076,1.928,-1.49630097768478
135.690781116486,4,4.88419,-56,9.11401889997343,8.56137216407968,1.928,-1.49811776601328
135.879405021667,4,4.91487,-56,9.11675519562714,8.56157319804607,1.928,-1.4988520984183
136.166378974915,4,4.86579,-56,9.12150685587428,8.56188677326387,1.928,-1.50335235713179
136.497928142548,4,4.85352,-56,9.12706190217106,8.56224991233274,1.928,-1.50892703256742
136.855640172958,4,4.85965,-56,9.13006685333816,8.56273550068622,1.928,-1.51402444458913
137.170919179916,4,4.80443,-56,9.1319288677006,8.56318817084451,1.928,-1.51827581071491
137.444597005844,4,4.79216,-56,9.13535725919603,8.56343399072101,1.928,-1.52243890451156
137.788006067276,4,4.76761,-56,9.14068094710425,8.56365948763057,1.928,-1.52792926404858
138.092795133591,4,4.7492,-56,9.14535479219192,8.56382656964909,1.928,-1.53252114427847
138.410732030869,4,4.68785,-56,9.15016447976691,8.56395834191142,1.928,-1.53694963352315
138.595888137817,4,4.70012,-56,9.15296548535843,8.56403508179064,1.928,-1.53952864160693
138.984740018845,4,4.64489,-56,9.16031623154284,8.56421812205405,1.928,-1.54447709949413
139.389369010925,4,4.59581,-56,9.16763055809309,8.56437219850946,1.928,-1.54991796874665
139.619441986084,4,4.60808,-56,9.17101224082703,8.56439846400642,1.928,-1.55355245688885
140.060235977173,4,4.5099,-56,9.1772324555644,8.56460921682231,1.928,-1.56032299260763
140.700252056122,4,4.43627,-55,9.18462438222852,8.56597582551258,1.928,-1.56884131571481
141.110069036484,4,4.38105,-55,9.19263685028328,8.56587271275184,1.928,-1.57455497575083
141.360805034637,4,4.38105,-55,9.19753564782716,8.56580949086199,1.928,-1.57804924117389
141.750128984451,4,4.38105,-55,9.20425064539521,8.56567619066213,1.928,-1.58308687789368
142.12011218071,4,4.2706,-55,9.21059392157397,8.56553666986983,1.928,-1.58805802758763
142.589255094528,4,4.26447,-55,9.2183866304239,8.56527534945268,1.928,-1.59556931444986
142.962167024612,4,4.24606,-55,9.22422881138741,8.56504572486325,1.928,-1.60145502209187
143.194996118546,4,4.20311,-55,9.22768987204385,8.56489075199804,1.928,-1.60508483097932
143.687592983246,4,4.14788,-55,9.23546006960215,8.56528040062377,1.928,-1.61253545282538
144.006580114365,4,4.13561,-54,9.24077056969591,8.56597964796708,1.928,-1.61721757523901
144.521237134933,4,4.12948,-55,9.24946756345119,8.56577350386694,1.928,-1.62535594156622
145.041818141937,4,4.10493,-54,9.25840325765973,8.56516597942186,1.928,-1.63284629665113
145.388296127319,4,4.12948,-54,9.26442361178186,8.5647249654061,1.928,-1.63721028417919
145.797238111496,4,4.11107,-54,9.27140710877433,8.56414988724882,1.928,-1.64212949125723
146.219320058823,4,4.10493,-54,9.27861136325617,8.56353092706851,1.928,-1.64747957687801
146.646339178085,4,4.12334,-54,9.28600442900748,8.56284998680194,1.928,-1.65428289971988
147.236770153046,4,4.12948,-53,9.29548415285237,8.56168435859063,1.928,-1.66216252549342
147.669644117355,4,4.12334,-53,9.30232650004429,8.56078564342307,1.928,-1.66755743298401
148.064690113068,4,4.14175,-53,9.30891003954603,8.5600430950068,1.928,-1.67283712762883
148.572051048279,4,4.09266,-53,9.31744954829171,8.55900630646354,1.928,-1.67981521079765
148.995145082474,4,4.10493,-53,9.32446109893973,8.5581182701051,1.928,-1.68594473318205
149.406810045242,4,4.06812,-53,9.33069574836866,8.55727876457936,1.928,-1.69292495744853
149.974157094955,4,4.07425,-54,9.34025201989835,8.55590618600385,1.928,-1.70135191750451
150.275742053986,4,4.04357,-53,9.34563350879362,8.55510908796892,1.928,-1.70545804954389
150.609668016434,4,4.06198,-54,9.34706333385962,8.55424401549042,1.928,-1.71026771406765
151.259119987488,4,4.04357,-54,9.3524051587131,8.5524347444655,1.928,-1.72026904530971
151.646591186523,4,4.00676,-54,9.3594269155346,8.5512226237062,1.928,-1.72681556535773
152.04348897934,4,3.96381,-54,9.36549339869452,8.55012756826367,1.928,-1.73251067722185
152.488839149475,4,4.01289,-54,9.37196501029212,8.54893453781776,1.928,-1.73860858885633
152.905060052872,4,3.95767,-55,9.37861371367892,8.54767490857915,1.928,-1.74491861834407
153.24173116684,4,3.93926,-55,9.38400111118815,8.54663402895334,1.928,-1.75013253295403
153.708401203156,4,3.91472,-56,9.39150094637612,8.54511605201993,1.928,-1.75773528183239
154.296768188477,4,3.79814,-56,9.40170533759449,8.54180117324397,1.928,-1.76789617875644
154.657075166702,4,3.83495,-56,9.4080519997856,8.53968114242397,1.928,-1.7740503570094
155.144805192947,4,3.75518,-57,9.41631576030915,8.53782231844773,1.928,-1.78151350046454
155.442071199417,4,3.73064,-57,9.42157216469,8.53661312253272,1.928,-1.78616932152807
155.860548973084,4,3.6386,-57,9.42920121230419,8.53483128147997,1.928,-1.79283536766716
156.282884120941,4,3.55884,-58,9.4368352216402,8.53300551736696,1.928,-1.7987271268154
156.702392101288,4,3.47907,-58,9.44437169362801,8.53118179315307,1.928,-1.80420263107452
157.086871147156,4,3.45452,-58,9.45006756128935,8.52973530769117,1.928,-1.8107674497093
157.716845035553,4,3.30726,-60,9.46479055832915,8.52155381239922,1.928,-1.81893144803444
158.023797988892,4,3.2459,-60,9.47497230451794,8.51432436369971,1.928,-1.8214625728902
158.405505180359,4,3.13546,-60,9.48379317051575,8.50970152728748,1.928,-1.82627504234024
158.926088094711,4,2.90843,-61,9.49241344774656,8.50725699514541,1.928,-1.83433405161334
159.410492181778,4,2.89616,-60,9.5001455439261,8.50501094383449,1.928,-1.84225977290589
159.724025011063,4,2.75503,-61,9.50510073552892,8.50356018836457,1.928,-1.84730581072261
160.434270143509,4,2.528,-63,9.51598001002194,8.5002794911089,1.928,-1.85811921625473
160.796429157257,4,2.36847,-63,9.52170499792168,8.49843771208971,1.928,-1.86361959695701
160.874546051025,4,2.28256,-63,9.5229398650784,8.49804044445167,1.928,-1.8648060168408
161.486626148224,4,2.08621,-62,9.53227324741002,8.49515259059002,1.928,-1.87404543884552
161.885372161865,4,1.87146,-63,9.53820367278128,8.49336930184337,1.928,-1.88003775411355
162.315383195877,4,1.76101,-63,9.54502571789747,8.49113360213807,1.928,-1.88642875172872
162.904003143311,4,1.55239,-63,9.55427230998719,8.48804368292363,1.928,-1.89519853950853
163.269198179245,4,1.36217,-64,9.55994480408145,8.48610587438211,1.928,-1.90065460303842
163.483892202377,4,1.20878,-64,9.56335608496729,8.48492722167667,1.928,-1.90381417930101
164.402829170227,4,0.960272,-64,9.57752561914431,8.47993999750501,1.928,-1.91741082386241
164.633493185043,4,0.920388,-63,9.58074803477252,8.47877469591252,1.928,-1.92093051030504
165.116423130035,4,0.840621,-64,9.58936368349906,8.47590317447562,1.928,-1.92824316349997
165.674090147018,4,0.693359,-64,9.60130239438914,8.47208519970062,1.928,-1.93667426106828
166.025856971741,4,0.478602,-64,9.60692780624244,8.46980426038118,1.928,-1.94239471205989
166.575002193451,4,0.269981,-64,9.61547858805674,8.46628864645863,1.928,-1.95128673543626
167.053941011429,4,0.16567,-65,9.62247723409951,8.46331221078527,1.928,-1.95896606323385
167.461292982101,4,6.2341,-65,9.62857582114691,8.46066547523892,1.928,-1.96494274706144
