12.1735889911652,4,3.37476,-63,7.98274701567108,9.53815624154729,1.928,3.08803101865433
12.6207311153412,4,3.41771,-63,7.98249809652921,9.53187582012152,1.928,3.09547306274218
13.0379130840302,4,3.41771,-62,7.98236130852124,9.52647542606205,1.928,3.10212127405667
13.4080920219421,4,3.41157,-62,7.98226936105875,9.52181958981262,1.928,3.10795045050594
14.1699559688568,4,3.56497,-61,7.98224050835278,9.5118415243564,1.928,3.12213395638777
14.6310579776764,4,3.46066,-61,7.98239207730206,9.50399947871948,1.928,3.13238792530461
14.9841380119324,4,3.65087,-61,7.98242520567558,9.49912331944375,1.928,1.27972342546013
15.8932690620422,4,3.57724,-60,7.9824023068494,9.48669430680283,1.928,-3.13212723832435
16.5003349781036,4,3.63247,-60,7.98246139771562,9.47850667703986,1.928,-3.12509706457833
17.0622730255127,4,3.53429,-60,7.98256880947079,9.47123218803655,1.928,-3.11806347619016
17.392254114151,4,3.50361,-60,7.98265184666525,9.46627926361375,1.928,-3.11367715850607
17.7474610805511,4,3.62019,-59,7.98346154055336,9.45587699898509,1.928,-3.1086100400459
18.7372679710388,4,3.64474,-59,7.98513060014633,9.43384366717971,1.928,-3.0940135604108
19.1994051933289,4,3.61406,-59,7.98543024709794,9.42714514583331,1.928,-3.08688160080332
19.8406291007996,4,3.61406,-58,7.98587758220032,9.41766415211691,1.928,-3.07707612339736
20.3583300113678,4,3.62019,-58,7.98624051686735,9.41070198899002,1.928,-3.06930311161717
20.8230381011963,4,3.55884,-58,7.98657215818583,9.405176844624,1.928,-3.06206006522138
21.437625169754,4,3.58952,-57,7.98679428664172,9.39572780474261,1.928,-3.05160180084737
21.7844650745392,4,3.54656,-57,7.98702958160343,9.39071684086446,1.928,-3.04621766512181
22.5476591587067,4,3.47293,-57,7.98804318310271,9.3806846770338,1.928,-3.03530086736075
22.8200371265411,4,3.4852,-57,7.98849074230856,9.37659213114245,1.928,-3.03074866606879
23.5504369735718,4,3.39317,-57,7.98949806822337,9.36719383612809,1.928,-3.02031899362691
24.3946630954742,4,3.35635,-57,7.9906528130839,9.35559229220354,1.928,-3.00888662795735
24.6026201248169,4,3.39317,-57,7.9911508741637,9.34782315424898,1.928,-3.00713111637363
25.2636790275574,4,3.23363,-57,7.99258230296244,9.32968666058486,1.928,-2.99980738951163
25.7025680541992,4,3.17841,-57,7.99337385487239,9.32468832168874,1.928,-2.99312847815046
26.5001950263977,4,3.12318,-57,7.9950290056703,9.31488975465999,1.928,-2.98358602823962
26.9503860473633,4,3.11091,-56,7.99596861421608,9.30949200343952,1.928,-2.97768848523947
27.3648550510406,4,3.01887,-56,7.99697283107111,9.30385897663732,1.928,-2.97095848885767
27.9764289855957,4,3.01887,-56,7.99465822983637,9.30116150836843,1.928,-2.96062502943131
28.7672111988068,4,3.03728,-56,7.9897525222529,9.30059498945581,1.928,-2.94817593517229
29.277496099472,4,3.09251,-56,7.99119950442794,9.29358730087028,1.928,-2.94036697751576
29.9417049884796,4,2.98206,-56,7.99295300847591,9.28552221217401,1.928,-2.92916319395983
30.5169751644135,4,2.92684,-55,7.99458756006869,9.27827149246905,1.928,-2.91875394004459
31.4196310043335,4,3.01274,-56,7.98773287417051,9.25812153349328,1.928,-2.90414442801409
31.9311451911926,4,2.92684,-56,7.97514789463583,9.24142350654009,1.928,-2.89462064994559
32.7416040897369,4,2.77344,-56,7.97702806618901,9.23407390799353,1.928,-2.88048911653751
33.1691281795502,4,2.81639,-56,7.97848997348797,9.22859966637621,1.928,-2.87359726784241
33.6957540512085,4,2.82252,-56,7.98025362259785,9.22230302570235,1.928,-2.86492853118846
34.3165760040283,4,2.8348,-56,7.98243695369607,9.21479532052172,1.928,-2.85437534181769
35.0060241222382,4,2.79798,-56,7.98449873736736,9.210364114053,1.928,-2.84181231735245
35.281800031662,4,2.87161,-56,7.98525989909686,9.20922364121727,1.928,-2.8368181753534
36.0046670436859,4,2.8348,-57,7.9878213787956,9.20143434517034,1.928,-2.82653485367491
36.6232120990753,4,2.81639,-57,7.99038324486058,9.19381220272623,1.928,-2.81506935606963
36.8009660243988,4,2.88388,-57,7.99123327144086,9.19138645523145,1.928,-2.81246091629491
37.5012199878693,4,2.88388,-57,7.9943992178099,9.18241957822803,1.928,-2.80210026478671
38.026064157486,4,2.92684,-57,7.99656567680133,9.17701225322782,1.928,-2.79414892336526
38.7165100574493,4,2.95751,-58,8.02796076830732,9.17582976390556,1.928,-2.78329958383353
39.3197960853577,4,3.06183,-58,8.03130797814371,9.16772472028071,1.928,-2.77484174983706
40.0470600128174,4,3.14159,-58,8.03521691290235,9.15761596090105,1.928,-2.76583535869631
40.2350361347198,4,3.14773,-59,8.0362291078979,9.15504426339491,1.928,-2.7631588840963
40.924348115921,4,3.27045,-59,8.03995433571144,9.14575075065944,1.928,-2.75236736063146
41.2819530963898,4,3.28885,-59,8.04196287194541,9.14094861580564,1.928,-2.7468413370842
42.0759921073914,4,3.32567,-59,8.04835070156883,9.12469542697716,1.928,-2.74079786292326
42.2999231815338,4,3.33794,-60,8.05006696538485,9.12037734373003,1.928,-2.73881816673989
43.4707450866699,4,3.55884,-61,8.0561447061311,9.10697750194347,1.928,-2.71811322533936
43.96151304245,4,3.66928,-63,8.05898690713188,9.10087030265154,1.928,-2.70961714137386
44.287055015564,4,3.792,-63,8.0608891627024,9.09679660440148,1.928,-2.70391934756594
45.0002720355988,4,3.92085,-64,8.06445453501003,9.08946372497958,1.928,-2.69177500419567
53.3529031276703,4,1.60148,-65,8.12240163942793,8.98632662086361,1.928,-2.56992437399692
53.8809101581573,4,1.68124,-65,8.12626236176378,8.98073640386586,1.928,-2.56116114710762
54.3281149864197,4,1.81623,-64,8.12960057195716,8.97596263005044,1.928,-2.554588732309
55.0978000164032,4,2.04326,-63,8.13591589495631,8.96692813268241,1.928,-2.54355910963637
55.4152760505676,4,2.18439,-63,8.13874302511196,8.96287365560291,1.928,-2.53899676486424
56.14093708992,4,2.35619,-63,8.14042097825713,8.94631950079664,1.928,-2.53686741829519
56.5250971317291,4,2.46664,-62,8.14183809646294,8.9426980552708,1.928,-2.53257762787897
57.0586760044098,4,2.69981,-61,8.14432577124381,8.9398397692675,1.928,-2.52496665665708
57.4470381736755,4,2.73049,-62,8.14764410198283,8.93531022278362,1.928,-2.51898565328887
58.0792851448059,4,2.87775,-61,8.15266172959413,8.92852268975642,1.928,-2.50915123195565
58.9337000846863,4,3.04955,-61,8.1592088235936,8.9198469280203,1.928,-2.49541803908701
59.5688869953156,4,3.26431,-60,8.16458923329274,8.91285842370927,1.928,-2.4856863075108
59.8114981651306,4,3.36249,-60,8.16674384906173,8.91010964684287,1.928,-2.48248096474852
60.2509200572968,4,3.41157,-60,8.17007604671091,8.90421208544961,1.928,-2.47670395540908
60.9570791721344,4,3.50975,-60,8.1735255628354,8.891737666889,1.928,-2.46746275296364
61.3921451568604,4,3.63247,-60,8.17715638940916,8.8872506628699,1.928,-2.46113655295084
61.7775590419769,4,3.67542,-60,8.18040127668076,8.88325210543679,1.928,-2.45553793332936
62.8727521896362,4,3.95153,-59,8.19072388631425,8.87097347139669,1.928,-2.43971439160638
63.1713390350342,4,4.03744,-60,8.1937427921945,8.86745563256856,1.928,-2.43535776695285
63.6605041027069,4,4.04357,-59,8.1986401090554,8.8617903616841,1.928,-2.42882489310197
64.1846611499786,4,4.1847,-59,8.20385287453589,8.8557902844867,1.928,-2.42225972926905
64.7545740604401,4,4.40559,-59,8.20868749367173,8.85134322467825,1.928,-2.41020995153806
65.3167459964752,4,4.54672,-59,8.21387229766168,8.84611357651488,1.928,-2.39947514252882
65.4635190963745,4,4.48536,-59,8.21532580800167,8.84454440680105,1.928,-2.39695825645317
66.0549881458282,4,4.59581,-59,8.22106898797997,8.8383874468515,1.928,-2.38706336856575
66.7486381530762,4,4.72466,-59,8.22752748330629,8.83159251669371,1.928,-2.37607467170014
66.8623840808868,4,4.78602,-59,8.22865330501582,8.83046669498418,1.928,-2.37418671415399
67.7402331829071,4,4.98851,-59,8.23743074405387,8.82170275562672,1.928,-2.35977020555311
68.1693460941315,4,5.01305,-59,8.2419034473172,8.81726434472138,1.928,-2.35303910557083
68.5450839996338,4,5.13577,-59,8.24602969447758,8.81275654241518,1.928,-2.34818996272456
69.0136251449585,4,5.27076,-59,8.25191842729186,8.80493427805946,1.928,-2.34584328341784
69.4821670055389,4,5.43029,-59,8.25729281352807,8.79852224401206,1.928,-2.34109676598231
70.0648760795593,4,5.54074,-59,8.26299076802469,8.79325115103278,1.928,-2.33059338561624
70.5757930278778,4,5.688,-59,8.26846585346419,8.78821843194608,1.928,-2.32221955883482
70.8174521923065,4,5.79845,-59,8.27113600135201,8.78576895743742,1.928,-2.31839915095813
71.4983592033386,4,5.98866,-59,8.27852916508957,8.77915184213412,1.928,-2.3078238000839
71.9137420654297,4,6.06843,-59,8.28299099344159,8.77522063452716,1.928,-2.30144250886275
72.3040971755981,4,6.17887,-60,8.28744445412998,8.7713997919789,1.928,-2.29476923734864
72.7047910690308,4,0.0184078,-60,8.29206572491864,8.76745353827173,1.928,-2.28778973380734
73.1160771846771,4,0.16567,-59,8.29578618634329,8.76427748055237,1.928,-2.28011756428298
73.3996770381927,4,0.171806,-60,8.29770736393487,8.76263819823739,1.928,-2.27450723546293
74.0460979938507,4,0.472466,-59,8.30293311651072,8.75825689061584,1.928,-2.26211839465844
74.5194451808929,4,0.582913,-60,8.30796634574246,8.75412974221514,1.928,-2.25361517455181
74.8014600276947,4,0.779262,-60,8.31093805185245,8.75169811351148,1.928,-2.24863766995157
75.2432940006256,4,0.938796,-59,8.31513827745836,8.74834815481473,1.928,-2.24233268527544
75.5647850036621,4,0.93266,-59,8.31819448143034,8.74591062930169,1.928,-2.23774499856088
75.9263501167297,4,1.09833,-59,8.32192061283573,8.74301262552636,1.928,-2.23227174013376
76.4354059696198,4,1.30695,-59,8.32750305113029,8.73875014694071,1.928,-2.22420068215089
76.9752202033997,4,1.58307,-59,8.33266627281784,8.7348165695241,1.928,-2.21587927292161
77.2308900356293,4,1.60761,-59,8.33475651408125,8.73322886975334,1.928,-2.21204946495284
77.745423078537,4,1.85305,-58,8.33810348881758,8.73044221286652,1.928,-2.20391050565862
77.9625191688538,4,1.87146,-58,8.33826061101715,8.72986297132483,1.928,-2.19984643443699
78.3869180679321,4,2.02485,-58,8.33856776757819,8.72873061803264,1.928,-2.1919016236865
78.6960799694061,4,2.11076,-58,8.34009471820663,8.72731912291187,1.928,-2.18665161073715
79.1484591960907,4,2.17212,-58,8.34462491938135,8.72422030459169,1.928,-2.17991657772684
79.5385811328888,4,2.3746,-58,8.34855056461231,8.72154719509165,1.928,-2.17409692905193
79.9194731712341,4,2.58936,-58,8.35245261343967,8.71893455568178,1.928,-2.16837279675264
80.3043711185455,4,2.67526,-57,8.35639570080501,8.71629443868093,1.928,-2.16258846274108
80.6985201835632,4,2.82252,-57,8.36091219807773,8.71337400981652,1.928,-2.15529210495578
81.212690114975,4,3.03115,-58,8.36690127670654,8.70952021756252,1.928,-2.14549490864783
81.6405971050262,4,3.2275,-57,8.37215073337705,8.70619733497084,1.928,-2.13878694610686
82.1280360221863,4,3.38089,-57,8.37816635779983,8.70239652879067,1.928,-2.1313411501053
82.4911060333252,4,3.52816,-56,8.38386792953929,8.69591866312793,1.928,-2.12486352343585
82.8739771842957,4,3.63247,-56,8.38990196632709,8.68902324572622,1.928,-2.11801620342883
83.4473340511322,4,3.85336,-56,8.39614600011757,8.68412359442278,1.928,-2.10894537152439
83.7335259914398,4,3.99449,-56,8.39883075856779,8.68251744356019,1.928,-2.1046006998396
84.2226431369781,4,4.0988,-56,8.40382953890663,8.67956570592556,1.928,-2.09720435772211
84.6335940361023,4,4.20924,-55,8.40815146689724,8.67702422435717,1.928,-2.09099863285733
85.0474121570587,4,4.36264,-55,8.41246074420135,8.67452765707985,1.928,-2.08470084261229
85.4592139720917,4,4.5099,-55,8.4167349905961,8.67206379364279,1.928,-2.07841774881796
86.176805973053,4,4.71852,-55,8.42521854435054,8.66729921673024,1.928,-2.06818266322692
86.5227282047272,4,4.84124,-55,8.43011344213943,8.66502304886129,1.928,-2.06262298818966
86.9219591617584,4,4.98851,-55,8.43748616910029,8.6625686018845,1.928,-2.05447591371221
87.4823710918427,4,5.09895,-54,8.44659898588723,8.65902969845443,1.928,-2.04412277150332
87.8028380870819,4,5.24621,-54,8.45070827840093,8.65692266744882,1.928,-2.03916756230597
88.256982088089,4,5.27076,-54,8.45645504811846,8.65400876396537,1.928,-2.0324846951763
88.8256101608276,4,5.4487,-55,8.46348675793713,8.65051421726761,1.928,-2.02484214995924
89.1802351474762,4,5.52233,-55,8.46767903732038,8.64846582602124,1.928,-2.01973936539218
89.5009610652924,4,5.54074,-55,8.47143201554281,8.64663940332175,1.928,-2.01505715456825
89.8538801670074,4,5.66959,-54,8.47589547629251,8.6445299456782,1.928,-2.00980228189357
90.5421950817108,4,5.89049,-54,8.48619742286328,8.63966653598525,1.928,-1.99928494833782
90.8129861354828,4,5.91503,-54,8.49291299252885,8.63609614769069,1.928,-1.99503287910233
91.375500202179,4,5.95798,-54,8.50544857081175,8.62955172382019,1.928,-1.98620089967791
91.6660671234131,4,5.98253,-54,8.50881243852622,8.62808980509455,1.928,-1.98164058604122
92.1657810211182,4,6.17274,-55,8.51468851953465,8.62555072885649,1.928,-1.97407855107576
92.7540690898895,4,0.0613592,-55,8.52204350766372,8.62244191944111,1.928,-1.96652641893499
93.1347861289978,4,0.104311,-54,8.52714284300156,8.62032807843354,1.928,-1.96093479771033
93.4796390533447,4,0.245437,-54,8.53185604381923,8.6183850678588,1.928,-1.95567445200797
93.9188351631165,4,0.319068,-54,8.53785066293931,8.61595689878425,1.928,-1.94917827365816
94.2591600418091,4,0.374291,-54,8.54249208239519,8.61409682142196,1.928,-1.94423853990833
94.704962015152,4,0.527689,-54,8.54763000025408,8.61296909791654,1.928,-1.93644337581782
95.0763001441956,4,0.582913,-54,8.5514686075081,8.61264261843359,1.928,-1.92933008041669
95.5804560184479,4,0.754719,-55,8.55783958613484,8.61043401211929,1.928,-1.92177608255171
95.9536111354828,4,0.760854,-55,8.56275067854013,8.60850221981163,1.928,-1.91653738003793
96.4025712013245,4,0.93266,-55,8.56860063046414,8.60630699245364,1.928,-1.90999356878552
96.6668250560761,4,1.01856,-55,8.57204385952535,8.60501490138466,1.928,-1.90614194036735
97.1247391700745,4,1.15355,-55,8.57732480005297,8.60303872865151,1.928,-1.8995886474862
97.6339321136475,4,1.32536,-55,8.58354934449679,8.60076942420492,1.928,-1.89219514541916
98.2699019908905,4,1.63216,-55,8.59217802549615,8.59781340461063,1.928,-1.88291467549055
98.6408669948578,4,1.74874,-55,8.59707201693827,8.59665255188611,1.928,-1.87899232289273
98.8843240737915,4,1.83464,-55,8.6002838478336,8.5958907069402,1.928,-1.87641815957328
99.275502204895,4,1.93895,-55,8.60537806196133,8.59429576427936,1.928,-1.87133944350672
99.7417650222778,4,2.08621,-55,8.61148741828355,8.59229776462562,1.928,-1.86497513860162
100.099333047867,4,2.19666,-56,8.61657478809877,8.59068771687511,1.928,-1.8594066598432
100.346412181854,4,2.26416,-56,8.62009015535273,8.58957517555316,1.928,-1.8555588468096
100.792629003525,4,2.3746,-55,8.62638263255621,8.58767967775894,1.928,-1.849762543439
101.205741167068,4,2.5955,-56,8.63217408425176,8.58596495397493,1.928,-1.84468365669394
101.683986186981,4,2.69367,-55,8.6385744349873,8.58411831710294,1.928,-1.83824359333749
101.876857995987,4,2.7673,-55,8.64115563745306,8.58337358547115,1.928,-1.83564637513772
102.258891105652,4,2.9207,-56,8.64501769623548,8.58660791370938,1.928,-1.833570223021
102.784775972366,4,3.06183,-56,8.65080043784092,8.58971465696739,1.928,-1.82981750051668
103.028923988342,4,3.19682,-56,8.65428289901911,8.5887153420206,1.928,-1.82645953311974
103.268716096878,4,3.32567,-56,8.65770322871327,8.58773385610837,1.928,-1.82316147608131
103.652156114578,4,3.4852,-55,8.66278941331949,8.58631988243063,1.928,-1.81755836889545
104.033881187439,4,3.60179,-55,8.66770245704373,8.58497326659187,1.928,-1.81185103223507
104.577568054199,4,3.76746,-55,8.67456690583622,8.583161457516,1.928,-1.80279386930565
104.788629055023,4,3.8779,-56,8.6772241989432,8.58246409382231,1.928,-1.79922550427627
105.02192902565,4,3.98221,-56,8.68026108755064,8.58170747965882,1.928,-1.79583240317048
105.644324064255,4,4.17856,-55,8.68859522974428,8.57959141315069,1.928,-1.78735008090869
106.032790184021,4,4.3381,-55,8.69450454642064,8.57766096487166,1.928,-1.78207888463568
106.39143204689,4,4.41173,-55,8.69967061182782,8.57606848771552,1.928,-1.77694929553071
106.559545993805,4,4.44854,-55,8.70166702409204,8.57560065096683,1.928,-1.77415848720313
106.978357076645,4,4.63262,-55,8.70664055304377,8.57443516042362,1.928,-1.76720593223
107.413601160049,4,4.69398,-56,8.71119336753871,8.57337348717545,1.928,-1.76004442976468
107.671972036362,4,4.84738,-55,8.71384624206986,8.57275534165363,1.928,-1.75579835873979
107.895740032196,4,4.90874,-55,8.71688014980332,8.57210370522041,1.928,-1.75266282940964
108.332705020905,4,5.04986,-55,8.7233404675429,8.57074660071945,1.928,-1.74693422239178
108.66073012352,4,5.16645,-55,8.72809577866806,8.56977888054523,1.928,-1.7414572739446
109.008527994156,4,5.30144,-55,8.73309464851443,8.56877612810336,1.928,-1.73511312730741
109.19197010994,4,5.44256,-55,8.73563469451954,8.56816082501184,1.928,-1.73181560178037
109.485201120377,4,5.5346,-56,8.739376792684,8.56689252999636,1.928,-1.7267047495893
109.839787006378,4,5.6021,-55,8.74390721485654,8.5653742770898,1.928,-1.72054908563518
109.966305017471,4,5.62664,-55,8.74561558157168,8.56509797676483,1.928,-1.71877570707887
110.423103094101,4,5.78618,-55,8.75178370437815,8.56410038396421,1.928,-1.7123728565546
110.752185106277,4,5.90276,-55,8.75610357151727,8.56345865280959,1.928,-1.70691007518538
111.050062179565,4,6.00093,-55,8.75995753046245,8.56291277790042,1.928,-1.70157856009508
111.423715114594,4,6.19728,-56,8.76483833480093,8.5622383007394,1.928,-1.69558874038392
111.834315061569,4,6.25251,-56,8.77026646132858,8.56151142418494,1.928,-1.68997889471766
111.986456155777,4,0.0552233,-56,8.77228211119479,8.56124593779709,1.928,-1.68793112160311
112.342223167419,4,0.13499,-55,8.77704248503896,8.56066668876738,1.928,-1.6834761699746
112.698759078979,4,0.245437,-55,8.78147971119472,8.56019455088612,1.928,-1.67877057761057
113.052150011063,4,0.362019,-55,8.78436021781303,8.56021977423654,1.928,-1.67300956437393
113.310464143753,4,0.441786,-55,8.78646574883058,8.56023821146086,1.928,-1.66879850233884
113.744312047958,4,0.674952,-56,8.79314572329013,8.55953725334699,1.928,-1.66194912365135
114.093303203583,4,0.754719,-56,8.79859401334712,8.55895540596758,1.928,-1.65660058068529
114.37452507019,4,0.877437,-56,8.80263087220895,8.55856636153841,1.928,-1.65295276625264
114.778297185898,4,0.96334,-56,8.80848330960554,8.55801341673793,1.928,-1.64761140922212
115.141515016556,4,1.05538,-56,8.81400453102099,8.55754165040102,1.928,-1.64233384734332
115.488298177719,4,1.15969,-56,8.81931204857354,8.55709994911626,1.928,-1.63736328920092
115.714897155762,4,1.20878,-56,8.82286417026467,8.55683161131145,1.928,-1.63427405022308
115.960513114929,4,1.25786,-56,8.82671439846862,8.55654075365676,1.928,-1.63092555147347
116.409604072571,4,1.39285,-57,8.8349169211713,8.55565164790364,1.928,-1.62378335722991
116.710342168808,4,1.56466,-57,8.84071784263767,8.55496159201164,1.928,-1.61873036731101
117.209653139114,4,1.71192,-58,8.84714951803012,8.55457333361823,1.928,-1.61109715006105
117.661689996719,4,1.77942,-58,8.8528905910746,8.55431365695656,1.928,-1.60419202176306
117.998821973801,4,1.88373,-58,8.85742920145652,8.55413018121772,1.928,-1.59896779151495
118.240998029709,4,2.00645,-58,8.86073727969523,8.5540094468994,1.928,-1.5953000883784
118.674782991409,4,2.07394,-58,8.86684824398648,8.55383613173568,1.928,-1.5890607424844
119.032132148743,4,2.15371,-59,8.8719931298657,8.55371800635462,1.928,-1.58326210194332
119.455429077148,4,2.28256,-60,8.87820064823677,8.55360327595671,1.928,-1.57572008789132
119.586045026779,4,2.27643,-59,8.87983582218563,8.55358927956014,1.928,-1.57384400497196
120.133390188217,4,2.52186,-60,8.8844336501634,8.55370280617687,1.928,-1.56961108397655
120.32790517807,4,2.60777,-60,8.88681508127308,8.55372,1.928,-1.56735265238593
120.714915990829,4,2.71208,-60,8.89265770201292,8.55372,1.928,-1.5617448820876
121.265866994858,4,2.94524,-62,8.89988898530904,8.55373601517088,1.928,-1.55352130629088
121.532169103622,4,2.96365,-62,8.90313567576969,8.55374742040669,1.928,-1.5494914563046
121.923539161682,4,3.15386,-63,8.90801245931671,8.55379867754779,1.928,-1.54354674155878
122.254472970963,4,3.34408,-63,8.91215235363759,8.55384732495461,1.928,-1.53851659969298
122.49936413765,4,3.33181,-63,8.91549092454277,8.55391515025221,1.928,-1.53525286093641
122.848127126694,4,3.53429,-64,8.92027701112661,8.55401538243197,1.928,-1.53065721549414
128.280992984772,4,1.12287,-66,9.00406204315049,8.55726380467981,1.928,-1.49526320496132
128.540072202683,4,1.30082,-64,9.00788384052864,8.55748560769474,1.928,-1.49549669284691
129.00959610939,4,1.51557,-64,9.01460172599606,8.55786776285606,1.928,-1.4954028301757
129.353847980499,4,1.67511,-64,9.01920947608514,8.55813185507314,1.928,-1.49588965819138
129.488322973251,4,1.77328,-63,9.02098095589699,8.55823357601575,1.928,-1.49612956607489
129.886816978455,4,1.88986,-62,9.02668627842638,8.55849652201687,1.928,-1.49629669959963
130.196776151657,4,2.00645,-63,9.03202671443818,8.55862483406687,1.928,-1.49534984516175
130.544773101807,4,2.11689,-62,9.03792135530399,8.5588102553102,1.928,-1.49436465521124
130.812185049057,4,2.19666,-62,9.04214111358163,8.55907943313654,1.928,-1.49384609204579
131.098437070847,4,2.39301,-62,9.04665816807698,8.55936757544956,1.928,-1.49329099435452
131.433425188065,4,2.50346,-62,9.05211416962779,8.5597503910804,1.928,-1.4930248044598
131.718183994293,4,2.56482,-61,9.05677866483046,8.5600829442093,1.928,-1.49285852789535
131.906222105026,4,2.68753,-61,9.05958025639231,8.5602767697464,1.928,-1.4930245062712
132.31715798378,4,2.81025,-61,9.06522065218889,8.5606557437081,1.928,-1.49386456521962
132.59185218811,4,2.99433,-61,9.06899947175658,8.56091678317501,1.928,-1.49413792752765
132.997640132904,4,6.24637,-62,9.07459368033056,8.56131336509325,1.928,-1.49413191871071
133.299524068832,4,3.12318,-61,9.07885423536014,8.5609382663882,1.928,-1.49462189569784
133.639037132263,4,3.31953,-60,9.08372939152309,8.55994966613249,1.928,-1.49559111163481
133.934960126877,4,3.42998,-61,9.0880870992496,8.55951622984491,1.928,-1.49611011857916
134.183833122253,4,3.42385,-60,9.09191267104092,8.5597861866287,1.928,-1.49606394176088
134.444020986557,4,3.50361,-60,9.09591217027392,8.56006841684384,1.928,-1.49601566553987
134.808016061783,4,3.62633,-60,9.10124455650512,8.56044732746624,1.928,-1.49612770109611
135.095722198486,4,3.75518,-60,9.1053966078959,8.56074302252078,1.928,-1.49625912112035
135.374584197998,4,3.87177,-60,9.10943195086461,8.56103516373699,1.928,-1.4968867786504
135.560253143311,4,3.89631,-60,9.11212538003308,8.56123304832896,1.928,-1.49760960709051
135.752906084061,4,3.98221,-60,9.11492012338198,8.56143837641174,1.928,-1.49835962494843
136.204605102539,4,4.11107,-59,9.12214732772411,8.561928641565,1.928,-1.50399509213303
136.740056037903,4,4.36264,-58,9.12938422203448,8.56256954771264,1.928,-1.51246585532183
137.063429117203,4,4.44241,-58,9.13129403938608,8.563033839149,1.928,-1.51682636561583
137.425379037857,4,4.62035,-58,9.13505933326663,8.56342137139067,1.928,-1.52213165125103
137.737951993942,4,4.63876,-57,9.13990498544542,8.56362662000966,1.928,-1.52712900893082
137.998702049255,4,4.69398,-57,9.14393137030381,8.56378757178915,1.928,-1.53121053762807
138.373193979263,4,4.81056,-57,9.14959661141963,8.56394278387451,1.928,-1.53642677235409
138.704617023468,4,4.95783,-56,9.15491296965322,8.56408465502729,1.928,-1.54094668136704
139.002329111099,4,5.02532,-56,9.16065550562395,8.56422650252936,1.928,-1.54469877658298
139.434674024582,4,5.17258,-56,9.16829646499649,8.56437737060191,1.928,-1.55063365703991
139.767599105835,4,5.28917,-56,9.17318989934353,8.56441537785898,1.928,-1.5558929112362
140.139335155487,4,5.41188,-55,9.17812917476108,8.56478313968918,1.928,-1.56137443539366
140.385624170303,4,5.48552,-55,9.18092126555425,8.56532467870951,1.928,-1.5646482849257
140.622963190079,4,5.55301,-55,9.18361189344306,8.56584653852674,1.928,-1.56780316472984
141.073976993561,4,5.70027,-54,9.19193120275083,8.56588179375718,1.928,-1.57405178121974
141.33188700676,4,5.81686,-54,9.19697368717871,8.5658169018304,1.928,-1.57764755739769
141.825128078461,4,5.9948,-54,9.20554421784078,8.56565051180465,1.928,-1.58405732471596
142.127606153488,4,6.04388,-54,9.21071840037621,8.56553249560217,1.928,-1.5881780110247
142.437705039978,4,6.17887,-54,9.21586930485739,8.56535976535732,1.928,-1.59314289831912
142.927780151367,4,0.079767,-53,9.22371764222003,8.56506861303492,1.928,-1.60091893024867
143.324848175049,4,0.171806,-53,9.22962015419344,8.56480432145403,1.928,-1.60710922638794
143.611879110336,4,0.374291,-52,9.23419958449175,8.56511442927471,1.928,-1.61142411764353
143.934354066849,4,0.392699,-52,9.23956814992819,8.56582132223254,1.928,-1.61615743467868
144.604900121689,4,0.570641,-52,9.25088673200324,8.56568434144482,1.928,-1.62670328483379
144.949912071228,4,0.687223,-52,9.25680631033554,8.56528296193454,1.928,-1.63168871388036
145.489348173141,4,0.895845,-52,9.26616981131543,8.56459202637285,1.928,-1.63846475047659
145.709431171417,4,0.957204,-52,9.26991348716848,8.56427598063069,1.928,-1.64108434611267
146.182538032532,4,1.04924,-51,9.27797454882195,8.56358958102956,1.928,-1.64689356096362
146.781758069992,4,1.18423,-51,9.28834896283905,8.5626340428964,1.928,-1.65644041070468
147.13640499115,4,1.22718,-51,9.29393468387753,8.56190119808572,1.928,-1.66095052195796
147.631981134415,4,1.31309,-51,9.30169883709203,8.56085643666902,1.928,-1.66705407628251
147.92125916481,4,1.4174,-51,9.30651972721816,8.56031269506509,1.928,-1.67092020752931
148.498241186142,4,1.4174,-52,9.31620206540724,8.5591622418241,1.928,-1.6787879339291
148.897739171982,4,1.52784,-52,9.32295410213091,8.55831823723364,1.928,-1.68434809930544
149.304906129837,4,1.54625,-52,9.32915241763749,8.5574865765328,1.928,-1.69119706645101
149.863862991333,4,1.55239,-52,9.33828392939488,8.55619769660684,1.928,-1.69985024396583
150.187175035477,4,1.61988,-52,9.34405311689303,8.55534317323842,1.928,-1.7042521940745
150.649522066116,4,1.6567,-52,9.3471577536818,8.55414106375659,1.928,-1.71084617767704
151.239695072174,4,1.69965,-52,9.35205314020966,8.55249551115772,1.928,-1.71994085163274
151.544363021851,4,1.74874,-52,9.35757433574434,8.55154242265098,1.928,-1.72508836929472
152.124031066895,4,1.74874,-52,9.36665081545546,8.54991493459855,1.928,-1.73360028108419
152.429567098618,4,1.75487,-51,9.37104147051448,8.54910830978632,1.928,-1.73773368823012
152.898833036423,4,1.78555,-51,9.37851424345766,8.54769375369703,1.928,-1.74482421497054
153.155616998672,4,1.78555,-51,9.38261717389125,8.54691413976129,1.928,-1.74872960509388
153.603418111801,4,1.80396,-51,9.38981376738152,8.5454575393636,1.928,-1.75602495115348
153.972710132599,4,1.82851,-51,9.39592868411919,8.54391943368568,1.928,-1.76217965057752
154.481803178787,4,1.86532,-51,9.40500376823198,8.54059166064832,1.928,-1.77116027825038
154.957551002502,4,1.91441,-51,9.41314305470646,8.53853597674252,1.928,-1.77864817577533
155.264147043228,4,1.96963,-51,9.41833780615027,8.53736748589543,1.928,-1.78333964464455
155.771128177643,4,1.97577,-51,9.42757102893713,8.53521202725505,1.928,-1.79141095952481
156.400184154511,4,2.01258,-51,9.43894683278365,8.53249477874781,1.928,-1.80025264446146
156.644462108612,4,2.00645,-51,9.44334427440649,8.53143116281207,1.928,-1.80342954320723
157.14336514473,4,2.01258,-51,9.45090449203316,8.52952276620925,1.928,-1.81173206105032
157.603874206543,4,2.04326,-51,9.46104327297091,8.52421453549696,1.928,-1.81799989396345
157.999922037125,4,2.03099,-51,9.4741803301184,8.51488669732958,1.928,-1.82126569250735
158.478559017181,4,2.00031,-51,9.48500520233787,8.50935825249401,1.928,-1.82740251380267
158.732634067535,4,1.98804,-51,9.48922054624901,8.50816437186801,1.928,-1.83132376395257
159.232531070709,4,1.97577,-51,9.49730491465864,8.50583610158497,1.928,-1.83934800934959
159.508159160614,4,1.95122,-51,9.50170451193254,8.50455808835349,1.928,-1.84385778017793
160.259780168533,4,1.92668,-51,9.51329422182337,8.50109786016632,1.928,-1.85546361110114
160.482225179672,4,1.85918,-51,9.51673808034836,8.50003561320964,1.928,-1.85884754537392
160.927043199539,4,1.80396,-51,9.52376973684358,8.49777346739732,1.928,-1.86560333042861
161.381395101547,4,1.7426,-51,9.53070974797572,8.49562205958906,1.928,-1.8724637754321
161.764180183411,4,1.71192,-52,9.5363970833948,8.49391433420853,1.928,-1.87821718355935
162.292330026627,4,1.66284,-52,9.54465998365286,8.49125345944316,1.928,-1.88608612621902
162.781773090363,4,1.55852,-52,9.5523737374841,8.48869226359239,1.928,-1.89337240588533
163.06662106514,4,1.51557,-52,9.55679821836608,8.48718079496811,1.928,-1.8976280733885
163.49741101265,4,1.44808,-52,9.56357398299104,8.48485140757088,1.928,-1.90401118792744
163.983646154404,4,4.45468,-53,9.57141118717792,8.48212457867611,1.928,-1.9110970568369
164.540203094482,4,1.21491,-52,9.57944475629616,8.4792459921881,1.928,-1.91950700318695
164.914268016815,4,1.07992,-53,9.58494227107243,8.47729345406863,1.928,-1.92520664198576
165.42674612999,4,1.01856,-53,9.59615087748299,8.47376899282071,1.928,-1.9329044478509
165.883933067322,4,0.96334,-53,9.60465817659554,8.47072452855659,1.928,-1.94008673790568
166.301263093948,4,0.901981,-54,9.61133206712054,8.46801846192377,1.928,-1.94687338120705
166.733282089233,4,0.717903,-54,9.61779150345363,8.46530499278409,1.928,-1.95382460281693
167.264129161835,4,0.552233,-54,9.62559183130565,8.46197192394284,1.928,-1.96217226245584
167.706655979156,4,0.417243,-54,9.63228928485259,8.4590396487102,1.928,-1.96839051149005
167.972167015076,4,0.325204,-54,9.63630849218316,8.4572777798128,1.928,-1.97215478534393
168.562800168991,4,0.104311,-55,9.64527933979928,8.45326450587927,1.928,-1.98176531988684
168.970215082169,4,0,-55,9.65075741764008,8.45144866516506,1.928,-1.98818068691396
169.38632106781,4,6.16047,-55,9.65583362979958,8.45029002103858,1.928,-1.99457661032066
169.873675107956,4,6.01934,-55,9.6630940740225,8.44730583350626,1.928,-2.00226899168527
170.278079986572,4,5.87821,-55,9.66959122890846,8.44424497482403,1.928,-2.00872443129107
170.860640048981,4,5.7555,-56,9.67830874660266,8.44002807582872,1.928,-2.01786587341688
171.175649166107,4,5.64505,-56,9.68307092776418,8.43770773042723,1.928,-2.02285846089861
171.634494066238,4,5.43643,-57,9.69038080233229,8.4340750116069,1.928,-2.03042940241559
172.012261152267,4,5.30757,-57,9.69636855099334,8.4310847282552,1.928,-2.03642695395563
172.393935203552,4,5.22781,-58,9.7022970185952,8.42806564539762,1.928,-2.04154937889883
172.834515094757,4,4.95783,-58,9.70884628107626,8.42488625136363,1.928,-2.0471221035963
173.364706993103,4,4.70012,-59,9.71549868230126,8.42233702039228,1.928,-2.05240678140342
173.650145053864,4,4.54058,-60,9.71943304428393,8.42059107173921,1.928,-2.05575237794501
173.966289997101,4,4.3381,-59,9.72466085293847,8.41773630915822,1.928,-2.06069194639428
174.556445121765,4,4.25833,-60,9.7340172320811,8.41259396206875,1.928,-2.06978420037405
174.960874080658,4,4.03744,-61,9.73986629342958,8.40933101420077,1.928,-2.0758353018382
175.426330089569,4,3.74291,-61,9.74655352358511,8.40557373297453,1.928,-2.08275970371483
176.032823085785,4,3.30726,-63,9.75523505939777,8.40066234601835,1.928,-2.09169457268739
176.378017187119,4,3.08023,-63,9.76039499943728,8.39762759431592,1.928,-2.09594063863469
176.587195158005,4,2.94524,-64,9.76352177878604,8.39578861966135,1.928,-2.09851363584314
177.226039171219,4,2.36847,-64,9.77270615378276,8.39019058661005,1.928,-2.10627854509607
177.600906133652,4,2.06167,-62,9.77797711749888,8.38691165934852,1.928,-2.11080469872186
178.047360181808,4,1.81623,-63,9.78410455549067,8.38297608070653,1.928,-2.11839767391514
178.422183036804,4,1.64443,-62,9.78922770838659,8.37966764529421,1.928,-2.12508302464482
178.78716301918,4,1.31922,-63,9.79428490379651,8.37635996641527,1.928,-2.13099083738284
179.149160146713,4,1.18423,-62,9.79933354678458,8.37303815497999,1.928,-2.13656263377236
179.946352005005,4,0.539961,-63,9.80957871397752,8.36624385708422,1.928,-2.14874831435458
180.270825147629,4,0.490874,-63,9.81359981617014,8.36356576877694,1.928,-2.15368695362884
180.709504127502,4,0.227029,-62,9.81987656832423,8.35925269327441,1.928,-2.15960303047958
181.070952177048,4,6.21569,-63,9.82504827685749,8.35569894942195,1.928,-2.16447756182658
181.455446004868,4,6.11752,-63,9.83155251908039,8.3511585231471,1.928,-2.17105451595521
181.760322093964,4,5.86594,-62,9.83689345515307,8.34741917155515,1.928,-2.17652427512743
182.283773183823,4,5.688,-61,9.84517858808304,8.34156202268852,1.928,-2.18510179420438
182.551171064377,4,5.54074,-61,9.84897028745841,8.33885036563332,1.928,-2.18907831365593
182.995930194855,4,5.43643,-60,9.85522798957207,8.33436075830839,1.928,-2.19556700279693
183.806210041046,4,5.056,-59,9.86594364896866,8.32647021818177,1.928,-2.20563486414436
184.210744142532,4,4.93328,-59,9.8709116228735,8.32270322992093,1.928,-2.21196323555071
184.672580003738,4,4.72466,-59,9.8765367343469,8.31842367620068,1.928,-2.21934680156069
184.989902973175,4,4.65717,-59,9.88043426854485,8.31542209655506,1.928,-2.22429754009837
185.279627084732,4,4.56513,-59,9.88401174934764,8.31264604458629,1.928,-2.22874653666742
185.89483499527,4,4.36264,-59,9.8925069658094,8.30541344404189,1.928,-2.2383977856098
186.374751091003,4,4.31355,-58,9.90134585985063,8.29647863967126,1.928,-2.24642901371922
186.600399017334,4,4.16016,-59,9.90550174903457,8.2922776551735,1.928,-2.25020515289207
187.216135978699,4,3.99449,-60,9.91407565843758,8.28490074174858,1.928,-2.25959750612148
187.743008136749,4,3.87177,-59,9.92084678621132,8.27931691338239,1.928,-2.26733596350944
188.172954082489,4,3.72451,-60,9.92591714789104,8.27503517154307,1.928,-2.27308361046386
188.530148983002,4,3.58952,-60,9.93012955494754,8.27147794216232,1.928,-2.27785869952425
188.701053142548,4,3.46066,-60,9.93219371852816,8.26970174938183,1.928,-2.28062602945118
189.29705119133,4,3.35021,-60,9.93945277150686,8.26341517108913,1.928,-2.29087779485066
189.81014919281,4,3.2275,-61,9.94598737760782,8.25765146786698,1.928,-2.29886759075488
190.300059080124,4,3.04342,-62,9.95244451720455,8.25187975336645,1.928,-2.30585783875976
190.773115158081,4,2.84093,-61,9.96026299952656,8.24532073192962,1.928,-2.31434522351571
191.157754182816,4,2.62004,-62,9.9670855941025,8.23969785517335,1.928,-2.3217570033554
191.426999092102,4,2.6814,-62,9.97122815901562,8.23614722066859,1.928,-2.32641279568042
191.980818986893,4,2.72435,-64,9.97755975603108,8.23017616414252,1.928,-2.33414860302299
192.214115142822,4,2.57095,-64,9.98022567713065,8.22765610089626,1.928,-2.33742436771383
192.710280179977,4,2.2212,-64,9.98584598843387,8.22210944286617,1.928,-2.34506164557345
257.966138124466,4,0.877437,-64,10.6619148437701,7.58959411718028,1.928,-1.89222239840839
258.318462133408,4,0.776194,-65,10.6661398281915,7.5880902833097,1.928,-1.88681197184342
258.633634090424,4,0.693359,-64,10.6699191152333,7.58674653680593,1.928,-1.88205426937849
258.841023206711,4,0.760854,-64,10.6725286395273,7.58582218250324,1.928,-1.8790021348341
259.210787057877,4,0.558369,-64,10.677503286979,7.58406874241137,1.928,-1.87376644152607
259.594630002975,4,0.484738,-64,10.682528519582,7.5823059979113,1.928,-1.86837361462167
259.745784044266,4,0.435651,-64,10.6843202373543,7.58168931365481,1.928,-1.86630688900529
260.213175058365,4,0.527689,-64,10.689860498001,7.57978243324616,1.928,-1.85991626277092
260.488159179688,4,0.374291,-63,10.6945561313525,7.5772543909034,1.928,-1.85640491881339
260.791584014893,4,0.233165,-64,10.6998630851767,7.5743418343558,1.928,-1.85255215391112
261.119750022888,4,0.16567,-64,10.7047012679997,7.57213398452592,1.928,-1.84764286696666
261.404954195023,4,0.128854,-64,10.7080850820044,7.57107321586603,1.928,-1.84270021729692
261.82546210289,4,0.0245437,-65,10.7128812349038,7.56957605194856,1.928,-1.83560824105974
262.15734910965,4,0.0368155,-65,10.7162659611717,7.56853319034171,1.928,-1.83041680279753
262.297127008438,4,0.0920388,-65,10.7176914762297,7.5680939775941,1.928,-1.828230370918
262.677909135818,4,0.0490874,-65,10.7223784976072,7.56674335883227,1.928,-1.82203878610541
263.126592159271,4,6.0807,-65,10.7284402457206,7.56504854354343,1.928,-1.81458531010886
263.33095908165,4,6.07456,-64,10.730965928066,7.56435421742739,1.928,-1.81154558161192
263.609762191772,4,6.02548,-64,10.7343473948749,7.56342815663084,1.928,-1.80749550659299
263.998486042023,4,5.9948,-65,10.7383499862827,7.56269416278008,1.928,-1.80163837219916
264.211425065994,4,5.86594,-64,10.7395824614083,7.56304336406567,1.928,-1.79814635934329
