153.124969005585,4,6.21876,-67,9.38212653436323,8.5470093875916,1.928,-1.74825250178172
153.547538042068,4,0.0889709,-67,9.38891572105183,8.54563930517304,1.928,-1.75511458171807
153.94430398941,4,0.177942,-65,9.39542231668658,8.54410511525824,1.928,-1.76167855358256
153.96571803093,4,0.177942,-65,9.39580404303197,8.54396513874408,1.928,-1.76205630679545
154.790210008621,4,0.386563,-65,9.41030774454552,8.53917374238108,1.928,-1.77608755867969
155.208722114563,4,0.49701,-65,9.41739872445983,8.53757871994038,1.928,-1.7824915439098
155.499899148941,4,0.564505,-65,9.42262639554313,8.53636689627904,1.928,-1.7870904786454
155.95946097374,4,0.791534,-65,9.4310044248285,8.53441012299924,1.928,-1.79441096379573
156.526255130768,4,0.871301,-65,9.44121633663825,8.53194585037695,1.928,-1.80189223051344
157.017777204514,4,0.99402,-66,9.44904396856636,8.52999525263384,1.928,-1.80958769958486
164.833532094955,4,2.19052,-64,9.58354261246191,8.47776411062263,1.928,-1.92398289036431
165.266193151474,4,2.42369,-64,9.59263936138511,8.47487316241638,1.928,-1.93049282162158
165.311833143234,4,2.38687,-64,9.59363757124241,8.47455928290001,1.928,-1.93117836854978
165.760088205338,4,2.54641,-64,9.6026776647746,8.47152756794336,1.928,-1.93807276611029
166.343406200409,4,2.52186,-62,9.6120060145026,8.46774519605043,1.928,-1.94755871466717
167.008052110672,4,2.48505,-62,9.62180666791938,8.46359739410325,1.928,-1.95823027841551
167.403745174408,4,2.58936,-62,9.62770485976408,8.46104679904707,1.928,-1.96413410318811
167.722593069077,4,2.6139,-62,9.63253048587191,8.45893404621962,1.928,-1.9686144545148
168.206034183502,4,2.60777,-61,9.63986058998949,8.45568868342576,1.928,-1.97596017365597
168.608360052109,4,2.62004,-61,9.64597132731496,8.45295493251699,1.928,-1.98250665116425
168.963291168213,4,2.73662,-60,9.65067295056336,8.45146794475371,1.928,-1.9880742601264
169.415183067322,4,2.79798,-60,9.65618572671221,8.45020965500837,1.928,-1.99502024522285
169.986248016357,4,2.84707,-60,9.66490266650128,8.44645379194523,1.928,-2.00406597201331
170.402171134949,4,2.8532,-59,9.67147658290989,8.44333821045942,1.928,-2.01067864337964
170.764621973038,4,2.95751,-58,9.67687787268247,8.44072132404823,1.928,-2.01636063723093
171.203953027725,4,3.04342,-59,9.6835218375992,8.43748364605633,1.928,-2.02332547465632
172.12033700943,4,3.33181,-59,9.69804727192177,8.43022983658368,1.928,-2.0378774336637
172.400183200836,4,3.20909,-58,9.70239406750211,8.4280162230661,1.928,-2.04163323290207
172.820336103439,4,3.37476,-58,9.70866837503977,8.42495442578109,1.928,-2.04698077476615
173.344732999802,4,3.34408,-58,9.71524806546249,8.42243305792605,1.928,-2.05220769099964
173.539018154144,4,3.33794,-58,9.7176857918834,8.42149890986708,1.928,-2.05414422463324
174.053557157516,4,3.35635,-59,9.72610391260536,8.41694829394737,1.928,-2.06205544159313
174.343389034271,4,3.34408,-58,9.73089660540679,8.41433113617137,1.928,-2.06658388471593
174.916778087616,4,3.60792,-58,9.73922855430914,8.40968678231114,1.928,-2.0751755337326
175.380469083786,4,3.62019,-59,9.74589799774899,8.40594408350859,1.928,-2.08208045819386
175.937564134598,4,3.62633,-59,9.75386097616042,8.40144526264621,1.928,-2.09033157069254
176.407058000565,4,3.87177,-59,9.76082909971739,8.39737228387548,1.928,-2.09629785565717
176.768170118332,4,3.84109,-59,9.76622698128032,8.3941975899571,1.928,-2.10073972143786
177.086786031723,4,3.74905,-59,9.77074813048598,8.39140862116926,1.928,-2.10459719900427
177.442279100418,4,3.79814,-59,9.77574667998275,8.38829915559602,1.928,-2.10888943172431
177.860280990601,4,3.99449,-60,9.78154752011401,8.38462736587458,1.928,-2.11506092432589
178.088947057724,4,3.97608,-60,9.78467297313367,8.38260900732471,1.928,-2.11913941857543
178.764798164368,4,4.06198,-60,9.79397298925675,8.37656519409476,1.928,-2.13064660145438
179.098837137222,4,4.13561,-59,9.79863170997516,8.37349993640219,1.928,-2.13578807082347
179.898097991943,4,4.33196,-59,9.80898171848704,8.3666413028355,1.928,-2.14801295702836
180.123125076294,4,4.44854,-59,9.81176573884242,8.36478785992116,1.928,-2.15144221201827
180.596546173096,4,4.49763,-59,9.81826033158581,8.3603632917036,1.928,-2.15807966608368
180.846541166306,4,4.5099,-60,9.82183733591958,8.35790535017816,1.928,-2.16145112826898
181.387933015823,4,4.55899,-59,9.83036980068608,8.3519865802237,1.928,-2.16984327045491
181.718105077744,4,4.49763,-59,9.83615388129709,8.34793696967857,1.928,-2.17576686278861
182.1787981987,4,4.66944,-59,9.84369004380329,8.34262656425645,1.928,-2.18354069331083
182.700294017792,4,4.65717,-58,9.8510848495041,8.33733812362198,1.928,-2.19129594650963
183.066791057587,4,4.80443,-59,9.85616509898328,8.33367071216764,1.928,-2.19644746075759
183.303173065186,4,4.83511,-59,9.8592911659746,8.33136881397168,1.928,-2.19938454636909
183.813197135925,4,4.81056,-59,9.86603605078421,8.32640217755016,1.928,-2.20572167995595
184.109467029572,4,4.91487,-59,9.86967807845229,8.32364170369908,1.928,-2.21034407534325
184.699242115021,4,4.92101,-59,9.87686147601526,8.31817661453416,1.928,-2.21977306005457
184.996741056442,4,4.95169,-59,9.88051870442934,8.31535657603481,1.928,-2.22440254554245
185.371626138687,4,4.96396,-59,9.88514774333733,8.31176453647333,1.928,-2.23015927195273
185.817583084106,4,5.08054,-59,9.89108417240171,8.30685167609878,1.928,-2.23710500187957
186.194451093674,4,5.06827,-59,9.89802516986711,8.29983536227025,1.928,-2.24341175628703
186.693442106247,4,5.18486,-59,9.90721537775318,8.29054543196852,1.928,-2.2517621964622
187.157440185547,4,5.22781,-59,9.91330771164508,8.28553102605335,1.928,-2.25871844162588
187.602811098099,4,5.26462,-59,9.91913472488402,8.28074856583072,1.928,-2.26538859182865
188.098780155182,4,5.30757,-60,9.9250424131892,8.27577385418698,1.928,-2.27209203105345
188.40237402916,4,5.3628,-60,9.9286227022001,8.27275042622992,1.928,-2.27615056544001
188.83970117569,4,5.36893,-59,9.93388240428817,8.26823929205121,1.928,-2.2830109149584
189.387308120728,4,5.58983,-60,9.94055207012626,8.26246314237985,1.928,-2.29243030474185
189.728965044022,4,5.5346,-60,9.94491734943459,8.25860791259469,1.928,-2.29770921990181
190.222743988037,4,5.5346,-60,9.95142548420385,8.25279061605705,1.928,-2.30475467329566
190.466065168381,4,5.62664,-60,9.9548166525374,8.24980936708901,1.928,-2.30842854117956
191.096618175507,4,5.61437,-61,9.96600118465613,8.24059157685098,1.928,-2.32057894653508
191.631967067719,4,5.56528,-61,9.97357147429715,8.23393734092257,1.928,-2.32927580725815
191.944432973862,4,5.62051,-61,9.97714376958191,8.23056846305162,1.928,-2.33364035983884
192.342996120453,4,5.68186,-61,9.98168557688397,8.22621533289375,1.928,-2.33940818310442
192.687991142273,4,5.72482,-61,9.9855935092764,8.22235861332501,1.928,-2.3447185589764
193.129050970078,4,5.72482,-61,9.99058494382714,8.21740635881263,1.928,-2.35150061478969
193.405335187912,4,5.7555,-60,9.9936893265246,8.21420102058029,1.928,-2.3557155083708
193.945307016373,4,5.85981,-61,9.99975655401421,8.20793648487964,1.928,-2.3639531261819
194.170070171356,4,5.82913,-61,10.0019232677702,8.20564208177489,1.928,-2.36719117359874
194.658228158951,4,5.90276,-61,10.0065991649396,8.2006850570456,1.928,-2.37420788800143
195.052841186523,4,5.85367,-61,10.0117087867968,8.19570147513185,1.928,-2.38145557664248
195.488379001617,4,5.86594,-61,10.0182125225352,8.18956645512031,1.928,-2.39047886984809
195.897724151611,4,5.92117,-61,10.0235511645872,8.1840749009193,1.928,-2.39714270401421
195.948654174805,4,5.87821,-61,10.0241493135105,8.18341508715856,1.928,-2.39781670068756
196.441335201263,4,5.97639,-61,10.0299356180715,8.17703225635409,1.928,-2.40433673252802
196.728620052338,4,5.93957,-61,10.0330207477503,8.17352652368078,1.928,-2.40866299617987
197.238088130951,4,5.9273,-61,10.0384101186393,8.16737066448758,1.928,-2.41648357215878
197.574518203735,4,5.85981,-60,10.0416631338969,8.16358302202232,1.928,-2.42178496243435
197.898303031921,4,5.71868,-61,10.0446804472791,8.16004061773985,1.928,-2.42693790671692
198.124883174896,4,5.74322,-61,10.0467919214373,8.15756169223462,1.928,-2.43054386583127
198.468051195145,4,5.68186,-61,10.0499566084474,8.15373072421456,1.928,-2.43549774309344
199.410866975784,4,5.4487,-61,10.0616974579749,8.14091034239863,1.928,-2.44766010444498
199.709887981415,4,5.54687,-61,10.0665875666193,8.13597676612185,1.928,-2.45102160135016
199.973773002625,4,5.43643,-61,10.0697614162199,8.1323461825178,1.928,-2.45478040394249
200.372857093811,4,5.31985,-61,10.0735314260172,8.1275080032779,1.928,-2.46117975390615
200.725566148758,4,5.23394,-61,10.0767891174699,8.1232799914583,1.928,-2.46647358667064
200.969842195511,4,5.18486,-61,10.0788983055165,8.12044675378385,1.928,-2.46942330189392
201.227410078049,4,5.1419,-61,10.0811222611856,8.11745935064616,1.928,-2.47253352049394
201.584506034851,4,5.03759,-61,10.0841161107833,8.11339448164699,1.928,-2.4776005437822
201.947419166565,4,4.96396,-61,10.0870634397577,8.10934530507133,1.928,-2.48355414831057
202.281654119492,4,4.77988,-61,10.0897956673723,8.10558064773549,1.928,-2.48891837457525
202.542783021927,4,4.85965,-61,10.0919817104634,8.10253700312408,1.928,-2.49276581041553
202.772413015366,4,4.78602,-61,10.0939040601381,8.09986050088465,1.928,-2.49614914584304
203.241343975067,4,4.60194,-62,10.098753343842,8.09483852895629,1.928,-2.50271135937667
203.47025513649,4,4.55285,-62,10.1015007566725,8.09256969771561,1.928,-2.50577191818571
203.88073515892,4,4.47922,-62,10.1060546451457,8.08817527389769,1.928,-2.51151785712861
204.20175409317,4,4.39332,-62,10.1089014366768,8.08411358400904,1.928,-2.51650575665623
204.452306032181,4,4.32583,-62,10.111123327855,8.08094347729979,1.928,-2.52039876035445
204.821329116821,4,4.14788,-63,10.1142360447232,8.07639599646343,1.928,-2.52560777323421
205.135723114014,4,4.20924,-63,10.1168300559777,8.07256577672037,1.928,-2.52985546666355
205.451614141464,4,4.13561,-63,10.1194674093917,8.06867609430163,1.928,-2.53408797297992
205.731777191162,4,3.96381,-63,10.1218554876868,8.06516114156104,1.928,-2.53778576296498
206.044270992279,4,3.82882,-63,10.1245191496672,8.06124056408361,1.928,-2.54191027706278
206.33185005188,4,3.78586,-63,10.1270301704867,8.0574784790626,1.928,-2.54635936770536
206.612195014954,4,3.71223,-63,10.1294887367944,8.05378339852371,1.928,-2.55081371136867
207.186402082443,4,3.60179,-63,10.1344888843009,8.04646545956282,1.928,-2.55938518907107
207.457252979279,4,3.54043,-63,10.1368343112561,8.0431060864932,1.928,-2.5632244725792
207.776940107346,4,3.44839,-64,10.139717673344,8.03869047643373,1.928,-2.56726558490482
208.052352190018,4,3.38089,-64,10.1422982005532,8.03450850439768,1.928,-2.57033565330515
208.367562055588,4,3.27045,-63,10.1452217279971,8.02976808268856,1.928,-2.57396270017529
208.471724033356,4,3.23977,-64,10.146081748057,8.02836430801025,1.928,-2.57556344718989
208.904465198517,4,3.27045,-64,10.1496547032824,8.02253232302941,1.928,-2.58221375417397
209.241962194443,4,3.09251,-64,10.1525767668654,8.01770246116925,1.928,-2.58770779615254
209.51988697052,4,2.87775,-64,10.1551219624245,8.01343657002083,1.928,-2.59254725249738
209.805854082108,4,2.8348,-64,10.1577408085481,8.0090472363771,1.928,-2.59752674864783
210.114412069321,4,2.71208,-64,10.1601546079524,8.00494171141459,1.928,-2.59851890669516
210.401655197144,4,2.69981,-64,10.1623070552125,8.00126461401192,1.928,-2.59843639621685
210.579341173172,4,2.60777,-64,10.1636385394334,7.99898999513454,1.928,-2.59838535598838
211.045080184937,4,2.36233,-65,10.1655571488239,7.99310797744583,1.928,-2.59370352075644
211.254981994629,4,2.2887,-64,10.1662562232802,7.99046547600066,1.928,-2.59111414896996
211.678309202194,4,2.2028,-64,10.1687055205047,7.98535423802704,1.928,-2.58531321106979
211.868973970413,4,2.10462,-64,10.1701025949717,7.98311383860907,1.928,-2.58253684308357
212.199728012085,4,1.95122,-64,10.172522816862,7.97924662330014,1.928,-2.57760221488911
212.537250995636,4,1.95122,-64,10.1749594442745,7.97549160641262,1.928,-2.57139316610754
212.839122056961,4,1.93895,-63,10.1771386952854,7.97213322494418,1.928,-2.56583996754964
213.065625190735,4,1.76101,-64,10.1788984610671,7.96947322906722,1.928,-2.56179231109109
213.402171134949,4,1.78555,-64,10.1816744788871,7.96533956503222,1.928,-2.55593231097432
213.658420085907,4,1.5892,-64,10.1837881625206,7.96219215799674,1.928,-2.55147045692927
213.950828075409,4,1.55239,-64,10.1860805696861,7.9587739835516,1.928,-2.54649055238749
214.223811149597,4,1.46035,-64,10.1881906294632,7.95562647771732,1.928,-2.54186952147549
214.455941200256,4,1.35604,-63,10.1899849102421,7.95295000888887,1.928,-2.5379400465698
214.823767185211,4,1.21491,-63,10.1931625624601,7.94908581879732,1.928,-2.53322196568116
215.214004039764,4,1.24559,-63,10.1965780522647,7.94503602374333,1.928,-2.52841588359901
215.504818201065,4,1.12287,-63,10.1990152790081,7.94184293235149,1.928,-2.52443310334071
215.865066051483,4,0.99402,-63,10.2019813975801,7.93780159579715,1.928,-2.51930264512322
216.062985181808,4,1.04311,-63,10.2036109745714,7.93558129714649,1.928,-2.51648398617106
216.276211023331,4,0.938796,-63,10.2054781134163,7.9330961551054,1.928,-2.51293066552768
216.641752004623,4,0.914253,-63,10.2086892327305,7.92882725531124,1.928,-2.50679176095643
217.060003995895,4,0.760854,-63,10.2124415424865,7.9238713836656,1.928,-2.50058722941695
217.35418510437,4,0.576777,-62,10.2151341745711,7.92033682999958,1.928,-2.49678341254247
217.595669031143,4,0.460194,-63,10.2173444707133,7.91743542717638,1.928,-2.49366098010505
217.777794122696,4,0.460194,-62,10.218932023834,7.9153723452063,1.928,-2.49098784519554
218.276631116867,4,0.411107,-62,10.2232409122038,7.90978365267895,1.928,-2.48350838672683
218.797336101532,4,0.368155,-61,10.2274344723985,7.90322606487941,1.928,-2.47410386585655
219.226940155029,4,0.294524,-62,10.2308181050994,7.89763689573142,1.928,-2.46595143717908
219.45210313797,4,0.233165,-62,10.2327022364536,7.8952325191525,1.928,-2.46297900905754
219.595630168915,4,0.343612,-62,10.2339032499401,7.89369988253906,1.928,-2.46108427584069
220.141081094742,4,0.214757,-62,10.2385686609833,7.88775973240629,1.928,-2.45382433816269
220.50120306015,4,0.171806,-62,10.2418971774909,7.8835541068189,1.928,-2.44888553934455
220.745913028717,4,0.0674952,-62,10.2441589700174,7.88069630139699,1.928,-2.44552952827155
221.117173194885,4,0.0184078,-62,10.2476991623314,7.87642281685687,1.928,-2.44003495161215
221.43007516861,4,6.17887,-62,10.2507081134427,7.87283552189557,1.928,-2.43531050759449
221.735314130783,4,6.07456,-62,10.2536840288119,7.86929271578593,1.928,-2.43096328340895
222.036776065826,4,6.03775,-62,10.2566959231843,7.86571609121867,1.928,-2.42713817755597
222.371291160584,4,6.06229,-62,10.2600380503794,7.86174731517452,1.928,-2.42289367601822
222.75195813179,4,5.95185,-62,10.2639791543076,7.85761047296088,1.928,-2.41731558949668
223.009829044342,4,6.0132,-62,10.2666651245605,7.85485266861985,1.928,-2.41344904162104
223.191658973694,4,5.82913,-62,10.2685590558166,7.85290808571389,1.928,-2.41072266151053
223.666599988937,4,5.86594,-62,10.2728049241662,7.8481343782436,1.928,-2.40382183409107
224.144194126129,4,5.74322,-61,10.276968145683,7.84340043316206,1.928,-2.39683042789063
224.209455013275,4,5.7555,-62,10.2775357998708,7.84277141095397,1.928,-2.39580174645034
224.77272605896,4,5.68186,-62,10.2824352608178,7.8373422785532,1.928,-2.38692312870713
225.122930049896,4,5.61437,-62,10.2853892721963,7.83413698364645,1.928,-2.38138182173216
225.34355711937,4,5.54687,-62,10.287203170306,7.83220467829902,1.928,-2.37787999065924
225.698275089264,4,5.54074,-62,10.2901195044467,7.82909797234633,1.928,-2.372249845582
226.177978038788,4,5.3628,-62,10.2946773368262,7.82425501851309,1.928,-2.36547615073618
226.558799028397,4,5.26462,-62,10.2984357393164,7.82026395301165,1.928,-2.36029045015751
226.982532024384,4,5.30757,-62,10.303311236128,7.81545168843604,1.928,-2.35335016989643
227.329854011536,4,5.27076,-62,10.3074779146895,7.81141596262932,1.928,-2.34737396235965
227.69163608551,4,5.19099,-61,10.3113200462582,7.80767125443564,1.928,-2.34157467425214
227.864057064056,4,5.1235,-61,10.3128514405009,7.80616283110662,1.928,-2.33906701617979
228.426820993423,4,5.01305,-61,10.3178497501537,7.80123949609865,1.928,-2.33088228412339
228.674499988556,4,4.97623,-61,10.3201568195822,7.79903258794705,1.928,-2.32706012754956
229.025657176971,4,4.87192,-61,10.3234313179274,7.79590232345745,1.928,-2.32163381600595
229.429596185684,4,4.77375,-62,10.3274013349104,7.79213885937922,1.928,-2.31550279673344
229.721836090088,4,4.75534,-62,10.3307434824676,7.78904007208098,1.928,-2.31132348988513
230.003171205521,4,4.68785,-61,10.3339609194249,7.7860569145138,1.928,-2.30730013182594
230.637758016586,4,4.56513,-62,10.3407682555757,7.77985856998187,1.928,-2.29855885777537
230.791508197784,4,4.47922,-61,10.3423552604651,7.77843026558145,1.928,-2.29648721913486
231.350493192673,4,4.43014,-61,10.3474190335231,7.77342396141495,1.928,-2.2888491395244
231.506080150604,4,4.30128,-61,10.3485154009472,7.77211322961387,1.928,-2.28667604110764
232.110141992569,4,4.23992,-61,10.3528439944872,7.76702233358091,1.928,-2.27824898081239
232.443739175797,4,4.17856,-62,10.3561783927841,7.76418439014154,1.928,-2.27372531378958
232.81919503212,4,3.98221,-62,10.3599311803699,7.76099035092959,1.928,-2.26863403196479
233.068777084351,4,4.00062,-62,10.3625143462325,7.75881735759198,1.928,-2.26497477537861
233.713282108307,4,3.76132,-62,10.3696468953912,7.7529462129604,1.928,-2.25409103369938
233.777754068375,4,3.90245,-62,10.3703603877729,7.75235890302771,1.928,-2.25300229717623
234.455913066864,4,3.74905,-62,10.3775724150749,7.74647274691328,1.928,-2.24242465865474
234.901211023331,4,3.60179,-62,10.3822355303485,7.74268486130539,1.928,-2.23568916866538
235.227459192276,4,3.53429,-62,10.3856346168833,7.74004799417536,1.928,-2.23065234043653
235.762694120407,4,3.43612,-63,10.3912110768005,7.73572201314872,1.928,-2.22238904074111
235.907908201218,4,3.39317,-63,10.3925029115558,7.73477822849605,1.928,-2.22020742136013
236.414870977402,4,3.25818,-63,10.3961717682694,7.73235787824614,1.928,-2.2128204247829
236.759738206863,4,3.23363,-63,10.3986675500301,7.73071140729358,1.928,-2.20779533583493
237.356806993485,4,3.04955,-64,10.4058711173968,7.7253149514558,1.928,-2.19867070765561
237.590862989426,4,3.04955,-64,10.4087035270152,7.72319194351249,1.928,-2.1950925167891
238.285722017288,4,2.85934,-64,10.4168366011895,7.71722694312993,1.928,-2.18523472656575
238.911316156387,4,2.78571,-64,10.4241228028593,7.71194741318214,1.928,-2.17608568124622
239.279329061508,4,2.75503,-64,10.4284058828877,7.70886767468552,1.928,-2.17053399370462
239.52520608902,4,2.74276,-64,10.4312951366739,7.7068123326892,1.928,-2.16666706493122
240.073651075363,4,2.42369,-64,10.4379424627526,7.70224458293423,1.928,-2.15688512820628
240.442353010178,4,2.42369,-65,10.4426075651498,7.69912000651267,1.928,-2.15068925162585
240.786749124527,4,2.39915,-64,10.4476810411665,7.69600512821406,1.928,-2.14628830615093
241.287343978882,4,2.19666,-65,10.4549231041643,7.69153871262292,1.928,-2.13976472854283
241.5052921772,4,2.26416,-65,10.4574850839436,7.68986720736885,1.928,-2.13635953405945
241.811944007874,4,2.09849,-65,10.4610897743954,7.68751540932648,1.928,-2.13156844548803
242.086915969849,4,1.92668,-64,10.4643220681785,7.68540657299422,1.928,-2.12727231909091
242.830082178116,4,1.84691,-64,10.473480611169,7.67955713382548,1.928,-2.11497889357301
243.22375702858,4,1.5892,-65,10.4788058667775,7.67625949668451,1.928,-2.10890387247685
243.557598114014,4,1.61988,-65,10.4835368714332,7.67337237076641,1.928,-2.10396260094755
244.015804052353,4,1.50944,-65,10.4897041492597,7.66965049261669,1.928,-2.09675787014142
244.268863201141,4,1.40513,-65,10.4929167023004,7.66773783372302,1.928,-2.09252800863785
244.833067178726,4,1.27627,-65,10.4995839216909,7.66396165786556,1.928,-2.08399653139293
245.205684185028,4,1.09219,-64,10.5033295363537,7.66211592726669,1.928,-2.07955594726265
245.367027997971,4,1.06765,-64,10.5049513940286,7.66131672270155,1.928,-2.07763316659737
269.082350969315,4,1.82237,-65,10.8015577844932,7.54992844310136,1.928,-1.72277182280861
269.460013151169,4,5.04986,-64,10.8057407583731,7.54909184832538,1.928,-1.7171033569226
269.917011022568,4,4.92715,-64,10.8110188417818,7.5481046589293,1.928,-1.70987477380298
270.248982191086,4,4.93328,-64,10.8149625308643,7.54738414493825,1.928,-1.7046268309258
270.440469026566,4,4.96396,-64,10.8176963389653,7.54693580040969,1.928,-1.70183014523847
270.825668096542,4,4.88419,-64,10.8231957266144,7.54603390083523,1.928,-1.69620427167344
271.056794166565,4,4.90874,-63,10.8268732644236,7.54646616611198,1.928,-1.69187051286291
271.326268196106,4,4.84738,-63,10.8314488898618,7.54771196665146,1.928,-1.68608753751915
271.561001062393,4,4.87192,-63,10.8354346159669,7.54879715594392,1.928,-1.68105011561834
272.018216133118,4,4.76761,-62,10.8412586387283,7.54845409917035,1.928,-1.67361665847333
272.266983985901,4,4.73693,-63,10.844277601861,7.5480776167091,1.928,-1.6697559373848
272.426290988922,4,4.76761,-63,10.8463034106497,7.54784269463047,1.928,-1.66728670268684
272.963227987289,4,4.69398,-63,10.8532793500098,7.54706077615275,1.928,-1.65896923652681
273.483198165894,4,4.62649,-62,10.8602384507521,7.54637672124595,1.928,-1.65234457463455
273.717833042145,4,4.58967,-62,10.8633995271425,7.54607529673051,1.928,-1.64938101903273
274.231357097626,4,4.53445,-62,10.8705304787588,7.54548717700958,1.928,-1.64178692313626
274.516015052795,4,4.54058,-62,10.8749454409708,7.54507853512559,1.928,-1.63689063152321
274.909703016281,4,4.50377,-62,10.8819131048672,7.54435929240081,1.928,-1.62883848445591
275.285732984543,4,4.44241,-62,10.8879608231217,7.54384533568005,1.928,-1.6231243268135
275.555303096771,4,4.38719,-61,10.8918714023894,7.54359793168557,1.928,-1.62041086364819
276.011553049088,4,4.24606,-62,10.8979191065662,7.54320768239093,1.928,-1.61474394060655
276.229657173157,4,4.23379,-62,10.9005654486398,7.54303333514844,1.928,-1.61157455680556
276.815181016922,4,4.12948,-61,10.908502615922,7.54258006015307,1.928,-1.60300343429845
277.383288145065,4,4.23379,-61,10.9165122107189,7.54221001028555,1.928,-1.59437534713729
277.912535190582,4,4.06812,-62,10.9229591766643,7.54210039006073,1.928,-1.58616383078486
278.258969068527,4,3.96381,-62,10.9243438494943,7.54269015811794,1.928,-1.58196365653394
278.497761011124,4,3.96994,-62,10.9252982847732,7.54309667684786,1.928,-1.57906853618783
278.878565073013,4,3.90858,-62,10.9299143424108,7.54304362639797,1.928,-1.57252614963724
279.270420074463,4,3.85336,-62,10.9349722105535,7.54293535778992,1.928,-1.56571592618103
279.846170186996,4,3.73678,-61,10.9432723177837,7.54275456337501,1.928,-1.55640501381298
280.064083099365,4,3.65701,-62,10.946488628504,7.54270518461183,1.928,-1.55331400102074
280.4564640522,4,3.57111,-62,10.9523554858004,7.54263547937663,1.928,-1.54818485746364
280.866546154022,4,3.43612,-62,10.9587227826304,7.54260605347418,1.928,-1.54154259680603
281.365612030029,4,3.41157,-62,10.9654956787224,7.54316178957257,1.928,-1.53316298548002
281.617299079895,4,3.2459,-62,10.9663220854861,7.54473196242367,1.928,-1.53018073498479
282.021994113922,4,3.20295,-62,10.9681938891103,7.54696931971656,1.928,-1.5252864518644
282.31878900528,4,3.21522,-62,10.9726753645813,7.54696492611316,1.928,-1.52113010304523
282.788456201553,4,3.06796,-62,10.9797268420002,7.54696389777308,1.928,-1.51426580932476
282.999888181686,4,3.03728,-62,10.9828571406655,7.5469699175782,1.928,-1.51086160952623
283.27769112587,4,3.0741,-62,10.986970076584,7.54697782707035,1.928,-1.50638879171492
283.846451044083,4,2.8532,-61,10.996432165952,7.54723581211256,1.928,-1.49781453791076
284.251600027084,4,2.73662,-61,11.0027802302038,7.54739958064069,1.928,-1.49168398178712
284.387097120285,4,2.70594,-61,11.0047658840744,7.54744170057127,1.928,-1.48961007663344
284.885723114014,4,2.57095,-61,11.0109882439784,7.54791753340471,1.928,-1.48111443517094
285.085822105408,4,2.48505,-61,11.0127305720406,7.54833169335391,1.928,-1.47710422435251
285.605120182037,4,2.36233,-61,11.018448999802,7.54908532120572,1.928,-1.4678763214037
285.869124174118,4,2.31324,-61,11.0223177325999,7.54921037115474,1.928,-1.46413263855485
286.38872718811,4,2.17825,-61,11.0330455674664,7.54666380958347,1.928,-1.45887922068063
286.62359213829,4,2.10462,-60,11.038851784791,7.54465423256935,1.928,-1.45715473936747
287.189669132233,4,2.00645,-60,11.0477516545649,7.54397314109657,1.928,-1.44966490791143
287.350045204163,4,2.09235,-60,11.0498368212332,7.54413663711942,1.928,-1.44725748821263
287.905840158463,4,1.9819,-60,11.0577195251527,7.54488086120037,1.928,-1.43866913109803
288.219449996948,4,1.90214,-60,11.0617748769316,7.54548896554085,1.928,-1.43404776554946
288.689383029938,4,1.8101,-60,11.0666440741717,7.54685234076808,1.928,-1.42778041310184
289.150077104568,4,1.68124,-60,11.073815979727,7.54791062900036,1.928,-1.42214428805314
289.562705039978,4,1.63829,-59,11.0804140974442,7.54874751436001,1.928,-1.41680016152868
289.734227180481,4,1.55852,-60,11.0827162309953,7.54903650559303,1.928,-1.41408168467576
290.067848205566,4,1.52784,-60,11.0871940211684,7.54959861116794,1.928,-1.4087940813863
290.451538085938,4,1.48489,-60,11.0925094717616,7.5502951340092,1.928,-1.40303408795761
290.85898399353,4,1.4174,-59,11.0982088500201,7.55105126306112,1.928,-1.39702860805509
291.023553133011,4,1.36217,-59,11.100814973283,7.55142320492486,1.928,-1.39661871293995
291.529648065567,4,1.31309,-59,11.108823371975,7.55260315279356,1.928,-1.39532992693953
291.749876022339,4,1.16583,-59,11.1122459223725,7.55348323718151,1.928,-1.39448243826966
292.004665136337,4,1.12287,-59,11.1162055857877,7.5545014363454,1.928,-1.39350195018592
292.445050001144,4,1.1106,-59,11.1228691233843,7.5557892075748,1.928,-1.39305926083341
292.693034172058,4,1.01243,-59,11.1265512922344,7.55633091126141,1.928,-1.39329647748049
292.954042196274,4,1.03084,-59,11.1305153901571,7.55692076327183,1.928,-1.39371689702451
293.360505104065,4,0.938796,-59,11.1370711461992,7.55792443211722,1.928,-1.39510926998921
293.526455163956,4,0.920388,-59,11.1397477203391,7.55833420851209,1.928,-1.39567774591273
293.870197057724,4,0.748583,-59,11.1451251904795,7.55912902793699,1.928,-1.39998910544524
294.224420070648,4,0.736311,-59,11.1506310073919,7.55993654775081,1.928,-1.40510164972104
294.355654001236,4,0.656544,-59,11.1525912595062,7.56021585692077,1.928,-1.40607304186216
294.796068191528,4,0.576777,-59,11.1590664675305,7.56112741533196,1.928,-1.40813504985437
295.05640411377,4,0.607456,-59,11.1629876148244,7.56162297171308,1.928,-1.40984888143164
295.374678134918,4,0.404971,-59,11.1679810609704,7.56213644872243,1.928,-1.41300040546153
295.60791015625,4,0.441786,-59,11.1716402711499,7.5625127259956,1.928,-1.41530985037669
295.93613409996,4,0.392699,-59,11.1770124209889,7.5631972870472,1.928,-1.42005658372594
296.276655197144,4,0.380427,-59,11.182608480519,7.5639232623376,1.928,-1.42513336926361
296.542158126831,4,0.33134,-59,11.1865973573717,7.56441447759935,1.928,-1.42459643507053
296.938342094421,4,0.312932,-59,11.1924619607004,7.56512995920545,1.928,-1.42274322041866
297.025089979172,4,0.294524,-60,11.1937133254133,7.5652860769947,1.928,-1.42193496631888
297.527783155441,4,0.251573,-59,11.2007084001979,7.56618650683399,1.928,-1.41409899424636
297.764466047287,4,0.214757,-59,11.2038074502214,7.56659099336286,1.928,-1.41062646320856
298.077252149582,4,0.147262,-59,11.2075562506041,7.56709083341388,1.928,-1.40642410426105
298.423659086227,4,0.177942,-60,11.2120090562759,7.56750279418564,1.928,-1.40153089527106
298.713458061218,4,0.0674952,-59,11.2165196965694,7.56747796497301,1.928,-1.39681334487236
299.072628974915,4,0.0368155,-59,11.2220171750619,7.56751888239394,1.928,-1.39104644339201
299.338808059692,4,0,-60,11.2254055020107,7.56807835033199,1.928,-1.387362622814
299.560974121094,4,6.21569,-60,11.2282335651305,7.56854530959132,1.928,-1.38428792628249
299.814434051514,4,6.18501,-60,11.2316361855141,7.56913085818521,1.928,-1.38094975924896
300.17046713829,4,6.12365,-59,11.2368021021679,7.57006915733254,1.928,-1.37663252890251
300.735644102097,4,6.04388,-59,11.2441850550357,7.57141555884798,1.928,-1.3689838674881
301.104880094528,4,6.06843,-59,11.2487524353942,7.57225877851576,1.928,-1.36373274138112
301.302693128586,4,6.05616,-59,11.2515929721896,7.5728181007095,1.928,-1.36127875186093
301.66999912262,4,6.06229,-59,11.2568673778738,7.57385666925144,1.928,-1.35672210035232
302.147022008896,4,5.92117,-59,11.2624565819508,7.57632030446769,1.928,-1.34998438499736
302.467947006226,4,5.87208,-59,11.2661325020313,7.5779608129201,1.928,-1.34533609136097
302.783457994461,4,5.83526,-59,11.2700964576027,7.5787806310042,1.928,-1.34067393906954
303.050481081009,4,5.84753,-60,11.2734512303082,7.57947445899557,1.928,-1.33672826889883
303.434867143631,4,5.90889,-59,11.2782861750794,7.58051757928199,1.928,-1.33168285988994
303.795718193054,4,5.83526,-59,11.2828274587821,7.58150620136539,1.928,-1.32707102944228
304.121287107468,4,5.81686,-59,11.2871166292215,7.58247487918373,1.928,-1.32254571366406
304.399732112885,4,5.73095,-60,11.2907849711097,7.58330334740792,1.928,-1.31867540688539
304.648715019226,4,5.74936,-60,11.2942777927811,7.5841265442528,1.928,-1.31573812139838
305.032376050949,4,5.60823,-60,11.2997866825507,7.58544413438327,1.928,-1.311524104688
305.297087192535,4,5.59596,-60,11.3027485760111,7.58606926348585,1.928,-1.30803657298783
305.726408004761,4,5.6021,-60,11.3065487680571,7.5867434911069,1.928,-1.30168657466594
