1.68863606452942,2,0.702563,-63,8.81212473119048,9.27992714892457,1.073,-0.0660696080918098
1.76321506500244,2,3.96381,-63,8.81209583564642,9.27850591623846,1.073,-0.06634120480196
1.85709500312805,2,3.9454,-63,8.81205946197726,9.27671687058503,1.073,-0.0666830903485924
2.01613402366638,2,4.02517,-63,8.81199784249996,9.27368610518296,1.073,-0.0672622677911668
2.15985703468323,2,4.01289,-63,8.81194215719213,9.27094721300544,1.073,-0.0677856684363548
2.23334503173828,2,3.95767,-62,8.81191368435602,9.26954677128876,1.073,-0.0680532920047734
2.3654420375824,2,4.10493,-63,8.81187870427283,9.26731145782047,1.073,-0.0682872326068226
2.49666905403137,2,4.06812,-62,8.81187493896318,9.26563024705813,1.073,-0.068047005850635
2.66808009147644,2,4.14175,-63,8.81187002064946,9.26343421998431,1.073,-0.0677332174356085
2.7298891544342,2,4.08652,-63,8.81186824715595,9.2626423551331,1.073,-0.067620068549814
2.90275120735168,2,4.25833,-62,8.81186328720811,9.26042773842055,1.073,-0.0673036238773373
2.94815611839294,2,4.30742,-62,8.81186198440054,9.25984603484173,1.073,-0.0672205047545409
3.10657906532288,2,4.28287,-62,8.8118613345329,9.2577936182467,1.073,-0.0669993349988113
3.28477001190186,2,4.38719,-62,8.81186399857635,9.2554652442718,1.073,-0.0668105608799766
3.35910105705261,2,4.47309,-62,8.81186510986251,9.25449398016226,1.073,-0.0667318151422173
3.52769708633423,2,4.48536,-62,8.81186763045717,9.25229098043423,1.073,-0.0665532058049996
3.58089208602905,2,4.4915,-62,8.81186842574892,9.25159589544107,1.073,-0.0664968514312977
3.7746250629425,2,4.5099,-62,8.81187924442107,9.24921235810309,1.073,-0.0661860563132545
3.97969198226929,2,4.63262,-62,8.81190068068647,9.24687580517493,1.073,-0.0657240435474993
4.04884505271912,2,4.63262,-61,8.81190790946611,9.24608786819426,1.073,-0.065568242692618
4.18820905685425,2,4.71852,-61,8.81192247760703,9.24449994083371,1.073,-0.0652542576324797
4.31247711181641,2,4.7492,-61,8.81193546772272,9.24308401822342,1.073,-0.0649742835247272
4.47304010391235,2,4.76148,-61,8.81081224682859,9.23909483939589,1.073,-0.0655842170325611
4.57105803489685,2,4.77988,-61,8.80986911771328,9.23617187024626,1.073,-0.0661759903414885
4.72438311576843,2,4.82897,-61,8.80839382287257,9.2315995998795,1.073,-0.0671016749538609
4.85331416130066,2,4.86579,-61,8.8071532475851,9.22775477817459,1.073,-0.0678800830540087
4.92470002174377,2,4.88419,-61,8.80646637241104,9.22562599759639,1.073,-0.0683110679403529
5.07118916511536,2,4.92101,-60,8.8054275277824,9.22194504933164,1.073,-0.0691501114079691
5.17990207672119,2,4.95169,-60,8.80527665935551,9.22036336421097,1.073,-0.0696968877873766
5.312087059021,2,4.92715,-60,8.8050932171126,9.21844017940623,1.073,-0.0703617179806473
5.39766621589661,2,5.01305,-60,8.80497445299726,9.21719507174541,1.073,-0.0707921421212393
5.56171298027039,2,5.06827,-60,8.80474679395554,9.21480832372743,1.073,-0.0716172225514556
5.68580603599548,2,5.09282,-60,8.80457458143884,9.21300286992328,1.073,-0.0722413540434443
5.79527807235718,2,5.10509,-60,8.80439322255029,9.2112294545152,1.073,-0.072462010584355
5.83716416358948,2,5.12963,-60,8.80432263536851,9.21054357198782,1.073,-0.0725330350318621
5.94834113121033,2,5.09282,-60,8.8041352779763,9.20872305502636,1.073,-0.0727215530450848
6.12539100646973,2,5.16645,-60,8.80383691039505,9.20582387268821,1.073,-0.073021768921084
6.24505114555359,2,5.16031,-60,8.80363525701225,9.20386444424296,1.073,-0.0732246714841308
6.29500007629395,2,5.13577,-59,8.80355108219073,9.20304653314531,1.073,-0.073309367742603
6.41218209266663,2,5.22781,-60,8.80336186987753,9.20122698141551,1.073,-0.0734775933691129
6.60159611701965,2,5.22781,-59,8.80307719949549,9.19854023523835,1.073,-0.0736714403435497
6.73691320419312,2,5.22781,-59,8.80287383141314,9.19662082790878,1.073,-0.0738099243234334
6.8326210975647,2,5.27689,-59,8.80272999199753,9.1952632578053,1.073,-0.0739078721159644
6.95996904373169,2,5.25849,-59,8.80253860073909,9.19345688888039,1.073,-0.0740382004490936
7.06081819534302,2,5.32598,-59,8.80238703452526,9.19202639251938,1.073,-0.0741414098232735
7.18325710296631,2,5.31985,-59,8.80222149004002,9.19039850826658,1.073,-0.0734572044197005
7.29564213752747,2,5.34439,-59,8.80207021279458,9.18890826646573,1.073,-0.0727996472950698
7.42615604400635,2,5.35052,-59,8.80189453296015,9.18717763320316,1.073,-0.0720360193849688
7.47995519638062,2,5.37507,-59,8.80182211595543,9.1864642486673,1.073,-0.0717212442364721
7.66169404983521,2,5.35052,-59,8.80157748415683,9.1840543652045,1.073,-0.0706579026770028
7.84853100776672,2,5.45484,-59,8.80305582887095,9.18309700333762,1.073,-0.0696506532439837
8.02770209312439,2,5.49165,-59,8.80647393417862,9.18393681950868,1.073,-0.0687840913349985
8.1279661655426,2,5.45484,-59,8.8083867046316,9.1844067803242,1.073,-0.0682991636145244
8.26219201087952,2,5.45484,-58,8.81094737491752,9.18503592779664,1.073,-0.0676499795983751
8.41495800018311,2,5.49165,-58,8.81386174158459,9.18575197719684,1.073,-0.0669111260771461
8.55250716209412,2,5.51619,-58,8.81156591269377,9.18165420983106,1.073,-0.0674754132038299
8.63886308670044,2,5.50392,-58,8.80963616286674,9.17861078023645,1.073,-0.0679517368683911
8.73710012435913,2,5.54687,-58,8.80744091213793,9.1751486262608,1.073,-0.0684935946041115
8.96132111549377,2,5.63278,-58,8.80243036513922,9.1672464376934,1.073,-0.0697303570457816
9.00433421134949,2,5.62664,-58,8.80146917440835,9.16573053326091,1.073,-0.0699676095045506
9.22736001014709,2,5.60823,-58,8.79967841502312,9.1608010849977,1.073,-0.0707622780912391
9.29189705848694,2,5.66346,-58,8.7995887901597,9.15976798979784,1.073,-0.0709337796040824
9.43606400489807,2,5.63891,-58,8.79938858046288,9.15746019630328,1.073,-0.0713168905465184
9.6674280166626,2,5.70641,-58,8.79906727714194,9.15375657092648,1.073,-0.0719317199980632
9.78623104095459,2,5.67573,-58,8.79890411701524,9.15193198681591,1.073,-0.0722561425235098
9.9049220085144,2,5.66346,-58,8.79874450163679,9.15025247833378,1.073,-0.0725964425103642
10.1054391860962,2,5.67573,-58,8.79847484653292,9.14741510740754,1.073,-0.0731713471918074
10.1778810024261,2,5.70027,-58,8.79837742692158,9.14639003660823,1.073,-0.0733790458031812
10.3699011802673,2,5.73095,-58,8.79811919856617,9.14367290046843,1.073,-0.0739295886569346
10.4639492034912,2,5.73095,-58,8.79799549023017,9.14229666924344,1.073,-0.0740229645271571
10.6254000663757,2,5.76777,-57,8.79778730202693,9.13986549367005,1.073,-0.0739169967317078
10.8189890384674,2,5.73709,-57,8.79753767226623,9.13695037279786,1.073,-0.0737899351835107
10.9891340732574,2,5.7555,-57,8.79731827307288,9.13438827777324,1.073,-0.0736782609940935
11.1141741275787,2,5.79845,-57,8.79720925847233,9.13257304765736,1.073,-0.0735758094689982
11.2878110408783,2,5.79845,-57,8.80093026830332,9.13506948435333,1.073,-0.0719221877221678
11.3713400363922,2,5.81686,-57,8.80272028062025,9.13627040900476,1.073,-0.0711267038538592
11.5538341999054,2,5.80458,-57,8.80663109983274,9.13889418938611,1.073,-0.0693887305639609
11.7867050170898,2,5.82299,-57,8.81162148225563,9.14224225197484,1.073,-0.0671709979391358
11.9740750789642,2,5.85981,-57,8.81195651165058,9.14020391805972,1.073,-0.0666598399361043
12.1224150657654,2,5.82913,-57,8.8118181637191,9.1380712314852,1.073,-0.0663947865836846
12.2206070423126,2,5.84753,-57,8.81172658587056,9.13665952372775,1.073,-0.0662193375147869
12.4141590595245,2,5.85367,-57,8.81154607135258,9.13387682300436,1.073,-0.0658734994697937
12.571396112442,2,5.87208,-56,8.81138338932218,9.1316345508878,1.073,-0.0655269745082376
12.8254961967468,2,5.85367,-57,8.81108366650042,9.12805305286582,1.073,-0.0648164037830916
12.9748480319977,2,5.88435,-56,8.81090749909136,9.12594796382582,1.073,-0.0643987532255705
13.1606841087341,2,5.90889,-57,8.81068829682916,9.12332863552821,1.073,-0.0638790773814393
13.3715190887451,2,5.8414,-56,8.81046602163628,9.12012339142078,1.073,-0.0636755617622149
13.5577421188354,2,5.89049,-56,8.81027154671801,9.11727593030399,1.073,-0.0635228844383177
13.6429381370544,2,5.91503,-56,8.81018257550606,9.1159732324096,1.073,-0.0634530353972938
13.8271551132202,2,5.89049,-56,8.80998793808958,9.11314277440025,1.073,-0.0632953617546272
14.0091631412506,2,5.88435,-56,8.80975410127137,9.11009473866516,1.073,-0.0630173950345579
14.2432169914246,2,5.87208,-56,8.80945339801005,9.10617510661934,1.073,-0.0626599427740369
14.3979589939117,2,5.86594,-56,8.80925459151839,9.10358368711767,1.073,-0.0624236173363418
14.6343450546265,2,5.92117,-56,8.80595270328036,9.09823007376574,1.073,-0.0638959956823651
14.8216140270233,2,5.94571,-56,8.80189761236564,9.09331921883729,1.073,-0.0659425581178094
15.0739641189575,2,5.94571,-56,8.79643326580553,9.08670170672725,1.073,-0.0687003572989734
15.3208351135254,2,5.97639,-56,8.7944305336559,9.08240003324255,1.073,-0.0700594947913628
15.4453930854797,2,5.95185,-56,8.79427149813778,9.08078287432238,1.073,-0.0704042623516459
15.6957941055298,2,5.93957,-56,8.79395178631737,9.07753187210359,1.073,-0.0710973544710864
15.9819362163544,2,6.00093,-56,8.79356051147515,9.07353176361343,1.073,-0.0713660264342738
16.0901310443878,2,6.00707,-56,8.79340046883282,9.07188627664033,1.073,-0.0712234797157543
16.3258130550385,2,6.0132,-56,8.79305184614521,9.06830189386189,1.073,-0.0709129685957408
16.4936151504517,2,6.03161,-56,8.79280363196319,9.06574986649533,1.073,-0.0706918892844963
16.7728271484375,2,6.04388,-56,8.79241582981667,9.06133827543509,1.073,-0.070310095942057
17.0315430164337,2,6.0807,-56,8.79206242629817,9.05721166465339,1.073,-0.0699530512963943
17.2585291862488,2,6.10524,-56,8.79175236525829,9.05359115392511,1.073,-0.0696397956882259
17.4200069904327,2,6.06843,-56,8.79153034409725,9.05103603686737,1.073,-0.0692258744306109
17.6291270256042,2,6.11138,-56,8.79124260706224,9.04773005822548,1.073,-0.0686619098419824
17.9530940055847,2,6.16047,-56,8.79079684729471,9.04260846422989,1.073,-0.0677882206976396
18.20396900177,2,6.19728,-57,8.78954930865931,9.03638795347717,1.073,-0.0672649115312644
18.4898750782013,2,6.25251,-57,8.78804084367517,9.02908216300667,1.073,-0.0666832599295418
18.6331632137299,2,6.22183,-57,8.78737446527321,9.0256674631172,1.073,-0.0664360594038839
18.8467810153961,2,6.24023,-57,8.78720796480138,9.02285360514336,1.073,-0.0664763525180656
19.0842680931091,2,0,-57,8.78702285986077,9.01972533164698,1.073,-0.0665211479136942
19.5909550189972,2,6.2341,-57,8.78651286044521,9.01143571006851,1.073,-0.0671046780291082
19.9129030704498,2,0,-57,8.78615174007318,9.00564815423942,1.073,-0.0676326360130177
20.2215411663055,2,0.0184078,-57,8.78586818086846,9.00103959707401,1.073,-0.0678935014476033
20.3655471801758,2,0.0122718,-57,8.78573690210114,8.99890470302184,1.073,-0.0680112003948948
20.767911195755,2,0.0736311,-57,8.78538633610204,8.99324389805186,1.073,-0.0685561369910258
20.8992881774902,2,0.0736311,-57,8.78527873180458,8.99152411708723,1.073,-0.0688253553920865
21.1186940670013,2,0.147262,-57,8.78509902744323,8.9886520000137,1.073,-0.0692749630933543
21.4633240699768,2,0.147262,-57,8.78532664495694,8.98429291192908,1.073,-0.0681176220010928
21.8575019836426,2,0.171806,-56,8.78615302313894,8.97947614595045,1.073,-0.0647251131590119
22.0386621952057,2,0.177942,-56,8.78638358122608,8.97727412419312,1.073,-0.0635994075506503
22.2898471355438,2,0.202485,-56,8.78621359015968,8.97425938466853,1.073,-0.0634608127934495
22.4873549938202,2,0.245437,-56,8.78607992541287,8.97188888130172,1.073,-0.0633518351070237
22.796394109726,2,0.245437,-57,8.78583958044428,8.96780463617015,1.073,-0.0628262911066477
23.1563341617584,2,0.306796,-57,8.78546764712645,8.96194152067394,1.073,-0.0611673135369476
23.6673300266266,2,3.53736,-57,8.78504275646274,8.95483290433342,1.073,-0.0598153274088548
23.8692090511322,2,0.454058,-57,8.78491372114944,8.95248194386906,1.073,-0.059658879959479
24.1593770980835,2,0.515418,-57,8.78469306216192,8.94834487256957,1.073,-0.0595977673431058
24.3741941452026,2,0.564505,-57,8.78448840831954,8.94439270492478,1.073,-0.0597446819620917
24.7548861503601,2,0.595185,-57,8.78415972047563,8.93705647405003,1.073,-0.0599846678752424
24.9583671092987,2,0.589049,-57,8.78406839394938,8.93231053890285,1.073,-0.0600623867490765
25.438502073288,2,0.699495,-57,8.78380580742989,8.9216668310396,1.073,-0.0604174954115463
25.724014043808,2,0.742447,-57,8.78351501096675,8.91692398168299,1.073,-0.0611196664769161
25.9082992076874,2,0.785398,-57,8.78332731490003,8.91386268527097,1.073,-0.061572886387862
26.3847742080688,2,0.908117,-57,8.78288208360089,8.90631750461848,1.073,-0.0612046631501682
26.5164980888367,2,0.96334,-57,8.78276382468682,8.90427617382473,1.073,-0.0609172939889631
26.7780041694641,2,1.03084,-57,8.78252916409109,8.90022548558161,1.073,-0.0603474790966266
27.369775056839,2,1.1106,-57,8.78206166027695,8.89210791935426,1.073,-0.0594409467006615
27.742730140686,2,1.12287,-57,8.78174400479073,8.88656588699868,1.073,-0.0589339074063708
28.1839702129364,2,1.16583,-56,8.78133525297149,8.8798864068581,1.073,-0.0584076721573577
28.3194711208344,2,1.16583,-56,8.78099886172365,8.87849625989414,1.073,-0.0586629850086555
28.5089900493622,2,1.23332,-57,8.78052836665579,8.87655192485466,1.073,-0.0590200794279327
28.9302031993866,2,1.30082,-56,8.77963432604969,8.87181929137751,1.073,-0.0597762708622485
29.101674079895,2,1.35604,-57,8.77949261994365,8.86928997106965,1.073,-0.0600292028930347
29.5167729854584,2,1.44808,-57,8.77914936422781,8.86317968421938,1.073,-0.060697134883884
29.7897510528564,2,1.55852,-57,8.77892220088276,8.85924740838435,1.073,-0.0615122987977739
30.1018509864807,2,1.53398,-57,8.77866248161085,8.85475157822919,1.073,-0.0624442879712738
30.3634550571442,2,1.57693,-57,8.77843418060711,8.85065315685186,1.073,-0.0631587102665084
30.6712989807129,2,1.56466,-57,8.77816050376685,8.84567400401624,1.073,-0.0639677784608716
30.983635187149,2,1.61375,-57,8.77791362455342,8.84095991083266,1.073,-0.0645366996693204
31.3301141262054,2,1.64443,-56,8.77770321085343,8.83642645202381,1.073,-0.064648601500678
31.6343660354614,2,1.7426,-56,8.77749122292525,8.83241257545646,1.073,-0.0646614011128484
31.9262630939484,2,1.74874,-56,8.77709015361894,8.82832250409316,1.073,-0.0640529455527354
32.2534110546112,2,1.75487,-56,8.77664064924119,8.82373849590752,1.073,-0.0633710099529841
32.6071441173553,2,1.77942,-55,8.77631267102313,8.81827689003567,1.073,-0.062401180749611
32.8422770500183,2,1.79783,-55,8.77610963703209,8.8145985908981,1.073,-0.0617344848010513
33.2622301578522,2,1.83464,-55,8.775826591836,8.8088588721642,1.073,-0.0590939898175262
33.5091969966888,2,1.85918,-55,8.77568617748966,8.80575497608717,1.073,-0.0570667761677904
33.8237211704254,2,1.93282,-55,8.7755017610533,8.8014150775353,1.073,-0.0544872988120563
34.2657790184021,2,1.92054,-55,8.77523525656873,8.79480957352506,1.073,-0.0508648683323614
34.4422051906586,2,1.93895,-55,8.77512280816051,8.79213675616811,1.073,-0.0501993200527597
34.9070761203766,2,1.93282,-55,8.77480917585552,8.78498994343117,1.073,-0.0506683004441247
35.3124310970306,2,1.93895,-55,8.77418842211963,8.78047755626475,1.073,-0.0548468515993512
35.6104199886322,2,1.92668,-55,8.77358682945352,8.77787956719557,1.073,-0.0594953804115618
35.9005320072174,2,1.92054,-55,8.77320588156759,8.77365554127642,1.073,-0.0618313319780826
36.2268691062927,2,1.87146,-55,8.77292293972884,8.7676991277399,1.073,-0.0629020717054619
36.5542101860046,2,1.896,-55,8.77267048752751,8.76259295265454,1.073,-0.0626352639635826
36.7453420162201,2,1.87146,-55,8.77254166232215,8.76012608701985,1.073,-0.0616850821403343
37.0652902126312,2,1.83464,-55,8.77232601330093,8.75599663767737,1.073,-0.0600945100191537
37.4169361591339,2,1.82237,-55,8.77206008182576,8.75114736965655,1.073,-0.0591435844370345
37.5954480171204,2,1.81623,-55,8.77192401893709,8.7486742265623,1.073,-0.0586901748697554
38.0380110740662,2,1.80396,-55,8.77159926858257,8.74225064118377,1.073,-0.0578902829262184
38.1977710723877,2,1.82237,-55,8.77148467665945,8.73987047144744,1.073,-0.0576695741076391
38.5907571315765,2,1.8101,-55,8.77168112317323,8.73469597315859,1.073,-0.0566828213578919
39.0430450439453,2,1.77942,-55,8.77268070670844,8.72984085313045,1.073,-0.0548294377043695
39.4855790138245,2,1.73647,-55,8.77260574018271,8.72471503979223,1.073,-0.0505443495260157
39.6467561721802,2,1.71192,-55,8.77249234790756,8.72281745477953,1.073,-0.0487815856143449
40.0282499790192,2,1.69965,-55,8.77219931246745,8.71736555957811,1.073,-0.0467523291689137
40.3196661472321,2,1.67511,-55,8.77195969676027,8.71258631538201,1.073,-0.0465736629843358
40.6110451221466,2,1.66897,-55,8.7717346741703,8.70813899051515,1.073,-0.0466071969278425
40.8498849868774,2,1.66284,-55,8.77156691971144,8.70487337038261,1.073,-0.0468779153456791
41.1384341716766,2,1.6567,-55,8.77136375331745,8.70092706977826,1.073,-0.0471887122894249
41.4669020175934,2,1.5892,-55,8.77111308289145,8.69639534168469,1.073,-0.046908305469752
41.9167530536652,2,1.53398,-55,8.77070801240454,8.69018701699761,1.073,-0.0458909585301169
42.0945332050323,2,1.50944,-54,8.77047945614483,8.68773136602124,1.073,-0.0447868191852651
42.4676370620728,2,1.45421,-54,8.76999986212346,8.68257755652128,1.073,-0.0424707195440686
43.1489970684052,2,1.42353,-54,8.76943015555895,8.67250430252666,1.073,-0.0429234632733497
43.4086639881134,2,1.38672,-54,8.76923650505359,8.66922300229697,1.073,-0.0428239484303179
43.5926611423492,2,1.38672,-54,8.76909928641233,8.6668979086534,1.073,-0.0427534332952262
43.8501491546631,2,1.33763,-54,8.76890208944608,8.66355846478403,1.073,-0.0426942578727106
44.1902780532837,2,1.32536,-54,8.76854546226194,8.6575544263003,1.073,-0.0433505007445736
44.5639350414276,2,1.31309,-54,8.76815527516484,8.65092784969002,1.073,-0.0440853896612749
44.8387761116028,2,1.28854,-54,8.76787975399599,8.64583276419452,1.073,-0.0447264081657449
45.3119580745697,2,1.25173,-54,8.7672104708786,8.6374579236174,1.073,-0.0454375020225553
45.4856581687927,2,1.22718,-54,8.76674014963014,8.63484127446162,1.073,-0.0452462034020501
45.7659740447998,2,1.21491,-54,8.76598114881696,8.63061854618051,1.073,-0.0449374871596916
46.0980861186981,2,1.12287,-54,8.76550017813022,8.62536318089675,1.073,-0.0454556997626437
46.3655610084534,2,1.12901,-54,8.76525824214249,8.62104289540164,1.073,-0.046180394052228
46.7187881469727,2,1.09833,-54,8.76494983095064,8.61560672886969,1.073,-0.046695851903694
46.9431011676788,2,1.06151,-54,8.76476286368706,8.61237026106561,1.073,-0.0466693541294415
47.2630760669708,2,1.04311,-54,8.76449611877564,8.60775077422774,1.073,-0.0466335888631166
47.6702070236206,2,1.03084,-54,8.76415301689431,8.60163118657388,1.073,-0.0467652049946426
47.9093770980835,2,1.07379,-54,8.76395146085646,8.59803621986612,1.073,-0.0468425232124382
48.3737111091614,2,1.06151,-54,8.76357625588497,8.59148734365609,1.073,-0.0467928569772852
48.6698460578918,2,1.04311,-55,8.76333887780212,8.58736187628507,1.073,-0.046737441473115
48.9836750030518,2,1.04311,-55,8.76236868614208,8.58092493635346,1.073,-0.0495537241916071
49.1208682060242,2,1.04924,-55,8.76190381795029,8.5779939030086,1.073,-0.0509478757174741
49.4064412117004,2,1.03697,-55,8.76094522654943,8.57190381572898,1.073,-0.0538134643128195
49.8669531345367,2,1.07992,-55,8.7604063890385,8.56330396905445,1.073,-0.0543851349894215
50.1058161258698,2,1.03697,-55,8.76013288032701,8.55892769527306,1.073,-0.0546631932787603
50.3514261245728,2,1.06151,-55,8.75986900942399,8.55467277696191,1.073,-0.054895509619625
50.7694911956787,2,1.04924,-55,8.75942724103615,8.54748551129329,1.073,-0.0551521955010171
51.2137839794159,2,1.0247,-55,8.7590084872236,8.54022711187569,1.073,-0.0544711555703145
51.5403361320496,2,1.06151,-56,8.7587318939928,8.53551308072621,1.073,-0.0535709260335125
51.8041641712189,2,1.06151,-56,8.75853517775327,8.53223699873715,1.073,-0.0525008275205274
52.1192259788513,2,1.06151,-56,8.75829148228745,8.52816629939275,1.073,-0.0513024371710576
52.4772109985352,2,1.07992,-56,8.75794577377565,8.52229913207823,1.073,-0.0505641025637163
52.6712460517883,2,1.07992,-56,8.75775839283565,8.51911900983924,1.073,-0.050163910413272
53.1850030422211,2,1.16583,-56,8.75725865451373,8.51005372561482,1.073,-0.050065051523004
53.3281891345978,2,1.14742,-56,8.75711902520156,8.50746442322309,1.073,-0.0501309853055564
53.6507570743561,2,1.19037,-56,8.75681381485411,8.50175141240167,1.073,-0.0504916762820309
54.0903511047363,2,1.17196,-57,8.75641266691752,8.49415590638916,1.073,-0.0513190274607622
54.3367071151733,2,1.14742,-57,8.75617297947459,8.4896489883595,1.073,-0.0516009708572561
54.9029550552368,2,1.20878,-57,8.75561391999705,8.47920354994658,1.073,-0.0518709277218563
55.0151569843292,2,1.25786,-57,8.75551584730357,8.4774259823772,1.073,-0.0516474795975441
55.341096162796,2,1.25786,-58,8.75523095261947,8.47226226622795,1.073,-0.0509983775842596
55.8392810821533,2,1.24559,-57,8.75521218040694,8.46475124092271,1.073,-0.0522482459173652
56.0343980789185,2,1.22718,-58,8.75526759107583,8.46186696978951,1.073,-0.0530754688768496
56.2983350753784,2,1.28241,-58,8.75520099081263,8.45781023662398,1.073,-0.0533343769547742
56.8278071880341,2,1.23946,-58,8.75485107708939,8.44943512772646,1.073,-0.0525394642574163
56.98206615448,2,1.20264,-58,8.75474915437289,8.44694033232586,1.073,-0.0522261811187065
57.5327041149139,2,1.18423,-58,8.75438534418474,8.43801116488184,1.073,-0.051072349198062
57.703458070755,2,1.18423,-58,8.75428660279274,8.4352765528476,1.073,-0.0509956724859566
58.1977231502533,2,1.19651,-58,8.75400281172592,8.42736587685994,1.073,-0.050814188098724
58.8363699913025,2,1.1781,-59,8.75358658315183,8.41651010323971,1.073,-0.0512288714291003
58.9282200336456,2,1.12901,-58,8.75349082133392,8.41503343283545,1.073,-0.0513302945104799
59.2742450237274,2,1.12901,-59,8.75267794427501,8.41062732852251,1.073,-0.052166574144588
59.8228051662445,2,1.03084,-59,8.75190831802082,8.40262646640556,1.073,-0.0525223022945341
60.0375730991364,2,1.04311,-59,8.75185472919723,8.39900922081321,1.073,-0.0521985923070345
60.4724090099335,2,0.975612,-58,8.75179534121137,8.39290066029696,1.073,-0.0513567438905361
60.5827951431274,2,0.951068,-58,8.75178900988447,8.39156633315248,1.073,-0.0511098379696987
61.116336107254,2,0.877437,-59,8.75351657103972,8.38773298307422,1.073,-0.0498081743420011
61.235591173172,2,0.877437,-59,8.75454715985274,8.38783505417072,1.073,-0.0494775463047496
61.6034259796143,2,0.785398,-59,8.75772594671301,8.38814988609618,1.073,-0.0484577447629815
63.0457239151001,2,0.773126,-58,8.75732657978862,8.39336255080261,1.073,0.0137163662053138
63.3482649326324,2,0.82835,-58,8.75410583151363,8.39016218701038,1.073,0.0429616846387459
63.604603767395,2,0.822214,-58,8.75340283479743,8.39266013131915,1.073,0.0786703851841224
64.1276757717133,2,0.840621,-57,8.75203658666368,8.4039904264749,1.073,0.174895534013525
64.3457007408142,2,0.816078,-57,8.75099462833416,8.40897463448407,1.073,0.222515643635846
64.7667479515076,2,0.650408,-58,8.75028978762169,8.4191598271878,1.073,0.323171464146618
64.8926918506622,2,0.66268,-58,8.74834121016582,8.42402683328202,1.073,0.357300838045881
65.1874599456787,2,0.515418,-58,8.74595309793028,8.42808575072734,1.073,0.435508294802493
65.5532898902893,2,0.269981,-59,8.74257501773138,8.43430460131496,1.073,0.534530689580818
66.2835078239441,2,5.96412,-62,8.74161396642921,8.43354500525473,1.073,0.747782566831744
66.5073807239532,2,5.78004,-64,8.74188094389403,8.43330227726392,1.073,0.813437618902253
89.4289207458496,2,4.40252,-66,8.90964205175124,8.45081917369745,1.073,1.50840535362948
89.5115516185761,2,1.28854,-65,8.91103158549405,8.45025956625154,1.073,1.50864484664659
89.60205078125,2,1.3315,-65,8.91255343363728,8.44964667177748,1.073,1.5089071447054
89.6687757968903,2,1.27627,-65,8.91349600125988,8.44957493473836,1.073,1.50891660082364
89.814457654953,2,1.38672,-65,8.91554805253352,8.44943074783624,1.073,1.50893122848038
89.84281873703,2,1.30695,-65,8.91594754218427,8.4494026777895,1.073,1.50893407616628
89.9313447475433,2,1.31922,-65,8.91719450536169,8.44931506021389,1.073,1.50894296490584
90.0628428459167,2,1.47876,-64,8.91904676647255,8.44918491152077,1.073,1.50895616839644
90.1229937076569,2,1.36217,-64,8.91989404185801,8.44912537791425,1.073,1.50896220803768
90.2772557735443,2,1.47262,-65,8.92206695256211,8.44897269885256,1.073,1.50897769721786
90.3335387706757,2,1.54012,-64,8.92283944644073,8.44891892125676,1.073,1.50888867630832
90.4859447479248,2,1.60148,-64,8.92489344318378,8.44877688956708,1.073,1.50847132165096
90.5804126262665,2,1.61988,-64,8.92616660003719,8.44868885212509,1.073,1.50821262701372
90.6789727210999,2,1.5892,-64,8.92749490826654,8.44859700102412,1.073,1.50794272608627
90.713761806488,2,1.65056,-64,8.92796376565239,8.44856458003468,1.073,1.50784745825574
90.8875617980957,2,1.73647,-63,8.93030609252924,8.44840261062298,1.073,1.50737151736906
90.9782798290253,2,1.71806,-64,8.93152871216285,8.44831806777597,1.073,1.50712309146478
91.0118877887726,2,1.69965,-64,8.9320153073999,8.44828408846046,1.073,1.50702205322752
91.1620037555695,2,1.86532,-64,8.93439372552067,8.44811612107905,1.073,1.5065159115182
91.2036278247833,2,1.77942,-63,8.93505321193368,8.44806954717982,1.073,1.5063755688352
91.3162198066711,2,1.88986,-64,8.93683710485121,8.44794356604158,1.073,1.50599594567197
91.4741456508636,2,1.90214,-63,8.93933926166757,8.44776686005173,1.073,1.50546347162253
91.5030057430267,2,1.9635,-63,8.93979651726558,8.44773456798972,1.073,1.50536616487569
91.5953476428986,2,1.99418,-63,8.94125957048136,8.4476312450225,1.073,1.50505481833448
91.7342126369476,2,1.90214,-63,8.94351665484771,8.44747984598733,1.073,1.50487718975861
91.8484256267548,2,1.95122,-63,8.94542436131233,8.44735891102395,1.073,1.50499301479396
91.9671716690063,2,1.95736,-63,8.94740778362562,8.44723317621659,1.073,1.50511343686298
92.0626406669617,2,2.0494,-63,8.94900240806263,8.44713208841746,1.073,1.50521025334666
92.1663846969604,2,2.00031,-63,8.95073525085949,8.44702223856159,1.073,1.50531546165933
92.2678096294403,2,2.1353,-63,8.95242935763046,8.44691484429307,1.073,1.50541831814185
92.3731298446655,2,2.2028,-63,8.95407325281617,8.44684,1.073,1.50554703862298
92.410347700119,2,2.14144,-63,8.95457103737749,8.44684,1.073,1.50560832901329
92.5070586204529,2,2.16598,-63,8.95586453487935,8.44684,1.073,1.50576759262433
92.6851017475128,2,2.27029,-63,8.95824584134693,8.44684,1.073,1.50606079417012
92.8759677410126,2,2.3746,-63,8.96079865218701,8.44684,1.073,1.50637511242131
92.9631867408752,2,2.35619,-63,8.96196519633784,8.44684,1.073,1.5065187447311
93.0815417766571,2,2.42369,-63,8.96365822685842,8.44680128448842,1.073,1.50676682667587
93.1809327602386,2,2.45437,-63,8.96523212472889,8.44671524671605,1.073,1.50704867455089
93.2076187133789,2,2.47891,-63,8.96565470797846,8.44669214602945,1.073,1.50712434921386
93.370445728302,2,2.52186,-62,8.96823314198534,8.44655119487733,1.073,1.50758608574667
93.4645307064056,2,2.54641,-62,8.96972301703582,8.44646975024686,1.073,1.50785288712234
93.5818257331848,2,2.60777,-62,8.97158043293224,8.44636821384536,1.073,1.50818550636864
93.6874966621399,2,2.71208,-62,8.97325377636905,8.44627673984034,1.073,1.50848516259201
93.7897856235504,2,2.5955,-62,8.97481662507965,8.44618503089013,1.073,1.5086542386436
93.8518817424774,2,2.65685,-62,8.97575731868912,8.44612890996457,1.073,1.50873975624447
93.996545791626,2,2.65072,-62,8.97794883321379,8.44599816620031,1.073,1.50893898483762
94.0887577533722,2,2.71821,-62,8.97934575148551,8.44591482732615,1.073,1.50906597740777
94.120748758316,2,2.71208,-62,8.97983038296379,8.44588591465273,1.073,1.50911003481489
94.2810356616974,2,2.81639,-62,8.98225856798241,8.44574105134196,1.073,1.50933077890749
94.3717517852783,2,2.81025,-62,8.98363282581371,8.44565906436907,1.073,1.50945571143761
94.4932956695557,2,2.84093,-62,8.98554486493772,8.44555304959832,1.073,1.50954488773431
94.5937776565552,2,2.97592,-62,8.98714662370982,8.44546654597427,1.073,1.50959534818168
94.6641247272491,2,2.97592,-62,8.98826800915353,8.44540598510422,1.073,1.50963067535587
94.8252067565918,2,2.93911,-61,8.99083577837498,8.44526731169892,1.073,1.50971156817563
94.9128847122192,2,2.98819,-62,8.99223343121546,8.44519183089745,1.073,1.50975559864315
95.0041947364807,2,3.06796,-62,8.99368898197345,8.44511322329576,1.073,1.50980145307747
95.1373167037964,2,3.05569,-62,8.99578515769714,8.44500229438988,1.073,1.50974910975937
95.1719868183136,2,3.10478,-62,8.99631320096423,8.44497594194811,1.073,1.50965314709407
95.344970703125,2,3.08637,-62,8.99894783246057,8.44484445845536,1.073,1.50917434871479
95.4010286331177,2,3.20909,-62,8.9998016229055,8.44480184932769,1.073,1.50901918717442
95.4791967868805,2,3.17227,-61,9.00099216316964,8.44474243441809,1.073,1.50880282722058
95.6224536895752,2,3.25204,-61,9.00317403778946,8.44463354613668,1.073,1.5084063095166
95.7525918483734,2,3.26431,-62,9.0051561073471,8.44453462929435,1.073,1.50804610290208
95.8075137138367,2,3.28272,-62,9.00603198424837,8.44438189194326,1.073,1.50792964432653
95.9748756885529,2,3.27658,-61,9.00928510851625,8.44227060929629,1.073,1.50810204492137
96.096159696579,2,3.33794,-61,9.01164258518014,8.44074060332011,1.073,1.50822698032061
96.1718666553497,2,3.32567,-61,9.01311415090015,8.43978555490735,1.073,1.50830496652236
96.3063428401947,2,3.3993,-61,9.01572805254126,8.43808912872706,1.073,1.50844349126371
96.3807406425476,2,3.4852,-61,9.01717417133092,8.43715059541119,1.073,1.50852012889542
96.5314598083496,2,3.55884,-61,9.01977755429575,8.43599694880943,1.073,1.50856642223632
96.791544675827,2,3.66315,-61,9.02349622182021,8.43577957367231,1.073,1.50838786408797
96.8966038227081,2,3.73678,-61,9.02499834703589,8.43569176677034,1.073,1.50831573698993
96.9882936477661,2,3.79814,-61,9.02630931902005,8.43561513375248,1.073,1.50825278843954
97.0890567302704,2,3.85336,-61,9.02775001953526,8.43553091743844,1.073,1.508183610753
97.1590776443481,2,3.83495,-61,9.02878307159425,8.43547083267241,1.073,1.50817796544518
97.3626518249512,2,3.90858,-61,9.03200205366421,8.43528558936461,1.073,1.50844823846803
97.4655096530914,2,3.9454,-61,9.03362847555897,8.43519199338764,1.073,1.50858479653278
97.5686166286469,2,3.98835,-61,9.0352588370548,8.43509817069779,1.073,1.50872168537536
97.638210773468,2,4.04357,-61,9.03635928262059,8.43503484316995,1.073,1.50881408127663
97.7791616916656,2,4.1172,-61,9.03858804501609,8.4349065842019,1.073,1.50900121321361
97.923449754715,2,4.12334,-61,9.04094693710836,8.43476133394336,1.073,1.50940459715954
98.0666656494141,2,4.16016,-60,9.04330779554996,8.43461364651591,1.073,1.50985836142937
98.1229426860809,2,4.20311,-60,9.04423550065813,8.4345556123795,1.073,1.51003666921081
98.2731747627258,2,4.20924,-60,9.04671201813611,8.43440068970862,1.073,1.51051266350395
98.4013357162476,2,4.28287,-60,9.04882470171527,8.43426852727257,1.073,1.51091872780021
98.4419057369232,2,4.28901,-60,9.04949348276076,8.43422669056166,1.073,1.51104726957868
98.6122107505798,2,4.36264,-60,9.05208416584206,8.43406642908103,1.073,1.51140134945112
98.7571866512299,2,4.41786,-60,9.05424081851555,8.4339334562765,1.073,1.51166106195997
98.7914326190948,2,4.43014,-61,9.05475025944898,8.43390204566018,1.073,1.51172241081996
99.0039756298065,2,4.56513,-60,9.05791203633899,8.43370709987891,1.073,1.51210316429901
99.1106808185577,2,4.55285,-61,9.05949937623178,8.43360922921114,1.073,1.51229431794699
99.1653306484222,2,4.61421,-61,9.06031234377435,8.43355910404474,1.073,1.51239221866261
99.3227906227112,2,4.68171,-61,9.06303745147176,8.43316549494438,1.073,1.51230225407782
99.4276366233826,2,4.71852,-61,9.0648691325551,8.43289224415981,1.073,1.51222568380302
99.5025098323822,2,4.71852,-61,9.06617718283546,8.43269710879012,1.073,1.51217100301262
99.6523337364197,2,4.73693,-61,9.06879463709314,8.43230663610578,1.073,1.51206158484283
99.7641367912292,2,4.80443,-61,9.0707478593357,8.43201525377123,1.073,1.51197993374908
99.8668036460876,2,4.89033,-61,9.07254147029583,8.43174768230013,1.073,1.51190495493026
100.004036664963,2,4.92101,-60,9.07461824629532,8.43161590924163,1.073,1.51154089466218
100.125837802887,2,4.95783,-60,9.07644668370281,8.43150938136975,1.073,1.51120559381954
100.193176746368,2,5.00078,-61,9.07745755310305,8.43145048639992,1.073,1.51102021948827
100.374556779861,2,5.03759,-60,9.08018036870118,8.43129185053412,1.073,1.51052090659921
100.67968082428,2,5.17258,-60,9.08491553358583,8.43101725787562,1.073,1.50966554683144
100.806724786758,2,5.23394,-61,9.08700364392581,8.43089710505745,1.073,1.50929780638796
100.928959846497,2,5.31985,-61,9.08901271454332,8.43078150029655,1.073,1.5089439857561
101.064026832581,2,5.2953,-61,9.09123269229534,8.43065375964125,1.073,1.50855302193229
101.186754703522,2,5.34439,-61,9.09324986281896,8.4305376888003,1.073,1.50819777481305
101.282420635223,2,5.46097,-61,9.09480506646598,8.43044686766474,1.073,1.50793716994024
101.405524730682,2,5.49779,-61,9.09667206695582,8.43032730605702,1.073,1.50772931668374
101.447120666504,2,5.51006,-61,9.09730291219508,8.43028690710081,1.073,1.50765908465217
101.569410800934,2,5.54074,-61,9.09915756812696,8.43016813603128,1.073,1.50745260571591
101.751984834671,2,5.61437,-61,9.10192649152588,8.42999081581361,1.073,1.50714434133751
101.836809635162,2,5.62664,-61,9.10321294705343,8.4299084319621,1.073,1.50700112018026
101.988215684891,2,5.66346,-61,9.10544487547776,8.42976432391795,1.073,1.50685321243514
102.064706802368,2,5.68186,-61,9.10650668725305,8.42969452810082,1.073,1.50688868244057
102.244086742401,2,5.74322,-61,9.10899675065987,8.42953084936395,1.073,1.50697186343799
102.364564657211,2,5.82913,-61,9.11066916535097,8.42942091693275,1.073,1.50702773073909
102.391958713531,2,5.79231,-61,9.11104943606125,8.42939592068994,1.073,1.50704043374774
102.583127737045,2,5.84753,-61,9.11370314968097,8.42922148477312,1.073,1.50712908150874
102.68195271492,2,5.94571,-61,9.11599775803358,8.42887579272673,1.073,1.50686419867378
102.7905626297,2,5.97639,-60,9.11883676177679,8.42840803924959,1.073,1.50646628338941
102.937246799469,2,6.02548,-61,9.12267100571195,8.42777631027171,1.073,1.50592887505753
103.05113863945,2,6.01934,-61,9.12564807608976,8.42728580897377,1.073,1.50551160832838
103.201388835907,2,5.9948,-61,9.12957553401129,8.4266387220851,1.073,1.50496113510711
103.31077671051,2,6.10524,-61,9.13202907908733,8.42627885968095,1.073,1.50477278854328
103.481503725052,2,6.21569,-61,9.13453374656215,8.42608034885368,1.073,1.50517226094876
103.514355659485,2,6.1666,-61,9.13501570410051,8.42604215065348,1.073,1.50524912893188
103.696272850037,2,6.21569,-61,9.13768453815415,8.42583062858074,1.073,1.50567478446098
103.875520706177,2,6.25251,-61,9.14031421147451,8.42562221024517,1.073,1.50609419419799
104.024574756622,2,0.079767,-61,9.14244936924898,8.4254535050328,1.073,1.50639984622031
104.133089780808,2,0.0490874,-61,9.14393488832209,8.42533684123125,1.073,1.50656473105983
104.284139633179,2,0.0920388,-61,9.1460026889642,8.42517444851066,1.073,1.50679424610493
104.342589616776,2,0.153398,-61,9.14680284144178,8.42511160931085,1.073,1.50688305884066
104.575180768967,2,0.214757,-61,9.1499869036987,8.42486155206555,1.073,1.50723647308069
104.747003793716,2,0.30066,-61,9.15236902448737,8.42468118171396,1.073,1.50724567587872
104.822222709656,2,0.306796,-61,9.1534278505941,8.42460454903957,1.073,1.50711507653223
105.017533779144,2,0.374291,-60,9.15617716513452,8.42440556704939,1.073,1.50677596637994
105.162714719772,2,0.392699,-61,9.15822081822651,8.42425765739645,1.073,1.50652389499958
105.285901784897,2,0.374291,-61,9.15995487247252,8.42413215499944,1.073,1.50631001063285
105.413126707077,2,0.460194,-60,9.16174272734346,8.42400048756262,1.073,1.50608283021588
105.59568977356,2,0.441786,-60,9.1643006853415,8.42380645442388,1.073,1.50574122257726
105.728647708893,2,0.521553,-60,9.16616360767646,8.42366514300745,1.073,1.50549243487227
105.85448884964,2,0.546097,-60,9.16792681399556,8.42353139551957,1.073,1.5052569639429
106.02766084671,2,0.558369,-60,9.17035319028008,8.42334734347234,1.073,1.50493292864849
106.153469800949,2,0.632,-60,9.17220125290289,8.42339333765186,1.073,1.50449507670681
106.242748737335,2,0.644272,-61,9.17351622803984,8.42343338765604,1.073,1.50417601167358
106.357731819153,2,0.687223,-60,9.17520979541285,8.42348496838821,1.073,1.50376508517394
106.575144767761,2,0.760854,-60,9.17841203586782,8.42358249855435,1.073,1.50298809485035
106.721641778946,2,0.816078,-60,9.18056041610406,8.42362057821073,1.073,1.5025516101599
106.808269739151,2,0.840621,-60,9.18179211874932,8.42352871803445,1.073,1.50265382077857
106.969348669052,2,0.895845,-60,9.18408238789091,8.42335791014679,1.073,1.5028438746254
107.088537693024,2,0.914253,-60,9.18577705362891,8.42323152226087,1.073,1.50298450339988
107.295347690582,2,0.975612,-60,9.188717540978,8.42301222120857,1.073,1.5032285144299
107.39807677269,2,1.00016,-59,9.19019676975843,8.42290289967771,1.073,1.50341033440762
107.544559717178,2,1.00629,-59,9.19238763924389,8.42274531465978,1.073,1.50393561780073
107.688133716583,2,1.09833,-59,9.19453500114529,8.42259085905848,1.073,1.50445046980507
107.804535627365,2,1.08606,-59,9.19627596419919,8.42246563494272,1.073,1.50486788352428
107.995840787888,2,1.16583,-59,9.1991372163406,8.42225983059288,1.073,1.50555389802372
108.13331580162,2,1.25173,-59,9.20116709625178,8.42211570917715,1.073,1.50609061531759
108.203877687454,2,1.23332,-59,9.20220212427059,8.42204271993391,1.073,1.50637750359312
108.542855739594,2,4.5007,-60,9.2071743805755,8.42169208089967,1.073,1.50775570979713
108.630953788757,2,1.38672,-59,9.20846663556853,8.42160095224198,1.073,1.50811389604887
108.827108621597,2,1.44194,-60,9.21123804355749,8.42140324072214,1.073,1.50868396653199
108.972050666809,2,1.5033,-59,9.21319149251964,8.42126177689954,1.073,1.50890240331689
109.089466810226,2,1.51557,-59,9.2147739625556,8.42114717843048,1.073,1.50907935683529
109.215181827545,2,1.60761,-59,9.21646828023788,8.42102448023836,1.073,1.509268817279
109.356059789658,2,1.60761,-59,9.21836695572902,8.4208869829717,1.073,1.50948112923487
109.449896812439,2,1.65056,-59,9.21968989094358,8.42076425060249,1.073,1.50950656813185
109.653972625732,2,1.76101,-59,9.22323488094395,8.42014021517268,1.073,1.508232129578
109.701311826706,2,1.78555,-59,9.22405720766345,8.41999545848569,1.073,1.5079364997243
109.885723829269,2,1.82851,-59,9.22726061866295,8.41943155225189,1.073,1.50678486023274
109.980718851089,2,1.81623,-59,9.22891077208878,8.41914107069842,1.073,1.50619162325734
110.189682722092,2,1.88986,-59,9.23247991691047,8.41860947454652,1.073,1.50523084493856
110.339239835739,2,2.00031,-59,9.23492169290271,8.41842818778633,1.073,1.50518160655925
110.47501373291,2,2.04326,-59,9.23713843428263,8.41826360845381,1.073,1.5051369059998
110.607316732407,2,2.07394,-59,9.23929850731422,8.41810323639555,1.073,1.50509334815682
110.64048576355,2,2.1353,-59,9.23984004854857,8.41806303030941,1.073,1.50508242798527
110.853801727295,2,2.19666,-59,9.24325973939566,8.41780421844356,1.073,1.5049954225152
110.985384702683,2,2.23348,-60,9.2452546040175,8.41764413671465,1.073,1.50491127699103
111.128683805466,2,2.2887,-59,9.24742709107095,8.41746980133381,1.073,1.50481963916264
111.237031698227,2,2.28256,-59,9.24906970005957,8.41733798703226,1.073,1.50475035215798
111.404882669449,2,2.32551,-59,9.2516144058868,8.41713378224365,1.073,1.50464301374346
111.52391576767,2,2.39301,-59,9.25347398237777,8.41699073787514,1.073,1.50449592234393
111.699953794479,2,2.50346,-59,9.25625934193962,8.41678032355508,1.073,1.50423290444385
111.760083675385,2,2.51573,-59,9.25721074625701,8.41670845165197,1.073,1.50414306456497
111.970571756363,2,2.57709,-59,9.26054119138659,8.41645685995191,1.073,1.50382857493989
112.08846783638,2,2.64458,-59,9.26240660069463,8.41631594140173,1.073,1.50365242675216
112.175503730774,2,2.63231,-59,9.26364341809656,8.41622848596712,1.073,1.50372252338813
112.368715763092,2,2.69981,-59,9.26628557516716,8.4160465669557,1.073,1.50402572174049
112.508183717728,2,2.78571,-59,9.2681927868353,8.41591525074249,1.073,1.50424458209585
112.675407648087,2,2.86548,-59,9.27047955896161,8.41575780085838,1.073,1.50450699856936
112.826343774796,2,2.93297,-59,9.27260941545996,8.41562959648029,1.073,1.50466121676097
112.93748664856,2,2.97592,-59,9.27428471637901,8.41555779786947,1.073,1.50464047494007
113.070069789886,2,3.01887,-59,9.27628319501279,8.41547214878517,1.073,1.50461573187127
113.15904378891,2,3.03115,-59,9.27762433563016,8.41541467133014,1.073,1.50459912727315
113.38471865654,2,3.16,-60,9.28102602302893,8.41526888472733,1.073,1.50455701114345
113.521739721298,2,3.17841,-59,9.28300140369492,8.41516915988052,1.073,1.50478635814009
113.638818740845,2,3.19682,-59,9.28453647781868,8.41506491607365,1.073,1.50541518368476
113.803000688553,2,3.28272,-59,9.28668913899138,8.41491873316817,1.073,1.50629699669526
113.956837654114,2,3.34408,-59,9.28870616258813,8.41478176113859,1.073,1.50712324732526
113.99937582016,2,3.33181,-59,9.28926389904871,8.41474388637347,1.073,1.5073517176826
114.156361818314,2,3.41771,-59,9.29132221098616,8.41460411053544,1.073,1.50819488160879
114.378450632095,2,3.50975,-59,9.29429545786947,8.41441512109936,1.073,1.5084015260157
114.41333770752,2,3.46066,-59,9.29476325422231,8.41438553912206,1.073,1.50842208298297
114.63541674614,2,3.57111,-59,9.29774108377792,8.41419723050065,1.073,1.5085529415165
114.769834756851,2,3.62019,-59,9.29954347777058,8.41408325274548,1.073,1.50863214639721
114.839893817902,2,3.62633,-59,9.30048289080088,8.41402384720552,1.073,1.50867342821311
115.056632757187,2,3.75518,-59,9.30358275925742,8.41382206033899,1.073,1.50806015008879
115.165027618408,2,3.78586,-60,9.30514749684927,8.41371980051711,1.073,1.50769818278279
115.277237653732,2,3.83495,-60,9.30676730851264,8.41361394145612,1.073,1.50732347531295
115.421764850616,2,3.8779,-60,9.30885363562687,8.41347759435219,1.073,1.5068408498498
115.589953660965,2,3.95153,-60,9.31131766501174,8.41331732584166,1.073,1.50645189628333
115.724569797516,2,3.93926,-60,9.31335076760069,8.41318635292959,1.073,1.50643174660455
115.870414733887,2,4.01903,-60,9.31555345834282,8.41304445511171,1.073,1.50640991617103
115.95641374588,2,4.01903,-60,9.31685229827696,8.41296078355996,1.073,1.50639704362461
116.079820632935,2,4.13561,-60,9.31871610798056,8.41284071653247,1.073,1.50637857177423
116.321642637253,2,4.17243,-60,9.32201975519147,8.41298620596043,1.073,1.50610260880647
116.378365755081,2,4.20924,-60,9.32270851835868,8.4131144466981,1.073,1.50597861445084
116.60764169693,2,4.26447,-60,9.3254925124323,8.41363279824572,1.073,1.50547742686176
116.744584798813,2,4.35037,-60,9.32715535058701,8.41394240189721,1.073,1.5051780749868
116.864228725433,2,4.36264,-60,9.32860813267994,8.41421289523387,1.073,1.50491653838314
116.958172798157,2,4.40559,-61,9.32998206242977,8.41413944059527,1.073,1.50519496491825
117.142796754837,2,4.46695,-60,9.3327223263615,8.41394588007537,1.073,1.50582541918307
117.182729721069,2,4.55899,-61,9.33331502770439,8.41390401418839,1.073,1.50596178235782
117.349089622498,2,4.63876,-61,9.33578420909215,8.41372960177956,1.073,1.50652986848942
117.495862722397,2,4.73693,-61,9.33796267519717,8.41357572425449,1.073,1.5070310695711
117.64266872406,2,4.69398,-61,9.3401353764271,8.41343651875982,1.073,1.50734173738381
117.817939758301,2,4.80443,-61,9.34272619950592,8.41327774263728,1.073,1.50761644527835
117.957562685013,2,4.82284,-61,9.34479007904211,8.41315125974742,1.073,1.50783528075447
118.126664638519,2,4.92715,-61,9.34728971194333,8.41299807212799,1.073,1.50810031965158
118.166622638702,2,4.92101,-61,9.34788036349911,8.41296187461046,1.073,1.50816294710253
118.335357666016,2,4.93942,-61,9.35037908566899,8.41280693214569,1.073,1.50822832782643
118.538073778152,2,5.03759,-61,9.35338470606314,8.41261908087105,1.073,1.5081442153154
118.592169761658,2,5.04373,-61,9.35418677349404,8.41256895165662,1.073,1.50812176939849
118.798297643662,2,5.11122,-61,9.35724297933492,8.41237793879157,1.073,1.50803624124996
118.956515789032,2,5.21553,-61,9.35958883965869,8.41223132252133,1.073,1.50797059217373
119.025960683823,2,5.25235,-61,9.36055944661306,8.41217524303776,1.073,1.50796315537972
119.144937753677,2,5.34439,-61,9.36222022521681,8.41207946177946,1.073,1.50795118272243
119.334263801575,2,5.35666,-62,9.36486299201099,8.41192704680472,1.073,1.50793213085059
119.445313692093,2,5.44256,-62,9.36641311660514,8.41183764724008,1.073,1.50792095590501
119.651387691498,2,5.45484,-62,9.36928966491331,8.41167174950037,1.073,1.50790021868755
119.805228710175,2,5.56528,-62,9.37083452959173,8.41105329226696,1.073,1.5074271180987
119.952299833298,2,5.65119,-62,9.37230315720493,8.41045527555541,1.073,1.50696856818206
120.241006851196,2,5.70027,-61,9.37518613715099,8.40928134271406,1.073,1.50606841473128
120.282460689545,2,5.71868,-62,9.37560008824062,8.40911278421281,1.073,1.50593916669322
120.50249171257,2,5.81686,-62,9.37862854157239,8.40872790636562,1.073,1.50558359198775
120.612532615662,2,5.87208,-62,9.38032546777785,8.40864725710852,1.073,1.50547825418256
120.839767694473,2,5.9273,-62,9.38382962985944,8.40848071594267,1.073,1.50526073102715
120.97127866745,2,5.98253,-62,9.38585764317159,8.40838433121687,1.073,1.50513484077305
121.142506837845,2,6.05002,-62,9.38868720392942,8.40823644925822,1.073,1.50537108462309
121.255063772202,2,6.15433,-62,9.39059402335146,8.40813369662152,1.073,1.50562543951066
121.416926622391,2,6.19115,-62,9.39333613096315,8.40798593287213,1.073,1.50599121534932
121.568853616714,2,6.20955,-62,9.39590991591176,8.40784723951359,1.073,1.50633453825325
121.723341703415,2,6.26478,-62,9.39848357198056,8.40770899427807,1.073,1.50666920920073
121.860863685608,2,0.079767,-62,9.40065165181295,8.40759380218072,1.073,1.50692633441804
122.020779848099,2,0.13499,-62,9.4031727833531,8.40745985211786,1.073,1.50722533009406
122.162375688553,2,0.19635,-62,9.40540508891722,8.40734124764766,1.073,1.50749007221504
122.277476787567,2,0.251573,-62,9.40721969606205,8.40724483588285,1.073,1.50770527704721
122.466349840164,2,0.368155,-62,9.41001594256234,8.40709360314887,1.073,1.50815238897897
122.561686754227,2,0.362019,-62,9.41136381310071,8.40701970973864,1.073,1.50841101591475
122.737613677979,2,0.472466,-62,9.4138510628692,8.40688335289854,1.073,1.50888826485511
122.892524719238,2,0.484738,-62,9.41604119069781,8.40676328497697,1.073,1.5093085025806
123.043120622635,2,0.668816,-62,9.4181703112319,8.40664656161774,1.073,1.5097170343379
123.155658721924,2,0.656544,-62,9.41973387784513,8.40675198638923,1.073,1.50938612301004
123.318930625916,2,0.748583,-63,9.42199907820635,8.40692767411114,1.073,1.50883094980879
123.472886800766,2,0.791534,-62,9.42413503408337,8.40709333770037,1.073,1.50830745286685
123.597061634064,2,0.822214,-62,9.42585780983574,8.4072269552613,1.073,1.50788522137428
123.700023651123,2,0.951068,-62,9.42728628339753,8.4073377469026,1.073,1.50753511978778
123.887856721878,2,0.969476,-62,9.43020449509175,8.40727296859857,1.073,1.50649435433571
124.147681713104,2,4.22458,-63,9.43439179066475,8.40705463661338,1.073,1.50486076323228
124.297816753387,2,1.12901,-61,9.4368113415577,8.40692847753517,1.073,1.50391682298634
124.337578773499,2,1.16583,-62,9.43745213954252,8.40689506534974,1.073,1.50366682824179
124.581125736237,2,1.31309,-62,9.44133575364261,8.40666750566845,1.073,1.5004295444763
124.696281671524,2,1.28241,-62,9.44316292406384,8.40655486052916,1.073,1.4985228598391
124.846371650696,2,1.42353,-62,9.44554439028857,8.40640804302845,1.073,1.49603775773151
124.913939714432,2,1.39285,-62,9.44661648759011,8.40634194818121,1.073,1.49491900524368
125.133831739426,2,1.51557,-61,9.45012163473123,8.40612020170523,1.073,1.49136385799543
125.295732736588,2,1.61375,-62,9.45280090396209,8.40591634426375,1.073,1.48926946547166
125.422950744629,2,1.55239,-61,9.45490621091222,8.40575615786537,1.073,1.48762374092641
125.581798791885,2,1.66897,-61,9.45753495744781,8.40555614454201,1.073,1.48556884213999
125.728080749512,2,1.73033,-61,9.45995575012339,8.40537195379496,1.073,1.48367650148869
125.772529840469,2,1.76101,-61,9.4606913297914,8.40531598577674,1.073,1.48310149673009
125.942194700241,2,1.86532,-61,9.4635290615345,8.40508699760598,1.073,1.48055850527507
126.124910831451,2,1.88986,-60,9.46658601317739,8.40483991810948,1.073,1.47780908875017
126.260720729828,2,1.94509,-60,9.46885819510907,8.40465626797915,1.073,1.47576549261901
126.398460626602,2,2.00031,-60,9.47116266708396,8.4044700079915,1.073,1.47369285488407
126.545236825943,2,2.03099,-60,9.47315163943877,8.40400569564806,1.073,1.47088305357904
126.622228622437,2,2.04326,-60,9.47394634023354,8.40362052033249,1.073,1.46908888924992
126.796534776688,2,2.05553,-60,9.47574550904923,8.4027484997923,1.073,1.46502697748078
126.94767665863,2,2.19052,-60,9.47730557881215,8.40199236570108,1.073,1.4615048701191
127.092490673065,2,2.19666,-60,9.4788003330276,8.40126788872757,1.073,1.45813022306721
127.228596687317,2,2.22734,-60,9.48058004181875,8.40077849707944,1.073,1.45548755891777
127.252320766449,2,2.22734,-60,9.48097173391807,8.40073482409276,1.073,1.4551419281716
127.468766689301,2,2.36847,-60,9.48454532501256,8.40033637491149,1.073,1.45198857644798
127.626928806305,2,2.3746,-60,9.48715663191714,8.40004521874095,1.073,1.44968434831701
127.762529850006,2,2.4421,-60,9.4893954483189,8.39979559461253,1.073,1.4477088073632
127.951261758804,2,2.51573,-59,9.49246386397454,8.39944453053247,1.073,1.44510929197186
128.105934619904,2,2.57709,-59,9.49493380093226,8.39915340606411,1.073,1.44311994143809
128.322628736496,2,2.60163,-59,9.49839414170108,8.39874554550577,1.073,1.4403328942894
128.519288778305,2,2.69981,-59,9.50153456272851,8.39837539298055,1.073,1.43780351870042
130.333510160446,2,2.97592,-58,9.51694633180114,8.39634263763146,1.073,1.36612421896677
130.446659088135,2,3.01274,-59,9.51898538390162,8.39593339125918,1.073,1.35327484017862
130.640073060989,2,3.12932,-59,9.52247088902897,8.39523383565264,1.073,1.3313104305205
130.819437026978,2,3.25818,-58,9.52099060255759,8.39535330571072,1.073,1.3054684287429
130.919471025467,2,3.30113,-57,9.52014939227183,8.39542248418817,1.073,1.29103779834726
131.142675161362,2,3.4668,-57,9.52563579885095,8.39395972843287,1.073,1.2592182959704
131.289998054504,2,3.49134,-56,9.53214354258819,8.39236033310685,1.073,1.2383649553804
131.496142148972,2,3.57724,-56,9.53623164317592,8.39121195549906,1.073,1.21004417627822
131.747469186783,2,3.66928,-55,9.53809666798765,8.3904190343592,1.073,1.17577678154247
131.933781147003,2,3.71837,-55,9.54166223003151,8.38882318029889,1.073,1.14792187430782
132.058578968048,2,3.77359,-55,9.54405055965537,8.38775422525597,1.073,1.12926374992235
132.401213169098,2,3.90245,-54,9.5488387011012,8.38533242877361,1.073,1.08031178952399
132.554885149002,2,3.9454,-54,9.54927238397063,8.38463575478742,1.073,1.05394145316713
132.830767154694,2,3.97608,-54,9.55045013985559,8.38310214276779,1.073,1.00641187471041
132.956406116486,2,3.95767,-54,9.55289862560519,8.38156148019612,1.073,0.987115170172766
133.177597999573,2,4.02517,-53,9.55704670501161,8.37845004493795,1.073,0.955019184091332
133.491760969162,2,4.06198,-53,9.56223862469881,8.37273892532019,1.073,0.915880659681393
133.719033002853,2,4.04357,-53,9.564397871041,8.37100880364538,1.073,0.881810204542726
134.060567140579,2,4.06198,-53,9.56856698981358,8.3672523560894,1.073,0.836467906466251
134.193441152573,2,4.03744,-53,9.57032116540022,8.36562552537294,1.073,0.819665069209044
134.523926973343,2,4.04357,-54,9.57989122466287,8.36265656046219,1.073,0.772717526040629
134.798250198364,2,4.04971,-54,9.5850617427657,8.36056938531057,1.073,0.738062131603546
135.168783187866,2,4.06812,-55,9.58667989578626,8.3582530881695,1.073,0.699638284533594
135.590844154358,2,4.19084,-55,9.58751813203837,8.35684722736872,1.073,0.667455952709535
135.913563966751,2,4.20924,-56,9.58829169333375,8.35558084859797,1.073,0.645034659480346
136.293892145157,2,4.23992,-56,9.58944924566437,8.35373348957238,1.073,0.622664606338495
136.439321041107,2,4.23992,-56,9.58989186750257,8.35302710125101,1.073,0.614110803818771
140.529735565186,2,4.68171,-60,9.59866211662035,8.33843547683317,1.073,0.569887850517589
140.848955631256,2,4.7492,-61,9.60255293098319,8.33325761520255,1.073,0.56885079456349
141.155711650848,2,4.92101,-62,9.60629182729258,8.32828192478509,1.073,0.567854230780738
141.377801656723,2,5.00078,-62,9.60878762282927,8.32483794089937,1.073,0.567225386584421
141.673844575882,2,5.2953,-64,9.61083715195821,8.32120535253284,1.073,0.566947708444371
141.748707532883,2,5.22167,-64,9.61135543427852,8.32028674820528,1.073,0.566877489549362
142.006159543991,2,5.46711,-65,9.61313779542254,8.31712768875826,1.073,0.566636008362108
142.463785648346,2,5.82299,-64,9.61611393748701,8.31185211081849,1.073,0.567443837730729
142.75376868248,2,6.14206,-64,9.61794753346871,8.30860164521456,1.073,0.568292570416197
143.062487602234,2,0.0521553,-65,9.61992131497636,8.30510355129187,1.073,0.569196373989479
143.396489620209,2,0.423379,-63,9.62211984858109,8.30120966959053,1.073,0.570174876269894
143.666039705276,2,0.589049,-63,9.62389413402934,8.29806718515226,1.073,0.570964558244046
143.930533647537,2,0.773126,-63,9.62561539041374,8.29501507662763,1.073,0.571541928727557
144.099632501602,2,0.877437,-62,9.62669090142817,8.29310346629719,1.073,0.571661634576765
144.379989624023,2,0.987884,-61,9.62847404286224,8.2899341155976,1.073,0.571860100661037
144.648973703384,2,1.07379,-60,9.63018484889731,8.286893333638,1.073,0.57205051571631
144.96671462059,2,1.15355,-60,9.63248790336576,8.28240580519964,1.073,0.571079086317034
145.193279504776,2,1.20878,-60,9.6342379129386,8.27886374378194,1.073,0.569929230177283
145.500070571899,2,1.25786,-59,9.63660759748286,8.274067445335,1.073,0.568372212224477
145.753031492233,2,1.34377,-59,9.6384786566035,8.27060970583377,1.073,0.567594018853149
145.91468667984,2,1.39899,-59,9.6396250400122,8.2686959397505,1.073,0.567397764017552
146.257573604584,2,1.43581,-58,9.64205663461429,8.26463664925273,1.073,0.566981487756702
146.456899642944,2,1.52784,-58,9.64347016217676,8.26227691420573,1.073,0.566739499241098
146.948012590408,2,1.57693,-58,9.64751257736815,8.25559099926421,1.073,0.567164632745177
147.051877498627,2,1.57693,-58,9.64837432682517,8.25416637299423,1.073,0.567266996625765
147.496029615402,2,1.61375,-58,9.65175609693942,8.24849438113338,1.073,0.568074572373348
147.680723667145,2,1.61375,-58,9.65297432354123,8.24639620137817,1.073,0.568639688016585
148.010771512985,2,1.6567,-57,9.65515129167789,8.24264675897946,1.073,0.569649548371814
148.179646492004,2,1.63829,-57,9.65627328402017,8.24072124638213,1.073,0.5701826387188
148.311910629272,2,1.61375,-57,9.65718606127833,8.23918361489355,1.073,0.570668891704479
148.624710559845,2,1.66284,-57,9.65934474668525,8.23554717169129,1.073,0.571818862537863
148.909007549286,2,1.63829,-57,9.66130672845811,8.2322420883021,1.073,0.572864045780959
149.10228061676,2,1.62602,-57,9.66277980690465,8.22998614315565,1.073,0.573629073777492
149.477673530579,2,1.60148,-57,9.6659814165813,8.22558229637593,1.073,0.575248173528256
149.728615522385,2,1.60148,-57,9.66812162296152,8.2226384206611,1.073,0.576330506469111
149.971728563309,2,1.55239,-57,9.67010124431563,8.21972278480425,1.073,0.57670482212156
150.213251590729,2,1.53398,-57,9.67191806072961,8.21672461780984,1.073,0.575999651004948
150.343655586243,2,1.51557,-57,9.67289900288668,8.21510583653062,1.073,0.575618912438901
150.91003370285,2,1.42967,-57,9.6771008391465,8.20814452283006,1.073,0.574076555347338
151.068475723267,2,1.42967,-57,9.67823763116358,8.20624291080816,1.073,0.573718437394711
151.371533632278,2,1.36831,-57,9.6804120152744,8.20260562720377,1.073,0.573033451949452
151.500923633575,2,1.31922,-57,9.68134036445966,8.20105269584545,1.073,0.572740998708619
151.772899627686,2,1.30082,-57,9.68315481352614,8.19803866373489,1.073,0.572734769944671
152.05198764801,2,1.22718,-57,9.68496300028496,8.19504395886263,1.073,0.572967060110544
152.219874620438,2,1.20264,-56,9.68605072522624,8.19324247725932,1.073,0.573106795569729
152.587558507919,2,1.08606,-57,9.68841111635274,8.1893193614152,1.073,0.573465942972891
152.82902765274,2,1.01856,-57,9.68994573261318,8.18675877759835,1.073,0.573739630656248
153.063238620758,2,1.0247,-57,9.69143422076001,8.18427516084112,1.073,0.574005091724995
153.218903541565,2,0.938796,-57,9.69242352280448,8.18262446100797,1.073,0.574181526571722
153.658347606659,2,0.791534,-58,9.69995427434782,8.1750138801235,1.073,0.574567359652428
153.931110620499,2,0.785398,-58,9.70482697894668,8.17016645544475,1.073,0.574802146910336
154.202878713608,2,0.638136,-58,9.7086724731776,8.16594172904359,1.073,0.574967216067846
154.422266721725,2,0.607456,-57,9.7102111685219,8.16346964330036,1.073,0.57499366636798
154.709585666656,2,0.533825,-57,9.71222630292549,8.16023210505194,1.073,0.575028306694918
155.075850486755,2,0.484738,-57,9.71487601149676,8.15599930431195,1.073,0.574791249658436
155.337245702744,2,0.404971,-57,9.7169138155879,8.15278665922918,1.073,0.574111779765342
155.618955612183,2,0.306796,-57,9.71910999046356,8.14932433895716,1.073,0.573379503922701
155.74928355217,2,0.325204,-58,9.72012601062403,8.147722559774,1.073,0.573040729889995
156.071656703949,2,0.257709,-58,9.72250722774816,8.1439679416996,1.073,0.572770285802446
156.442514657974,2,0.141126,-58,9.72519094662147,8.1397360940878,1.073,0.572698424239227
156.699212551117,2,0.079767,-58,9.72706361402998,8.13678281846961,1.073,0.57266658679592
157.171120643616,2,6.24023,-59,9.73073777831562,8.13098329145873,1.073,0.572883079860751
157.31137752533,2,6.25251,-59,9.73182978507244,8.12925960079334,1.073,0.572947424258884
157.719178676605,2,6.19115,-58,9.73370981296681,8.12569184009404,1.073,0.573425154399134
157.96298456192,2,6.08684,-59,9.73412254606303,8.12435187100085,1.073,0.573870397294023
158.170261621475,2,6.08684,-59,9.73447344039216,8.12321266612409,1.073,0.574248930560032
158.716370582581,2,5.92117,-59,9.73767082147631,8.11757326544553,1.073,0.575804210131407
159.055255651474,2,5.85367,-59,9.74046232987606,8.11313669091428,1.073,0.576967534939909
159.271235704422,2,5.79231,-59,9.74221694712293,8.11035627435597,1.073,0.577588333242202
159.523917675018,2,5.76777,-60,9.74413983877155,8.10735340246636,1.073,0.577674673125967
159.877407550812,2,5.61437,-60,9.74682987133868,8.10315252969028,1.073,0.577795458454324
160.079663515091,2,5.58983,-60,9.74836902470082,8.10074892033023,1.073,0.577864568080174
160.460611581802,2,5.47938,-60,9.75123810646852,8.09619262464311,1.073,0.577220601302209
160.786632537842,2,5.43029,-60,9.7536923942853,8.09229219492812,1.073,0.576640634211965
161.087019681931,2,5.3812,-60,9.75600291494086,8.08863324150018,1.073,0.576107205126705
161.379271507263,2,5.34439,-60,9.7583153180617,8.08498797061982,1.073,0.575589450721433
161.492321491241,2,5.30757,-60,9.75920981080085,8.08357789280713,1.073,0.575389170955331
161.830627679825,2,5.21553,-60,9.7621812085802,8.07935370789077,1.073,0.574950810265001
162.645490646362,2,5.04373,-61,9.77513670280856,8.06907520857594,1.073,0.57716718161201
162.825467586517,2,4.95169,-61,9.77668011290891,8.06665015778977,1.073,0.578083743029146
163.132754564285,2,4.93942,-61,9.77931528286337,8.06250970220489,1.073,0.579648651219982
163.604305505753,2,4.83511,-61,9.78311143392357,8.05653657713895,1.073,0.581510201677076
163.85382270813,2,4.84124,-61,9.78480921958208,8.05385379517278,1.073,0.58181748684998
164.220512628555,2,4.73693,-62,9.78730428157415,8.04991118481836,1.073,0.582269072450198
164.491895675659,2,4.71239,-62,9.78923854304703,8.04688664080233,1.073,0.582221996239181
164.672957658768,2,4.71852,-62,9.79058537173263,8.0448002119649,1.073,0.581945696750639
165.034247636795,2,4.66944,-62,9.7932728254867,8.04063696457365,1.073,0.581394370434477
165.3698387146,2,4.53445,-61,9.79584768252512,8.03666456639939,1.073,0.580618145027366
165.746494531631,2,4.47309,-61,9.79884098892567,8.0320675469346,1.073,0.579399410494352
166.014270544052,2,4.41786,-62,9.80096902097947,8.02879938675854,1.073,0.578532975253762
166.146713495255,2,4.39332,-62,9.80212048197054,8.02702100430913,1.073,0.578182766329385
166.587532520294,2,4.37491,-61,9.80625204882342,8.02061232068695,1.073,0.577253956287523
166.824739694595,2,4.39332,-62,9.80847526797445,8.01716377231073,1.073,0.576754158427226
167.02330160141,2,4.22152,-62,9.81027278657627,8.01440375757981,1.073,0.576982433237438
167.493084669113,2,4.1172,-61,9.81440860014941,8.00810719242559,1.073,0.578713847980917
167.756866693497,2,4.12334,-62,9.81671688828767,8.00459018341486,1.073,0.579688823734696
168.069410562515,2,4.02517,-62,9.81904558925237,8.00096132125836,1.073,0.580925244433529
168.355128526688,2,3.98835,-62,9.82117441584203,7.99764392741258,1.073,0.582055542097151
168.719498634338,2,3.96994,-62,9.82385844948095,7.99348943451492,1.073,0.583162067688428
168.821549654007,2,3.95153,-62,9.82459021223582,7.99237518543747,1.073,0.583254940864359
169.241452693939,2,3.88404,-62,9.82760115133548,7.98779045344379,1.073,0.583637080396412
169.532867670059,2,3.74905,-62,9.82972394009136,7.984554024351,1.073,0.583763285919652
169.873879671097,2,3.6386,-62,9.8325207871875,7.98025209428364,1.073,0.582600698207232
170.475871562958,2,3.57111,-62,9.83802582610259,7.97115863830394,1.073,0.580524847778699
170.688695669174,2,3.49134,-63,9.84085072516704,7.96562346637693,1.073,0.579754559701972
170.970306634903,2,3.49134,-62,9.84458865959454,7.95829927204786,1.073,0.578735306887838
171.350282669067,2,3.36862,-62,9.84851916290832,7.95090866458661,1.073,0.578113832793611
171.667462587357,2,3.25204,-63,9.85038878823299,7.94789902382007,1.073,0.578550838712995
171.978593587875,2,3.12318,-63,9.85222275805364,7.94494677971853,1.073,0.578979510520668
172.239937543869,2,3.11705,-63,9.85405715748359,7.94198782769424,1.073,0.579591028573143
172.414594650269,2,3.14773,-63,9.85533607061496,7.93992398424493,1.073,0.580045032269042
172.93453168869,2,2.84707,-64,9.85911507443685,7.93383291853005,1.073,0.581374640926384
173.149779558182,2,2.79798,-63,9.86059925547891,7.9314616129889,1.073,0.581862680262528
173.458380699158,2,2.84707,-63,9.86272712770398,7.92806186925472,1.073,0.582562382872042
173.767758607864,2,2.79798,-64,9.86486389286477,7.92464954075723,1.073,0.583247243791596
174.40246462822,2,2.50959,-64,9.869496795571,7.91736519219452,1.073,0.58348245269822
174.494448661804,2,2.42983,-65,9.87016821362039,7.91630951643071,1.073,0.583516540076112
175.026544570923,2,2.2887,-65,9.87332077478858,7.91061977960196,1.073,0.583063934413951
175.230618715286,2,2.11689,-65,9.87441452123374,7.90850336876575,1.073,0.582787860887754
175.409040689468,2,2.11076,-65,9.87537078348149,7.90665299129263,1.073,0.582546489871758
175.817751646042,2,1.92668,-66,9.87814190432274,7.90197027292417,1.073,0.581538569151004
219.19606256485,2,4.70932,-65,10.1878219767905,7.41205273368035,1.073,0.75854908674816
219.420836448669,2,4.7492,-64,10.1862179371862,7.41345894173346,1.073,0.786613898345207
219.608635663986,2,4.92715,-63,10.1852438447279,7.41399783142516,1.073,0.809225776219447
219.9586186409,2,4.98851,-62,10.1832146570229,7.41507392841029,1.073,0.851182850677021
220.521346569061,2,2.00338,-61,10.1791624675065,7.41847191679844,1.073,0.917912088763815
220.707191467285,2,5.22781,-60,10.1781880092051,7.41971377710039,1.073,0.939378207112564
220.957267522812,2,5.25235,-59,10.177066357121,7.42006709750688,1.073,0.96970543616209
221.252865552902,2,5.40575,-59,10.1750000528909,7.42088120063492,1.073,1.00521028385545
221.824850559235,2,5.55301,-58,10.1688521984689,7.42343732805502,1.073,1.07268422940506
221.979531526566,2,5.58369,-58,10.1673738014696,7.42397324696729,1.073,1.09093873635464
222.421531438828,2,5.68186,-56,10.1628299143346,7.42554618546532,1.073,1.14645811892862
222.674788475037,2,5.70027,-56,10.163314166046,7.42661759237679,1.073,1.17475657831349
223.097291469574,2,5.7739,-55,10.1615286776477,7.42747439325484,1.073,1.22075770393915
223.302709579468,2,5.76163,-55,10.1599760576278,7.42764319231629,1.073,1.24262369579183
223.706429481506,2,5.81072,-55,10.1575146288512,7.42797138281984,1.073,1.26767717967332
223.866221427917,2,5.82913,-55,10.1565403977242,7.42810128030345,1.073,1.27759332434092
224.134153604507,2,5.85367,-55,10.1549068493994,7.42831908674675,1.073,1.29422028385823
228.054251194,2,5.76163,-55,10.1683186233361,7.42370147483401,1.073,1.30214168267714
228.438179254532,2,5.71868,-55,10.1740019382518,7.4217812868819,1.073,1.30369217927065
228.690175056458,2,5.70641,-55,10.177680005842,7.42141213550853,1.073,1.30415694213356
229.000532150269,2,5.66346,-55,10.1821432449148,7.42209449609755,1.073,1.30402390327658
229.384364128113,2,5.62051,-55,10.1875709343897,7.42229893050081,1.073,1.30385152105936
229.72990322113,2,5.58983,-55,10.1922040503843,7.42072749218925,1.073,1.30367479395441
229.930465221405,2,5.54687,-56,10.1948932598837,7.41981537886418,1.073,1.30357221586011
230.479046106339,2,5.49779,-56,10.2032337612755,7.41696176697043,1.073,1.30238465446471
230.906675100327,2,5.46097,-56,10.2094969695693,7.41479161509652,1.073,1.30177850816047
231.335345029831,2,5.45484,-56,10.2153396941358,7.41273703063355,1.073,1.30168862009022
231.686141252518,2,5.35052,-56,10.2206259934145,7.41094613555432,1.073,1.30189313303634
232.069230079651,2,5.33212,-56,10.226654389073,7.4088953866645,1.073,1.30208966730784
232.346540212631,2,5.28303,-56,10.2329589969239,7.40656848863532,1.073,1.30151727527928
232.658389091492,2,5.22781,-56,10.2400488384267,7.40395177739645,1.073,1.30087359230073
232.916972160339,2,5.24621,-56,10.2443125015288,7.40258624954137,1.073,1.30102030353015
233.244408130646,2,5.21553,-56,10.2491584839388,7.40113245481836,1.073,1.30143903404908
233.735846042633,2,5.12963,-57,10.2561088319047,7.39902931510097,1.073,1.30181682678047
233.879979133606,2,5.09895,-56,10.2580994448367,7.39842416876966,1.073,1.30189047945896
234.33021903038,2,5.056,-57,10.2642916831182,7.39656033491828,1.073,1.30170901913489
234.847155094147,2,4.93942,-57,10.2713627617776,7.3944596066952,1.073,1.30089206927036
235.296625137329,2,4.9026,-58,10.2778526207259,7.39259925122117,1.073,1.30005899388693
235.42689704895,2,4.89033,-58,10.2797430862842,7.39205911820451,1.073,1.29981413358605
235.995474100113,2,4.77375,-59,10.2909291780813,7.38706422575016,1.073,1.29963712578673
236.137922048569,2,4.74307,-59,10.2940809235509,7.3854990008041,1.073,1.29969888296147
236.446565151215,2,4.73693,-59,10.2995567273694,7.38329563208146,1.073,1.29971236402126
236.771724224091,2,4.58967,-59,10.3041270357507,7.38202664220113,1.073,1.29961998544759
237.103159189224,2,4.58353,-60,10.30890197106,7.38071451493421,1.073,1.29985832768832
237.447062253952,2,4.49763,-60,10.3139932122591,7.37933113727505,1.073,1.30049601850518
237.904231071472,2,4.40559,-61,10.3202025221256,7.37762534852804,1.073,1.30112858911313
238.085941076279,2,4.34423,-61,10.3225398777985,7.37697849893482,1.073,1.30132971041522
238.473541259766,2,4.32583,-62,10.3273480494847,7.37566329748847,1.073,1.30386305332519
238.909413099289,2,4.19084,-62,10.3325442707069,7.37426094380923,1.073,1.30920952672732
239.161735057831,2,4.15402,-62,10.3339388081393,7.37444488226724,1.073,1.31037018023242
239.581225156784,2,3.96994,-63,10.3351907361388,7.37540886682688,1.073,1.31102118279218
239.891850233078,2,3.89018,-63,10.3386819689732,7.37474049135842,1.073,1.31333360773915
240.138144254684,2,3.76746,-63,10.3420429227948,7.3738910195134,1.073,1.31559024816223
250.071870088577,2,5.2953,-65,10.4958814064974,7.32226190805232,1.073,1.33062447065129
250.606454133987,2,5.25235,-65,10.5029409340282,7.32038192517726,1.073,1.33156829878856
250.876427173615,2,5.1235,-65,10.5066524324213,7.31939588527598,1.073,1.33187242250356
251.187350034714,2,5.11736,-65,10.5110307150896,7.31823430007828,1.073,1.33210027190772
251.398609161377,2,5.12963,-65,10.5140055757013,7.31744505134455,1.073,1.33225508608241
251.736166238785,2,5.06214,-64,10.5191867516611,7.31608413344227,1.073,1.33152788807868
251.996878147125,2,4.94555,-65,10.5231951255475,7.31503146702912,1.073,1.33095098193055
252.26215004921,2,4.95783,-64,10.5272649777502,7.31396265537589,1.073,1.33032376058596
252.314445257187,2,4.9701,-64,10.5280661969763,7.31375224172864,1.073,1.33019496646735
252.719757080078,2,4.85965,-64,10.5342760130887,7.31212143955333,1.073,1.3291967530362
252.913283109665,2,4.78602,-64,10.5375299255821,7.31099294087746,1.073,1.328032511275
253.144928216934,2,4.77988,-64,10.5416678599801,7.30934777824985,1.073,1.32606031834819
253.585604190826,2,4.57126,-64,10.5493907373023,7.3064768675079,1.073,1.32296863023734
253.700228214264,2,4.70012,-64,10.5512522055747,7.30598596702542,1.073,1.32281707706825
253.990738153458,2,4.60194,-63,10.5559700214255,7.30474179965948,1.073,1.32243297170695
254.412118196487,2,4.47309,-64,10.5623958796428,7.30303670013538,1.073,1.32312237213355
254.53812122345,2,4.54058,-64,10.5642058305973,7.30255344323053,1.073,1.32366173751798
255.033084154129,2,4.43014,-63,10.5713558709486,7.30066623707007,1.073,1.32577139809694
255.289536237717,2,4.3381,-63,10.5751096717398,7.29970202549428,1.073,1.32685337597206
255.50658416748,2,4.31969,-63,10.5782866967773,7.2988859661219,1.073,1.32776910671817
255.833213090897,2,4.25833,-64,10.5826758940211,7.29774682760109,1.073,1.32844278858689
256.103365182877,2,4.22765,-64,10.5862077955779,7.29682698071212,1.073,1.32882314721609
256.265249252319,2,4.17856,-64,10.5883242278169,7.29627577803011,1.073,1.32905107068797
256.625712156296,2,4.06198,-64,10.5963805463394,7.29311768296469,1.073,1.32798767180022
256.885928153992,2,4.12334,-64,10.6022898732295,7.29078387285115,1.073,1.32717607437292
257.127296209335,2,4.03744,-64,10.606650174382,7.28940135819218,1.073,1.32639482232911
257.339118242264,2,3.93313,-64,10.6099070305049,7.28858562226607,1.073,1.32569475045223
257.623589038849,2,3.9454,-64,10.614280893048,7.28749011276928,1.073,1.32475457439155
257.870921134949,2,3.792,-65,10.6180920149837,7.2865475031011,1.073,1.32408966742987
257.99889421463,2,3.82882,-65,10.6200649421034,7.28606097544247,1.073,1.32376403868197
258.375832080841,2,3.72451,-66,10.625915344284,7.28461784214069,1.073,1.32289944059611
258.640869140625,2,3.72451,-65,10.6302797411365,7.28353864582805,1.073,1.3228954729626
