1.81450200080872,2,2.58936,-59,10.9570492569494,7.8108927447155,1.073,0.393829350687126
2.2106511592865,2,2.60163,-59,10.9590620424842,7.80644801672574,1.073,0.394928207082338
3.06515216827393,2,2.74889,-60,10.9615372894129,7.79929560585056,1.073,0.398702269097771
3.64794301986694,2,2.8348,-60,10.9633195413676,7.79410718097833,1.073,0.399519719806509
4.63868498802185,2,6.09297,-62,10.968069070681,7.78212768699011,1.073,0.399090582835206
5.17638301849365,2,3.16614,-62,10.9712368748587,7.77431375034836,1.073,0.397853006307282
5.86315512657166,2,3.27045,-62,10.9745856257501,7.76578350724312,1.073,0.396980922848438
6.45661211013794,2,3.45452,-62,10.9774823511129,7.75824401947323,1.073,0.397687191568807
7.16119909286499,2,3.68155,-62,10.9811980959628,7.74874738560509,1.073,0.399362795763646
7.9584801197052,2,3.83495,-63,10.9852475982239,7.73872571186366,1.073,0.399060043681744
9.0945360660553,2,4.14175,-62,10.9993219634435,7.72038680219027,1.073,0.38925327107457
9.35713219642639,2,4.12948,-62,11.0005652253687,7.71763278865296,1.073,0.38953620734906
10.3861420154572,2,4.34423,-61,11.0175643665535,7.68570724370226,1.073,0.386564563496856
11.0434610843658,2,4.44854,-62,11.0224977149878,7.67512715904985,1.073,0.38573913716625
11.9844670295715,2,4.63262,-61,11.0274185491371,7.66420397469015,1.073,0.386701404021702
12.9908890724182,2,4.73693,-60,11.0328322704221,7.65160916450813,1.073,0.388553315146486
13.6854050159454,2,4.79216,-60,11.029301595188,7.65549775823793,1.073,0.390735479014238
14.2542741298676,2,4.75534,-60,11.0224655543797,7.66568157993743,1.073,0.393755506183733
14.9302051067352,2,4.89033,-60,11.0263149013147,7.65681910136429,1.073,0.393879684730734
16.167289018631,2,4.93328,-59,11.0330887165487,7.6411395995455,1.073,0.394691689173723
16.5241751670837,2,4.93328,-60,11.0352941458405,7.6359506413094,1.073,0.395472254854044
17.5869472026825,2,5.11122,-59,11.0365402975068,7.60036778715115,1.073,0.392251029392126
17.7710762023926,2,4.9701,-59,11.0362751335368,7.59284313048455,1.073,0.391161742750858
18.5511300563812,2,5.056,-60,11.0410972228391,7.58150354021389,1.073,0.392062548689148
19.5518851280212,2,5.03146,-60,11.0475299356785,7.56638130475433,1.073,0.393022073383858
20.822014093399,2,5.14804,-60,11.0561487817777,7.5479916138966,1.073,0.394364364131684
21.5709881782532,2,5.19099,-60,11.062063586529,7.53788969833845,1.073,0.398579876059264
22.3415710926056,2,5.12963,-60,11.0670908227109,7.52655806915541,1.073,0.398444948532937
23.0722970962524,2,5.13577,-60,11.0720331582318,7.5153510016309,1.073,0.399721051927625
24.1135051250458,2,5.11736,-61,11.0782994019436,7.50102162089086,1.073,0.399286491791951
24.8603720664978,2,5.06214,-62,11.087042366388,7.48748164945649,1.073,0.396807199298491
25.5531990528107,2,4.99464,-63,11.0908987056426,7.47852943332962,1.073,0.395642033937978
25.9298100471497,2,4.91487,-64,11.0930534983556,7.47368069118123,1.073,0.395681166134518
27.0836269855499,2,4.63876,-67,11.1000275720413,7.45804256052949,1.073,0.395994794971036
32.7510290145874,2,5.93651,-67,11.1321040750456,7.3928751095715,1.073,0.39765592187627
33.4875991344452,2,2.76117,-65,11.1368417013894,7.38216293300075,1.073,0.397123467495205
33.5882811546326,2,2.63845,-65,11.1374713914049,7.38073322759679,1.073,0.397098199479669
34.4213860034943,2,2.65072,-64,11.1427254819526,7.36872220390114,1.073,0.39665114095267
35.0138680934906,2,2.70594,-63,11.1465669265814,7.35970213772552,1.073,0.394700571685084
35.8581311702728,2,2.65685,-62,11.1499346480165,7.34564685517889,1.073,0.384457587440042
36.6006331443787,2,2.60163,-62,11.1541452337325,7.33579699150396,1.073,0.38612751732863
37.3338921070099,2,2.51573,-61,11.1593204208242,7.3234899865151,1.073,0.385855467493648
38.026458978653,2,2.46664,-60,11.1639276957996,7.31239413261599,1.073,0.386868108139285
38.8044409751892,2,2.42369,-60,11.1689,7.30032073770025,1.073,0.388154935549412
39.5790519714355,2,2.25188,-60,11.1698698203245,7.29696164935722,1.073,0.384767850259795
40.2678861618042,2,2.2212,-59,11.1751879268644,7.28404778096807,1.073,0.384321882670299
41.2666749954224,2,2.29484,-59,11.1814695607926,7.268596271666,1.073,0.384721776509891
41.3117311000824,2,2.20893,-59,11.1817599039211,7.26788783443256,1.073,0.384779612861079
42.6135601997375,2,2.03713,-58,11.1910070867198,7.24979610307872,1.073,0.384368365582621
43.6044611930847,2,2.08621,-57,11.2012216827374,7.23591267556967,1.073,0.384042458486225
44.2121841907501,2,2.03099,-57,11.2047401820065,7.22715371589237,1.073,0.383906506555192
45.0128409862518,2,1.94509,-57,11.209299267056,7.21590319191387,1.073,0.384487252606108
45.8628470897675,2,1.90214,-57,11.2145189733158,7.20304653248777,1.073,0.383851519076226
46.6109321117401,2,1.84691,-57,11.2175205799982,7.19189067152445,1.073,0.386791471811594
47.5274560451508,2,1.73647,-57,11.2222999591427,7.17909749566798,1.073,0.388337352977653
48.2502200603485,2,1.63216,-57,11.2268489501114,7.16745406861308,1.073,0.387963275233753
48.8966000080109,2,1.71192,-58,11.230678377425,7.15751687995819,1.073,0.388753937498609
49.086837053299,2,1.61988,-58,11.2319627797675,7.15422662374464,1.073,0.388513726932852
50.4229869842529,2,1.49103,-58,11.2369665979225,7.12920195016982,1.073,0.389177795825984
51.4207050800323,2,1.31922,-57,11.2427738004045,7.11499462566893,1.073,0.389805646971064
52.0963151454926,2,1.25786,-58,11.2463959464544,7.10605838077604,1.073,0.390173468305235
52.4739811420441,2,1.19037,-58,11.2483306953739,7.10128720811327,1.073,0.390478575072399
53.4587199687958,2,1.1106,-58,11.2546865454305,7.08469843005773,1.073,0.389697542088783
53.7881500720978,2,0.975612,-58,11.2573702357948,7.07647315450267,1.073,0.387976213672683
54.972295999527,2,0.760854,-59,11.2643660919971,7.05910303150699,1.073,0.389869497848733
55.5420780181885,2,0.60132,-59,11.2674117839133,7.05186673374619,1.073,0.389980794479008
56.6770660877228,2,0.472466,-59,11.2730801571348,7.03820847328495,1.073,0.389736155600225
57.4958860874176,2,0.288388,-60,11.2788755885008,7.02704680446169,1.073,0.393987508427773
58.2629110813141,2,0.0490874,-60,11.283607169309,7.01592522493831,1.073,0.393073534946928
59.0027921199799,2,6.20955,-60,11.2876591265444,7.00611641427187,1.073,0.394002863533738
59.9106061458588,2,6.00093,-60,11.2932745663669,6.9928130907299,1.073,0.393388538637108
60.359610080719,2,5.87208,-61,11.2958523833944,6.98653640601409,1.073,0.393642723385867
61.5225651264191,2,5.66959,-61,11.2986783064195,6.97689573566504,1.073,0.39502895878275
61.7547290325165,2,5.66959,-62,11.3001327207783,6.97335872372421,1.073,0.39436271322644
62.656779050827,2,5.41802,-62,11.3053278108912,6.9607055852076,1.073,0.39468655852076
63.3049139976501,2,5.10509,-62,11.3095101344564,6.95041706923714,1.073,0.393657706923714
64.4569261074066,2,4.72466,-63,11.3156994638917,6.93192489908469,1.073,0.394460013312617
65.297080039978,2,4.44241,-62,11.319836897962,6.9195747844829,1.073,0.39420382865278
65.9451310634613,2,4.30128,-62,11.3233959805716,6.91100172095647,1.073,0.39374154413792
66.5597190856934,2,4.17243,-63,11.3268470851984,6.90261620475521,1.073,0.392823897956043
67.7803001403809,2,3.77359,-63,11.3333604998275,6.88736640191814,1.073,0.394117733377534
68.4974040985107,2,3.60179,-62,11.3365526787946,6.88357167072232,1.073,0.396745157737351
68.5793681144714,2,3.6386,-62,11.3370099415747,6.88250003436079,1.073,0.396743633528084
69.82546210289,2,3.31953,-62,11.3443352767668,6.86508109703781,1.073,0.396568896584867
70.9836721420288,2,3.04342,-63,11.3522396913779,6.84656168044174,1.073,0.394974957901584
71.3419811725616,2,3.06796,-62,11.3545279117694,6.84254290146517,1.073,0.394304467900582
71.7877480983734,2,2.90843,-62,11.3572707781153,6.83938860516736,1.073,0.393004587762733
73.1408050060272,2,2.66913,-62,11.3649750610254,6.82246896634865,1.073,0.392965507623313
73.5943791866302,2,2.52186,-63,11.367464709331,6.81663787095303,1.073,0.393138341069125
74.8718211650848,2,2.1353,-64,11.3752045124544,6.79832582686107,1.073,0.393152244075754
75.2319631576538,2,2.06167,-63,11.3771749659723,6.79466493164087,1.073,0.393006015683106
76.1538960933685,2,1.5892,-64,11.3823932715468,6.78325487380878,1.073,0.393908108911928
76.9388461112976,2,1.27014,-64,11.387444292469,6.77151490590038,1.073,0.393789812318289
77.8230381011963,2,0.736311,-66,11.3926533104103,6.75930527843547,1.073,0.393940492472337
78.7825441360474,2,0.312932,-65,11.3989565771227,6.74483507315816,1.073,0.394883309308775
79.5565071105957,2,6.17274,-65,11.404744546574,6.73181683209539,1.073,0.394985019606757
80.2844800949097,2,5.84753,-63,11.409370681417,6.7209181195903,1.073,0.394691648870901
81.0587711334229,2,5.57142,-64,11.4139715804871,6.70998817448561,1.073,0.395159507864842
81.7033920288086,2,5.22167,-63,11.4173536249541,6.70197308760858,1.073,0.395875272928961
82.5416209697723,2,4.92715,-63,11.4236788633251,6.68981457108382,1.073,0.397310108001455
82.9257571697235,2,4.80443,-63,11.4277861068152,6.68351132140757,1.073,0.397690712564877
84.0480179786682,2,4.55899,-61,11.4347569430988,6.66674162351654,1.073,0.396097016567339
84.6466450691223,2,4.44241,-61,11.438447032412,6.6580742299734,1.073,0.395929567145026
85.3267161846161,2,4.26447,-60,11.4425997509568,6.64822059770363,1.073,0.396148689800011
85.7181801795959,2,4.1847,-60,11.4448756807873,6.64275836611041,1.073,0.395937281206866
86.5003111362457,2,4.01903,-59,11.4482495510298,6.63543884895977,1.073,0.397651182047143
86.8348610401154,2,3.98835,-59,11.4499767626152,6.63159507954851,1.073,0.397917084906994
87.9214060306549,2,3.75518,-59,11.4562277695143,6.61730067125184,1.073,0.39764469735751
88.3280420303345,2,3.68155,-59,11.4586298654013,6.61177651510624,1.073,0.397487587486693
88.8639152050018,2,3.65087,-59,11.4619667036583,6.60417130457886,1.073,0.397229677696413
90.0590991973877,2,3.57724,-59,11.4697862359091,6.58659648886356,1.073,0.397011522483463
91.0841600894928,2,3.4852,-60,11.4772215607153,6.5698221414416,1.073,0.394619243180473
91.7605299949646,2,3.35635,-60,11.4812769541092,6.56023537810689,1.073,0.393528832840162
92.032763004303,2,3.33181,-60,11.4828932211307,6.55641255523867,1.073,0.393183794967314
93.0658659934998,2,3.14159,-61,11.4886980688077,6.54260578417873,1.073,0.392442229863453
93.9866261482239,2,2.81025,-62,11.4925834736078,6.53026000481179,1.073,0.391324814476825
96.8139479160309,2,2.53414,-62,11.4978809159259,6.51471397347964,1.073,0.462664671394287
97.5289590358734,2,2.82252,-60,11.4937062376383,6.51998746807571,1.073,0.563394047987249
97.9496200084686,2,2.87775,-60,11.4887229014771,6.52416906654618,1.073,0.643653828220875
99.0709540843964,2,2.91456,-58,11.4771524188832,6.53004490336164,1.073,0.921915783046454
99.745208978653,2,2.8348,-58,11.4579931836401,6.53893522007128,1.073,1.11557975942737
103.213691711426,2,2.92684,-59,11.4629708149526,6.5355940801236,1.073,1.20291412155706
104.145038843155,2,2.96365,-59,11.4702633663366,6.53307792079208,1.073,1.20049985148515
104.72150182724,2,3.08023,-59,11.4751969509754,6.53127414020934,1.073,1.20450650677889
105.725624799728,2,3.19682,-59,11.4885790558507,6.52579837765973,1.073,1.21958389836584
106.39509677887,2,3.36249,-59,11.4968941862251,6.5225544359105,1.073,1.23009708791133
107.304486751556,2,3.47907,-60,11.5089134312916,6.51806461538309,1.073,1.24441472601972
107.96144080162,2,3.5527,-60,11.5189977511645,6.51402180246107,1.073,1.25547113798849
108.322579622269,2,3.67542,-60,11.524092640072,6.51209420020615,1.073,1.26138183216236
109.618795633316,2,3.73678,-60,11.5415508931742,6.50576651121112,1.073,1.28116480877073
110.281930685043,2,3.82268,-61,11.5494458861233,6.50298380092995,1.073,1.29123048552161
111.284296751022,2,3.98835,-62,11.5608240061696,6.49902760377036,1.073,1.30522193501281
112.031044721603,2,3.97608,-62,11.5691617161021,6.49626011757272,1.073,1.31537178580319
112.779698610306,2,3.98221,-62,11.5784251315957,6.49343598815286,1.073,1.32699147502155
113.462921619415,2,4.01903,-62,11.5874882372854,6.49079939894146,1.073,1.33800481239083
114.127750635147,2,4.11107,-63,11.5963095506781,6.48836609859544,1.073,1.34727516865099
115.164338827133,2,4.11107,-63,11.6098744377365,6.48593470652855,1.073,1.35587327482236
115.373915672302,2,4.14788,-63,11.612675593873,6.48525399546742,1.073,1.35536123552859
116.219797611237,2,4.11107,-64,11.6245860870524,6.48235809613051,1.073,1.34976619892343
117.349195718765,2,4.08039,-65,11.6414454165818,6.47813299151,1.073,1.33453426892015
118.226731777191,2,4.0313,-66,11.6522475205195,6.47651966940259,1.073,1.3256010695964
119.078993797302,2,3.81041,-66,11.6636007428271,6.47533017319904,1.073,1.32236257411566
119.720364809036,2,3.6386,-68,11.6727083208371,6.47285969412269,1.073,1.32023059251297
120.141589641571,2,3.47907,-68,11.6782371301011,6.47135421860769,1.073,1.32126272007714
122.080750703812,2,6.08684,-68,11.7020159984711,6.46193176960994,1.073,1.32662056876907
122.858289718628,2,2.73049,-67,11.7120239881448,6.45851149998712,1.073,1.32877851191959
123.365182638168,2,2.70594,-66,11.7193528049431,6.45656395984528,1.073,1.33032942542105
124.457086801529,2,2.67526,-65,11.736430454694,6.45199830768731,1.073,1.33155153045469
125.310259819031,2,2.84093,-64,11.7484040270671,6.44848040332786,1.073,1.32971755996148
126.054586648941,2,2.71208,-65,11.7590659500312,6.44513388785532,1.073,1.32587375363125
126.556177616119,2,2.62618,-64,11.766892643947,6.44305432219011,1.073,1.32481409616322
127.630182743073,2,2.54027,-64,11.7832859232897,6.43876294314526,1.073,1.32619099276956
128.172204732895,2,2.57709,-64,11.7915188559103,6.43659226736243,1.073,1.32818065738536
128.585674762726,2,2.55254,-64,11.7976879586069,6.43494321875699,1.073,1.32971700123
129.944660663605,2,2.42983,-64,11.8197030067417,6.42867060022909,1.073,1.33045706024676
130.775239706039,2,2.41755,-64,11.8326927147807,6.42537117892223,1.073,1.3287407039107
131.505346775055,2,2.3746,-63,11.8431197906702,6.42272026293938,1.073,1.32829888123054
132.011197805405,2,2.30097,-64,11.8511406708889,6.42064180876096,1.073,1.32918466539382
132.72740483284,2,2.30097,-63,11.8603216695282,6.41810494048471,1.073,1.32894903581251
142.403696775436,2,2.38687,-62,11.9952733695008,6.38762506205126,1.073,1.38630577522268
143.234427690506,2,2.46664,-61,12.0064451339876,6.38709424164388,1.073,1.38625943812128
144.002346754074,2,2.54641,-61,12.0178666123108,6.38501682368898,1.073,1.38765269244251
144.239887714386,2,2.55868,-61,12.0218920993957,6.38421525740103,1.073,1.38747613599142
145.40927362442,2,2.65072,-60,12.0402036546878,6.38053578562339,1.073,1.38738233643409
146.390430688858,2,2.70594,-60,12.054731813416,6.37786435189682,1.073,1.38738965413282
147.100697755814,2,2.79798,-59,12.0656962461499,6.37604906846232,1.073,1.3867560775007
147.224936723709,2,2.78571,-59,12.0674145870281,6.37571256004034,1.073,1.3864535779086
148.023637771606,2,2.84093,-58,12.0792223684095,6.3734463260114,1.073,1.3845552848766
149.308223724365,2,3.0066,-58,12.0973724074128,6.36998177510399,1.073,1.38514035147042
149.768553733826,2,6.14819,-59,12.1053002530516,6.36766931536123,1.073,1.38454055811296
150.921674728394,2,3.0066,-57,12.1237353784086,6.36290335016949,1.073,1.38444089333556
151.6381046772,2,2.99433,-57,12.1344628723058,6.36088697863141,1.073,1.38167955694351
152.496944665909,2,2.97592,-57,12.1476196031032,6.35844925737037,1.073,1.38005537582687
153.129857778549,2,2.96979,-57,12.1577668147819,6.35614548762695,1.073,1.38015807426139
154.053204774857,2,2.95751,-57,12.1761999459277,6.35044520218629,1.073,1.38191046896691
155.010701656342,2,2.87775,-57,12.1906125301102,6.34781800159314,1.073,1.38454149079168
155.675429821014,2,2.8348,-57,12.2000160536591,6.34603912643313,1.073,1.38492584291235
156.439416646957,2,2.80412,-57,12.2102257545968,6.34406920878772,1.073,1.38362006727428
157.184735774994,2,2.71208,-57,12.2207219932515,6.34151413840805,1.073,1.38476620522035
157.768557786942,2,2.63231,-57,12.2288778620024,6.33987442759951,1.073,1.38512948348947
158.557872772217,2,2.50959,-58,12.2401980770255,6.33768197420244,1.073,1.38405696605921
159.005530834198,2,2.55254,-58,12.2462217311412,6.33649646780731,1.073,1.38522965616899
160.125075817108,2,2.25188,-58,12.2599889507843,6.3346082762137,1.073,1.38732597873738
160.96652173996,2,2.11689,-58,12.2705661974176,6.33509058843471,1.073,1.38782417929
161.652455806732,2,2.10462,-58,12.2804293841476,6.33314486250846,1.073,1.38575055601593
162.247340679169,2,1.9635,-57,12.289427820822,6.33139889675381,1.073,1.38379102038143
162.916414737701,2,1.83464,-58,12.2993686678288,6.32946215325325,1.073,1.38301992407695
164.260649681091,2,1.67511,-57,12.3170334743559,6.32519086584781,1.073,1.38725669487118
164.61279463768,2,1.61375,-58,12.3219196175168,6.32423378625959,1.073,1.38823392350336
165.863650798798,2,1.46035,-58,12.3388228400819,6.32083409774524,1.073,1.38923334238382
166.318517684937,2,1.39899,-58,12.345728397253,6.31946297166559,1.073,1.38910651116198
167.429855823517,2,1.27014,-57,12.366587965084,6.31538028663405,1.073,1.385964097567
168.088315725327,2,1.13515,-57,12.3770139252192,6.31328834138702,1.073,1.38721876876474
168.86428976059,2,1.05538,-57,12.3872524069047,6.311227727757,1.073,1.39784827311376
169.72660279274,2,0.944932,-57,12.3982924726783,6.30910368489617,1.073,1.41268393876029
170.391136646271,2,0.883573,-57,12.4071715410614,6.307548443367,1.073,1.42121563193028
170.804848670959,2,0.846757,-57,12.4156842258431,6.3061733173638,1.073,1.42783528611018
171.811126708984,2,0.656544,-58,12.4318282664148,6.30362251559525,1.073,1.43814402366605
172.293120622635,2,0.576777,-58,12.4386753707656,6.30254357793997,1.073,1.43916763118516
173.662643671036,2,0.429515,-58,12.459699048436,6.299272600951,1.073,1.440321909235
174.141542673111,2,0.404971,-59,12.4648748380359,6.29965664076614,1.073,1.43864115425577
174.617987632751,2,0.245437,-59,12.4695025293257,6.30015956158354,1.073,1.43699177065006
175.433996677399,2,0.110447,-59,12.4803093444461,6.29831336721203,1.073,1.43935947596333
176.591490745544,2,6.20342,-60,12.497866851751,6.29547297057159,1.073,1.45356951138447
177.221072673798,2,6.03775,-59,12.5074463767263,6.2940106008291,1.073,1.45588290838178
178.277426719666,2,5.73095,-59,12.524055161998,6.28983761470224,1.073,1.45435740723664
179.020324707031,2,5.51006,-59,12.5353390376459,6.28827650604303,1.073,1.4568136783704
179.693641662598,2,5.37507,-59,12.5466627564193,6.2867658034004,1.073,1.4569887498959
180.268179655075,2,5.25235,-59,12.5567391323464,6.28546482395224,1.073,1.45610342891372
181.441260814667,2,5.06214,-58,12.5769320987882,6.28346337905495,1.073,1.45273653863692
181.872602701187,2,4.94555,-57,12.5838602404888,6.28251396704413,1.073,1.45258899487848
182.558085680008,2,4.84124,-57,12.5941475334155,6.28108478359395,1.073,1.45425311791137
183.588898658752,2,4.74307,-57,12.6098791664321,6.27894179871238,1.073,1.45831023509209
183.961413621902,2,4.66944,-57,12.6152623966594,6.27819560838385,1.073,1.45960540830518
184.804236650467,2,4.47922,-56,12.6294029103712,6.27456925763858,1.073,1.45941293123777
185.679016828537,2,4.36878,-56,12.6428913686337,6.27260921529637,1.073,1.4578292843473
186.497293710709,2,4.25833,-56,12.6566693264038,6.27064431579821,1.073,1.45601747000875
187.211819648743,2,4.14175,-56,12.6675503543314,6.2690769503936,1.073,1.45519947777376
187.700228691101,2,4.01289,-56,12.675068764043,6.26743616800531,1.073,1.45529559978536
188.854991674423,2,3.89018,-56,12.6902513402411,6.26251246498643,1.073,1.46023028072444
189.858868837357,2,3.73678,-56,12.7047001984706,6.26049350119781,1.073,1.46237996030588
190.234308719635,2,3.67542,-56,12.710200268942,6.25971162843471,1.073,1.4612799462116
191.091906785965,2,3.61406,-56,12.7246073755416,6.25773117979074,1.073,1.45844755163302
191.613037824631,2,3.50975,-56,12.7358495296866,6.25587545434626,1.073,1.45857845342786
192.162703752518,2,3.44225,-56,12.7442788108453,6.25471129205809,1.073,1.4599365373612
192.769944667816,2,3.35021,-58,12.752604336504,6.25354809599516,1.073,1.46241576848225
193.761946678162,2,3.11091,-59,12.7670314118701,6.25148973298224,1.073,1.46553863396705
194.407179832459,2,2.94524,-58,12.7768727993961,6.25018925290994,1.073,1.46794710173868
195.087629795074,2,2.78571,-59,12.7873014161818,6.24923651110179,1.073,1.46672324750196
195.673711776733,2,2.52186,-59,12.7964930600613,6.24816272482279,1.073,1.46471997408041
195.836533784866,2,2.44823,-59,12.79905486009,6.24785333073416,1.073,1.46415392626134
197.013179779053,2,1.90827,-59,12.8180634686128,6.24556746310223,1.073,1.46468215471846
197.382212638855,2,1.77328,-60,12.8236906114651,6.24489309119442,1.073,1.46480301153064
198.12128162384,2,1.51557,-60,12.8361899287346,6.24294853454202,1.073,1.46342297842621
199.107169628143,2,1.14742,-60,12.852004758618,6.24065601156866,1.073,1.46218553971039
