72.140095949173,896.069875979756,859.30025950473,107.3,-64,5.19099530717959,5.19099530717959
72.3465399742126,896.239159228604,859.053490920402,107.3,-63,5.09281530717959,5.09281530717959
72.5676109790802,896.424633580388,858.782889213836,107.3,-63,5.09895530717959,5.09895530717959
72.813658952713,896.638765231016,858.470063139873,107.3,-63,5.03759530717959,5.03759530717959
73.0641491413116,896.856762870902,858.151589221521,107.3,-63,4.84124530717959,4.84124530717959
73.4205360412598,897.171818070085,857.691369046641,107.3,-63,4.77374530717959,4.77374530717959
73.6174001693726,897.352911177446,857.426900186494,107.3,-63,4.68784530717959,4.68784530717959
73.9203431606293,897.631585043356,857.019924124602,107.3,-63,4.61421530717959,4.61421530717959
74.1705830097198,897.859791927886,856.686382102943,107.3,-63,4.47922530717959,4.47922530717959
74.4008190631866,898.059827413998,856.392662839829,107.3,-62,4.42400530717959,4.42400530717959
74.5871410369873,898.221709126447,856.15496612803,107.3,-62,4.43013530717959,4.43013530717959
74.8738689422607,898.470826304447,855.789178460186,107.3,-61,4.31355530717959,4.31355530717959
75.1478400230408,898.771686644837,855.398974527833,107.3,-61,4.31355530717959,4.31355530717959
75.3743431568146,899.02912732814,855.070737656622,107.3,-61,4.18469530717959,4.18469530717959
75.589476108551,899.273644802019,854.758977877427,107.3,-61,4.08038530717959,4.08038530717959
75.7337100505829,899.434737892802,854.551967587057,107.3,-61,4.11720530717959,4.11720530717959
76.1522741317749,899.803012995347,854.021279026368,107.3,-61,3.89631530717959,3.89631530717959
76.4532129764557,900.067795113222,853.639725019431,107.3,-60,3.81040530717959,3.81040530717959
76.7102899551392,900.280429990479,853.332676465375,107.3,-59,3.75518530717959,3.75518530717959
76.8676061630249,900.406893461711,853.149877500046,107.3,-59,3.65087530717959,3.65087530717959
77.1490330696106,900.633127134537,852.822863850078,107.3,-59,3.56497530717959,3.56497530717959
77.627758026123,901.054581598631,852.216605468453,107.3,-58,3.46679530717959,3.46679530717959
77.89888215065,901.307236881662,851.854187360477,107.3,-59,3.37475530717959,3.37475530717959
78.1267621517181,901.519593809572,851.549574707594,107.3,-58,3.33794530717959,3.33794530717959
78.5526871681213,901.906796593911,850.991835927956,107.3,-58,3.21522530717959,3.21522530717959
78.8193500041962,902.148835340578,850.643102550106,107.3,-58,3.19067530717959,3.19067530717959
79.094936132431,902.398586035722,850.269648814556,107.3,-58,3.19067530717959,3.19067530717959
79.3269860744476,902.608533696871,849.943458945539,107.3,-57,3.08636530717959,3.08636530717959
79.4881100654602,902.754310958327,849.716968850057,107.3,-57,3.00660530717959,3.00660530717959
79.9605331420898,903.173760603016,849.089113961842,107.3,-56,2.93297530717959,2.93297530717959
80.2134900093079,903.393297866372,848.775890810852,107.3,-56,2.93297530717959,2.93297530717959
80.5349740982056,903.672308821344,848.377814014498,107.3,-56,2.84093530717959,2.84093530717959
80.8606541156769,903.952281746218,847.978092173455,107.3,-56,2.79184530717959,2.79184530717959
81.4953191280365,904.502171465999,847.192352405329,107.3,-55,2.55254530717959,2.55254530717959
81.9229440689087,904.888744606953,846.637841752322,107.3,-56,2.46050530717959,2.46050530717959
82.115355014801,905.062684189513,846.388338252748,107.3,-56,2.41755530717959,2.41755530717959
82.4307501316071,905.348072327889,845.979375246543,107.3,-55,2.32551530717959,2.32551530717959
82.6967821121216,905.588880288111,845.634425235311,107.3,-55,2.26415530717959,2.26415530717959
82.8773910999298,905.752364700278,845.400238833163,107.3,-55,2.24574530717959,2.24574530717959
83.2853651046753,905.922251126662,845.072855119726,107.3,-55,2.17211530717959,2.17211530717959
83.6423380374908,905.985206133622,844.873041401981,107.3,-54,2.08007530717959,2.08007530717959
83.8905329704285,906.104126833901,844.653252633405,107.3,-54,2.06780530717959,2.06780530717959
84.0202851295471,906.228299976331,844.471633410908,107.3,-54,2.05553530717959,2.05553530717959
84.4186451435089,906.609531511034,843.914033163629,107.3,-54,1.97576530717959,1.97576530717959
84.7840521335602,906.952197698695,843.414021455242,107.3,-54,1.92054530717959,1.92054530717959
85.0473589897156,907.193838501503,843.062329757561,107.3,-54,1.85918530717959,1.85918530717959
85.3696870803833,907.48964401046,842.631805026559,107.3,-54,1.84077530717959,1.84077530717959
85.7648661136627,907.817127413037,842.152952870454,107.3,-54,1.73646530717959,1.73646530717959
85.9570479393005,907.975579777342,841.921204427451,107.3,-54,1.72419530717959,1.72419530717959
86.2155530452728,908.188540004208,841.609674660494,107.3,-54,1.63215530717959,1.63215530717959
86.5274510383606,908.442636571114,841.236999695699,107.3,-54,1.61988530717959,1.61988530717959
86.8395731449127,908.696915718425,840.86405694631,107.3,-54,1.57079530717959,1.57079530717959
87.2294270992279,909.106634265661,840.208791860317,107.3,-54,1.50943530717959,1.50943530717959
87.4810340404511,909.416205615212,839.693046612972,107.3,-54,1.47262530717959,1.47262530717959
87.8342730998993,909.844836980167,838.981900593465,107.3,-54,1.41126530717959,1.41126530717959
88.0955729484558,910.069253243433,838.655916624841,107.3,-53,1.40512530717959,1.40512530717959
88.4916889667511,910.409455800522,838.161743082863,107.3,-53,1.33763530717959,1.33763530717959
89.0330109596252,910.902312642444,837.444573742336,107.3,-53,1.27627530717959,1.27627530717959
89.1696810722351,911.029133954749,837.259931693982,107.3,-53,1.25786530717959,1.25786530717959
89.6527869701386,911.467478844645,836.622789342137,107.3,-53,1.18423530717959,1.18423530717959
89.9384119510651,911.720773587734,836.255256480046,107.3,-53,1.17196530717959,1.17196530717959
90.1947000026703,911.948096659609,835.92538502597,107.3,-53,1.13514530717959,1.13514530717959
90.5784051418304,912.302786702698,835.403057766254,107.3,-53,1.05537530717959,1.05537530717959
90.7705481052399,912.48040015901,835.141498831257,107.3,-53,1.01856530717959,1.01856530717959
91.1058809757233,912.732536219097,834.751683483581,107.3,-53,0.969475307179586,0.969475307179586
91.386726140976,912.833039788005,834.55275572995,107.3,-53,0.944935307179586,0.944935307179586
91.7750070095062,912.971990419363,834.277729307881,107.3,-54,0.871305307179586,0.871305307179586
92.1950371265411,913.279164491338,833.822052453047,107.3,-54,0.797665307179586,0.797665307179586
92.4691369533539,913.490138837929,833.514082160731,107.3,-54,0.748585307179586,0.748585307179586
92.8104939460754,913.774871076765,833.099982725504,107.3,-54,0.717905307179587,0.717905307179587
93.1446349620819,914.078845552036,832.659529914396,107.3,-54,0.668815307179586,0.668815307179586
93.46439909935,914.369710847716,832.238043519754,107.3,-54,0.570645307179587,0.570645307179587
93.9034931659698,914.764753732185,831.661478720773,107.3,-54,0.527685307179587,0.527685307179587
94.2898600101471,915.109091410682,831.159462750976,107.3,-54,0.472465307179586,0.472465307179586
94.4363601207733,915.234403828477,830.977651092788,107.3,-54,0.417245307179586,0.417245307179586
94.9733071327209,915.693694459777,830.311281448531,107.3,-54,0.325205307179586,0.325205307179586
95.162976026535,915.891499034022,830.095032552792,107.3,-54,0.331335307179586,0.331335307179586
95.4646141529083,916.227325651811,829.762556754915,107.3,-54,0.233165307179586,0.233165307179586
95.9475619792938,916.736121996165,829.213418118001,107.3,-54,0.104315307179586,0.104315307179586
96.158154964447,916.916400309383,828.949754590744,107.3,-54,0.0613553071795865,0.0613553071795865
96.508406162262,917.216233160408,828.511238245224,107.3,-55,0.0122753071795865,0.0122753071795865
96.8377480506897,917.496066261947,828.101460544533,107.3,-54,6.23409790717959,-0.0490874000000003
97.01083111763,917.642338543568,827.887070222274,107.3,-54,6.19728240717959,-0.0859028999999998
97.4651041030884,918.026899640097,827.323392795485,107.3,-54,6.12365130717959,-0.159534
97.7293281555176,918.270402700814,826.965605631604,107.3,-54,6.08070030717959,-0.202485
97.9885339736938,918.509281067494,826.614613684829,107.3,-54,6.02547630717959,-0.257709
98.3944301605225,918.876228074812,826.076234708417,107.3,-54,5.96411730717959,-0.319068
98.6554000377655,919.101760932737,825.746510200202,107.3,-54,5.90275830717959,-0.380427
99.0617740154266,919.452953513032,825.233073701895,107.3,-54,5.82299130717959,-0.460194
99.4895770549774,919.71748935323,824.779239053324,107.3,-54,5.72481630717959,-0.558369
99.8321859836578,919.926263564879,824.418321691484,107.3,-54,5.65732130717959,-0.625864
100.134093999863,920.136578195958,824.101607239915,107.3,-54,5.62664130717959,-0.656544
100.592471122742,920.46487306556,823.621202414064,107.3,-54,5.54073830717959,-0.742447
100.940812110901,920.75990996865,823.193714386087,107.3,-54,5.43642830717959,-0.846757
101.323625087738,921.114993747177,822.681656154205,107.3,-54,5.38120430717959,-0.901981
101.701671123505,921.445941719146,822.204313092224,107.3,-54,5.34438930717959,-0.938796
101.931931018829,921.632297250178,821.935449005468,107.3,-54,5.32598130717959,-0.957204
102.199531078339,921.848873181144,821.622984494379,107.3,-54,5.26462530717959,-1.01856
102.630463123322,922.230497858103,821.076347978003,107.3,-54,5.21553530717959,-1.06765
103.047472953796,922.615871912673,820.526108017734,107.3,-54,5.14803530717959,-1.13515
103.219722986221,922.793048043231,820.266667857815,107.3,-54,5.13576530717959,-1.14742
103.537489175797,923.173252748351,819.692704985662,107.3,-54,5.06827530717959,-1.21491
104.085159063339,923.781398577153,818.785151526131,107.3,-54,4.99464530717959,-1.28854
104.335618019104,924.00195144666,818.469847351291,107.3,-54,4.93328530717959,-1.3499
104.509040117264,924.154666055201,818.2515253057,107.3,-54,4.92101530717959,-1.36217
104.882291078568,924.460589415532,817.813741417353,107.3,-54,4.85965530717959,-1.42353
105.41539812088,924.856022276495,817.24701799343,107.3,-54,4.82897530717959,-1.45421
105.626897096634,925.025267228997,817.004018713441,107.3,-54,4.78601530717959,-1.49717
105.969880104065,925.339140725783,816.552057821309,107.3,-54,4.76761530717959,-1.51557
106.215491056442,925.563906287928,816.228407544913,107.3,-54,4.73693530717959,-1.54625
106.615510940552,925.910671718794,815.728439528292,107.3,-54,4.68170530717959,-1.60148
106.893352031708,926.143496224921,815.392469122729,107.3,-53,4.65102530717959,-1.63216
107.349317073822,926.523270677936,814.883139721941,107.3,-53,4.60807530717959,-1.67511
107.563155174255,926.699079774521,814.686003860918,107.3,-53,4.58967530717959,-1.69351
107.895750999451,926.972526702066,814.379386077466,107.3,-53,4.55285530717959,-1.73033
108.415415048599,927.395699243784,813.799160446644,107.3,-53,4.49763530717959,-1.78555
108.926054000854,927.820563191757,813.191343015301,107.3,-53,4.46081530717959,-1.82237
109.163311004639,928.028057245395,812.891531692034,107.3,-53,4.43013530717959,-1.85305
109.359125137329,928.199307271754,812.644089916661,107.3,-52,4.40559530717959,-1.87759
109.744900941849,928.529564372239,812.167078435922,107.3,-52,4.40559530717959,-1.87759
110.209367990494,928.916170325009,811.608966281552,107.3,-52,4.36264530717959,-1.92054
110.448877096176,929.115081807015,811.322640425822,107.3,-52,4.35036530717959,-1.93282
110.903820991516,929.490535527274,810.786588004413,107.3,-52,4.33809530717959,-1.94509
111.118119001389,929.667390268869,810.534084413812,107.3,-51,4.31355530717959,-1.96963
111.523386001587,930.039500224127,810.049223451979,107.3,-52,4.26446530717959,-2.01872
111.761676073074,930.266152169885,809.762601341586,107.3,-52,4.25833530717959,-2.02485
112.116632938385,930.604364849105,809.321363590221,107.3,-51,4.25219530717959,-2.03099
112.489215135574,930.961447458346,808.808116853204,107.3,-51,4.20924530717959,-2.07394
112.773781061172,931.23417531271,808.416116017198,107.3,-51,4.22151530717959,-2.06167
113.164361953735,931.614118178173,807.867902892401,107.3,-51,4.19697530717959,-2.08621
113.324229001999,931.769919865343,807.64299232037,107.3,-51,4.15401530717959,-2.12917
113.674016952515,932.102450383667,807.16370410007,107.3,-51,4.17856530717959,-2.10462
114.021417140961,932.402132492058,806.734545601502,107.3,-51,4.14788530717959,-2.1353
114.370016098022,932.702848709002,806.303906212145,107.3,-51,4.15401530717959,-2.12917
114.757014036179,933.037785101636,805.824388850222,107.3,-51,4.14174530717959,-2.14144
115.029886007309,933.274036544604,805.486165630588,107.3,-51,4.14788530717959,-2.1353
115.395547151566,933.614668638113,805.062007402733,107.3,-51,4.16015530717959,-2.12303
115.760324954987,933.980574077808,804.670432021371,107.3,-51,4.14788530717959,-2.1353
116.042235136032,934.263355726753,804.367811945211,107.3,-51,4.14788530717959,-2.1353
116.369667053223,934.59569164007,803.907160284067,107.3,-50,4.12947530717959,-2.15371
116.56785607338,934.796974713768,803.624808368892,107.3,-50,4.13561530717959,-2.14757
116.898529052734,935.124845730372,803.164445090924,107.3,-50,4.11720530717959,-2.16598
117.221137046814,935.405734041584,802.767849946968,107.3,-50,4.09879530717959,-2.18439
117.650129079819,935.779248802177,802.240472571926,107.3,-50,4.11720530717959,-2.16598
117.927613019943,936.02303478101,801.900319498591,107.3,-50,4.14174530717959,-2.14144
118.289489984512,936.340985818023,801.45672265208,107.3,-50,4.14788530717959,-2.1353
118.652853965759,936.656192331094,801.015302018451,107.3,-50,4.15401530717959,-2.12917
119.029481172562,936.980903984279,800.559743595389,107.3,-50,4.16015530717959,-2.12303
119.450767993927,937.364451489923,800.004909291071,107.3,-50,4.16015530717959,-2.12303
119.630444049835,937.533351426217,799.756435762744,107.3,-50,4.17242530717959,-2.11076
120.294646978378,938.10972129931,798.922966023365,107.3,-50,4.17856530717959,-2.10462
120.513947963715,938.28011287189,798.683058870559,107.3,-50,4.17242530717959,-2.11076
120.949723005295,938.631223272334,798.188483479208,107.3,-50,4.19083530717959,-2.09235
121.229295015335,938.880187538086,797.83738884477,107.3,-50,4.19697530717959,-2.08621
121.594799041748,939.205675921391,797.378378293176,107.3,-50,4.22151530717959,-2.06167
121.897551059723,939.498280652995,796.964002715521,107.3,-50,4.23378530717959,-2.0494
122.349982976913,939.943629446407,796.332754100672,107.3,-50,4.23992530717959,-2.04326
122.667109966278,940.218832483911,795.943487119511,107.3,-49,4.25833530717959,-2.02485
122.956079959869,940.457528866786,795.606158897936,107.3,-49,4.28900530717959,-1.99418
123.323127985001,940.731098581067,795.214917307413,107.3,-49,4.33809530717959,-1.94509
123.726876974106,940.946606412613,794.891915208084,107.3,-49,4.34423530717959,-1.93895
124.000298976898,941.092889617348,794.672738014248,107.3,-49,4.35036530717959,-1.93282
124.438625097275,941.471311059672,794.135920168208,107.3,-49,4.39945530717959,-1.88373
124.795855998993,941.779720316586,793.698419608044,107.3,-49,4.41786530717959,-1.86532
125.125794172287,942.047627615102,793.317700075739,107.3,-49,4.44854530717959,-1.83464
125.500158071518,942.35074236316,792.886911074449,107.3,-49,4.47308530717959,-1.8101
125.819772005081,942.64097465536,792.475079401533,107.3,-49,4.48535530717959,-1.79783
126.229031085968,943.047568288408,791.898777121648,107.3,-49,4.50376530717959,-1.77942
126.647295951843,943.430193658673,791.354414063958,107.3,-49,4.53444530717959,-1.74874
127.04186296463,943.753232493822,790.89228206422,107.3,-50,4.57739530717959,-1.70579
128.91358590126,943.637723900063,790.855703128322,107.3,-49,4.58353530717959,-1.69965
129.144491910934,943.519715805979,790.992650793062,107.3,-49,4.56512530717959,-1.71806
129.547604084015,943.328584064938,791.207383343361,107.3,-49,4.54671530717959,-1.73647
129.856935977936,943.055649353761,791.479008220846,107.3,-49,4.54671530717959,-1.73647
130.186193943024,942.691920807495,791.791158639996,107.3,-49,4.57126530717959,-1.71192
130.565089941025,942.036701145113,792.498411669409,107.3,-49,4.57126530717959,-1.71192
130.945363998413,941.723892343203,792.702766684664,107.3,-49,4.62034530717959,-1.66284
131.397120952606,941.376932339248,792.899637777253,107.3,-50,4.65716530717959,-1.62602
131.679925918579,941.05758984999,793.077937333756,107.3,-50,4.70625530717959,-1.57693
132.056328058243,940.796560607772,793.210497358827,107.3,-50,4.74306530717959,-1.54012
132.438674926758,940.659303891194,793.263463643647,107.3,-50,4.78601530717959,-1.49717
132.684194087982,940.551018847017,793.307200029478,107.3,-50,4.80442530717959,-1.47876
133.025244951248,940.38803876363,793.374017348983,107.3,-51,4.85351530717959,-1.42967
133.336246967316,940.239418308526,793.434947618665,107.3,-50,4.88419530717959,-1.39899
133.696088075638,940.067458814629,793.505446247742,107.3,-51,4.89033530717959,-1.39285
134.070234060287,939.905539509571,793.571266203735,107.3,-50,4.89646530717959,-1.38672
134.350382089615,939.877552302649,793.579210959248,107.3,-51,4.91487530717959,-1.36831
134.619694948196,939.850647545482,793.586848438702,107.3,-51,4.93941530717959,-1.34377
134.902654886246,939.822379424676,793.594872937511,107.3,-51,4.94555530717959,-1.33763
135.210251092911,939.791650103806,793.603596099565,107.3,-51,4.98236530717959,-1.30082
135.62081694603,939.750633961327,793.615239391623,107.3,-51,4.98236530717959,-1.30082
135.868098974228,939.725930117049,793.622252095805,107.3,-51,4.98236530717959,-1.30082
136.172271966934,939.695542780371,793.630878178475,107.3,-51,4.95782530717959,-1.32536
136.521194934845,939.660684854274,793.64077333169,107.3,-51,5.00077530717959,-1.28241
136.771724939346,939.635656532308,793.647878145667,107.3,-51,5.00077530717959,-1.28241
137.058459997177,939.607011271392,793.656009703605,107.3,-51,4.98850530717959,-1.29468
137.490539073944,939.660536919503,793.639961220956,107.3,-51,4.97623530717959,-1.30695
137.743671894073,939.702880103918,793.627343807418,107.3,-51,5.01918530717959,-1.264
138.070422887802,939.757537882307,793.611056893656,107.3,-51,5.01918530717959,-1.264
138.26660490036,939.790354532208,793.601278194948,107.3,-51,5.01304530717959,-1.27014
138.674695014954,939.858618437978,793.580936930098,107.3,-51,5.04372530717959,-1.23946
139.126116037369,939.934130588442,793.558435834757,107.3,-51,5.02532530717959,-1.25786
139.505013942719,939.997511322212,793.539549656513,107.3,-52,5.05600530717959,-1.22718
139.778256893158,940.043218459812,793.525929852884,107.3,-51,5.04372530717959,-1.23946
139.998583078384,940.080073863579,793.514947687115,107.3,-52,5.04986530717959,-1.23332
140.326838970184,940.134983376122,793.49858576166,107.3,-52,4.98236530717959,-1.30082
140.700841903687,940.223916418787,793.471503205801,107.3,-52,4.89646530717959,-1.38672
140.935750007629,940.555497828725,793.366244604066,107.3,-52,4.81669530717959,-1.46649
141.257793903351,941.010074606677,793.221941833783,107.3,-52,4.74920530717959,-1.53398
141.63272690773,941.568469335366,793.047490768504,107.3,-52,4.66943530717959,-1.61375
141.877661943436,941.942265631037,792.931533342199,107.3,-52,4.61421530717959,-1.66897
142.249336004257,942.569237251779,792.73656241503,107.3,-51,4.55285530717959,-1.73033
142.603085041046,943.232004132133,792.52998572505,107.3,-52,4.48535530717959,-1.79783
143.030848026276,943.896943717237,792.330430133234,107.3,-51,4.39332530717959,-1.88986
143.343662023544,944.315463190136,792.209432424238,107.3,-51,4.31968530717959,-1.9635
143.618601083755,944.675763960474,792.105439960625,107.3,-51,4.25219530717959,-2.03099
143.917344093323,945.0497499186,791.997909114314,107.3,-51,4.19083530717959,-2.09235
144.249619007111,945.465713298544,791.87830864989,107.3,-51,4.14788530717959,-2.1353
144.505985975266,945.79870565537,791.781564174511,107.3,-51,4.09266530717959,-2.19052
144.83033490181,946.222569526558,791.658213165123,107.3,-51,4.02516530717959,-2.25802
145.232887029648,946.743057092738,791.507233249988,107.3,-52,3.94539530717959,-2.33779
145.529851913452,947.120962963619,791.398151231042,107.3,-51,3.87790530717959,-2.40528
145.810662031174,947.472967966007,791.296308186757,107.3,-51,3.81040530717959,-2.47278
146.337648868561,947.93660561825,791.153287758438,107.3,-51,3.69996530717959,-2.58322
146.537431955338,948.130673894416,791.097133027653,107.3,-51,3.64473530717959,-2.63845
146.88009095192,948.522038529458,790.994632766094,107.3,-51,3.55883530717959,-2.72435
147.237376928329,948.94296791846,790.881977874259,107.3,-51,3.47293530717959,-2.81025
147.58905506134,949.408311951324,790.748160022646,107.3,-51,3.39930530717959,-2.88388
147.99112701416,949.949134987613,790.592112932105,107.3,-51,3.30726530717959,-2.97592
148.255471944809,950.317418499932,790.485104798828,107.3,-51,3.27044530717959,-3.01274
148.560461044312,950.742327184612,790.361643705296,107.3,-51,3.20295530717959,-3.08023
148.949361085892,951.24579624141,790.212644913001,107.3,-51,3.09864530717959,-3.18454
149.287967920303,951.674384772515,790.085063059645,107.3,-50,3.03728530717959,-3.2459
149.597729921341,952.082792818528,789.985421249092,107.3,-50,2.98819530717959,-3.29499
149.92159986496,952.524534687894,789.896643999617,107.3,-50,2.94524530717959,-3.33794
150.303922891617,953.061951498917,789.76948690453,107.3,-50,2.87774530717959,-3.40544
150.570681095123,953.462061195145,789.64552536852,107.3,-50,2.83479530717959,-3.44839
150.903678894043,953.963344987806,789.490140543346,107.3,-50,2.76730530717959,-3.51588
151.175519943237,954.399080481631,789.353947868067,107.3,-49,2.68753530717959,-3.59565
151.465983867645,954.864666683257,789.208425111094,107.3,-49,2.63844530717959,-3.64474
151.900708913803,955.537842470787,788.997556837514,107.3,-49,2.55867530717959,-3.72451
152.235665082932,956.05172364965,788.836489602349,107.3,-50,2.44209530717959,-3.84109
152.484962940216,956.402879217467,788.7280490689,107.3,-50,2.41141530717959,-3.87177
152.906872987747,956.992617226533,788.546188973493,107.3,-50,2.32551530717959,-3.95767
153.191789865494,957.485294671358,788.355114168935,107.3,-50,2.30097530717959,-3.98221
153.510849952698,958.074572064537,788.113988458876,107.3,-49,2.25801530717959,-4.02517
153.848957061768,958.664512302143,787.892275992922,107.3,-49,2.20279530717959,-4.08039
154.248539924622,959.280647925597,787.709658475661,107.3,-49,2.13530530717959,-4.14788
154.764952898026,960.036207884119,787.483659159231,107.3,-49,2.07394530717959,-4.20924
155.060070991516,960.447449514021,787.359556655532,107.3,-49,2.04326530717959,-4.23992
155.451248884201,961.021205186933,787.18613961828,107.3,-49,1.97576530717959,-4.30742
155.684552907944,961.375015636656,787.079096117468,107.3,-49,1.96963530717959,-4.31355
156.013006925583,961.853926621264,786.933937482096,107.3,-49,1.92054530717959,-4.36264
156.386353969574,962.344701918644,786.7844085558,107.3,-49,1.87145530717959,-4.41173
156.721435070038,962.848561491036,786.623856088849,107.3,-49,1.82236530717959,-4.46082
157.087243080139,963.551624163956,786.384979522515,107.3,-49,1.77328530717959,-4.5099
157.356538057327,964.069194149407,786.20912700506,107.3,-49,1.75487530717959,-4.52831
157.681138038635,964.551514645186,786.069710101375,107.3,-50,1.68737530717959,-4.59581
157.997948884964,965.015330070712,785.937191408368,107.3,-50,1.68124530717959,-4.60194
158.303364992142,965.471675949692,785.805810252536,107.3,-50,1.65669530717959,-4.62649
158.659830093384,966.012219194323,785.649349212107,107.3,-50,1.65056530717959,-4.63262
158.966275930405,966.475791507119,785.514767203789,107.3,-50,1.62601530717959,-4.65717
159.304807901382,966.982515227712,785.365730815379,107.3,-50,1.61988530717959,-4.6633
159.621072053909,967.45590788128,785.226497681976,107.3,-50,1.58920530717959,-4.69398
159.904234886169,967.842256821497,785.112865640736,107.3,-50,1.54625530717959,-4.73693
160.197020053864,968.239602543879,784.9959992518,107.3,-50,1.54625530717959,-4.73693
160.560138940811,968.876230592829,784.790893380198,107.3,-50,1.52784530717959,-4.75534
160.892123937607,969.568214361675,784.557384454085,107.3,-50,1.48489530717959,-4.79829
161.25214099884,970.209500210443,784.357217064805,107.3,-50,1.46648530717959,-4.8167
161.625163078308,970.773095217745,784.198855932195,107.3,-50,1.42966530717959,-4.85352
161.993773937225,971.313713442258,784.044454193351,107.3,-50,1.41126530717959,-4.87192
162.290139913559,971.740681713723,783.921298111228,107.3,-50,1.36831530717959,-4.91487
162.534234046936,972.093199997095,783.819913249464,107.3,-50,1.35603530717959,-4.92715
162.94474697113,972.692256830485,783.649763713301,107.3,-50,1.30695530717959,-4.97623
163.289345979691,973.189082889348,783.50807747558,107.3,-50,1.29467530717959,-4.98851
163.491534948349,973.457571528778,783.429299371796,107.3,-50,1.26399530717959,-5.01919
163.868624925613,973.958312867982,783.282375266281,107.3,-50,1.26399530717959,-5.01919
164.317077875137,974.661565143614,783.063005301163,107.3,-50,1.20877530717959,-5.07441
164.452030897141,974.886329997823,782.991548266588,107.3,-50,1.20264530717959,-5.08054
164.916477918625,975.659086393759,782.755665649593,107.3,-50,1.16582530717959,-5.11736
165.148741960526,976.044974288804,782.644862984294,107.3,-50,1.17196530717959,-5.11122
165.408906936646,976.477217326417,782.520750045693,107.3,-50,1.14128530717959,-5.1419
165.76244187355,977.019027712783,782.367191782288,107.3,-50,1.11060530717959,-5.17258
166.129909992218,977.575910517301,782.209662966251,107.3,-50,1.09832530717959,-5.18486
166.437027931213,978.073565225022,782.063647196164,107.3,-50,1.08605530717959,-5.19713
166.759166955948,978.597649408722,781.909559064689,107.3,-50,1.07378530717959,-5.2094
167.229193925858,979.270829751401,781.713285890502,107.3,-50,1.01856530717959,-5.26462
167.501827955246,979.649265238137,781.603195567087,107.3,-50,1.00015530717959,-5.28303
167.858412981033,979.815336305297,781.598091145323,107.3,-50,0.951065307179586,-5.33212
168.135339021683,979.848774487383,781.634468947812,107.3,-50,0.932665307179586,-5.35052
168.515237092972,980.113395283065,781.592324335846,107.3,-50,0.871305307179586,-5.41188
168.750334978104,980.457859692273,781.490202974276,107.3,-50,0.877435307179586,-5.40575
169.181108951569,981.085013628778,781.30443933995,107.3,-50,0.840625307179586,-5.44256
169.462162017822,981.481922740552,781.187382160501,107.3,-50,0.816075307179586,-5.46711
169.795271873474,981.952347556378,781.048643591771,107.3,-50,0.791535307179586,-5.49165
170.118406057358,982.427688226133,780.907325984947,107.3,-50,0.785395307179586,-5.49779
170.405621051788,982.852252895163,780.78098631198,107.3,-51,0.773125307179586,-5.51006
170.644007921219,983.211452560165,780.67473611874,107.3,-51,0.773125307179586,-5.51006
171.059273958206,983.857318437215,780.485543084048,107.3,-51,0.754715307179586,-5.52847
171.475143909454,984.46663812981,780.323404605139,107.3,-51,0.724035307179586,-5.55915
171.837249994278,984.967936518938,780.203551559921,107.3,-50,0.687225307179586,-5.59596
172.006915092468,985.204760764019,780.141223568639,107.3,-51,0.711765307179586,-5.57142
172.417155981064,985.786858522144,779.960404022505,107.3,-51,0.662675307179586,-5.62051
172.821405887604,986.373125647235,779.778685327904,107.3,-51,0.638135307179586,-5.64505
173.108036994934,986.811356722578,779.643541028745,107.3,-50,0.595185307179587,-5.688
173.370518922806,987.212666052123,779.519782876622,107.3,-51,0.619725307179587,-5.66346
173.879842042923,988.021231468301,779.271308539504,107.3,-51,0.582915307179587,-5.70027
174.362978935242,988.775674147892,779.039820738328,107.3,-51,0.552235307179586,-5.73095
174.599534988403,989.13416819323,778.929991198983,107.3,-51,0.527685307179587,-5.7555
175.070463895798,989.770975721162,778.706198086823,107.3,-51,0.527685307179587,-5.7555
175.213814020157,989.929176757474,778.635689010714,107.3,-51,0.527685307179587,-5.7555
175.573692083359,990.32633778401,778.458677167426,107.3,-51,0.533825307179586,-5.74936
175.965005874634,990.95263420377,778.259870965705,107.3,-51,0.521555307179586,-5.76163
176.22895693779,991.388350850167,778.125339199775,107.3,-51,0.515415307179587,-5.76777
176.596371889114,991.968112599521,777.945469871993,107.3,-52,0.497005307179586,-5.78618
176.954447984695,992.525981104735,777.772151501442,107.3,-52,0.497005307179586,-5.78618
177.258800029755,992.97508651675,777.631032978756,107.3,-51,0.454055307179586,-5.82913
177.683459997177,993.589061549364,777.43726071669,107.3,-52,0.490875307179587,-5.79231
178.163542032242,994.334301925216,777.197887136676,107.3,-52,0.447925307179586,-5.83526
178.463330030441,994.811785801542,777.043596667188,107.3,-52,0.417245307179586,-5.86594
178.790416002274,995.509577983288,776.806973704652,107.3,-52,0.441785307179586,-5.8414
179.298006057739,996.596292136736,776.43919797783,107.3,-52,0.472465307179586,-5.81072
179.510108947754,996.903829232932,776.345060146219,107.3,-52,0.466325307179586,-5.81686
179.905533075333,997.47717167043,776.169558671748,107.3,-52,0.460195307179586,-5.82299
180.145657062531,997.840999294448,776.058009623716,107.3,-52,0.472465307179586,-5.81072
180.476361036301,998.34575778204,775.90321068961,107.3,-53,0.472465307179586,-5.81072
180.847718954086,998.913410843095,775.72925979782,107.3,-53,0.447925307179586,-5.83526
181.259767055511,999.543976478488,775.536145392209,107.3,-53,0.460195307179586,-5.82299
181.583041906357,1000.01738250814,775.389790729825,107.3,-53,0.466325307179586,-5.81686
182.151221036911,1000.87754865122,775.113370216404,107.3,-53,0.454055307179586,-5.82913
182.483458995819,1001.50692797487,774.881864255396,107.3,-53,0.466325307179586,-5.81686
182.866792917252,1002.2149697109,774.625466029881,107.3,-53,0.460195307179586,-5.82299
183.172978878021,1002.68203454491,774.478848286338,107.3,-54,0.478605307179587,-5.80458
183.402390956879,1003.03198630057,774.368993865648,107.3,-54,0.472465307179586,-5.81072
183.674913883209,1003.42949945752,774.243303235041,107.3,-54,0.478605307179587,-5.80458
184.093159914017,1003.99386820849,774.062474880137,107.3,-54,0.509285307179586,-5.7739
184.452347040176,1004.51530191886,773.897536518987,107.3,-55,0.533825307179586,-5.74936
184.894846916199,1005.21764000061,773.678609513322,107.3,-55,0.570645307179587,-5.71254
185.063760995865,1005.47844235255,773.597033667743,107.3,-55,0.589045307179586,-5.69414
185.41252207756,1005.993787781,773.434925008696,107.3,-55,0.613595307179586,-5.66959
185.689702033997,1006.40336164375,773.306088181966,107.3,-55,0.631995307179587,-5.65119
186.058971881866,1006.97413003779,773.18072713989,107.3,-56,0.693355307179586,-5.58983
186.448051929474,1007.58063202581,773.040094876264,107.3,-56,0.766995307179586,-5.51619
186.647722959518,1007.90664611226,772.939716854909,107.3,-56,0.779265307179586,-5.50392
187.100466966629,1008.64365413599,772.712774946598,107.3,-56,0.865165307179586,-5.41802
187.307545900345,1008.93461630695,772.62274136917,107.3,-56,0.981745307179586,-5.30144
187.67387008667,1009.44933056887,772.46347129567,107.3,-56,1.05537530717959,-5.22781
187.903111934662,1009.7737370617,772.362803359598,107.3,-56,1.11060530717959,-5.17258
188.281555891037,1010.32052315748,772.191744590184,107.3,-56,1.20877530717959,-5.07441
188.665709018707,1010.87176375087,772.019017191557,107.3,-57,1.34376530717959,-4.93942
189.036918878555,1011.38680191521,771.85634672183,107.3,-57,1.45421530717959,-4.82897
189.481492996216,1012.10028114554,771.637828348332,107.3,-57,1.58306530717959,-4.70012
190.09727191925,1013.32063559736,771.277772467987,107.3,-57,1.79168530717959,-4.4915
190.423691034317,1013.83018976822,771.117426522479,107.3,-57,1.87145530717959,-4.41173
190.673691987991,1014.22045192746,770.994619255855,107.3,-57,1.99417530717959,-4.28901
190.844717025757,1014.47401185529,770.915105031648,107.3,-56,2.03712530717959,-4.24606
191.399211883545,1015.26082514028,770.66913039304,107.3,-56,2.20279530717959,-4.08039
191.524811029434,1015.43902235134,770.613422138707,107.3,-57,2.25188530717959,-4.0313
191.983905076981,1016.09023237855,770.409839974862,107.3,-57,2.38073530717959,-3.90245
192.178442955017,1016.36617805357,770.323573462865,107.3,-57,2.41755530717959,-3.86563
192.497333049774,1016.83485449994,770.175634746747,107.3,-56,2.48504530717959,-3.79814
192.854500055313,1017.36126608202,770.009347723624,107.3,-56,2.60163530717959,-3.68155
193.193577051163,1017.87451792556,769.852941112895,107.3,-55,2.69366530717959,-3.58952
194.013271093369,1019.06298154866,769.484140645583,107.3,-55,2.82252530717959,-3.46066
194.1127140522,1019.19615900746,769.440890936193,107.3,-55,2.81638530717959,-3.4668
194.49484205246,1019.71254492354,769.273473427483,107.3,-55,2.90842530717959,-3.37476
194.659904003143,1019.94672816187,769.198216483903,107.3,-55,2.93297530717959,-3.35021
194.990391016006,1020.41560980648,769.047537042772,107.3,-55,3.04341530717959,-3.23977
195.392971038818,1021.01624790519,768.853879149156,107.3,-55,3.02500530717959,-3.25818
195.701340913773,1021.4932117536,768.699749164808,107.3,-55,3.05568530717959,-3.2275
195.927314043045,1021.84152979712,768.587437290293,107.3,-55,3.08023530717959,-3.20295
196.287837028503,1022.39264339232,768.410683740843,107.3,-55,3.12932530717959,-3.15386
196.506150007248,1022.7263676081,768.303651469835,107.3,-54,3.17227530717959,-3.11091
196.940255880356,1023.60886692253,767.93758993268,107.3,-54,3.25817530717959,-3.02501
197.080686092377,1023.91056307146,767.807821909649,107.3,-55,3.24590530717959,-3.03728
197.471796035767,1024.63538606554,767.522435203778,107.3,-54,3.28271530717959,-3.00047
197.721415042877,1024.99003510824,767.411400223123,107.3,-54,3.36248530717959,-2.9207
197.950464010239,1025.31545903306,767.309515162547,107.3,-54,3.38702530717959,-2.89616
198.282407045364,1025.74663356401,767.173422686686,107.3,-54,3.38089530717959,-2.90229
198.691325902939,1026.2511025494,767.01340295476,107.3,-54,3.43611530717959,-2.84707
198.79976606369,1026.38488140762,766.970967725541,107.3,-54,3.46679530717959,-2.81639
199.167301893234,1026.83596554687,766.828031141329,107.3,-54,3.49747530717959,-2.78571
199.528896093369,1027.27962284697,766.687456581073,107.3,-54,3.52201530717959,-2.76117
199.730139970779,1027.56704498096,766.596562920306,107.3,-54,3.56497530717959,-2.71821
200.01470708847,1027.97862382203,766.466425610559,107.3,-54,3.57724530717959,-2.70594
200.334364891052,1028.47159436498,766.30045232391,107.3,-54,3.58951530717959,-2.69367
200.647573947906,1029.07719623216,766.058660171011,107.3,-54,3.62633530717959,-2.65685
200.84880399704,1029.46628234197,765.903313939019,107.3,-54,3.66314530717959,-2.62004
201.034633874893,1029.79125264757,765.78119279165,107.3,-54,3.68155530717959,-2.60163
201.327622890472,1030.20286560101,765.651252231839,107.3,-54,3.70609530717959,-2.57709
201.598138093948,1030.58290565688,765.531278802435,107.3,-54,3.72450530717959,-2.55868
201.876251935959,1030.96368989895,765.411411746045,107.3,-54,3.73677530717959,-2.54641
202.21101307869,1031.41557217775,765.269391601279,107.3,-55,3.76745530717959,-2.51573
202.542105913162,1031.87898795551,765.122491832813,107.3,-55,3.82267530717959,-2.46051
202.734479904175,1032.1650101618,765.030593957273,107.3,-55,3.78586530717959,-2.49732
203.110980033875,1032.72479164369,764.850738240407,107.3,-55,3.85949530717959,-2.42369
203.220047950745,1032.88799188012,764.799017234053,107.3,-55,3.85335530717959,-2.42983
203.555095911026,1033.39097555105,764.640738886229,107.3,-55,3.87790530717959,-2.40528
203.802685022354,1033.76266347296,764.52377654016,107.3,-55,3.90244530717959,-2.38074
204.073554039001,1034.10059555645,764.455136148012,107.3,-55,3.96994530717959,-2.31324
204.455461025238,1034.54231745502,764.388352003824,107.3,-56,3.99448530717959,-2.2887
204.532305955887,1034.63119796752,764.374914116816,107.3,-56,4.04357530717959,-2.23961
204.8207218647,1034.95875500296,764.284126462475,107.3,-55,4.08038530717959,-2.2028
205.24085187912,1035.43318397055,764.133697765435,107.3,-55,4.09879530717959,-2.18439
205.533415079117,1035.82331996332,764.012536833743,107.3,-55,4.16015530717959,-2.12303
205.723815917969,1036.09334336321,763.929258588915,107.3,-55,4.18469530717959,-2.09849
206.104115009308,1036.62761949217,763.764301447292,107.3,-55,4.23378530717959,-2.0494
206.281650066376,1036.84042595895,763.697279640514,107.3,-55,4.28287530717959,-2.00031
206.667258024216,1037.30264377905,763.551707591426,107.3,-55,4.32582530717959,-1.95736
206.830662965775,1037.50108049748,763.489283254999,107.3,-56,4.30741530717959,-1.97577
207.180756092072,1037.95851769557,763.346273941491,107.3,-56,4.38104530717959,-1.90214
207.447897911072,1038.3075694078,763.23714935356,107.3,-56,4.44240530717959,-1.84078
207.563482046127,1038.46402720175,763.186378810147,107.3,-56,4.47308530717959,-1.8101
207.872662067413,1038.92488471786,763.022863018375,107.3,-56,4.49149530717959,-1.79169
208.136386871338,1039.31798760195,762.88338709123,107.3,-56,4.58353530717959,-1.69965
208.30836892128,1039.55624976125,762.802009692256,107.3,-56,4.59580530717959,-1.68738
208.45768404007,1039.74360174338,762.741686471638,107.3,-56,4.66330530717959,-1.61988
208.794970035553,1040.16680871872,762.605423126828,107.3,-57,4.65716530717959,-1.62602
208.992057085037,1040.41457629091,762.525512705455,107.3,-57,4.76761530717959,-1.51557
209.465671062469,1041.01522852927,762.330300727989,107.3,-57,4.85965530717959,-1.42353
209.754096031189,1041.38101335878,762.211816368651,107.3,-57,4.93941530717959,-1.34377
209.795448064804,1041.43345452466,762.19500099481,107.3,-57,4.95782530717959,-1.32536
210.068387031555,1041.77958593292,762.084013206292,107.3,-57,4.98236530717959,-1.30082
210.296849966049,1042.06931443227,761.99111113313,107.3,-57,5.05600530717959,-1.22718
210.504215955734,1042.33796961293,761.90453784541,107.3,-57,5.14803530717959,-1.13515
210.782757997513,1042.70761671605,761.784772183999,107.3,-57,5.18485530717959,-1.09833
210.929737091064,1042.90266948368,761.721575087287,107.3,-57,5.17258530717959,-1.1106
211.268480062485,1043.33846481241,761.598374287373,107.3,-57,5.28916530717959,-0.99402
211.48489689827,1043.59791139359,761.550659973593,107.3,-58,5.31984530717959,-0.96334
211.614957094193,1043.75383120943,761.521985064933,107.3,-58,5.34438930717959,-0.938796
211.894072055817,1044.09018701524,761.458691741586,107.3,-59,5.43642830717959,-0.846757
212.108339071274,1044.40015047615,761.358030340418,107.3,-58,5.46710730717959,-0.816078
212.273074865341,1044.63846096345,761.28063841979,107.3,-59,5.53460230717959,-0.748583
212.474386930466,1044.92968350322,761.186063179153,107.3,-59,5.57141830717959,-0.711767
212.587084054947,1045.09276774959,761.13310518387,107.3,-59,5.65732130717959,-0.625864
212.943173885345,1045.61815789141,760.963246040932,107.3,-59,5.73095230717959,-0.552233
213.105444908142,1045.85757948788,760.885840806346,107.3,-59,5.74936030717959,-0.533825
213.379503965378,1046.24454575426,760.759926400191,107.3,-59,5.74322430717959,-0.539961
213.599966049194,1046.52996728766,760.665798022155,107.3,-59,5.78617530717959,-0.49701
213.862011909485,1046.86922531322,760.55391505628,107.3,-59,5.81685530717959,-0.46633
214.07263302803,1047.14364380467,760.463641505556,107.3,-60,5.92116630717959,-0.362019
214.163985967636,1047.26442302136,760.424136636765,107.3,-60,5.94570930717959,-0.337476
214.435311079025,1047.62314639208,760.306804200925,107.3,-60,5.93957330717959,-0.343612
214.661056995392,1047.92160876304,760.209182133757,107.3,-60,6.02547630717959,-0.257709
214.719928979874,1047.99944437731,760.183723401587,107.3,-60,6.01934030717959,-0.263845
214.993108034134,1048.42031743487,760.083828774008,107.3,-60,5.99479730717959,-0.288388
215.219238996506,1048.77168810438,760.002049582786,107.3,-61,6.12978730717959,-0.153398
215.412438869476,1049.07188922679,759.932179764031,107.3,-61,6.12978730717959,-0.153398
215.666459083557,1049.42358073589,759.828133571011,107.3,-61,6.14205930717959,-0.141126
215.903455972672,1049.7418020321,759.728256193886,107.3,-61,6.19728240717959,-0.0859028999999998
216.054760932922,1049.9449627603,759.664491886125,107.3,-62,6.18501050717959,-0.0981747999999998
216.336405992508,1050.32434885879,759.545761826377,107.3,-62,6.24636980717959,-0.0368155000000003
216.557235002518,1050.6230689152,759.45263145585,107.3,-62,0.0184053071795862,0.0184053071795862
216.725601911545,1050.85082238183,759.381625963312,107.3,-62,0.0245453071795865,0.0245453071795865
216.924169063568,1051.11942835371,759.297884101491,107.3,-62,0.110445307179586,0.110445307179586
217.305217027664,1051.61642911654,759.13871921254,107.3,-63,0.196345307179587,0.196345307179587
217.495363950729,1051.86321167708,759.059396246653,107.3,-63,0.282255307179586,0.282255307179586
217.64289689064,1052.05468759522,758.997850415823,107.3,-63,0.282255307179586,0.282255307179586
217.988811969757,1052.55121320944,758.837900208219,107.3,-63,0.355885307179586,0.355885307179586
218.195255041122,1052.85624327598,758.739579837256,107.3,-63,0.380425307179586,0.380425307179586
218.260035037994,1052.95195899376,758.708727780651,107.3,-63,0.417245307179586,0.417245307179586
