2.14375400543213,3,3.35635,-62,8.97716032581067,1.75526069369617,1.528,-2.1491386817345
2.30896186828613,3,3.28272,-62,8.9754500330825,1.75653091110247,1.528,-2.14955075226316
2.36523795127869,3,3.35021,-61,8.97486744231564,1.75696359547318,1.528,-2.14969111916138
2.58638000488281,3,3.36249,-61,8.97257809821519,1.75866386857702,1.528,-2.15024270382184
2.72388696670532,3,3.38703,-61,8.97115457543113,1.75972110479676,1.528,-2.15058568124115
2.92413091659546,3,3.38089,-61,8.96877038203117,1.76145049692059,1.528,-2.15116698296149
3.12535190582275,3,3.46066,-61,8.96584365433845,1.76351212192312,1.528,-2.15189074493046
3.27038884162903,3,3.49134,-61,8.96373411488077,1.7649981089183,1.528,-2.152412421216
3.42535495758057,3,3.50361,-61,8.96148015705694,1.76658582608645,1.528,-2.15296981128567
3.56337904930115,3,3.47907,-61,8.95947261831532,1.76799996245232,1.528,-2.15346626341411
3.75997400283813,3,3.62633,-61,8.9565957375579,1.77000759921308,1.528,-2.15397509308276
4.04155492782593,3,3.57111,-61,8.95244197324799,1.77287055230318,1.528,-2.15432592895276
4.14220499992371,3,3.65087,-61,8.95095722538274,1.77389390441747,1.528,-2.15445133395174
4.37713503837585,3,3.66928,-61,8.94749163548495,1.77628253809205,1.528,-2.15474404513036
4.60059404373169,3,3.74291,-61,8.9443453648631,1.77847336872178,1.528,-2.1547145568986
4.79778003692627,3,3.76132,-62,8.94183539574649,1.78026256185015,1.528,-2.15414210780183
4.88096284866333,3,3.74291,-61,8.94077656654108,1.78101733206859,1.528,-2.15390062043919
5.24563193321228,3,3.81654,-62,8.93613471482955,1.78432620512612,1.528,-2.15284195250498
5.36098098754883,3,3.88404,-62,8.93466644338022,1.7853728399912,1.528,-2.15250708357795
5.5918869972229,3,3.88404,-62,8.93406359277162,1.7885332306211,1.528,-2.15341887694431
5.86795091629028,3,3.92699,-62,8.93355385797448,1.79240790391018,1.528,-2.15465188408875
6.00529885292053,3,3.98835,-62,8.93330025358151,1.79433564000539,1.528,-2.15526533255283
6.16950702667236,3,4.07425,-62,8.93299705343707,1.79664037083307,1.528,-2.15599874911843
6.38823199272156,3,4.16629,-62,8.93040071680369,1.79847344392197,1.528,-2.15580136553105
6.65142297744751,3,4.12948,-62,8.92716024242477,1.80061356036711,1.528,-2.15550155786213
6.73220586776733,3,4.17856,-62,8.92616562292209,1.8012704399796,1.528,-2.15540953597901
6.92693305015564,3,4.31969,-63,8.92376809229974,1.80285384849102,1.528,-2.15518771720096
7.20148706436157,3,4.43627,-63,8.91974330337774,1.80552156869884,1.528,-2.15570482070352
7.35383105278015,3,4.5099,-64,8.9173706579912,1.80709595810063,1.528,-2.15617123817267
7.44284391403198,3,4.57126,-64,8.91598434825372,1.80801585593732,1.528,-2.1564437605997
14.5135118961334,3,0.19635,-66,8.83561434455619,1.86457972038126,1.528,-2.15280992632793
14.6857569217682,3,3.28885,-65,8.83363976195013,1.86621172007344,1.528,-2.15219665511926
14.8682129383087,3,3.4668,-65,8.83109030004792,1.86792829884122,1.528,-2.15182550295325
15.0121409893036,3,3.47293,-65,8.82907919024937,1.86928239963279,1.528,-2.15153272440372
15.2715289592743,3,3.60179,-64,8.82545475648243,1.87172276794901,1.528,-2.15100507720021
15.347599029541,3,3.57111,-64,8.82439182772995,1.87243844874682,1.528,-2.15085033540609
15.7701990604401,3,3.81041,-64,8.81918138958979,1.87605285201039,1.528,-2.15131525830263
15.8582298755646,3,3.76746,-65,8.81811092999783,1.87679799739371,1.528,-2.15144054823434
16.1376638412476,3,3.93313,-64,8.8147129974845,1.87916329333215,1.528,-2.15183825286116
16.3747279644012,3,4.01903,-63,8.81184998618089,1.88115218576042,1.528,-2.15227606442446
16.5416698455811,3,4.11107,-63,8.80983758464578,1.88254939718894,1.528,-2.15260347068457
16.7975089550018,3,4.30128,-63,8.80675357113819,1.88469062936519,1.528,-2.15310522210498
17.0077378749847,3,4.40559,-62,8.80418748986421,1.88646800344824,1.528,-2.15342988034222
17.2560770511627,3,4.47922,-63,8.80078013787363,1.88877846815418,1.528,-2.15277933283032
17.4036178588867,3,4.53445,-62,8.79875579571132,1.89015113852452,1.528,-2.15239283599625
17.5857319831848,3,4.63262,-63,8.79625708836482,1.89184546747865,1.528,-2.15191577115184
17.9088749885559,3,4.79829,-62,8.79144926520392,1.89513535026535,1.528,-2.15141718161976
17.9956848621368,3,4.77988,-62,8.78978744651055,1.8962996751347,1.528,-2.15162753841639
18.2974219322205,3,5.01305,-62,8.78401123370358,1.90034667993046,1.528,-2.15235870459448
18.3844990730286,3,5.056,-62,8.78234429866047,1.90151458948282,1.528,-2.15256970903032
18.5414178371429,3,5.07441,-62,8.77934037151728,1.90361923970277,1.528,-2.1529499529725
18.8493659496307,3,5.21553,-61,8.77438457060437,1.90706597276081,1.528,-2.15355285822378
19.0562210083008,3,5.25849,-62,8.77147997153068,1.90907242276692,1.528,-2.1538931041101
19.1498110294342,3,5.36893,-62,8.77016580744672,1.90998022603595,1.528,-2.15404704581158
19.6880328655243,3,5.55915,-61,8.76317501392019,1.9148407581213,1.528,-2.15475207308591
19.8304450511932,3,5.78004,-62,8.76158717237491,1.91596043562352,1.528,-2.15485531838818
19.9953029155731,3,5.82913,-61,8.75974907007419,1.91725658623692,1.528,-2.15497483625078
20.1662380695343,3,5.87208,-62,8.7578432083129,1.91860051790492,1.528,-2.15509875999759
20.363716840744,3,6.01934,-61,8.75565530956201,1.92015189919619,1.528,-2.154954682343
20.4952359199524,3,6.06843,-62,8.75421447110478,1.92118365124994,1.528,-2.15452259509756
20.6987419128418,3,6.18501,-62,8.75198499031311,1.92278013236416,1.528,-2.15385400507679
20.8843019008636,3,6.25864,-62,8.74995211441043,1.9242358291337,1.528,-2.15324437410484
21.1267068386078,3,0.13499,-62,8.74729500100392,1.92613237553521,1.528,-2.15248244245186
21.3323550224304,3,0.202485,-61,8.7450331200709,1.92771494569297,1.528,-2.15201463869453
21.5073308944702,3,0.282252,-61,8.743108597416,1.92906147639541,1.528,-2.15161660760639
21.7245609760284,3,0.411107,-61,8.74071932963632,1.93073317530396,1.528,-2.15112245761455
21.8364949226379,3,0.33134,-60,8.73948819180234,1.93159456547163,1.528,-2.15086783284801
22.118175983429,3,0.533825,-60,8.73663870507769,1.93432819089311,1.528,-2.14846472256151
22.1587228775024,3,0.576777,-60,8.73624337664472,1.93475546987495,1.528,-2.14801359988649
22.4043920040131,3,0.742447,-60,8.73384812558955,1.93734430575605,1.528,-2.14528029771739
22.6761150360107,3,0.859029,-60,8.7311988513875,1.94020769500217,1.528,-2.14225712112494
22.7334110736847,3,0.865165,-60,8.73064022036762,1.94081147472932,1.528,-2.14161964833265
23.0308518409729,3,0.969476,-60,8.72695536052976,1.94339055471031,1.528,-2.14118004579437
23.247978925705,3,1.09219,-59,8.72418677885782,1.94521756344498,1.528,-2.14114687384807
23.271556854248,3,1.15355,-59,8.72388613731921,1.94541595915156,1.528,-2.14114327169138
23.5941550731659,3,1.23946,-59,8.71977269602561,1.94813045128633,1.528,-2.14109398621966
23.6784648895264,3,1.25786,-59,8.71863832737912,1.94888679043151,1.528,-2.14133450663634
23.8834919929504,3,1.32536,-59,8.7158150663807,1.95077721234457,1.528,-2.14219558886899
24.2078449726105,3,1.4174,-59,8.71134866607604,1.95376786075189,1.528,-2.1435578213896
24.3761818408966,3,1.46649,-59,8.70903063637708,1.95531998580886,1.528,-2.1442648102899
24.5767998695374,3,1.5892,-59,8.70626305780491,1.95716262165622,1.528,-2.14462606797537
24.8133399486542,3,1.72419,-59,8.70299655600019,1.95933041795817,1.528,-2.14472971943789
25.0794558525085,3,1.84691,-59,8.69932162664592,1.96176926500017,1.528,-2.14484633097678
25.2437870502472,3,1.896,-58,8.69705229387158,1.96327529545422,1.528,-2.14491834062964
25.4213719367981,3,1.93895,-59,8.6946854365116,1.96482553969503,1.528,-2.14470070270889
25.7824950218201,3,2.17825,-59,8.68987616424043,1.96797457538479,1.528,-2.14424503995149
25.9823069572449,3,2.29484,-59,8.68721516016635,1.96971695891547,1.528,-2.14399291855235
26.1622550487518,3,2.33165,-59,8.68551929730724,1.97083113786318,1.528,-2.14261874264361
26.481782913208,3,2.49118,-59,8.68322366651319,1.97234478312537,1.528,-2.13900689857809
26.6556708812714,3,2.60163,-59,8.6819743777387,1.97316851316049,1.528,-2.13704132281654
26.845743894577,3,2.66299,-59,8.68060880837527,1.97406891387061,1.528,-2.13489279631387
27.176041841507,3,2.81639,-59,8.6760993344209,1.97701687057644,1.528,-2.13448397032126
27.4521839618683,3,2.97592,-59,8.67216590917663,1.97958722766676,1.528,-2.13439634451136
27.7134850025177,3,3.19068,-59,8.66844388332884,1.98201944257719,1.528,-2.13431342809396
27.9768848419189,3,3.08637,-59,8.6653625342095,1.98406246685159,1.528,-2.1347137883849
28.2073929309845,3,3.43612,-59,8.66269106317449,1.98583507302424,1.528,-2.13508226714835
28.5811669826508,3,3.51588,-59,8.65839236924399,1.98868531131534,1.528,-2.13562727945991
28.8066508769989,3,3.60179,-59,8.65601928385566,1.99024484785761,1.528,-2.13560757412454
29.106381893158,3,3.69383,-59,8.65286479117256,1.99231790710605,1.528,-2.13558138023512
29.1638648509979,3,3.73064,-59,8.65225981684514,1.9927154821682,1.528,-2.13557635672351
29.411985874176,3,3.90858,-59,8.64964065241244,1.99444239089066,1.528,-2.13551660866062
29.8271689414978,3,4.0313,-59,8.64521771710581,1.9973875576599,1.528,-2.13522105495314
30.1461639404297,3,4.20311,-59,8.64181947099593,1.99965039914925,1.528,-2.13499397402904
30.2331109046936,3,4.23379,-58,8.6407374842373,2.0004770810158,1.528,-2.13473092327014
30.5836210250854,3,4.40559,-59,8.63633258291818,2.00386775168437,1.528,-2.13361484519025
30.9275279045105,3,4.58353,-59,8.63201066529382,2.00719454569387,1.528,-2.1325197928442
31.3537409305573,3,4.70012,-59,8.62754320580483,2.01012440920499,1.528,-2.13103391905697
31.691419839859,3,4.86579,-59,8.62409771727253,2.01231951883444,1.528,-2.12984308200663
31.9884419441223,3,5.03146,-59,8.62059690765362,2.01453995195787,1.528,-2.129405146884
32.0669288635254,3,5.04373,-59,8.61956549022146,2.01519219893866,1.528,-2.12942728822423
32.5138359069824,3,5.20326,-58,8.6136925661893,2.01890611422555,1.528,-2.1295533617276
32.7436890602112,3,5.28303,-59,8.61060966243843,2.02085198892281,1.528,-2.12975940674898
33.0340559482574,3,5.46097,-59,8.60651334690074,2.02342581121773,1.528,-2.13047670148691
33.3759019374847,3,5.63278,-58,8.60169079620775,2.02645594607376,1.528,-2.13132116529924
33.6707210540771,3,5.72482,-58,8.59776258236524,2.02893469783535,1.528,-2.13203338462516
33.8209300041199,3,5.79231,-58,8.59585278543466,2.03014423589138,1.528,-2.1323898800522
34.2474529743195,3,5.93344,-57,8.59042985784563,2.03357875669777,1.528,-2.13340215986882
34.4684500694275,3,6.04388,-57,8.58816336677585,2.0349799797682,1.528,-2.13365499847569
34.6182889938354,3,6.10524,-57,8.58684976556749,2.03577467221194,1.528,-2.13371487256391
34.9277169704437,3,6.19115,-57,8.58413708616472,2.03741576831472,1.528,-2.13383851679083
35.3075439929962,3,0.0368155,-57,8.57987299537069,2.04007384519065,1.528,-2.13340560959947
35.6032018661499,3,0.153398,-56,8.5754503891397,2.04290306346244,1.528,-2.13237806529462
35.8543319702148,3,0.233165,-56,8.57169385273774,2.04530618525804,1.528,-2.13150527504739
36.1348869800568,3,0.325204,-55,8.56797470319197,2.04768632571618,1.528,-2.13083606023899
36.3607439994812,3,0.374291,-55,8.5654485670675,2.04930400910188,1.528,-2.13059699372879
36.7043309211731,3,0.509282,-55,8.56160566089177,2.05176492378224,1.528,-2.13023331175632
36.9163670539856,3,0.527689,-55,8.55918682537961,2.05331536978548,1.528,-2.13003130171071
37.3860518932343,3,0.668816,-55,8.55354899960086,2.05693771426233,1.528,-2.12971655531562
37.5097320079803,3,0.724039,-54,8.55206441487304,2.05789157085532,1.528,-2.12963367448361
37.8653988838196,3,0.816078,-54,8.5477183837575,2.06069514657581,1.528,-2.13002194387881
38.2692649364471,3,0.951068,-54,8.54267199430394,2.06396649787855,1.528,-2.1313715596629
38.437255859375,3,1.03084,-54,8.54057291314512,2.06532723944372,1.528,-2.13193294183328
38.786712884903,3,1.12901,-53,8.53492869972418,2.06889892891216,1.528,-2.1326226014699
39.2021560668945,3,4.36264,-55,8.52762783297084,2.07348775763652,1.528,-2.13322136311266
39.5820610523224,3,1.28241,-53,8.52213001723454,2.07698863512435,1.528,-2.13319560438467
39.8383760452271,3,1.41126,-54,8.51899079847016,2.07901423774604,1.528,-2.13290091487615
40.1083269119263,3,1.48489,-54,8.51568457429419,2.08114760176472,1.528,-2.13259054798216
40.3784909248352,3,1.52784,-54,8.51214317955406,2.08342636667966,1.528,-2.13184735552024
40.5653049945831,3,1.62602,-55,8.50962819419679,2.08504298608835,1.528,-2.13121037232932
40.864296913147,3,1.7426,-54,8.50560301398341,2.08763035083687,1.528,-2.13019089437134
41.1225609779358,3,1.80396,-54,8.5021736279382,2.08983827575674,1.528,-2.12948260086772
41.4084558486938,3,1.83464,-54,8.49848457777374,2.0922214674559,1.528,-2.12908757868197
41.9528520107269,3,2.06167,-55,8.49150503246915,2.09673239147111,1.528,-2.12835980730319
42.0097160339355,3,2.0494,-54,8.49083613963388,2.09716740569265,1.528,-2.1283163727035
42.4504058361053,3,2.12917,-55,8.48565229518154,2.1005387171197,1.528,-2.12797975942737
42.7472479343414,3,2.27643,-55,8.48216053463572,2.10280958236977,1.528,-2.12775302172959
43.1209609508514,3,2.38074,-56,8.47883712157011,2.10484050692829,1.528,-2.13081104642276
43.406270980835,3,2.47891,-56,8.47633901213227,2.1063607948296,1.528,-2.13326769346329
43.6566009521484,3,2.5955,-56,8.47384824361694,2.10788850067184,1.528,-2.13476190746786
43.988000869751,3,2.68753,-56,8.46945827865256,2.11061929885892,1.528,-2.13432332472872
44.4433488845825,3,2.81639,-57,8.4634572948164,2.11435284313352,1.528,-2.13360609138445
44.5845589637756,3,2.90843,-57,8.46167002590243,2.11546625180624,1.528,-2.13311010288201
44.8580560684204,3,2.98819,-57,8.45820842545588,2.11762271294567,1.528,-2.13214946735139
45.1562879085541,3,3.11091,-58,8.45443376220186,2.11997420172879,1.528,-2.13110195314693
45.5414819717407,3,3.25204,-57,8.44998092854329,2.12273502187244,1.528,-2.12979665046379
45.8963079452515,3,3.42385,-58,8.44595144404595,2.12523089659841,1.528,-2.12860241092193
46.1615500450134,3,3.58338,-58,8.44295226122695,2.12708844736199,1.528,-2.12781257381594
46.5065729618073,3,3.73064,-58,8.43907171693902,2.1294916270733,1.528,-2.12694979290319
47.0293219089508,3,4.0988,-58,8.43276228439844,2.13369198826514,1.528,-2.12682183913726
47.3384408950806,3,4.2706,-59,8.42808750047302,2.13740343812286,1.528,-2.12933472218982
47.6446979045868,3,4.41786,-59,8.42345599801174,2.1410805255402,1.528,-2.13182433972691
47.8954980373383,3,4.55285,-59,8.42010301832278,2.14340504369203,1.528,-2.13302680178351
48.1723389625549,3,4.68785,-59,8.41673234193494,2.14545500640048,1.528,-2.13372580546115
48.5594160556793,3,4.95783,-58,8.41201948520306,2.14832125027531,1.528,-2.13470314763486
48.8416829109192,3,5.17872,-58,8.40842288544714,2.15055132155367,1.528,-2.13463460500756
49.0818798542023,3,5.31371,-59,8.40535700789148,2.15245367821535,1.528,-2.13455024974274
49.5370390415192,3,5.65732,-59,8.39985616925566,2.15585953581374,1.528,-2.13413459460338
49.8011379241943,3,5.76163,-58,8.39706270188011,2.15757907017602,1.528,-2.13356348571771
49.9526569843292,3,5.81686,-58,8.39546003114189,2.15856560305266,1.528,-2.13323582858901
50.3446600437164,3,5.9948,-58,8.3911102911555,2.16125006983934,1.528,-2.13245266227289
50.883889913559,3,0.0245437,-57,8.38428729496301,2.16548830981406,1.528,-2.13164175836144
51.3030178546906,3,0.190214,-57,8.37526256719021,2.16680210795581,1.528,-2.13185192034415
51.4959259033203,3,0.288388,-57,8.36932260945716,2.16645619795429,1.528,-2.13235205773488
51.8810670375824,3,0.46633,-57,8.35746347721759,2.16576558825043,1.528,-2.13335058259333
52.2091908454895,3,0.546097,-57,8.35139854562561,2.16764145474972,1.528,-2.13408305148636
52.3705308437347,3,0.613592,-56,8.34919414471731,2.16903839668387,1.528,-2.13442044044739
52.661700963974,3,0.754719,-56,8.34521586478359,2.17155945628073,1.528,-2.13502932594026
53.0301599502563,3,0.846757,-56,8.34044581633338,2.17461226452793,1.528,-2.13559186246192
53.3502428531647,3,1.0247,-56,8.33648397042246,2.17716962667517,1.528,-2.13593735044657
53.6424939632416,3,1.03084,-56,8.33286661424723,2.17950462151435,1.528,-2.13625279762015
53.8321690559387,3,1.15969,-56,8.33020219253695,2.18119275723677,1.528,-2.13610539972106
54.1301579475403,3,1.22105,-55,8.32590576280976,2.18390514974132,1.528,-2.1357509804338
54.5051980018616,3,1.40513,-55,8.32049979753534,2.18731805960651,1.528,-2.13529980725578
54.7461378574371,3,1.50944,-56,8.31710456868765,2.18946450119663,1.528,-2.13472496867689
55.0614569187164,3,1.5708,-56,8.31266121758443,2.19227355885822,1.528,-2.13397267487042
55.3710260391235,3,1.66897,-55,8.3084322985875,2.19491630156275,1.528,-2.1331606135537
55.6646008491516,3,1.76715,-55,8.3063310576939,2.19577542961284,1.528,-2.13133884804988
55.9978449344635,3,1.80396,-55,8.30394588677429,2.19675064727948,1.528,-2.12927091661219
56.221540927887,3,1.896,-55,8.3022339268441,2.19750549408011,1.528,-2.12804787751149
56.6510989665985,3,2.00031,-55,8.29663813153221,2.2010414874367,1.528,-2.12913662997357
56.951700925827,3,2.06167,-55,8.29272222987841,2.20351595289892,1.528,-2.12989853196055
57.2623410224915,3,2.16598,-55,8.28896364838085,2.20588214070864,1.528,-2.13096100369782
57.6128468513489,3,2.25188,-55,8.2849470110161,2.20840335308528,1.528,-2.13237403612459
57.7527348995209,3,2.30711,-55,8.28334395761468,2.20940957737417,1.528,-2.13293798209043
58.0594830513,3,2.38074,-55,8.27962766753882,2.21173888958465,1.528,-2.13381387576905
58.4196138381958,3,2.42983,-55,8.27494420837112,2.21466932213651,1.528,-2.13426739509255
58.7679698467255,3,2.54641,-54,8.2703942283774,2.21751492782314,1.528,-2.13468257532233
59.0966398715973,3,2.6814,-54,8.26561430445181,2.22047203313264,1.528,-2.13449153756344
59.3933808803558,3,2.76117,-54,8.26129873156675,2.22314186714896,1.528,-2.13431905838069
59.5156259536743,3,2.82866,-54,8.25952089328969,2.22424172879747,1.528,-2.13424800406154
59.8943638801575,3,2.95138,-55,8.25466700579779,2.22682936401113,1.528,-2.13383811092979
60.1262419223785,3,3.04342,-55,8.2517788390277,2.2283088683094,1.528,-2.13356291768094
60.6973769664764,3,3.21522,-54,8.244816579185,2.23217513390743,1.528,-2.13284754050238
61.0204730033875,3,3.30113,-54,8.24097676420141,2.23450712836829,1.528,-2.1324183623687
61.1717798709869,3,3.34408,-54,8.23917856703723,2.23559920854514,1.528,-2.13221737692899
61.5981469154358,3,3.53429,-54,8.23369390881304,2.23896374842274,1.528,-2.13327625803598
61.8815720081329,3,3.66315,-54,8.22995038510111,2.24126745532239,1.528,-2.13436016507444
62.2068240642548,3,3.77359,-54,8.22562829503835,2.243926879436,1.528,-2.1354548582087
62.6491589546204,3,3.95767,-54,8.21954586864667,2.24766693635441,1.528,-2.13577527667438
62.9983148574829,3,4.06812,-54,8.21468527682771,2.25065852101485,1.528,-2.13608482580904
63.2510368824005,3,4.0988,-54,8.2108242440815,2.2530510151571,1.528,-2.13663552778552
63.6080949306488,3,4.26447,-54,8.2053691880094,2.25643124800052,1.528,-2.13741358649628
63.9852118492126,3,4.37491,-54,8.19984850939907,2.2601641785888,1.528,-2.13700639507994
64.1095888614655,3,4.39946,-54,8.19809823300682,2.26144299498899,1.528,-2.13651234115855
64.4496078491211,3,4.49763,-54,8.19331336805284,2.26493899356552,1.528,-2.1351617080218
64.9329960346222,3,4.68785,-54,8.1869758237231,2.26913184218335,1.528,-2.1338769341334
65.1596958637238,3,4.76148,-54,8.18411306801985,2.27091524062778,1.528,-2.13342396645884
65.601135969162,3,4.83511,-54,8.17871720657695,2.27428103777894,1.528,-2.13301500016877
65.802531003952,3,4.93942,-54,8.17648916123895,2.27567672768623,1.528,-2.13344727315488
66.1741960048676,3,4.95783,-54,8.1723774090627,2.27825240732605,1.528,-2.13424501248319
66.5878999233246,3,5.09282,-54,8.16729561936132,2.28140562733912,1.528,-2.13483510716676
66.7469880580902,3,5.10509,-54,8.16517861620019,2.2827104711057,1.528,-2.13496597645308
67.0724198818207,3,5.24008,-54,8.16084805942684,2.285379668826,1.528,-2.13523368359907
67.491996049881,3,5.30757,-54,8.15496003365702,2.28904210431395,1.528,-2.13613293194675
67.905946969986,3,5.34439,-54,8.14903459777731,2.29273985727191,1.528,-2.13723172149599
68.2169320583344,3,5.46711,-54,8.14659526230419,2.29359971413764,1.528,-2.13558877201026
68.4427909851074,3,5.55915,-54,8.14560788696007,2.2934766341086,1.528,-2.13343350394609
68.7239429950714,3,5.57755,-54,8.14437878981278,2.29332342255284,1.528,-2.13075059936972
69.0550408363342,3,5.63891,-54,8.14070989821068,2.29517891143986,1.528,-2.12943486603011
69.4100048542023,3,5.76163,-54,8.13548563052982,2.2983512481828,1.528,-2.12909573936882
69.7829220294952,3,5.88435,-54,8.13026230245214,2.30152133184719,1.528,-2.12847287668489
70.3183209896088,3,6.00707,-54,8.12360948805407,2.30555334057329,1.528,-2.12672777290812
70.8552639484406,3,6.07456,-54,8.11623477568122,2.31000625635577,1.528,-2.12611087474001
71.1710269451141,3,6.11138,-54,8.1116550545041,2.31276634008643,1.528,-2.12613970067975
71.4444708824158,3,6.19728,-54,8.1077109459654,2.31515787793882,1.528,-2.12632153930866
71.8259329795837,3,6.24637,-54,8.10234137197156,2.31850243011017,1.528,-2.12752784263088
72.1492068767548,3,0.0552233,-54,8.0977908723963,2.32133680454147,1.528,-2.12855013653384
72.4477188587189,3,0.116583,-54,8.09314846123308,2.32441433184796,1.528,-2.12911460228251
72.8723468780518,3,0.227029,-54,8.08612281025901,2.32923291975839,1.528,-2.1295540175531
73.2129559516907,3,0.263845,-53,8.08076547000431,2.3328081935121,1.528,-2.12965997101746
73.3416199684143,3,0.276117,-53,8.07902053430211,2.33386823027677,1.528,-2.12945294474771
73.718090057373,3,0.349748,-54,8.07391486361217,2.33696989106165,1.528,-2.12884718720822
74.019063949585,3,0.386563,-54,8.06985682178822,2.33944713521005,1.528,-2.12832388045468
74.2543048858643,3,0.398835,-54,8.06674327724915,2.34137741877502,1.528,-2.12781921252115
74.7926139831543,3,0.582913,-54,8.05960573944594,2.34580100649205,1.528,-2.12671100003587
75.0512208938599,3,0.656544,-54,8.05602832002493,2.34800156015459,1.528,-2.12672315779091
75.1609170436859,3,0.687223,-54,8.05451084651377,2.34893499330844,1.528,-2.12672831488016
75.5378270149231,3,0.809942,-54,8.04929689052398,2.35214221857318,1.528,-2.12674603435676
75.9882278442383,3,0.877437,-54,8.04341049785285,2.35578548902467,1.528,-2.12700382919479
76.231302022934,3,0.901981,-54,8.0402765111911,2.35772816079312,1.528,-2.1271723845394
76.4983570575714,3,0.969476,-54,8.03675274656447,2.35985412004871,1.528,-2.12734644000162
76.9392380714417,3,1.06765,-53,8.02966605467988,2.36323203869551,1.528,-2.12745850365341
77.2768790721893,3,1.14128,-53,8.0242388358507,2.36581895851394,1.528,-2.1275443256379
77.4656820297241,3,1.18423,-53,8.02172224509016,2.36736531668085,1.528,-2.12814489504524
77.8929839134216,3,1.24559,-53,8.01618392827675,2.37089534664977,1.528,-2.12967181416669
78.2672798633575,3,1.34377,-53,8.01133668357528,2.37399572882377,1.528,-2.13092976197543
78.609806060791,3,1.41126,-53,8.00690690086202,2.3768452238837,1.528,-2.13196254839453
79.0139598846436,3,1.51557,-53,8.00168863315565,2.38021048043451,1.528,-2.13288047665186
79.2713348865509,3,1.57693,-53,7.99839469540782,2.38236409262593,1.528,-2.13243584042695
79.5704698562622,3,1.59534,-53,7.99456630507804,2.38486713570655,1.528,-2.13191906046508
79.7990469932556,3,1.65056,-53,7.99164092827666,2.38677977875759,1.528,-2.13152417489134
80.2064819335938,3,1.73033,-53,7.98660185477857,2.39005148591847,1.528,-2.13226741330776
80.4312200546265,3,1.76101,-53,7.98382291598837,2.39185568287067,1.528,-2.13268214086485
80.9319398403168,3,1.87759,-52,7.97816471307166,2.3954936378521,1.528,-2.13353372329812
81.2453079223633,3,1.90214,-52,7.97488734553639,2.39758157874255,1.528,-2.13403085208156
81.424409866333,3,1.93895,-52,7.97301420359788,2.39877491748315,1.528,-2.13431498035313
81.7465009689331,3,1.9819,-52,7.96906172891535,2.40135024713683,1.528,-2.13491467367464
82.0394489765167,3,2.02485,-52,7.96529485591041,2.40381902953587,1.528,-2.13548624672657
82.5108659267426,3,2.12303,-52,7.95902568490566,2.40790327345868,1.528,-2.13635454310058
82.8627519607544,3,2.17825,-52,7.95403554317559,2.41111875210869,1.528,-2.13692559805209
83.1385989189148,3,2.21507,-52,7.95012372149476,2.41363939776923,1.528,-2.13737325370218
83.5318348407745,3,2.30711,-52,7.94520423472485,2.41682916101179,1.528,-2.13649671994696
83.7231018543243,3,2.30711,-52,7.9428254132108,2.41837205127091,1.528,-2.13603815194425
84.0630760192871,3,2.35006,-52,7.93854870351317,2.42113896565151,1.528,-2.13537926734827
84.3593790531158,3,2.41142,-52,7.93472974021467,2.42359674877707,1.528,-2.1351007650111
84.6207330226898,3,2.39301,-52,7.9313612252021,2.42576463537586,1.528,-2.13485511213871
85.1344659328461,3,2.46664,-52,7.92582561557808,2.42896190530344,1.528,-2.13236194174202
85.3023359775543,3,2.48505,-51,7.92421864028823,2.42980882471296,1.528,-2.13117349072914
85.6793138980865,3,2.58936,-51,7.92051491817605,2.43178954787879,1.528,-2.12867444174315
85.954048871994,3,2.54027,-51,7.91669543905196,2.43416259703872,1.528,-2.12885524548866
86.3049378395081,3,2.58936,-51,7.91181723564295,2.43719343347628,1.528,-2.1290861663601
86.7351679801941,3,2.62004,-51,7.90567148539068,2.44102407163083,1.528,-2.12955789511337
86.9732859134674,3,2.65072,-51,7.9021883999381,2.44320100003869,1.528,-2.12991254702617
87.3801999092102,3,2.71208,-51,7.89630084734893,2.44688309316866,1.528,-2.13060530804135
87.6891980171204,3,2.74889,-51,7.89221437815902,2.44945305396232,1.528,-2.13164718403878
87.9462280273438,3,2.77344,-51,7.88881518188314,2.45159079213015,1.528,-2.13251383464736
88.3177008628845,3,2.79798,-51,7.88399478594275,2.45462038959435,1.528,-2.13323442877342
88.6921298503876,3,2.82252,-51,7.87923204841046,2.45761170659206,1.528,-2.13340736428735
88.9354639053345,3,2.8348,-51,7.87613683870432,2.45955570483733,1.528,-2.13351975168591
89.2548768520355,3,2.91456,-51,7.87422656059347,2.46064878278426,1.528,-2.13265129033171
89.6101438999176,3,2.9207,-51,7.87210589062743,2.46186182321109,1.528,-2.13168343892732
89.9041030406952,3,3.02501,-51,7.86906920820881,2.46374585053078,1.528,-2.13070806862824
90.2387480735779,3,3.04342,-51,7.8640546955107,2.46696018374657,1.528,-2.1293856437856
90.5037679672241,3,3.09251,-51,7.86008348574704,2.46950575341977,1.528,-2.1283383582839
90.9237170219421,3,3.15386,-51,7.85407993225039,2.47332326410047,1.528,-2.12831799851152
91.2967109680176,3,3.19682,-51,7.84886762543191,2.47662424562638,1.528,-2.12897994832614
91.4185588359833,3,3.20295,-51,7.84716489411496,2.47770259439145,1.528,-2.12919619090718
91.7580449581146,3,3.23363,-51,7.84190515897123,2.48105650884241,1.528,-2.12979123153498
92.2322449684143,3,3.27658,-51,7.83437196486063,2.48586757468052,1.528,-2.13061970535704
92.6587419509888,3,3.30113,-51,7.82728099223374,2.49038335345121,1.528,-2.13063238720331
93.0362238883972,3,3.33794,-51,7.82096150294307,2.49440613282803,1.528,-2.13054278250442
93.3119180202484,3,3.38089,-50,7.81771883354817,2.49713830611358,1.528,-2.13024462704788
93.8399760723114,3,3.41771,-51,7.81214614262655,2.50227573360227,1.528,-2.12956535229649
94.2343719005585,3,3.41157,-50,7.80772195203757,2.50529743304723,1.528,-2.1287490374652
94.6085419654846,3,3.40544,-51,7.8034878852917,2.50804979626936,1.528,-2.12793124264201
94.7825300693512,3,3.39317,-51,7.8014418625161,2.50937790565078,1.528,-2.12755767473237
95.1771199703217,3,3.41771,-51,7.79622896667658,2.51274804055827,1.528,-2.12676019628501
95.3787698745728,3,3.40544,-51,7.79356498580852,2.51447030303822,1.528,-2.12635265556448
95.7296199798584,3,3.44225,-51,7.78881028785632,2.51754487551023,1.528,-2.12610436112064
96.1056489944458,3,3.45452,-51,7.78344102228711,2.5210183263229,1.528,-2.1268909695744
96.5142529010773,3,3.4852,-51,7.7776577526062,2.52476060203554,1.528,-2.1277403094068
96.8751969337463,3,3.47293,-51,7.77290718597722,2.52784169630733,1.528,-2.12845267588382
97.2495419979095,3,3.47293,-51,7.76798024160751,2.53103718460599,1.528,-2.1291914909089
97.8606870174408,3,3.4852,-51,7.77998667719253,2.55660649718463,1.528,-2.13056229648068
97.9919619560242,3,3.49134,-51,7.78290673909767,2.56244503141304,1.528,-2.13085954829138
98.4261598587036,3,3.49748,-51,7.78231747739805,2.57032402370756,1.528,-2.13005343619671
98.7000539302826,3,3.4852,-51,7.77923540437562,2.57227041610463,1.528,-2.12907168818624
99.0810110569,3,3.53429,-52,7.77443277153782,2.5752863869216,1.528,-2.12770633548623
99.4321010112762,3,3.47293,-52,7.76935081558199,2.57845848442975,1.528,-2.12644822139002
99.8464498519897,3,3.44839,-52,7.76348874782192,2.58211445983621,1.528,-2.12535487731966
100.112679958344,3,3.42998,-52,7.76012021617442,2.58420611125632,1.528,-2.12580178539924
100.390096902847,3,3.40544,-52,7.75661014073663,2.58638565268339,1.528,-2.12626747230299
100.82201385498,3,3.41771,-52,7.75108493869707,2.58982105536864,1.528,-2.12711164314818
101.096142053604,3,3.35635,-52,7.74752163980247,2.59204086815198,1.528,-2.12775922278454
101.66127204895,3,3.37476,-53,7.73929386883844,2.59741873490545,1.528,-2.12977035108082
101.889081001282,3,3.37476,-53,7.73509758210393,2.60038616813793,1.528,-2.13125544533551
102.451127052307,3,3.30726,-53,7.72538012492303,2.60712915416453,1.528,-2.13421000117436
102.619892835617,3,3.28272,-53,7.72312471171609,2.60855118269724,1.528,-2.13435768959764
103.165353059769,3,3.23363,-54,7.71592963133317,2.61308807658389,1.528,-2.13470165584228
103.472060918808,3,3.20295,-54,7.7125551669714,2.6152189264669,1.528,-2.13394806259097
103.719914913177,3,3.17227,-54,7.70982822520492,2.61694088969459,1.528,-2.13333907559582
104.096718072891,3,3.15386,-54,7.70576423669453,2.61950588676922,1.528,-2.13200870446595
104.442133903503,3,3.10478,-54,7.70215821477613,2.62177995464569,1.528,-2.13019757183576
104.802937030792,3,3.04342,-54,7.69838957918295,2.62415651063798,1.528,-2.12830906041813
105.201964855194,3,3.03115,-55,7.69324936758983,2.62736797252585,1.528,-2.12784559871712
105.720494031906,3,2.91456,-55,7.68432984768273,2.62922165983852,1.528,-2.12712880848339
106.023900985718,3,2.85934,-55,7.67012484934052,2.62100091004339,1.528,-2.12624992780125
106.389258861542,3,2.78571,-55,7.65301941403262,2.61110161259785,1.528,-2.12519159352415
106.5911860466,3,2.69367,-55,7.64664337678265,2.60864915628358,1.528,-2.1250823863288
106.829824924469,3,2.77957,-55,7.64386929809579,2.61042052111175,1.528,-2.12568921604155
107.267539978027,3,2.69367,-56,7.63878104084351,2.61366958537805,1.528,-2.12680227231548
107.669086933136,3,2.63845,-56,7.63307020172876,2.61730108675182,1.528,-2.12656149444563
107.919373989105,3,2.56482,-56,7.62939182378727,2.61963874749968,1.528,-2.12626772424469
108.373667955399,3,2.44823,-56,7.62285884430082,2.62378650134051,1.528,-2.12515411178064
108.69211101532,3,2.40528,-57,7.61836681979202,2.62663594864695,1.528,-2.12402050216211
108.978622913361,3,2.39301,-57,7.61436173257275,2.62917703158661,1.528,-2.1230480031799
109.531712055206,3,2.25802,-56,7.60746466054804,2.63356489550431,1.528,-2.12225493740515
109.827065944672,3,2.15984,-57,7.60370128012553,2.63595322567738,1.528,-2.12173895429124
110.279626846313,3,2.10462,-57,7.5962338758497,2.64056982604164,1.528,-2.11898920499594
110.480319976807,3,2.1353,-57,7.59292237294405,2.64261710846479,1.528,-2.1177697982992
110.898993015289,3,1.99418,-57,7.58726480507355,2.6461164696654,1.528,-2.11722103370087
111.252007961273,3,1.90214,-57,7.5832722485051,2.64858723807715,1.528,-2.11799902652256
111.548595905304,3,1.95122,-58,7.57980448359284,2.65072975817381,1.528,-2.11853909999107
111.790577888489,3,1.81623,-58,7.576643825294,2.65267268674566,1.528,-2.1186478798178
112.160119056702,3,1.71192,-58,7.57181704709875,2.65563981712763,1.528,-2.1188140022031
112.653985023499,3,1.54012,-59,7.56552464979208,2.6595089222543,1.528,-2.1187940316537
112.95015001297,3,1.60148,-59,7.56178319282972,2.66180970325988,1.528,-2.11873310754608
113.289556026459,3,1.49103,-60,7.55758763507396,2.66439201679444,1.528,-2.11827833883942
113.872385025024,3,1.3315,-60,7.55052573750109,2.66874214569933,1.528,-2.11690126881271
114.228752851486,3,1.23332,-60,7.54456708374735,2.67228653019846,1.528,-2.11650646124822
114.38058590889,3,1.18423,-60,7.54187527135309,2.67387917101942,1.528,-2.11637997635081
114.787067890167,3,0.981748,-61,7.53466884836487,2.67814293154322,1.528,-2.11604135554858
115.199187994003,3,0.859029,-61,7.53044141491649,2.68070137601142,1.528,-2.11674540094614
115.395642995834,3,0.822214,-61,7.52843204265639,2.68191763586046,1.528,-2.11708299398408
115.871984958649,3,0.699495,-60,7.52295048631692,2.68525083523863,1.528,-2.11800369192037
116.154918909073,3,0.564505,-61,7.51931866073736,2.68746761934239,1.528,-2.11861356451769
116.265733003616,3,0.429515,-60,7.51789621757514,2.68833584644234,1.528,-2.11885242761474
116.85931801796,3,0.269981,-61,7.51046865042981,2.69286666611045,1.528,-2.11941399783134
117.199266910553,3,0.147262,-60,7.50626999856808,2.69542702048103,1.528,-2.11952925494127
117.736873865128,3,0.0736311,-60,7.4997122925466,2.69949605709521,1.528,-2.11915411795082
118.044163942337,3,6.25251,-60,7.49597351350277,2.70182419251208,1.528,-2.11887504753139
118.386462926865,3,6.17274,-60,7.4914485010657,2.70536895776557,1.528,-2.11884035607113
118.832114934921,3,6.00707,-59,7.48547772436831,2.71019393400519,1.528,-2.11885612396734
119.022907018662,3,5.96412,-59,7.48282805180927,2.71209699765043,1.528,-2.11878935043125
119.44097495079,3,6.06843,-60,7.47674585575686,2.71578660123312,1.528,-2.11842579428595
119.736821889877,3,5.97025,-60,7.47244177274368,2.71839755950687,1.528,-2.11816852276497
120.062650918961,3,5.8414,-59,7.46820600567703,2.72097803360938,1.528,-2.11871975433461
120.510225057602,3,5.71868,-59,7.46253075800974,2.7244389353379,1.528,-2.11971384312897
120.553227901459,3,5.80458,-59,7.46198548122046,2.72477145816213,1.528,-2.11980935500402
121.21502995491,3,5.88435,-60,7.45283900500248,2.73035642082029,1.528,-2.12214175299242
121.369469881058,3,5.76163,-60,7.45067671321862,2.73167699002392,1.528,-2.12271786533621
121.930980920792,3,5.74936,-60,7.44306845993873,2.73638216120811,1.528,-2.12399573311424
122.033278942108,3,5.74322,-60,7.44169233521572,2.73723558149088,1.528,-2.12419639216476
122.334053993225,3,5.688,-61,7.4377680516617,2.73965434441197,1.528,-2.12491473773037
122.834553003311,3,5.63891,-61,7.43260078971597,2.74266696779356,1.528,-2.12754675130572
123.268487930298,3,5.55301,-61,7.42745893099846,2.74578801950495,1.528,-2.12870163611578
123.548003911972,3,5.58983,-61,7.42363659280027,2.74819092176747,1.528,-2.12857659056906
123.804345846176,3,5.54687,-62,7.42013115614855,2.75039460475542,1.528,-2.12846191227011
124.197996854782,3,5.61437,-62,7.42130211016327,2.76065177008386,1.528,-2.12874923437157
124.302417993546,3,5.50392,-62,7.42215571985427,2.7639420474383,1.528,-2.12886384490351
125.201580047607,3,5.54074,-62,7.41994606996778,2.78252039284266,1.528,-2.12942032592861
125.527798891068,3,5.46097,-62,7.41534143742765,2.78538055593586,1.528,-2.12945099791888
125.823798894882,3,5.57142,-63,7.41138531840315,2.78785145219153,1.528,-2.12951876989163
126.110147953033,3,5.47324,-63,7.40766085158464,2.79018428610132,1.528,-2.12960280569529
126.486485004425,3,5.46097,-63,7.40275397583756,2.79325600454057,1.528,-2.12976867690102
126.801957845688,3,5.50392,-63,7.3983100932046,2.7959904073655,1.528,-2.1314399133129
127.138679981232,3,5.50392,-63,7.39356688410842,2.7989089912758,1.528,-2.13322371914339
127.447994947433,3,5.47938,-64,7.38932451476359,2.8015729994249,1.528,-2.13401177959311
127.751303911209,3,5.57142,-64,7.38528769995005,2.80416701269626,1.528,-2.13387166500765
128.109292984009,3,5.18792,-65,7.38051943577196,2.80723069498134,1.528,-2.13369444126958
140.367630004883,3,1.69351,-64,7.22151112597518,2.90303641296887,1.528,-2.1244613198438
140.855012893677,3,1.73033,-63,7.21502152789878,2.90707273750408,1.528,-2.1259905562782
141.067483901978,3,1.70579,-62,7.21215055167098,2.90886581136678,1.528,-2.12656166445255
141.308281898499,3,1.68124,-62,7.20889681211733,2.9108979408192,1.528,-2.1272089137186
141.86373591423,3,1.66897,-62,7.20131286319253,2.91559588229095,1.528,-2.1272615408709
142.261190891266,3,1.60761,-61,7.19586411172572,2.91896041188521,1.528,-2.12689432082669
142.444216012955,3,1.60148,-61,7.19332401328344,2.92052626446203,1.528,-2.12617089462847
142.971621990204,3,1.51557,-61,7.18600211322932,2.92503967956736,1.528,-2.1240443817423
143.204509973526,3,1.48489,-60,7.18298736821533,2.92673273476462,1.528,-2.12337317415473
143.675325870514,3,1.50944,-60,7.17762023149405,2.92915624598516,1.528,-2.12290839118093
144.018573045731,3,1.46649,-60,7.17364811885597,2.93105679925267,1.528,-2.12265442817045
144.246860980988,3,1.45421,-60,7.17078124116877,2.93282905091385,1.528,-2.12280819706458
144.72125005722,3,1.38672,-60,7.16482378460771,2.9365118422425,1.528,-2.12312773337104
144.917592048645,3,1.35604,-60,7.16228906068024,2.93808176841048,1.528,-2.12338251377863
145.334132909775,3,1.35604,-60,7.15667060059006,2.94157187108768,1.528,-2.12435086596652
145.794147968292,3,1.32536,-60,7.15038536618927,2.94548055783602,1.528,-2.12531706365485
146.125936985016,3,1.38058,-60,7.14569649582983,2.94840488864323,1.528,-2.12581411704984
146.397341966629,3,1.3499,-60,7.14186097774591,2.9507970050454,1.528,-2.12622070907287
146.69735789299,3,1.34377,-60,7.13781328286371,2.95331272959874,1.528,-2.12544725961645
147.055733919144,3,1.30695,-61,7.13305196383697,2.9562684800611,1.528,-2.12405402041173
147.421587944031,3,1.30082,-60,7.12825902032279,2.95878974148662,1.528,-2.12260002369458
147.7778840065,3,1.38058,-60,7.12371745871991,2.96032084725017,1.528,-2.12112498659279
148.170923948288,3,1.28241,-60,7.11864171599905,2.96222222932635,1.528,-2.1196749005024
148.239640951157,3,1.27627,-60,7.11767318602559,2.96281637615772,1.528,-2.11963958133805
148.551696062088,3,1.31922,-61,7.11327493354527,2.96551449376518,1.528,-2.1194791912557
148.999721050262,3,1.33763,-60,7.10696107601386,2.96938762206868,1.528,-2.11924722409045
149.05632686615,3,1.38672,-61,7.10618520993804,2.96986032196577,1.528,-2.11917276222199
149.561270952225,3,1.28854,-61,7.09926420755644,2.97407697380237,1.528,-2.11850853577234
149.701995849609,3,1.31922,-62,7.09733536557807,2.975252129455,1.528,-2.11832341983269
150.313047885895,3,1.3315,-62,7.08954704077055,2.97996577879251,1.528,-2.11797945141428
150.660384893417,3,1.25786,-62,7.08520142657343,2.98259026772051,1.528,-2.1178917241817
150.913850069046,3,1.38672,-62,7.08143200921631,2.98488042633328,1.528,-2.11844288268602
151.263043880463,3,1.55239,-63,7.07623895967611,2.98803553122199,1.528,-2.11920220253475
151.59942984581,3,1.53398,-63,7.07122050179597,2.99117666355524,1.528,-2.1200060659862
151.88528585434,3,1.44808,-63,7.0669388849091,2.99395489369535,1.528,-2.12076668683433
152.358732938766,3,1.65056,-65,7.05986070060839,2.9984969094347,1.528,-2.12148315049328
152.734664916992,3,1.88986,-65,7.05427605028492,3.00194313352671,1.528,-2.12058624858215
153.162291049957,3,2.21507,-65,7.0481248265919,3.00573785201827,1.528,-2.11968106314852
153.391783952713,3,2.32551,-65,7.04548133035984,3.00736482046238,1.528,-2.11957102663539
153.742563009262,3,2.52186,-64,7.04144075610618,3.00985163573643,1.528,-2.11940283623039
154.060960054398,3,2.53414,-64,7.0376469329604,3.01217628930946,1.528,-2.11937630394098
154.322293996811,3,2.72435,-63,7.03423945608025,3.01424106514227,1.528,-2.11964782793056
154.654757022858,3,2.77957,-62,7.02990454242802,3.01686782542891,1.528,-2.11999325450004
