3.98019599914551,3,2.22734,-65,8.95334711456059,1.77224668996421,1.528,-2.15424947877018
4.12889194488525,3,2.36847,-64,8.95115361401552,1.77375854492157,1.528,-2.1544347465453
4.43162488937378,3,2.66299,-64,8.94668782394005,1.7768365595951,1.528,-2.15481193678275
4.60707783699036,3,2.84093,-64,8.94426283303326,1.77853220027546,1.528,-2.15469573384969
4.7907440662384,3,2.84707,-64,8.94192495621093,1.7801987200417,1.528,-2.15416253387267
4.90136790275574,3,2.92684,-64,8.94051683178627,1.78120248001939,1.528,-2.1538413826881
5.20551586151123,3,3.19068,-63,8.93664534998886,1.78396220665614,1.528,-2.15295841315535
5.34413504600525,3,3.23363,-63,8.93488087439699,1.78521998611775,1.528,-2.15255598889756
5.65248703956604,3,3.46066,-63,8.93395169857554,1.78938377771968,1.528,-2.15368953993213
5.76978087425232,3,3.34408,-63,8.93373512283022,1.79103004605408,1.528,-2.15421341909988
5.99903202056885,3,3.41771,-62,8.93331182489633,1.79424768237586,1.528,-2.1552373424805
6.20353388786316,3,3.58338,-62,8.93267476687137,1.79697158605247,1.528,-2.15601175992708
6.3080940246582,3,3.66315,-62,8.93138739585943,1.79782180844323,1.528,-2.15589265276652
6.51776695251465,3,3.76746,-62,8.92880584941558,1.79952674708873,1.528,-2.15565380890262
6.77707886695862,3,3.93926,-61,8.92561313513709,1.80163532118407,1.528,-2.15535841998316
6.96351599693298,3,3.96381,-61,8.92331767374964,1.80315131979723,1.528,-2.15514604461857
7.12944388389587,3,4.03744,-61,8.92086532283868,1.80477704296485,1.528,-2.1554842527753
7.363126039505,3,4.0988,-61,8.91722589542065,1.80719201655848,1.528,-2.15619969577201
7.54229998588562,3,4.16016,-60,8.91443539320471,1.80904367847955,1.528,-2.15674825603668
7.61917090415955,3,4.26447,-60,8.91323818528404,1.80983809616739,1.528,-2.15698360460228
7.87206196784973,3,4.25833,-60,8.90943571471477,1.81235941846427,1.528,-2.15775034373914
7.9948558807373,3,4.35651,-60,8.90792353493799,1.81335742823099,1.528,-2.1581041966955
8.25804400444031,3,4.39946,-60,8.90468243162276,1.81549649450685,1.528,-2.15886262106249
8.36227703094482,3,4.39946,-60,8.90339882504124,1.81634365033095,1.528,-2.15916298745453
8.50067496299744,3,4.45468,-60,8.90169448523257,1.81746848204804,1.528,-2.15956180622543
8.68533802032471,3,4.45468,-60,8.89943005136053,1.81896420155734,1.528,-2.16007591128394
8.84692192077637,3,4.49763,-60,8.89776239328244,1.82010610459975,1.528,-2.15993939945011
9.05069589614868,3,4.58967,-60,8.89565930432875,1.82154616219082,1.528,-2.15976724393842
9.17280888557434,3,4.59581,-60,8.89439901346632,1.82240912684109,1.528,-2.15966407853596
9.25168085098267,3,4.60808,-61,8.89358500000408,1.82296650995296,1.528,-2.1595974446906
9.46510696411133,3,4.6633,-60,8.89138229428502,1.82447477858139,1.528,-2.15941713470917
9.58932900428772,3,4.6633,-60,8.89027973784776,1.82516664346222,1.528,-2.15909601881301
9.74315094947815,3,4.76761,-60,8.88953091076811,1.82538458567197,1.528,-2.15795601340817
9.90314888954163,3,4.76148,-60,8.88875201806811,1.82561127832346,1.528,-2.15677023646191
9.99979686737061,3,4.79216,-59,8.88828152198316,1.82574821375117,1.528,-2.15605395884004
10.1476910114288,3,4.85965,-60,8.88756155228147,1.82595775717181,1.528,-2.15495788556283
10.3755400180817,3,4.83511,-59,8.88645235095104,1.8262805844247,1.528,-2.15326925070159
10.4485700130463,3,4.87192,-60,8.88549716075202,1.82688244993533,1.528,-2.15316694478191
10.6830630302429,3,4.93942,-59,8.88223737595418,1.82897518634301,1.528,-2.15297953555137
10.8041250705719,3,4.93328,-59,8.88055444226439,1.83005560631633,1.528,-2.15288278152391
10.9286799430847,3,4.97623,-59,8.87882295326412,1.83116719812225,1.528,-2.15278323598905
11.2119400501251,3,5.03759,-59,8.87487879721681,1.83369945709978,1.528,-2.15256782254222
11.3850920200348,3,5.08668,-59,8.87218868986948,1.83543375460183,1.528,-2.15291165459064
11.4220860004425,3,5.10509,-59,8.87161394747091,1.83580428788451,1.528,-2.15298511443097
11.5817348957062,3,5.20326,-59,8.86913362532173,1.83740333801606,1.528,-2.15330213309795
11.7265470027924,3,5.13577,-59,8.8668838090854,1.83885378224559,1.528,-2.15358968999632
11.8923850059509,3,5.24008,-59,8.86430733230032,1.8405148227453,1.528,-2.15391899852432
12.0252199172974,3,5.27076,-59,8.86226129415387,1.8418366810103,1.528,-2.15421845098593
12.2539119720459,3,5.37507,-59,8.85895356536194,1.84400779787779,1.528,-2.15516697110255
12.4072170257568,3,5.39348,-59,8.85673621006,1.8454632187421,1.528,-2.15580281709896
12.5240578651428,3,5.50392,-60,8.85504626150042,1.84657246198835,1.528,-2.1562874246063
12.7835319042206,3,5.55915,-60,8.8512933119248,1.84903581150671,1.528,-2.15736361567063
12.9825580120087,3,5.58369,-60,8.84865593723615,1.85078030326815,1.528,-2.15785173421345
13.111387014389,3,5.63891,-59,8.8470458310525,1.85185118292181,1.528,-2.15803198128387
13.1923079490662,3,5.70027,-60,8.84603448038686,1.85252383101269,1.528,-2.15814519927936
13.4801678657532,3,5.79845,-60,8.84243680421674,1.85491664103365,1.528,-2.15854794948091
13.5751619338989,3,5.82299,-59,8.8412495673857,1.85570627079804,1.528,-2.15868085746106
13.7523939609528,3,5.85981,-59,8.83935344724316,1.85723569333342,1.528,-2.15855275868446
13.9480030536652,3,5.92117,-60,8.83839248909154,1.85912312549246,1.528,-2.15707683731284
14.0164089202881,3,5.95798,-60,8.83805643531081,1.85978317370771,1.528,-2.15656069729555
14.2237279415131,3,6.0807,-60,8.83703795043023,1.86178359496838,1.528,-2.15499642147418
14.4644620418549,3,6.17274,-61,8.83585530910774,1.86410643833144,1.528,-2.15318002020854
14.6460189819336,3,0.0184078,-61,8.83419502105093,1.86583785844318,1.528,-2.15227749006634
14.8203780651093,3,0.0368155,-61,8.83175869777539,1.86747825981674,1.528,-2.15192280868827
14.9166648387909,3,0.0859029,-61,8.83041328058476,1.86838414296849,1.528,-2.15172694206087
15.1857089996338,3,0.184078,-61,8.82665392065197,1.87091535845184,1.528,-2.15117965222663
15.3334040641785,3,0.263845,-61,8.82459017429085,1.87230489997921,1.528,-2.15087921081531
15.6554610729218,3,0.423379,-61,8.82057660987859,1.87508164117281,1.528,-2.15115195736534
15.9684329032898,3,0.595185,-62,8.8167708550715,1.87773082162374,1.528,-2.15159739478629
16.1224949359894,3,0.60132,-61,8.81489745221334,1.87903489466053,1.528,-2.15181666370398
16.3381319046021,3,0.76699,-62,8.8122911335215,1.88084589693326,1.528,-2.15220429226645
16.5851559638977,3,0.895845,-61,8.80931338106883,1.88291335200402,1.528,-2.15268875561885
16.7914109230042,3,1.04924,-61,8.80682707988786,1.88463959220221,1.528,-2.15309326265037
17.0582740306854,3,1.12901,-62,8.80349410562507,1.88693817495286,1.528,-2.15329749619383
17.2048318386078,3,1.24559,-61,8.80148325076824,1.88830169982154,1.528,-2.15291357441894
17.4617910385132,3,1.44808,-62,8.79795762724491,1.89069236234763,1.528,-2.15224044595515
17.5573010444641,3,1.39899,-61,8.79664717669939,1.89158095552576,1.528,-2.15199024863353
17.8298499584198,3,1.73647,-61,8.79290765360525,1.89411665954165,1.528,-2.15127628146744
18.121484041214,3,1.81623,-61,8.78737924777948,1.89798693842286,1.528,-2.1519323736988
18.1536650657654,3,1.82851,-60,8.78676320001941,1.89841856175855,1.528,-2.15201035442792
18.5079710483551,3,1.95122,-61,8.77998065005414,1.90317063948739,1.528,-2.15286890505644
18.6005508899689,3,2.03099,-61,8.77820837571393,1.90441235321815,1.528,-2.15309324358051
18.7548658847809,3,2.15984,-60,8.77571151325973,1.90614934226158,1.528,-2.15339741963538
19.0792279243469,3,2.19666,-61,8.77115691505111,1.90929558495178,1.528,-2.15393094707412
19.2363419532776,3,2.33165,-61,8.76895076517095,1.91081955756494,1.528,-2.15418937634518
19.3313529491425,3,2.41142,-61,8.76761664816964,1.91174114398618,1.528,-2.1543456553393
19.681932926178,3,2.49118,-60,8.763243025917,1.91479279898902,1.528,-2.15474765078118
19.8751649856567,3,2.58936,-59,8.76108856216462,1.91631203407898,1.528,-2.15488773923145
20.0585470199585,3,2.76117,-60,8.75904392243555,1.91775382599556,1.528,-2.15502068665778
20.1375439167023,3,2.73662,-60,8.75816313717123,1.91837491784675,1.528,-2.15507795744851
20.4130969047546,3,2.84093,-59,8.75511433333502,1.92053928012042,1.528,-2.15479245115976
20.6149978637695,3,2.89002,-59,8.75290243626235,1.92212316992844,1.528,-2.15412913424971
20.7408549785614,3,2.93911,-59,8.75152362664629,1.92311050452239,1.528,-2.15371564858378
20.9218158721924,3,2.98819,-59,8.74954113546426,1.92453012192525,1.528,-2.1531211272829
21.0979709625244,3,3.06796,-60,8.74761106083484,1.92591123796374,1.528,-2.15254781016166
21.3101758956909,3,3.15386,-60,8.74527706360082,1.92754426573144,1.528,-2.15206509126177
21.4872598648071,3,3.2275,-59,8.74332935443148,1.92890701934167,1.528,-2.1516622647229
21.6556248664856,3,3.25204,-59,8.74147754334321,1.93020267594468,1.528,-2.15127927189057
21.8806960582733,3,3.28272,-59,8.73900203284847,1.93193471629084,1.528,-2.15076728512158
21.9783189296722,3,3.36862,-59,8.73800229829895,1.93285439170584,1.528,-2.150020765007
22.2088098526001,3,3.43612,-59,8.73575503331213,1.93528328124527,1.528,-2.14745633475667
22.4203069210052,3,3.56497,-59,8.73369295663422,1.93751201550753,1.528,-2.14510322916281
22.5551629066467,3,3.58338,-58,8.73237812336033,1.93893311395554,1.528,-2.14360282834605
22.767550945282,3,3.69996,-59,8.73030735980583,1.94117123717006,1.528,-2.14123980986286
22.9812469482422,3,3.73678,-59,8.72758787119522,1.94297315596702,1.528,-2.14118762426317
23.093034029007,3,3.77359,-59,8.72616247710702,1.94391378469251,1.528,-2.14117054580866
23.4830250740051,3,3.93313,-59,8.72118971168378,1.94719535155245,1.528,-2.14111096428746
23.7812528610229,3,4.04357,-59,8.7172229180689,1.94983453163485,1.528,-2.14176620027346
23.8909330368042,3,4.06812,-59,8.71571260183553,1.9508458213827,1.528,-2.14222684010626
24.1598720550537,3,4.12334,-59,8.71200926199169,1.95332553360066,1.528,-2.14335634253014
24.2603030204773,3,4.1847,-59,8.71062630908947,1.95425154238006,1.528,-2.14377813710505
24.6067860126495,3,4.25833,-59,8.70584896396103,1.95743743280193,1.528,-2.14463920785255
24.8370878696442,3,4.31969,-59,8.70266860892643,1.9595480582646,1.528,-2.1447401257367
25.0551469326019,3,4.43014,-59,8.69965732083797,1.96154648336048,1.528,-2.1448356788492
25.2362589836121,3,4.44854,-59,8.69715625275813,1.96320630369995,1.528,-2.14491504184358
25.5040850639343,3,4.62649,-59,8.69358390087099,1.96554680787247,1.528,-2.14459633582361
25.7244870662689,3,4.63262,-59,8.69064868769215,1.96746873920345,1.528,-2.14431823401211
25.9228458404541,3,4.63876,-60,8.6880070361556,1.96919845099755,1.528,-2.14406794620236
26.2221949100494,3,4.79829,-60,8.68508866259055,1.97111508082141,1.528,-2.14194120100671
26.4672019481659,3,4.85965,-59,8.68332842267402,1.97227571118796,1.528,-2.13917171729318
26.6620490550995,3,4.93942,-59,8.68192855409113,1.97319872740366,1.528,-2.13696922591404
26.9749810695648,3,4.96396,-60,8.67896328547247,1.97514537781007,1.528,-2.13454777121102
27.0672118663788,3,4.95783,-59,8.67764953100425,1.9760038708289,1.528,-2.13451850440356
27.347795009613,3,5.07441,-60,8.67365284691538,1.97861556538203,1.528,-2.13442946936198
27.653039932251,3,5.18486,-60,8.66930487536066,1.98145681412076,1.528,-2.13433260860952
28.0114600658417,3,5.27076,-60,8.66496182502132,1.98432835016872,1.528,-2.13476905861775
28.2581088542938,3,5.37507,-60,8.66210329152325,1.98622507824737,1.528,-2.13516333910024
28.4537479877472,3,5.35666,-61,8.65983593387671,1.98772954230752,1.528,-2.13547607808597
28.7998030185699,3,5.41188,-61,8.65609135353862,1.99019748533761,1.528,-2.13560817256794
28.9953520298004,3,5.4487,-61,8.65403331519138,1.99154998028941,1.528,-2.13559108328154
29.2457509040833,3,5.57142,-61,8.65139801429092,1.99328183876967,1.528,-2.13556920059316
29.561105966568,3,5.66959,-61,8.64805207962738,1.99550019785657,1.528,-2.13541045549679
29.8346798419952,3,5.7739,-61,8.64513770366208,1.99744083742079,1.528,-2.13521570821658
29.937077999115,3,5.80458,-61,8.64404685853832,1.99816721494752,1.528,-2.13514281469717
30.3110539913177,3,5.95185,-61,8.63975796443141,2.00123106591455,1.528,-2.13448274050623
30.625766992569,3,6.03161,-61,8.63580292965865,2.00427545202576,1.528,-2.13348064595397
30.8911609649658,3,6.1666,-61,8.63246769283926,2.00684274896092,1.528,-2.13263559076756
31.4572629928589,3,0.128854,-62,8.62648692402745,2.010797362918,1.528,-2.13066884470995
31.6166388988495,3,0.184078,-61,8.62486074056947,2.01183339915332,1.528,-2.13010679973599
31.9502840042114,3,0.362019,-61,8.62109835126611,2.01422284942295,1.528,-2.12939438244151
32.2358648777008,3,0.49701,-61,8.61734545723681,2.01659610172949,1.528,-2.12947494546182
32.4926559925079,3,0.539961,-61,8.6139708970649,2.01873010355556,1.528,-2.12954738682508
32.8232250213623,3,0.656544,-61,8.6094876185454,2.02155699847619,1.528,-2.12995588482123
33.0763499736786,3,0.816078,-61,8.60591668908397,2.02380070694467,1.528,-2.13058118062392
33.3820960521698,3,0.938796,-62,8.6016034134886,2.0265108509239,1.528,-2.13133646665092
33.5968599319458,3,1.09219,-62,8.59870167250797,2.02833994074495,1.528,-2.13185808779851
33.9001460075378,3,1.11674,-61,8.59484561189316,2.03078211246767,1.528,-2.13257788577994
34.2382218837738,3,1.20878,-62,8.5905472244099,2.03350442454039,1.528,-2.13338025144348
34.5418128967285,3,1.42353,-63,8.5875202128092,2.03536907015134,1.528,-2.13368431350455
34.8256919384003,3,1.52784,-63,8.58503151467123,2.03687466377624,1.528,-2.13379774864068
35.3008708953857,3,1.74874,-63,8.5799728150804,2.04000998878295,1.528,-2.13342880161994
35.6945559978485,3,1.93895,-63,8.57408386590875,2.04377725218553,1.528,-2.13206056853139
35.73095703125,3,1.93895,-63,8.57353936007361,2.04412558205652,1.528,-2.13193405854144
36.2519838809967,3,2.23348,-63,8.56666501305136,2.04852502318793,1.528,-2.13071211479981
36.5632979869843,3,2.40528,-64,8.56318306765425,2.05075478632867,1.528,-2.1303825931534
36.8587708473206,3,2.58936,-64,8.55987817700853,2.05287117128541,1.528,-2.13006989822672
37.1686320304871,3,2.71208,-64,8.55615878217116,2.05526090979012,1.528,-2.12986225326519
37.3578729629517,3,2.8348,-65,8.55388724321932,2.05672039025282,1.528,-2.12973543865181
37.7439389228821,3,3.0066,-65,8.54923605096898,2.05971130998232,1.528,-2.1296160561362
37.9706220626831,3,3.19068,-66,8.54640359847997,2.06154746377606,1.528,-2.13037357249954
38.2980060577393,3,3.36249,-66,8.54231286807773,2.06419930354263,1.528,-2.13146760504898
38.4448108673096,3,3.46066,-66,8.54047851176596,2.0653884356866,1.528,-2.13195818871376
38.6802659034729,3,3.62019,-67,8.53679936522407,2.06772315569652,1.528,-2.13246918369286
42.5769519805908,3,2.34392,-68,8.48416372992356,2.10150680501475,1.528,-2.12788309934569
43.2429249286652,3,5.78924,-68,8.47776923284544,2.10549039771508,1.528,-2.13186121085324
43.5414578914642,3,5.8414,-67,8.47515534642891,2.10708114463524,1.528,-2.13443171326286
43.8489129543304,3,5.93651,-67,8.47130073860271,2.1094731880511,1.528,-2.13450739707058
43.871885061264,3,5.9948,-66,8.47099643332307,2.10966248257,1.528,-2.13447699522361
44.4038050174713,3,6.24023,-66,8.46395779396511,2.114041048927,1.528,-2.13374498588505
44.7462639808655,3,0.104311,-66,8.45962335648669,2.1167412583035,1.528,-2.13254212763746
44.9400670528412,3,0.0859029,-66,8.45717042814084,2.11826935050748,1.528,-2.13186141068023
45.293760061264,3,0.202485,-66,8.45279411492883,2.12099252582767,1.528,-2.13063040932859
45.6428480148315,3,0.349748,-66,8.44882979269168,2.12344803885516,1.528,-2.12945548226896
45.6899728775024,3,0.337476,-65,8.44829463202772,2.1237795189679,1.528,-2.12929687388455
46.1949970722198,3,0.748583,-65,8.44257607557651,2.12732141512521,1.528,-2.1277289345698
46.4350590705872,3,0.920388,-65,8.43987604850245,2.12899351311016,1.528,-2.12712862398176
46.9930138587952,3,1.09833,-63,8.43331136839795,2.13325605416329,1.528,-2.12652668455925
47.402293920517,3,1.18423,-63,8.42712185581742,2.13817009210662,1.528,-2.12985379475629
47.5370628833771,3,1.28241,-63,8.42508375460238,2.13978820121824,1.528,-2.13094935555319
47.9031779766083,3,1.40513,-64,8.42000951123044,2.14346191241219,1.528,-2.13304619308481
48.3392889499664,3,1.66284,-63,8.4146996425424,2.14669124431619,1.528,-2.13414734232421
48.4548809528351,3,1.69351,-63,8.41329225223554,2.14754718458257,1.528,-2.13443920392324
48.9052369594574,3,1.80396,-62,8.40761168057367,2.15105466879015,1.528,-2.13461228532888
49.2556910514832,3,2.09849,-62,8.40313847904018,2.15383026063351,1.528,-2.13448920862634
49.5229480266571,3,2.28256,-62,8.40000521490821,2.15576778993428,1.528,-2.13416506615901
49.8088300228119,3,2.2887,-62,8.39698133982996,2.157629153038,1.528,-2.13354685169857
50.1405398845673,3,2.46664,-62,8.39347272719376,2.15978889903851,1.528,-2.13282953533739
50.4347400665283,3,2.66299,-62,8.38997048847201,2.16195808097699,1.528,-2.13231719825851
50.5887558460236,3,2.62618,-61,8.38802169235397,2.16316861449878,1.528,-2.13208558646361
50.9124810695648,3,2.76117,-61,8.38392552466897,2.16571303063738,1.528,-2.13159876244905
51.2321119308472,3,2.89616,-61,8.37744587780707,2.16692925178624,1.528,-2.13166808818167
51.6100940704346,3,3.08637,-61,8.3658071828488,2.1662514791199,1.528,-2.13264805248269
51.9224410057068,3,3.16614,-61,8.35618950433956,2.16569139917704,1.528,-2.13345784959752
52.2026300430298,3,3.25818,-61,8.35148818637842,2.16758464887283,1.528,-2.13406933174948
52.445170879364,3,3.3134,-60,8.34817433212201,2.16968465797599,1.528,-2.13457652526422
52.7136888504028,3,3.38703,-60,8.34450555025954,2.17200958680887,1.528,-2.13513804131883
53.0686140060425,3,3.51588,-60,8.33996984888154,2.17491950039021,1.528,-2.13563336862834
53.4122688770294,3,3.67542,-60,8.33571623947905,2.17766519517987,1.528,-2.13600429949567
53.5922589302063,3,3.69383,-59,8.333488401473,2.17910325933354,1.528,-2.13619857541657
53.9992518424988,3,3.84109,-59,8.32779317840484,2.18271359949189,1.528,-2.13590667633306
54.2809598445892,3,3.91472,-59,8.32373148795704,2.18527779800692,1.528,-2.13557162106043
54.927768945694,3,4.04971,-59,8.31454509545723,2.19108258352245,1.528,-2.13429163000652
55.124461889267,3,4.08652,-59,8.31177337653775,2.19283484619215,1.528,-2.13382235649472
55.532772064209,3,4.22152,-59,8.30727461287784,2.1953896410401,1.528,-2.1321569057463
55.808089017868,3,4.30742,-58,8.30530405129704,2.19619533863225,1.528,-2.13044843856295
55.9556469917297,3,4.34423,-58,8.30424791555833,2.19662715767812,1.528,-2.12953277408013
56.4371900558472,3,4.5099,-59,8.29942469439935,2.19928065323231,1.528,-2.12859445910898
56.6885099411011,3,4.5774,-59,8.29615078375411,2.20134944339464,1.528,-2.12923145136423
56.7957508563995,3,4.62035,-58,8.29475377064531,2.20223221854928,1.528,-2.12950326285429
57.304102897644,3,4.76148,-59,8.28848507628775,2.20618253673015,1.528,-2.13112936290595
57.6490938663483,3,4.84124,-58,8.28453163671183,2.20866408034088,1.528,-2.13252016267471
57.7037909030914,3,4.84124,-58,8.28390483355069,2.20905751986357,1.528,-2.13274066881242
58.1742470264435,3,4.94555,-57,8.27813517533581,2.21267273945469,1.528,-2.1339584001537
58.81977891922,3,5.20326,-57,8.26964075709484,2.21798106367904,1.528,-2.13465246156582
59.0373480319977,3,5.28917,-57,8.26647659934105,2.21993857343014,1.528,-2.13452600063978
59.4348800182343,3,5.33212,-58,8.26069520003961,2.22351524260664,1.528,-2.13429493722057
59.7853288650513,3,5.54687,-58,8.25602509604381,2.22613366306435,1.528,-2.13396751386833
59.9428949356079,3,5.51006,-57,8.25406252518235,2.22713901776036,1.528,-2.1337805141919
60.2790899276733,3,5.62664,-57,8.24987503422782,2.22928411925877,1.528,-2.13338151741227
60.4737439155579,3,5.65732,-57,8.24747433242752,2.23056102857518,1.528,-2.13314459897558
61.0062289237976,3,5.76777,-57,8.24114604708943,2.2344043195718,1.528,-2.13243728320584
61.282881975174,3,5.87821,-57,8.23785797829673,2.23640124412509,1.528,-2.13207058536785
61.4520308971405,3,5.90276,-57,8.23562383242699,2.23777610312185,1.528,-2.13271746424975
61.9377799034119,3,5.98866,-57,8.22920798227865,2.24172431859775,1.528,-2.13457512181214
62.2003700733185,3,6.09297,-57,8.22571704210682,2.24387230925857,1.528,-2.13545018306794
62.3420870304108,3,6.09911,-57,8.2237683308956,2.24507056310961,1.528,-2.13555283997099
62.7608020305634,3,6.17887,-57,8.21801069516984,2.24861090769302,1.528,-2.13585614866499
63.0067749023438,3,6.21569,-57,8.21455602608174,2.25073861141369,1.528,-2.13610326093921
63.3502769470215,3,0.00613592,-57,8.20930807571683,2.25399051092666,1.528,-2.13685178000869
63.5925879478455,3,0.0736311,-57,8.20560610035773,2.25628444494474,1.528,-2.13737979551158
63.997722864151,3,0.128854,-57,8.19967245006388,2.26029281402389,1.528,-2.13695669846898
64.1664500236511,3,0.177942,-57,8.19729806303966,2.26202762863969,1.528,-2.13628647562565
64.4856169223785,3,0.239301,-56,8.19280663590284,2.2653092307388,1.528,-2.13501867175227
65.0038318634033,3,0.33134,-57,8.18608131192024,2.26968909230285,1.528,-2.13373539745573
65.2483670711517,3,0.362019,-57,8.18299333182161,2.27161279780733,1.528,-2.13324679300975
65.5946969985962,3,0.423379,-57,8.17878844129416,2.27423641499943,1.528,-2.13300117960444
65.8461818695068,3,0.411107,-57,8.17600624909765,2.27597923302139,1.528,-2.13354096508735
66.5597569942474,3,0.582913,-56,8.1676701203881,2.28117479852442,1.528,-2.13481195619419
66.8568918704987,3,0.533825,-56,8.16371611418122,2.2836119041683,1.528,-2.1350563856688
67.3127210140228,3,0.687223,-56,8.15752623819533,2.28744067099919,1.528,-2.13565706505946
67.6352858543396,3,0.742447,-56,8.15290893410078,2.29032208769494,1.528,-2.13651327978995
67.7797789573669,3,0.717903,-56,8.15084061011485,2.2916128199368,1.528,-2.13689682166372
68.1272909641266,3,0.846757,-56,8.14698714146303,2.29364856334027,1.528,-2.13644417582513
68.6147818565369,3,0.901981,-56,8.1448560037014,2.29338290904865,1.528,-2.13179227400749
68.7529349327087,3,0.920388,-55,8.14425204731555,2.29330762362659,1.528,-2.13047394261676
69.3576910495758,3,1.07379,-55,8.13625557143936,2.2978837162747,1.528,-2.12914571909919
69.6717140674591,3,1.14742,-55,8.13164416156307,2.30068384147693,1.528,-2.12883535298577
69.9050068855286,3,1.15969,-55,8.12874528813476,2.30244073446378,1.528,-2.12807494773989
70.085000038147,3,1.23332,-55,8.12650871106513,2.30379623571811,1.528,-2.12748826985326
70.4930260181427,3,1.32536,-55,8.12143862069004,2.30686901776361,1.528,-2.12615833137419
70.8401808738709,3,1.37445,-55,8.11645353556363,2.30987441523073,1.528,-2.1261094978092
71.1561169624329,3,1.42353,-55,8.1118713039195,2.31263601195725,1.528,-2.12613833955047
71.5817680358887,3,1.51557,-56,8.10577831037673,2.31636166068992,1.528,-2.1267557161603
71.7610468864441,3,1.54012,-56,8.10325472792716,2.31793352713053,1.528,-2.12732265236348
72.1417729854584,3,1.64443,-55,8.09789551406234,2.32127162627747,1.528,-2.12852662822768
72.4251570701599,3,1.6567,-55,8.09352175560968,2.32415830549869,1.528,-2.12909125480195
72.7872769832611,3,1.79783,-55,8.08753032780846,2.32826756479377,1.528,-2.12946598518327
72.9466369152069,3,1.83464,-55,8.08489365003373,2.33007594720501,1.528,-2.1296308946674
73.5620439052582,3,1.92668,-55,8.07603115462306,2.33568425843149,1.528,-2.1290982725824
73.6531958580017,3,1.90827,-55,8.07479495587287,2.33643524090149,1.528,-2.12895160493407
74.441253900528,3,2.06781,-55,8.06426890313341,2.34291144009037,1.528,-2.12741814638701
74.7643320560455,3,2.15984,-56,8.0599927841776,2.34556247720858,1.528,-2.12672503919362
74.899631023407,3,2.14757,-56,8.05812532719735,2.34671164240367,1.528,-2.1267160311735
75.1818749904633,3,2.19052,-56,8.05422092631937,2.34911332994458,1.528,-2.12672930016544
75.7351620197296,3,2.35619,-57,8.04667330808967,2.35376296308024,1.528,-2.12682834532608
76.0029718875885,3,2.39301,-57,8.04322040100485,2.35590332481012,1.528,-2.12701405318205
76.3996069431305,3,2.44823,-57,8.03810653419957,2.3590732695937,1.528,-2.12728909250887
76.6801838874817,3,2.50346,-57,8.03383007428014,2.36124723116014,1.528,-2.12739265695792
76.7731790542603,3,2.47891,-56,8.03233527619861,2.36195973657099,1.528,-2.12741629457818
77.1869189739227,3,2.60777,-57,8.02568484844427,2.3651297070292,1.528,-2.1275214594749
77.5809528827667,3,2.6814,-58,8.02022820416065,2.36831759323592,1.528,-2.1285568035258
78.2379589080811,3,2.84093,-57,8.01171588219364,2.37375180611701,1.528,-2.13084135330879
78.7238149642944,3,2.86548,-57,8.00543245985961,2.37779367048357,1.528,-2.13230630851588
79.041375875473,3,2.93911,-58,8.00133775771547,2.38043988659926,1.528,-2.13283311330043
79.345890045166,3,3.0066,-58,7.99744052328761,2.38298794069717,1.528,-2.13230704033359
79.6942689418793,3,3.06796,-58,7.99298189914025,2.38590303747672,1.528,-2.13170518748725
80.0154519081116,3,3.19068,-58,7.98896398517935,2.38851789745485,1.528,-2.13191489004453
80.2927770614624,3,3.22136,-59,7.9855347955848,2.39074426294257,1.528,-2.13242666073497
80.6909399032593,3,3.29499,-58,7.98068521664228,2.39388787883576,1.528,-2.1331513997228
81.0126838684082,3,3.38703,-58,7.97732024973447,2.39603162741636,1.528,-2.13366181605151
81.2169320583344,3,3.42998,-58,7.97518411518487,2.39739251313504,1.528,-2.13398583646072
81.7128229141235,3,3.47907,-58,7.96949477830377,2.40106642957605,1.528,-2.13484896416963
82.0221960544586,3,3.58338,-58,7.9655167026705,2.40367363271047,1.528,-2.13545258442111
82.6221680641174,3,3.68155,-58,7.95744729478307,2.40892033469964,1.528,-2.13653516873081
82.7559020519257,3,3.7061,-58,7.95555079566464,2.41014237462454,1.528,-2.13675219767922
83.2664868831635,3,3.79814,-58,7.9485044139798,2.41468868330226,1.528,-2.13713289908044
83.4913630485535,3,3.77973,-58,7.94570758952849,2.41650268791626,1.528,-2.13659375219826
83.8104360103607,3,3.89018,-58,7.94173922293975,2.41907654817361,1.528,-2.1358287658679
84.2127990722656,3,3.92699,-58,7.93661896679439,2.42238089283788,1.528,-2.1352385390552
84.5483999252319,3,3.95153,-58,7.93229350537787,2.42516464467021,1.528,-2.13492309975408
84.7565050125122,3,3.98221,-58,7.92961129966338,2.42689084087297,1.528,-2.13472749678493
85.0418739318848,3,4.06198,-58,7.92671197417673,2.42849477036632,1.528,-2.13301745510367
85.2382228374481,3,4.04971,-58,7.92483237832639,2.42948536817933,1.528,-2.13162738544532
86.0222909450531,3,4.12334,-58,7.91574670955558,2.43475204435896,1.528,-2.12890015576068
86.4457399845123,3,4.08039,-58,7.90985974604553,2.43840962523798,1.528,-2.12917882858956
86.7643220424652,3,4.08652,-57,7.90524503246131,2.44129060471168,1.528,-2.12960131705899
87.157105922699,3,4.04971,-58,7.89949956087737,2.44488152445165,1.528,-2.13018632782457
87.4747240543365,3,4.08652,-58,7.8950507749476,2.44766925768168,1.528,-2.13092402338447
87.8004560470581,3,3.98221,-57,7.89074300179835,2.45037839546959,1.528,-2.13202232248767
88.0964279174805,3,4.07425,-57,7.88682880330134,2.45284001605412,1.528,-2.1330202767787
88.4275188446045,3,4.0313,-57,7.88259790097733,2.45549772656968,1.528,-2.13328514981731
88.760509967804,3,4.0313,-58,7.87836225316877,2.45815799604709,1.528,-2.13343894664647
89.0461409091949,3,3.98221,-57,7.87547255300244,2.45993606501686,1.528,-2.13321994812484
89.4000160694122,3,4.02517,-58,7.87336019153104,2.46114435291734,1.528,-2.13225588862979
90.0755078792572,3,4.01903,-57,7.86650078000869,2.46539222866821,1.528,-2.13003072399619
90.2964959144592,3,3.98835,-58,7.86318936881245,2.46751486343653,1.528,-2.12915744025084
90.7020139694214,3,4.02517,-58,7.85717806385411,2.47136120094017,1.528,-2.12792454361483
90.9743390083313,3,4.01903,-57,7.85337252847723,2.47377126665824,1.528,-2.12840783700584
91.3454229831696,3,4.05585,-57,7.84818691205468,2.47705534501499,1.528,-2.12906639720752
91.7252578735352,3,4.03744,-57,7.84242601824388,2.48072386266121,1.528,-2.12973394928975
91.950963973999,3,4.01903,-58,7.83884042602581,2.48301379704714,1.528,-2.13012827993432
92.262274980545,3,4.02517,-57,7.83389490474758,2.48617224857833,1.528,-2.1306721707269
92.6807489395142,3,4.02517,-57,7.82691256949738,2.49061787926771,1.528,-2.13062716329884
93.0772349834442,3,4.05585,-58,7.8202749292285,2.49484318311051,1.528,-2.13053304750399
93.2475039958954,3,4.05585,-57,7.81839860624993,2.49651162808439,1.528,-2.13032748691567
93.9580550193787,3,4.01289,-58,7.81084872306389,2.50326486953479,1.528,-2.12935296208711
94.2681329250336,3,4.00062,-58,7.80733991604796,2.5055457762762,1.528,-2.12867524858247
94.6019279956818,3,3.93313,-58,7.80356272823672,2.50800114446917,1.528,-2.12794569828871
95.0051820278168,3,3.91472,-58,7.79850042517801,2.51127954361871,1.528,-2.12710768820787
95.2799098491669,3,3.9454,-58,7.79487101775173,2.51362595395134,1.528,-2.12655245474681
95.6404759883881,3,3.88404,-58,7.79008316240997,2.51672143567552,1.528,-2.12591788237944
95.8650288581848,3,3.84109,-58,7.78687680347092,2.51879567281634,1.528,-2.12638762056146
96.231055021286,3,3.84109,-58,7.7816503672154,2.52217672540634,1.528,-2.12715330422688
96.6067669391632,3,3.74905,-58,7.77644012864718,2.52555032134659,1.528,-2.12792289699219
96.9479198455811,3,3.74905,-58,7.77195004302192,2.52846247439701,1.528,-2.1285962033003
97.2776129245758,3,3.7061,-58,7.76761078597063,2.53127680394729,1.528,-2.12924689226015
97.9233798980713,3,3.50361,-58,7.78138120911483,2.55939480189373,1.528,-2.13070425482007
98.136883020401,3,3.57724,-58,7.78557264949508,2.56826831569068,1.528,-2.13109032231419
98.5478808879852,3,3.50975,-58,7.78094777597133,2.57118901828226,1.528,-2.12961713840596
98.8506000041962,3,3.41157,-58,7.77754134071675,2.57334025208898,1.528,-2.12853206968447
99.111368894577,3,3.41771,-57,7.7739933479882,2.57556066996516,1.528,-2.1275975496237
99.4408779144287,3,3.35021,-57,7.76922377168713,2.57853778374399,1.528,-2.12641676977644
99.7208690643311,3,3.35635,-57,7.76517095652084,2.58106750360022,1.528,-2.12541343485297
100.286630868912,3,3.25818,-56,7.75791926619402,2.58557276611779,1.528,-2.12609378869087
100.588400840759,3,3.20909,-56,7.75410105902596,2.58794363843875,1.528,-2.12660035588735
100.987102031708,3,3.19682,-56,7.748939013832,2.59115789282979,1.528,-2.12750163491842
101.334787845612,3,3.11091,-56,7.74441956460142,2.593973354421,1.528,-2.1283229814784
101.382875919342,3,3.23363,-56,7.74379448414334,2.59436275806984,1.528,-2.12843658109149
101.822623968124,3,3.28885,-55,7.73632173402509,2.59952050062704,1.528,-2.13082220969171
102.088986873627,3,3.32567,-55,7.73141527571657,2.60299013660752,1.528,-2.13255863846932
102.263052940369,3,3.29499,-55,7.72820894374708,2.60525751647039,1.528,-2.13369338103764
102.71972489357,3,3.30726,-54,7.72179053995707,2.60939237237506,1.528,-2.13444505351076
103.130224943161,3,3.32567,-54,7.71631611825907,2.61284402433366,1.528,-2.13478796700395
103.307585000992,3,3.39317,-54,7.71436476560633,2.61407623161932,1.528,-2.13435218637853
103.843242883682,3,3.44839,-54,7.70847134493918,2.61779770957636,1.528,-2.13303605393031
104.147345066071,3,3.47907,-54,7.70523570837913,2.61983919291406,1.528,-2.13174324992916
104.418658018112,3,3.4668,-54,7.70240329490788,2.62162539960765,1.528,-2.13032066388391
104.737772941589,3,3.45452,-54,7.69907184537209,2.62372631372932,1.528,-2.1286474358513
105.027693986893,3,3.51588,-54,7.69549429659679,2.62596540303698,1.528,-2.12804801034889
105.650661945343,3,3.52816,-54,7.68746932458646,2.63097918336401,1.528,-2.12732444729878
105.878718852997,3,3.51588,-54,7.67692203025121,2.62493459044468,1.528,-2.12667047772681
106.310052871704,3,3.55884,-54,7.65672770397193,2.61324768280669,1.528,-2.12542102997412
106.647861003876,3,3.52202,-54,7.64598455374233,2.60906984224578,1.528,-2.12522650386887
107.061178922653,3,3.54656,-55,7.64117990313545,2.61213781185205,1.528,-2.12627752118912
107.226794958115,3,3.57724,-55,7.63925468492173,2.61336714389894,1.528,-2.12669866267337
107.742563009262,3,3.4852,-55,7.63199035052909,2.61798734732731,1.528,-2.12647525314336
107.987360954285,3,3.41157,-54,7.6283926440572,2.62027374022533,1.528,-2.12618792569361
108.295768022537,3,3.40544,-54,7.62395771707177,2.62308944814074,1.528,-2.12543142387906
108.648818016052,3,3.39317,-55,7.61897751990845,2.62624856033275,1.528,-2.12417461875801
109.120741844177,3,3.42998,-55,7.61258949654829,2.63030451444854,1.528,-2.12284422109226
109.624039888382,3,3.19068,-55,7.60631332405068,2.63429736688576,1.528,-2.12212254998509
109.780092000961,3,3.20909,-55,7.60436733997933,2.6355353869123,1.528,-2.12189878932844
110.320585012436,3,3.09864,-55,7.59555805258763,2.64098764270223,1.528,-2.11874034415086
110.523738861084,3,3.08023,-55,7.59220594702009,2.64306002705596,1.528,-2.11750598618902
110.961664915085,3,3.01887,-55,7.58655599342681,2.64655511327548,1.528,-2.11735915331512
111.291822910309,3,2.95138,-55,7.58282194622157,2.64886590480078,1.528,-2.11808677279194
111.561976909637,3,3.06183,-55,7.57962970701718,2.65083719731162,1.528,-2.11854511524606
111.717733860016,3,2.95751,-55,7.57759528077049,2.65208780541546,1.528,-2.11861513374021
112.262856006622,3,2.98819,-55,7.57047514391616,2.65646471554676,1.528,-2.11886018625145
112.553669929504,3,2.98206,-55,7.56679193194965,2.6587296165597,1.528,-2.11881466747428
112.751272916794,3,2.98206,-55,7.56429561030847,2.66026471090226,1.528,-2.11877401855866
113.457501888275,3,3.01887,-55,7.55555270462806,2.66564553394911,1.528,-2.11788152740247
113.602727890015,3,2.99433,-55,7.55379306131634,2.66672947422913,1.528,-2.11753839695669
114.000723838806,3,2.98819,-55,7.54860975622645,2.66989463794412,1.528,-2.11669642137133
114.310844898224,3,2.94524,-56,7.54311169325033,2.67314762821589,1.528,-2.11643807426921
114.831214904785,3,2.92684,-55,7.53420510080409,2.67842324163067,1.528,-2.11611306706859
115.086088895798,3,2.90229,-56,7.53159821005257,2.68000117550328,1.528,-2.11655104871384
115.337642908096,3,2.93911,-56,7.5290252765588,2.68155855527051,1.528,-2.11698332522718
115.565141916275,3,2.91456,-56,7.52669838138192,2.68296700965836,1.528,-2.11737426503825
116.132292985916,3,2.87161,-56,7.5196090939157,2.68729034550617,1.528,-2.11856479366321
116.347497940063,3,2.7673,-56,7.51684665817354,2.68897647373747,1.528,-2.11902867438218
116.831604003906,3,2.67526,-56,7.51081094157779,2.69265793562609,1.528,-2.11940460160375
116.974544048309,3,2.65072,-56,7.5090455130189,2.69373450088456,1.528,-2.1194530643485
117.374382019043,3,2.58936,-57,7.50412270804068,2.69674969407283,1.528,-2.11948332074332
117.743860960007,3,2.57095,-57,7.49962728100263,2.69954899373149,1.528,-2.11914777250838
118.084061861038,3,2.49732,-57,7.49548807803513,2.70212647287997,1.528,-2.11883881359567
118.162071943283,3,2.46051,-57,7.49445485676848,2.70293952595646,1.528,-2.11883241675149
118.769506931305,3,2.36233,-57,7.48631653672034,2.70951609092494,1.528,-2.11885390879387
119.066089868546,3,2.38687,-57,7.48219981285835,2.71247810221598,1.528,-2.11875179818378
119.290230989456,3,2.2212,-57,7.47893893074801,2.71445623021668,1.528,-2.11855688277492
119.772197961807,3,2.1353,-57,7.47192710948322,2.71870976637973,1.528,-2.11813775937137
120.166379928589,3,2.28256,-58,7.46689072007605,2.72178012621868,1.528,-2.11895014263728
120.440324068069,3,2.01872,-58,7.46341710374229,2.72389842051675,1.528,-2.11955858887183
120.811866044998,3,1.93895,-58,7.45848364646078,2.72690908788814,1.528,-2.12063781737896
121.328280925751,3,1.65056,-58,7.45125339401528,2.73132479569655,1.528,-2.12256421681946
121.613312959671,3,1.55239,-58,7.44734176580898,2.73373201922377,1.528,-2.12337262280733
121.872312068939,3,1.54012,-59,7.443857680067,2.73589271686214,1.528,-2.12388065331156
122.118974924088,3,1.44808,-58,7.44053954303121,2.73795049941629,1.528,-2.12436448607466
122.591678857803,3,1.30082,-58,7.43510827585359,2.74120505015777,1.528,-2.12626952990229
122.699398994446,3,1.20878,-59,7.43399614945245,2.74185344345282,1.528,-2.12683600627141
123.155886888504,3,1.10447,-58,7.42899873298268,2.74482002727614,1.528,-2.12875200983232
123.47610783577,3,1.09219,-59,7.42461976062031,2.74757285605567,1.528,-2.12860875432622
123.658354043961,3,0.951068,-59,7.42212757166256,2.74913956370284,1.528,-2.12852722382981
124.17787694931,3,0.785398,-59,7.4211376363173,2.76001779816849,1.528,-2.12872715116987
124.416450023651,3,0.705631,-59,7.4230878955338,2.76753516096665,1.528,-2.12898900415559
124.781056880951,3,0.595185,-59,7.42588182351446,2.77883340521083,1.528,-2.12938078718725
125.116428852081,3,0.472466,-59,7.42114799307434,2.78177381945591,1.528,-2.12941231977969
125.553995847702,3,0.398835,-59,7.41497166308325,2.78561024091581,1.528,-2.12945346102859
125.851193904877,3,0.269981,-59,7.41102899871984,2.78807463437584,1.528,-2.12952680959567
126.154451847076,3,0.116583,-59,7.40708460249774,2.79054522190123,1.528,-2.12961580770538
126.333780050278,3,0.104311,-60,7.40475212776652,2.79200617629064,1.528,-2.12966843574534
126.815445899963,3,6.14819,-59,7.39812009482025,2.7961073168705,1.528,-2.13151136709428
127.040932893753,3,6.04388,-59,7.3949437905411,2.79806175538994,1.528,-2.13270589804952
127.320948839188,3,6.05616,-58,7.39101540317448,2.80048645293197,1.528,-2.13407046896572
127.67947101593,3,5.95798,-58,7.38624374190856,2.80355267053718,1.528,-2.13390484845274
127.93457698822,3,5.81072,-58,7.38284847275745,2.80573443354704,1.528,-2.13378700139965
128.417882919312,3,5.83526,-58,7.37627020803762,2.80994765941658,1.528,-2.13309648486017
128.501772880554,3,5.7739,-58,7.37511505840645,2.81068626432587,1.528,-2.13293393082237
128.986989974976,3,5.57755,-58,7.36850415582168,2.81491118332913,1.528,-2.1319962018988
129.392926931381,3,5.47938,-58,7.36339104968946,2.81816627412892,1.528,-2.13122638480455
129.800714969635,3,5.39961,-57,7.35829884097623,2.82140725931581,1.528,-2.1304236911986
129.982210874558,3,5.37507,-57,7.35642467957413,2.82259291081326,1.528,-2.12980590436572
130.162319898605,3,5.33212,-57,7.354564839369,2.82376950228598,1.528,-2.12919283828257
130.59209895134,3,5.25235,-57,7.35012685873019,2.82657710379999,1.528,-2.12772993012527
130.955307006836,3,5.1419,-57,7.34576227697806,2.82924781628711,1.528,-2.12679359009553
131.290000915527,3,5.11122,-57,7.34162461274277,2.83176502646828,1.528,-2.12598729620938
131.586436033249,3,5.02532,-57,7.33781183632087,2.83410551046332,1.528,-2.12544755101239
132.019468069077,3,4.97623,-57,7.33167360329323,2.83795069432468,1.528,-2.12532857204621
132.171745061874,3,4.92715,-57,7.32951507554192,2.83930286457242,1.528,-2.12528673274178
133.029912948608,3,4.7492,-58,7.31751451215667,2.84686242301391,1.528,-2.12529519448946
133.268780946732,3,4.7492,-58,7.31444536125059,2.84877561692441,1.528,-2.1245762815157
133.570272922516,3,4.55285,-59,7.31072942446374,2.85107752466848,1.528,-2.1232280212656
133.985640048981,3,4.43627,-59,7.30569287638627,2.85419621806475,1.528,-2.12143377904924
134.343976974487,3,4.30742,-59,7.30183114949257,2.85657979213436,1.528,-2.12025462579926
134.673162937164,3,4.16016,-60,7.29828357681833,2.85876946076426,1.528,-2.11917139750178
134.992003917694,3,4.01903,-60,7.29433638578211,2.86042366128527,1.528,-2.12030603649662
135.280362844467,3,3.87177,-61,7.29052367306542,2.86169795460213,1.528,-2.12236998498058
135.69975399971,3,3.74905,-61,7.28487112254232,2.86387508925825,1.528,-2.12507790519402
136.032507896423,3,3.61406,-61,7.27992967778675,2.86698010466701,1.528,-2.12597598358073
136.29873085022,3,3.45452,-61,7.27597622740843,2.86946430209299,1.528,-2.12669449982716
136.521198034287,3,3.33794,-62,7.27265798413512,2.87154527485587,1.528,-2.12717728286487
136.905339956284,3,3.19068,-63,7.26686181036367,2.87516169096967,1.528,-2.12747452254545
137.177878856659,3,2.92684,-62,7.26274957283999,2.87772744600582,1.528,-2.12768540652103
137.518815994263,3,2.76117,-62,7.25750657975905,2.88100381641728,1.528,-2.12753105225571
137.754119873047,3,2.55254,-62,7.25387417414912,2.88327442604169,1.528,-2.12736581341227
138.275662899017,3,2.32551,-63,7.24674363278928,2.88772518634423,1.528,-2.1263268543482
138.665401935577,3,2.15371,-62,7.24240201534616,2.89042724783309,1.528,-2.12482927111624
138.90699505806,3,2.06167,-62,7.23971071471596,2.89210221341517,1.528,-2.1239009427343
139.285639047623,3,1.92054,-61,7.23516875812171,2.89477001660094,1.528,-2.12326718059784
139.628484010696,3,1.71192,-61,7.23105193879132,2.89718615558116,1.528,-2.12270419675779
139.826421022415,3,1.6567,-61,7.22863252504278,2.89862216470962,1.528,-2.12256949916127
140.305556058884,3,1.52171,-62,7.22232791460116,2.90253012091359,1.528,-2.1242443375344
140.686445951462,3,1.32536,-62,7.21729925834192,2.90565017646566,1.528,-2.12553745936209
141.061138868332,3,1.27627,-62,7.2122362877952,2.90881226470138,1.528,-2.12654460941708
141.549008846283,3,1.22718,-61,7.20562748918089,2.91293165968612,1.528,-2.12755232622895
141.950181007385,3,1.01856,-62,7.20012777845252,2.91632765592823,1.528,-2.12718167177185
142.295773983002,3,1.00016,-62,7.19538481227707,2.91925593282159,1.528,-2.12676941626675
142.581488847733,3,0.877437,-62,7.19141827459305,2.92170101278261,1.528,-2.12561740743896
142.935039043427,3,0.754719,-62,7.18650998892953,2.92472661139653,1.528,-2.1241918850151
143.233474969864,3,0.619728,-62,7.18265717737753,2.92688183124602,1.528,-2.12334458030898
143.681844949722,3,0.539961,-62,7.17754591626886,2.92918980275695,1.528,-2.12290195563565
144.038051843643,3,0.46633,-62,7.1734035008868,2.93120801763362,1.528,-2.1226675485888
144.20244383812,3,0.484738,-62,7.17133903900278,2.93248423043465,1.528,-2.12277827881712
144.786965847015,3,0.33134,-62,7.1639985148393,2.93702200900843,1.528,-2.12317199784044
145.104528903961,3,0.16567,-62,7.15976758593673,2.93964807049532,1.528,-2.1238170947039
145.420063972473,3,0.159534,-63,7.15551153003701,2.94229186823554,1.528,-2.12455063396131
145.774406909943,3,0.104311,-63,7.15066434849035,2.94530656357404,1.528,-2.12528748955933
146.084645986557,3,0.110447,-63,7.14628002370154,2.94804095694939,1.528,-2.12575225897157
146.389626026154,3,0.0552233,-63,7.14197002006729,2.95072899808524,1.528,-2.12620914981619
146.749742031097,3,6.2341,-64,7.13711731668498,2.95374477423658,1.528,-2.12524360861976
147.174587011337,3,6.04388,-64,7.1314729031634,2.95724873559319,1.528,-2.12359196163669
147.200917959213,3,6.09297,-64,7.13112307495514,2.95746590333232,1.528,-2.12348959622662
