85.6858439445496,856.564843940603,876.681817118138,107.3,-66,0.607455307179587,0.607455307179587
86.3485598564148,857.534264845939,875.934635175903,107.3,-65,0.368155307179586,0.368155307179586
86.8585708141327,858.181453757114,875.493167846212,107.3,-65,0.171805307179587,0.171805307179587
87.1848289966583,858.551445763141,875.271864216439,107.3,-65,0.104315307179586,0.104315307179586
87.8368740081787,859.332235347737,874.802499213543,107.3,-65,6.07456430717959,-0.208621
88.3212378025055,859.955327907392,874.426580221513,107.3,-65,6.04388430717959,-0.239301
89.1252038478851,861.165222611749,873.692210386366,107.3,-65,5.79231130717959,-0.490874
90.3457548618317,862.599522505192,872.822384639784,107.3,-65,5.35666130717959,-0.926524
90.6452679634094,862.875986296659,872.658763212181,107.3,-65,5.20939530717959,-1.07379
91.555018901825,864.078805644435,871.92714239378,107.3,-65,5.07440530717959,-1.20878
92.0204780101776,864.711219210891,871.544779905673,107.3,-65,4.91487530717959,-1.36831
92.2310218811035,864.997282579119,871.371823620367,107.3,-65,4.84737530717959,-1.43581
93.2286279201508,866.27676827749,870.601405903653,107.3,-65,4.47308530717959,-1.8101
94.0122289657593,867.512430176015,869.857936946987,107.3,-65,4.12947530717959,-2.15371
94.8789188861847,868.996097927984,868.996219563355,107.3,-65,3.65700530717959,-2.62618
95.4246368408203,869.627971662233,868.614395557105,107.3,-66,3.47293530717959,-2.81025
95.5922298431396,869.822023581012,868.497135292857,107.3,-65,3.20295530717959,-3.08023
96.7706918716431,871.202875778417,867.665474991879,107.3,-65,2.39300530717959,-3.89018
97.3939969539642,871.991008532145,867.192052839362,107.3,-65,2.11689530717959,-4.16629
98.2008638381958,873.045947743499,866.542737975687,107.3,-65,1.68737530717959,-4.59581
98.7508938312531,873.52830850615,866.106553132877,107.3,-65,1.37444530717959,-4.90874
99.1553449630737,873.997357552238,865.777378602336,107.3,-65,1.13514530717959,-5.14804
100.069907903671,875.294766888202,864.991544036889,107.3,-65,0.766995307179586,-5.51619
100.401903867722,875.799922122246,864.688048382332,107.3,-65,0.515415307179587,-5.76777
101.310931921005,877.077425313314,863.915393793594,107.3,-64,0.122715307179586,-6.16047
102.125326871872,878.1180969234,863.286179990629,107.3,-64,6.06842830717959,-6.49794230717959
102.60952091217,878.86190475126,862.837505385131,107.3,-64,5.70640830717959,-6.85996230717959
103.343498945236,879.923127877723,862.194568992518,107.3,-64,5.48551530717959,-7.08085530717959
103.799633979797,880.467549871191,861.861670262746,107.3,-64,5.31984530717959,-7.24652530717959
104.563720941544,881.449794644234,861.266303528518,107.3,-63,4.93328530717959,-7.63308530717959
105.143343925476,882.254074765922,860.779944725891,107.3,-64,4.70625530717959,-7.86011530717959
105.865628957748,883.176839975042,860.219857635668,107.3,-64,4.45467530717959,-8.11169530717959
106.436622858047,883.901627544335,859.784578142745,107.3,-64,4.31968530717959,-8.24668530717959
107.034137010574,885.076775339211,859.12052177007,107.3,-64,3.94539530717959,-8.62097530717959
107.82407784462,886.267223377071,858.409808850395,107.3,-64,3.60792530717959,-8.95844530717959
108.489143848419,887.191990567286,857.851124047498,107.3,-64,3.31953530717959,-9.24683530717959
108.652599811554,887.418888832958,857.714308411068,107.3,-63,3.05568530717959,-9.51068530717959
109.909749984741,889.028801052383,856.737251046529,107.3,-64,2.62003530717959,-9.94633530717959
110.532691001892,889.831229016499,856.248554867108,107.3,-64,2.12302530717959,-10.4433453071796
111.142614841461,890.857055703525,855.612039029558,107.3,-64,1.87759530717959,-10.6887753071796
111.738936901093,891.611570137704,855.147919018926,107.3,-64,1.54625530717959,-11.0201153071796
112.167430877686,892.128420010762,854.830242880742,107.3,-64,1.22104530717959,-11.3453253071796
112.947350978851,893.115923016152,854.219983484571,107.3,-64,0.963335307179586,-11.6030353071796
113.801954984665,894.231588113622,853.529000390759,107.3,-65,0.288385307179587,-12.2779853071796
114.353510856628,894.980886995009,853.064957383788,107.3,-65,6.17273830717959,-12.6768176143592
115.002991914749,895.903498090751,852.518711801623,107.3,-65,5.77390330717959,-13.0756526143592
115.24178481102,896.25054000661,852.317911211735,107.3,-65,5.58369030717959,-13.2658656143592
116.198737859726,897.427414956692,851.600174994899,107.3,-64,5.03145530717959,-13.8181006143592
116.815330982208,898.239514025667,851.100573866891,107.3,-64,4.58353530717959,-14.2660206143592
117.67379784584,899.307214689347,850.443171751362,107.3,-63,4.00062530717959,-14.8489306143592
118.26037979126,900.016914957228,850.006215225191,107.3,-62,3.76745530717959,-15.0821006143592
118.926260948181,900.871243522459,849.456740541486,107.3,-61,3.31339530717959,-15.5361606143592
119.554128885269,901.806481788047,848.797511617694,107.3,-61,3.09250530717959,-15.7570506143592
119.842715978622,902.217770505087,848.538996440755,107.3,-60,2.97592530717959,-15.8736306143592
120.511257886887,903.159404649854,847.952497093841,107.3,-59,2.64458530717959,-16.2049706143592
121.576224803925,904.561347112509,847.074265611684,107.3,-59,2.26415530717959,-16.5854006143592
122.186208963394,905.358954239635,846.573740853147,107.3,-58,2.01871530717959,-16.8308406143592
122.802862882614,906.254726767666,846.015136796047,107.3,-58,1.84077530717959,-17.0087806143592
123.528158903122,907.401740073262,845.31535913384,107.3,-58,1.55852530717959,-17.2910306143592
124.180202960968,908.249439090527,844.790620990214,107.3,-58,1.33149530717959,-17.5180606143592
124.368130922318,908.485152838146,844.644268740725,107.3,-58,1.23332530717959,-17.6162306143592
125.111337900162,909.339724231822,844.107393598874,107.3,-58,1.01242530717959,-17.8371306143592
126.065390825272,910.593205860696,843.330490497806,107.3,-58,0.656545307179586,-18.1930106143592
126.733833789825,911.524015136897,842.751808287192,107.3,-58,0.478605307179587,-18.3709506143592
127.285525798798,912.402036086515,842.210522727707,107.3,-58,0.220895307179586,-18.6286606143592
128.002665996552,913.591006714882,841.476947160274,107.3,-58,6.27091350717959,-18.8618277215388
128.714300870895,914.553719941605,840.867835316555,107.3,-57,5.98866130717959,-19.1440799215388
129.298535823822,915.241801208718,840.437096443342,107.3,-57,5.81685530717959,-19.3158859215388
129.913210868835,916.023001864538,839.944664035056,107.3,-58,5.55301030717959,-19.5797309215388
130.589058876038,916.95269774504,839.358433127134,107.3,-57,5.36893230717959,-19.7638089215388
131.278159856796,917.974411308644,838.716296136981,107.3,-57,5.11122530717959,-20.0215159215388
132.188218832016,919.181376075117,837.952668838626,107.3,-58,4.71238530717959,-20.4203559215388
133.379254817963,920.755962944531,836.970795746579,107.3,-57,4.23378530717959,-20.8989559215388
134.097085952759,921.662949544857,836.403406118566,107.3,-58,3.95153530717959,-21.1812059215388
134.255070924759,921.860756355932,836.279102308784,107.3,-58,3.89631530717959,-21.2364259215388
135.516803026199,923.428304760295,835.304595684667,107.3,-58,3.30726530717959,-21.8254759215388
135.731523990631,923.703872136172,835.139760887354,107.3,-58,3.22749530717959,-21.9052459215388
137.240810871124,925.610034870194,833.964556911965,107.3,-58,2.55867530717959,-22.5740659215388
137.606293916702,926.074722403144,833.673669834252,107.3,-58,2.30097530717959,-22.8317659215388
138.746723890305,927.545870213122,832.755350572293,107.3,-58,1.87759530717959,-23.2551459215388
138.864466905594,927.68525777583,832.668351185327,107.3,-58,1.83464530717959,-23.2980959215388
140.237622022629,929.261630480882,831.69336782068,107.3,-58,1.19650530717959,-23.9362359215388
140.941519021988,930.141464430224,831.150480180038,107.3,-58,0.908115307179586,-24.2246259215388
141.941148996353,931.362821010077,830.398116393797,107.3,-58,0.441785307179586,-24.6909559215388
142.46582698822,932.080128044131,829.953942483109,107.3,-58,0.269985307179586,-24.8627559215388
143.228101015091,933.078797938095,829.338319960873,107.3,-58,6.17887430717959,-25.2370522287183
143.560122013092,933.498668917545,829.080417015039,107.3,-58,6.08070030717959,-25.3352262287183
144.744273900986,935.257639074549,828.056326493543,107.3,-57,5.53460230717959,-25.8813242287183
145.520709991455,936.288578319356,827.416236309875,107.3,-57,5.16644530717959,-26.2494812287183
146.554761886597,937.500125951731,826.665550424273,107.3,-57,4.72466530717959,-26.6912612287183
147.106403827667,938.11996560114,826.28457483203,107.3,-56,4.41172530717959,-27.0042012287183
147.957216024399,939.082753201446,825.689763315653,107.3,-56,4.08038530717959,-27.3355412287183
148.689739942551,939.897428984061,825.179979134211,107.3,-55,3.76132530717959,-27.6546012287183
149.164891958237,940.494952923543,824.811357400401,107.3,-55,3.55269530717959,-27.8632312287183
150.236820936203,941.817147135046,824.004694034124,107.3,-54,3.10477530717959,-28.3111512287183
150.639154911041,942.378552458685,823.662991064371,107.3,-54,2.95751530717959,-28.4584112287183
151.408373832703,943.364596360388,823.060425303352,107.3,-53,2.68753530717959,-28.7283912287183
152.78181385994,944.874512025323,822.092905823651,107.3,-52,2.20893530717959,-29.2069912287183
153.064790010452,945.224105283747,821.882394362538,107.3,-52,2.11689530717959,-29.2990312287183
153.734829902649,946.044340648315,821.388298271601,107.3,-52,1.88372530717959,-29.5322012287183
154.588366985321,947.052661446998,820.780649638591,107.3,-52,1.60147530717959,-29.8144512287183
155.272189855576,947.854339461974,820.298917912849,107.3,-51,1.39285530717959,-30.0230712287183
155.838419914246,948.601885375567,819.853001278729,107.3,-51,1.22104530717959,-30.1948812287183
156.530054807663,949.20597085244,819.422389013129,107.3,-51,1.02469530717959,-30.3912312287183
156.877237796783,949.477107008129,819.217983293663,107.3,-51,0.926525307179586,-30.4894012287183
157.686450004578,950.449778933512,818.612087755423,107.3,-51,0.638135307179586,-30.7777912287183
158.263966798782,951.161606812705,818.174690304008,107.3,-50,0.478605307179587,-30.9373212287183
158.811273813248,951.898272216991,817.719918976602,107.3,-50,0.300655307179587,-31.1152712287183
159.736672878265,953.185306483949,816.921066358215,107.3,-50,0.0429553071795858,-31.3729712287183
160.385371923447,954.154330785095,816.340715360914,107.3,-50,6.16046730717959,-31.5386445358979
160.786957979202,954.917393405167,815.909482654168,107.3,-50,6.06229230717959,-31.6368195358979
161.603374958038,956.112799243066,815.18528263678,107.3,-49,5.85980630717959,-31.8393055358979
162.231580972672,956.907730150213,814.685946118658,107.3,-49,5.71254430717959,-31.9865675358979
162.765020847321,957.578506792457,814.264923434483,107.3,-49,5.56528230717959,-32.1338295358979
163.563378810883,958.688769993725,813.577134882661,107.3,-49,5.35666130717959,-32.3424505358979
164.113226890564,959.349294694753,813.169477718693,107.3,-49,5.25848530717959,-32.4406265358979
164.844952821732,960.262114977693,812.580119348655,107.3,-49,5.08054530717959,-32.6185665358979
165.677203893662,961.448911984987,811.823467197944,107.3,-49,4.90260530717959,-32.7965065358979
166.106235980988,962.082560622943,811.427292700614,107.3,-49,4.79215530717959,-32.9069565358979
167.14718580246,963.431531085886,810.590378951824,107.3,-49,4.55285530717959,-33.1462565358979
167.96408700943,964.502374842319,809.930841227463,107.3,-48,4.38718530717959,-33.3119265358979
168.862484931946,965.765601671529,809.142590335421,107.3,-49,4.17242530717959,-33.5266865358979
169.56267786026,966.75424938666,808.520964634862,107.3,-49,3.97607530717959,-33.7230365358979
170.296106815338,967.830887514904,807.856840538069,107.3,-49,3.81654530717959,-33.8825665358979
171.090662956238,968.936292490678,807.175233056189,107.3,-49,3.65087530717959,-34.0482365358979
171.680461883545,969.670934371382,806.723664193737,107.3,-49,3.52815530717959,-34.1709565358979
171.90244102478,969.955133200651,806.549362665929,107.3,-49,3.44838530717959,-34.2507265358979
172.862414836884,971.20326990361,805.8029866744,107.3,-49,3.20908530717959,-34.4900265358979
173.38069486618,971.673871824199,805.561803190098,107.3,-49,3.09864530717959,-34.6004665358979
174.045385837555,972.502149487666,805.068524669878,107.3,-49,2.92683530717959,-34.7722765358979
175.00182390213,973.802563971441,804.28052439874,107.3,-48,2.71821530717959,-34.9808965358979
175.731494903564,974.806178611401,803.67213508617,107.3,-48,2.53413530717959,-35.1649765358979
176.482986927032,975.79743966316,803.067124284359,107.3,-49,2.37460530717959,-35.3245065358979
177.234496831894,976.776331131832,802.500738291715,107.3,-48,2.27642530717959,-35.4226865358979
177.841812849045,977.574992737063,802.054605183054,107.3,-48,2.18438530717959,-35.5147265358979
178.523317813873,978.469221882141,801.507489014808,107.3,-47,2.09848530717959,-35.6006265358979
179.079474925995,979.177975526702,801.075067250245,107.3,-47,1.99417530717959,-35.7049365358979
179.643706798553,979.898245424578,800.635072032418,107.3,-47,1.87145530717959,-35.8276565358979
180.414073944092,980.875836964699,800.037128089589,107.3,-47,1.78555530717959,-35.9135565358979
181.070720911026,981.731734285007,799.512643772508,107.3,-47,1.66897530717959,-36.0301365358979
181.773623943329,983.018449128709,798.716679721254,107.3,-47,1.57079530717959,-36.1283165358979
182.13810300827,983.562833288248,798.3843902639,107.3,-47,1.52170530717959,-36.1774065358979
182.947746992111,984.63549193045,797.732437723337,107.3,-47,1.42966530717959,-36.2694465358979
183.668612957001,985.566517324051,797.160892679257,107.3,-46,1.30081530717959,-36.3982965358979
184.322372913361,986.484707606979,796.595306396732,107.3,-46,1.22718530717959,-36.4719265358979
184.917807817459,987.153198035617,796.183487544219,107.3,-46,1.12900530717959,-36.5701065358979
185.449263811111,987.683288233917,795.843551795143,107.3,-46,1.07378530717959,-36.6253265358979
186.199204921722,988.373591075993,795.382663046373,107.3,-46,1.00015530717959,-36.6989565358979
186.881621837616,989.15367698312,794.905273012394,107.3,-47,0.865165307179586,-36.8339465358979
187.526857852936,990.050524646442,794.354904578963,107.3,-47,0.803805307179586,-36.8953065358979
188.043404817581,990.757406398129,793.922645153343,107.3,-47,0.760855307179586,-36.9382565358979
188.621276855469,991.533213477873,793.44876563566,107.3,-47,0.724035307179586,-36.9750765358979
189.304271936417,992.413862482172,792.905833405487,107.3,-46,0.674955307179586,-37.0241565358979
190.001534938812,993.424352302623,792.276793177694,107.3,-46,0.638135307179586,-37.0609765358979
190.435925006866,994.020614075269,791.905028257142,107.3,-46,0.631995307179587,-37.0671165358979
191.065670013428,994.803117322781,791.41691706961,107.3,-46,0.601325307179586,-37.0977865358979
191.436045885086,995.294065550031,791.112653528837,107.3,-46,0.570645307179587,-37.1284665358979
192.116287946701,996.194573210372,790.553580785666,107.3,-46,0.527685307179587,-37.1714265358979
192.567484855652,996.788277636789,790.183245048724,107.3,-46,0.478605307179587,-37.2205065358979
193.24774980545,997.683943617337,789.6248013814,107.3,-46,0.454055307179586,-37.2450565358979
193.823917865753,998.445213443971,789.167750963635,107.3,-46,0.454055307179586,-37.2450565358979
194.574888944626,999.437629509036,788.5951872456,107.3,-46,0.429515307179586,-37.2695965358979
195.028369903564,1000.0263140553,788.231897440944,107.3,-46,0.386565307179586,-37.3125465358979
195.4041929245,1000.51706065093,787.928693722238,107.3,-46,0.398835307179586,-37.3002765358979
195.955183982849,1001.24192312055,787.480185069162,107.3,-46,0.404975307179586,-37.2941365358979
196.455117940903,1001.90080606876,787.075076991751,107.3,-46,0.392695307179586,-37.3064165358979
197.192547798157,1002.84819629826,786.492748054343,107.3,-46,0.368155307179586,-37.3309565358979
197.666761875153,1003.42641698817,786.13580797461,107.3,-46,0.404975307179586,-37.2941365358979
198.248691797256,1004.27442862932,785.588788076588,107.3,-45,0.386565307179586,-37.3125465358979
198.924135923386,1005.21410391966,784.984099997473,107.3,-45,0.429515307179586,-37.2695965358979
199.272042989731,1005.64427790521,784.7120661628,107.3,-45,0.411105307179586,-37.2880065358979
199.730666875839,1006.20339022751,784.361039632425,107.3,-45,0.404975307179586,-37.2941365358979
200.228092908859,1006.8036656213,783.986161763951,107.3,-45,0.392695307179586,-37.3064165358979
200.76655292511,1007.50964541647,783.550501584194,107.3,-45,0.374295307179586,-37.3248165358979
201.385032892227,1008.3200543821,783.050269873946,107.3,-45,0.435655307179586,-37.2634565358979
201.853254795074,1008.91827896075,782.679584286822,107.3,-45,0.429515307179586,-37.2695965358979
202.42423582077,1009.69289321383,782.226786908645,107.3,-45,0.460195307179586,-37.2389165358979
203.199981927872,1010.72037939357,781.621165498641,107.3,-45,0.527685307179587,-37.1714265358979
203.693374872208,1011.33033295887,781.24415610447,107.3,-45,0.570645307179587,-37.1284665358979
204.271221876144,1011.99475254632,780.829674411098,107.3,-46,0.595185307179587,-37.1039265358979
204.75433588028,1012.55921845795,780.478161486387,107.3,-46,0.638135307179586,-37.0609765358979
205.198618888855,1013.09497910628,780.145674731102,107.3,-46,0.656545307179586,-37.0425665358979
205.766723871231,1013.76620768234,779.726469726531,107.3,-46,0.668815307179586,-37.0302965358979
206.175136804581,1014.24207915524,779.427968529892,107.3,-46,0.711765307179586,-36.9873465358979
206.763101816177,1015.20711683962,778.739252015693,107.3,-46,0.748585307179586,-36.9505265358979
207.040294885635,1015.68952035402,778.38917446531,107.3,-46,0.779265307179586,-36.9198465358979
207.45952296257,1016.22802918987,778.043535431738,107.3,-46,0.803805307179586,-36.8953065358979
208.086728811264,1016.96670751945,777.586062727021,107.3,-46,0.834485307179587,-36.8646265358979
208.637079954147,1017.57400314086,777.211674986788,107.3,-46,0.871305307179586,-36.8278065358979
209.076458930969,1018.10676413211,776.885336643764,107.3,-46,0.951065307179586,-36.7480465358979
209.560874938965,1018.71268410448,776.514925188962,107.3,-46,0.969475307179586,-36.7296365358979
210.130805969238,1019.39348915749,776.098379901654,107.3,-46,1.05537530717959,-36.6437365358979
210.550141811371,1019.81731361451,775.828086720069,107.3,-46,1.09832530717959,-36.6007865358979
210.900584936142,1019.97816176025,775.692396874046,107.3,-46,1.15355530717959,-36.5455565358979
211.458565950394,1020.37752868477,775.402995579074,107.3,-46,1.22718530717959,-36.4719265358979
211.97851395607,1021.07653468377,774.965959395913,107.3,-46,1.28240530717959,-36.4167065358979
212.526965856552,1021.78256029683,774.527212615965,107.3,-47,1.38058530717959,-36.3185265358979
212.918042898178,1022.27805683891,774.220004759878,107.3,-47,1.47875530717959,-36.2203565358979
213.392006874084,1022.90814677297,773.826003578747,107.3,-48,1.55238530717959,-36.1467265358979
213.969196796417,1023.65299405782,773.362900733455,107.3,-48,1.60761530717959,-36.0914965358979
214.366938829422,1024.13380215918,773.067880616894,107.3,-48,1.71805530717959,-35.9810565358979
214.849889993668,1024.7096343099,772.739895897797,107.3,-48,1.82236530717959,-35.8767465358979
215.279139995575,1025.21361408608,772.478024053309,107.3,-48,1.90827530717959,-35.7908365358979
215.690837860107,1025.70165593473,772.201344985608,107.3,-48,1.98803530717959,-35.7110765358979
216.298849821091,1026.42958605452,771.753557669491,107.3,-48,2.03712530717959,-35.6619865358979
216.781219005585,1027.04310431355,771.381748244365,107.3,-48,2.08621530717959,-35.6128965358979
217.181105852127,1027.55830445155,771.069414179571,107.3,-48,2.17211530717959,-35.5269965358979
217.50092792511,1028.00838241964,770.794711419739,107.3,-48,2.26415530717959,-35.4349565358979
217.996924877167,1028.70318404501,770.370889646859,107.3,-49,2.39914530717959,-35.2999665358979
218.366070985794,1029.18680355631,770.07847896086,107.3,-49,2.52186530717959,-35.1772465358979
218.744550943375,1029.68265137333,769.778674678906,107.3,-49,2.63231530717959,-35.0667965358979
219.201005935669,1030.18415183578,769.36769113694,107.3,-49,2.75502530717959,-34.9440865358979
219.548017978668,1030.55762695725,769.051263314244,107.3,-49,2.87774530717959,-34.8213665358979
219.953517913818,1031.05554625257,768.728170225303,107.3,-49,2.96365530717959,-34.7354565358979
220.465415000916,1031.70495525752,768.336119603793,107.3,-49,3.05568530717959,-34.6434265358979
220.803668022156,1032.16086668387,768.057234656137,107.3,-50,3.12318530717959,-34.5759265358979
221.370688915253,1032.93147958936,767.585468751516,107.3,-50,3.24590530717959,-34.4532065358979
221.64674782753,1033.33278657729,767.339668221408,107.3,-49,3.33180530717959,-34.3673065358979
222.086315870285,1033.97178687536,766.948280538842,107.3,-49,3.46679530717959,-34.2323165358979
222.619807004929,1034.70610976182,766.49962582403,107.3,-49,3.54656530717959,-34.1525465358979
223.006906986237,1035.22054296167,766.185885694661,107.3,-49,3.65087530717959,-34.0482365358979
223.524034023285,1035.64565661503,765.935193672605,107.3,-49,3.76132530717959,-33.9377865358979
223.94295501709,1036.04352132805,765.695553273181,107.3,-50,3.83495530717959,-33.8641565358979
224.333743810654,1036.52091954871,765.399380979002,107.3,-50,3.92699530717959,-33.7721165358979
224.715776920319,1036.9952684987,765.10624052535,107.3,-50,4.00062530717959,-33.6984865358979
225.216208934784,1037.66683631422,764.698587079439,107.3,-50,4.10493530717959,-33.5941765358979
225.623313903809,1038.20750609137,764.36825790218,107.3,-50,4.19083530717959,-33.5082765358979
226.124054908752,1038.85619684793,763.965705881283,107.3,-49,4.28287530717959,-33.4162365358979
226.465129852295,1039.34527313829,763.664084689382,107.3,-49,4.33196530717959,-33.3671465358979
226.968849897385,1040.17091199429,763.158617237083,107.3,-50,4.43627530717959,-33.2628365358979
227.379261016846,1040.77275642078,762.796488375159,107.3,-50,4.51603530717959,-33.1830765358979
227.830544948578,1041.38573534548,762.432532138619,107.3,-50,4.60194530717959,-33.0971665358979
228.331296920776,1042.05904926862,762.026793806455,107.3,-51,4.66943530717959,-33.0296765358979
228.840643882751,1042.7370970749,761.615746359919,107.3,-51,4.76761530717959,-32.9314965358979
229.290972948074,1043.31035809848,761.265238191216,107.3,-51,4.84124530717959,-32.8578665358979
229.630122900009,1043.74119607796,761.002049167878,107.3,-51,4.90260530717959,-32.7965065358979
230.12915802002,1044.36296630428,760.625467577976,107.3,-51,5.02532530717959,-32.6737865358979
230.375633001328,1044.67006053225,760.439472771979,107.3,-51,5.09281530717959,-32.6062965358979
230.966356992722,1045.4489365997,759.966760612923,107.3,-51,5.20326530717959,-32.4958465358979
231.4488530159,1046.06338919735,759.587483368863,107.3,-52,5.30143730717959,-32.3976745358979
231.716662883759,1046.37188212357,759.389073707892,107.3,-52,5.31984530717959,-32.3792665358979
232.095058917999,1046.80776038604,759.108735162241,107.3,-52,5.43029230717959,-32.2688195358979
232.473368883133,1047.27557684695,758.825372783454,107.3,-53,5.51619530717959,-32.1829165358979
232.966425895691,1047.88872163459,758.455685731603,107.3,-53,5.68800030717959,-32.0111115358979
233.302469015121,1048.30795690452,758.202958054727,107.3,-53,5.73095230717959,-31.9681595358979
233.869704961777,1049.00745672827,757.781712041185,107.3,-54,5.92730130717959,-31.7718105358979
234.304849863052,1049.50398179239,757.48485343902,107.3,-54,6.05615630717959,-31.6429555358979
234.903869867325,1050.24519959413,757.04392129295,107.3,-55,6.27704938717959,-31.4220624558979
235.16983294487,1050.6021486539,756.832569875979,107.3,-56,0.0920353071795859,-31.3238912287183
235.719074964523,1051.43467133398,756.363587448052,107.3,-56,0.233165307179586,-31.1827612287183
235.983565807343,1051.88943953157,756.119383155651,107.3,-56,0.368155307179586,-31.0477712287183
236.55621099472,1052.78326663344,755.624144229935,107.3,-57,0.539965307179586,-30.8759612287183
236.828274965286,1053.14848878751,755.410777603088,107.3,-57,0.631995307179587,-30.7839312287183
237.385464906693,1053.88180673307,754.97979467171,107.3,-58,0.877435307179586,-30.5384912287183
237.618770837784,1054.1795115449,754.80315648336,107.3,-58,1.00015530717959,-30.4157712287183
238.368485927582,1055.13965921821,754.23424752684,107.3,-59,1.36217530717959,-30.0537512287183
238.656770944595,1055.5101599588,754.015006262912,107.3,-60,1.44194530717959,-29.9739812287183
238.920998811722,1055.84864120154,753.813815279076,107.3,-60,1.54625530717959,-29.8696712287183
239.463977813721,1056.53946757063,753.399319457621,107.3,-61,1.84691530717959,-29.5690112287183
239.998545885086,1057.09593796291,753.045571120767,107.3,-61,2.21506530717959,-29.2008612287183
240.292594909668,1057.36236726577,752.868412934966,107.3,-62,2.29483530717959,-29.1210912287183
240.492146968842,1057.54317560577,752.748187129673,107.3,-62,2.39300530717959,-29.0229212287183
241.094843864441,1058.2813883229,752.300731823767,107.3,-63,2.78570530717959,-28.6302212287183
241.342829942703,1058.58764678813,752.115518370986,107.3,-63,2.80411530717959,-28.6118112287183
241.523500919342,1058.79824463435,751.9882606104,107.3,-64,3.02500530717959,-28.3909212287183
242.303538799286,1059.73487118503,751.423521876739,107.3,-64,3.41770530717959,-27.9982212287183
242.670955896378,1060.26076478645,751.109322733519,107.3,-64,3.38089530717959,-28.0350312287183
243.03601193428,1060.77786403143,750.800171297554,107.3,-66,4.06811530717959,-27.3478112287183
243.357246875763,1061.18012835099,750.557641062171,107.3,-65,4.07425530717959,-27.3416712287183
243.617362976074,1061.50585700807,750.361255143677,107.3,-66,3.82267530717959,-27.5932512287183
247.606089830399,1067.38953013804,746.986045473964,107.3,-65,1.32229530717959,-23.8104459215388
247.72190284729,1067.5437033807,746.892722909383,107.3,-64,1.44194530717959,-23.6907959215388
248.092744827271,1068.0187989696,746.598081541648,107.3,-64,1.63829530717959,-23.4944459215388
248.611181974411,1068.60829267758,746.202995333111,107.3,-62,1.83464530717959,-23.2980959215388
248.849548816681,1068.88183779134,746.021867003487,107.3,-62,1.85918530717959,-23.2735559215388
249.101665019989,1069.19302122912,745.834860575645,107.3,-61,1.95735530717959,-23.1753859215388
249.638963937759,1069.85620162827,745.43632073577,107.3,-60,2.15984530717959,-22.9728959215388
250.171530008316,1070.64105605516,744.965366366904,107.3,-60,2.30097530717959,-22.8317659215388
250.304373025894,1070.8391003722,744.846539776681,107.3,-60,2.30710530717959,-22.8256359215388
250.61488199234,1071.27768467845,744.583107888779,107.3,-59,2.41141530717959,-22.7213259215388
251.067645788193,1071.85721054666,744.234288509058,107.3,-59,2.53413530717959,-22.5986059215388
251.458145856857,1072.36630397678,743.928544463015,107.3,-58,2.64458530717959,-22.4881559215388
251.647333860397,1072.62113031331,743.776095724845,107.3,-58,2.66299530717959,-22.4697459215388
251.931813001633,1073.0043088237,743.546860861612,107.3,-58,2.70594530717959,-22.4267959215388
252.255942821503,1073.43986354109,743.276560005261,107.3,-58,2.79184530717959,-22.3408959215388
252.597282886505,1073.89570911738,742.966840627727,107.3,-57,2.85933530717959,-22.2734059215388
252.976650953293,1074.40229020937,742.623680255833,107.3,-57,2.94524530717959,-22.1874959215388
253.248207807541,1074.76349392901,742.408556270601,107.3,-57,2.95751530717959,-22.1752259215388
253.516876935959,1075.12085662126,742.195719906097,107.3,-57,3.01887530717959,-22.1138659215388
253.804262876511,1075.50311495529,741.968056314241,107.3,-57,3.09250530717959,-22.0402359215388
254.110085010529,1075.87557185011,741.747418613042,107.3,-57,3.17227530717959,-21.9604659215388
254.470613956451,1076.31290312735,741.488416594482,107.3,-57,3.22749530717959,-21.9052459215388
254.627658843994,1076.50340278634,741.375596408091,107.3,-57,3.33180530717959,-21.8009359215388
254.913059949875,1076.89022790144,741.143863259135,107.3,-56,3.31953530717959,-21.8132059215388
255.176196813583,1077.25270230327,740.92637861804,107.3,-57,3.40543530717959,-21.7273059215388
255.442728996277,1077.6198538005,740.706087719697,107.3,-57,3.45452530717959,-21.6782159215388
255.662057876587,1077.91949066312,740.52751989312,107.3,-56,3.53429530717959,-21.5984459215388
255.927457809448,1078.28057284074,740.313068478062,107.3,-57,3.65700530717959,-21.4757359215388
256.26709985733,1078.7426629737,740.038627120838,107.3,-57,3.68768530717959,-21.4450559215388
256.487878799438,1079.08744542659,739.81418096691,107.3,-57,3.74904530717959,-21.3836959215388
256.689913988113,1079.43286159818,739.577779118974,107.3,-57,3.75518530717959,-21.3775559215388
256.955328941345,1079.88663708963,739.267216459937,107.3,-57,3.87790530717959,-21.2548359215388
257.345673799515,1080.49656168206,738.871264337367,107.3,-57,3.91471530717959,-21.2180259215388
257.535617828369,1080.75322710488,738.721059268187,107.3,-58,3.95153530717959,-21.1812059215388
257.69017291069,1080.96207255158,738.598839280687,107.3,-57,4.00062530717959,-21.1321159215388
257.995586872101,1081.37476888119,738.357322211269,107.3,-58,4.11720530717959,-21.0155359215388
258.364142894745,1081.83841707916,738.084311488303,107.3,-58,4.18469530717959,-20.9480459215388
258.59570479393,1082.12703131983,737.914225231908,107.3,-58,4.23378530717959,-20.8989559215388
258.883527994156,1082.48679182094,737.70232931228,107.3,-58,4.29514530717959,-20.8375959215388
259.059641838074,1082.71501323721,737.568841314085,107.3,-58,4.33809530717959,-20.7946459215388
259.286700963974,1083.0092533386,737.396738613274,107.3,-58,4.38718530717959,-20.7455559215388
259.585582971573,1083.39656687145,737.17019673557,107.3,-58,4.44240530717959,-20.6903359215388
259.761143922806,1083.6295935534,737.033116736968,107.3,-59,4.52831530717959,-20.6044259215388
260.060873985291,1084.03861408808,736.790962101838,107.3,-59,4.63262530717959,-20.5001159215388
260.374094963074,1084.46604472597,736.537908033917,107.3,-59,4.69398530717959,-20.4387559215388
260.523298978806,1084.66440170894,736.421096623141,107.3,-60,4.70011530717959,-20.4326259215388
260.817087888718,1084.95819132614,736.259870613705,107.3,-60,4.84124530717959,-20.2914959215388
261.036625862122,1085.17772982807,736.139392167524,107.3,-60,4.87805530717959,-20.2546859215388
261.295597791672,1085.43670238108,735.997273083553,107.3,-60,5.06213530717959,-20.0706059215388
