79.1915287971497,847.276527995181,882.140677626353,107.3,-64,1.95429530717959,1.95429530717959
79.7025349140167,847.941778421372,881.744705737763,107.3,-63,1.80396530717959,1.80396530717959
80.1878139972687,848.583419221369,881.361314514697,107.3,-63,1.66283530717959,1.66283530717959
80.6709449291229,849.240812264725,880.965666904272,107.3,-63,1.50943530717959,1.50943530717959
81.1073570251465,849.841319443552,880.606441033671,107.3,-63,1.52784530717959,1.52784530717959
81.5233669281006,850.416801934791,880.263170775739,107.3,-63,1.35603530717959,1.35603530717959
82.2725448608398,851.766376968371,879.510014677906,107.3,-63,1.14741530717959,1.14741530717959
82.8433208465576,852.660928505604,878.993650791879,107.3,-63,1.00629530717959,1.00629530717959
83.169173002243,853.122271671012,878.720086549837,107.3,-62,0.828345307179586,0.828345307179586
83.7420568466187,853.870218952626,878.276817368914,107.3,-63,0.791535307179586,0.791535307179586
84.2151939868927,854.492951406325,877.907776154025,107.3,-63,0.766995307179586,0.766995307179586
84.6611328125,855.124556474806,877.533388343997,107.3,-63,0.607455307179587,0.607455307179587
85.1061890125275,855.75183784998,877.162165872374,107.3,-63,0.558365307179586,0.558365307179586
