24.1360030174255,1,1.16889,-65,8.52131846337691,9.22898099478854,0.633,0.629437770421744
24.1566209793091,1,4.12948,-62,8.5214908394889,9.22874188327899,0.633,0.629513791978878
24.2849028110504,1,4.44241,-64,8.52256333751367,9.22725416773227,0.633,0.62998678657728
24.3979289531708,1,1.1781,-64,8.5235082906105,9.22594337612185,0.633,0.630403531130858
24.4649829864502,1,4.30742,-63,8.52406889469035,9.22516573421866,0.633,0.63065076953642
24.574501991272,1,4.28901,-62,8.5250808447646,9.22377844753172,0.633,0.630871873662437
24.601854801178,1,4.23992,-62,8.52533796591381,9.22342663587431,0.633,0.630918781883426
24.7553369998932,1,4.36878,-63,8.52678072515691,9.22145254886462,0.633,0.631181993484717
24.8254718780518,1,4.56513,-64,8.52744000515534,9.2205504745325,0.633,0.631302270062334
24.9149539470673,1,4.63876,-62,8.52828115209775,9.21939955676143,0.633,0.631455725765143
24.9906938076019,1,4.50377,-62,8.52899311990101,9.21842539118361,0.633,0.631585614508852
25.0728468894959,1,4.7492,-62,8.52976537309548,9.21736873879571,0.633,0.631726501493906
25.169261932373,1,4.72466,-64,8.53067169119262,9.21612864916137,0.633,0.631891846778484
25.2684209346771,1,4.77988,-61,8.53154883218511,9.21493127315379,0.633,0.632023258082255
25.363538980484,1,4.77988,-62,8.53229571326943,9.21391681380274,0.633,0.632082878676638
25.4930839538574,1,4.85352,-63,8.53331291972443,9.21253518207865,0.633,0.632164078287567
25.591933965683,1,4.70012,-61,8.53408910476262,9.21148092031373,0.633,0.63222603810192
25.6582958698273,1,4.77375,-62,8.53461018833308,9.21077315289019,0.633,0.632267634164328
25.7323129177094,1,4.95783,-61,8.53519138123409,9.20998374131509,0.633,0.632314028519382
25.8848698139191,1,5.10509,-63,8.53638928073985,9.20835668129074,0.633,0.632409652149494
25.9869058132172,1,5.09895,-63,8.537066633786,9.20740410927753,0.633,0.632398151941314
26.0802338123322,1,4.91487,-62,8.53726709070134,9.20699191974536,0.633,0.632132295957343
26.242635011673,1,4.96396,-62,8.53761590824566,9.20627466366985,0.633,0.631669676689188
26.3048448562622,1,5.01305,-62,8.53774952724177,9.20599990960911,0.633,0.631492464495604
26.473130941391,1,5.15418,-62,8.53811098478763,9.20525666253045,0.633,0.631013081425412
26.6164269447327,1,5.3628,-62,8.53841876675106,9.20462378586814,0.633,0.630604885596413
26.7202658653259,1,5.12963,-62,8.53870255788007,9.20409237946697,0.633,0.630308566928374
26.8056108951569,1,5.33212,-62,8.53939677132671,9.20310333086786,0.633,0.630061069850188
26.9196059703827,1,5.48552,-62,8.54032402994072,9.20178226191187,0.633,0.629730488818089
27.0238318443298,1,5.38734,-61,8.54117182392855,9.20057440651803,0.633,0.629428238068111
27.1934778690338,1,5.58983,-61,8.54255175843385,9.19860840845804,0.633,0.628936271570199
27.4211750030518,1,5.61437,-61,8.54440389220791,9.19596966626217,0.633,0.628275959241615
27.5490839481354,1,5.78618,-63,8.54552789645904,9.19438147844524,0.633,0.628283993880278
27.6324398517609,1,5.71254,-60,8.54626790057391,9.19333696953154,0.633,0.628323292235447
27.7652080059052,1,5.62664,-62,8.54744656910388,9.19167328988287,0.633,0.628385886123219
27.8447139263153,1,5.96412,-63,8.5481523944348,9.1906770240043,0.633,0.628423369393898
28.0211160182953,1,5.93344,-62,8.5497184295716,9.18846657999909,0.633,0.628506534613896
28.1212480068207,1,6.1666,-63,8.55060736581146,9.18721185477854,0.633,0.628553742097441
28.2604389190674,1,5.90276,-61,8.55176492914645,9.18557849168192,0.633,0.628530468759043
28.416708946228,1,6.17887,-62,8.55302809715331,9.18379637885696,0.633,0.628462885247849
28.5528860092163,1,6.11752,-61,8.55412884892484,9.18224340740859,0.633,0.628403991522493
28.5948259830475,1,0.128854,-62,8.55446785976469,9.18176512141478,0.633,0.628385853362908
28.7834248542786,1,0.116583,-61,8.55599234955072,9.17961432850011,0.633,0.628304288304293
28.966668844223,1,0.227029,-61,8.55748406188245,9.17751120756039,0.633,0.628283922956908
29.1008698940277,1,0.276117,-61,8.55861982698931,9.17591577059139,0.633,0.628511612560219
29.2206239700317,1,0.233165,-63,8.55963332502921,9.17449208515582,0.633,0.628714790986171
29.3465769290924,1,0.257709,-62,8.56069928521518,9.17299470486309,0.633,0.628928486626601
29.5107069015503,1,0.177942,-61,8.56208834361657,9.1710434606205,0.633,0.629206954554944
29.603061914444,1,0.454058,-61,8.56286995897085,9.16994550645354,0.633,0.629363646892897
29.776340007782,1,0.33134,-61,8.56456508369349,9.16790162236905,0.633,0.629555299846837
29.9894199371338,1,0.527689,-61,8.56692829806571,9.16540790636284,0.633,0.629666226235737
30.1388309001923,1,0.785398,-61,8.56858537640406,9.16365932069728,0.633,0.629744007463864
30.2827768325806,1,0.877437,-61,8.57018184350106,9.16197469335242,0.633,0.62981894367454
30.4377248287201,1,0.582913,-61,8.57190033164087,9.16016130670789,0.633,0.629899607403551
30.5554139614105,1,0.607456,-61,8.57281510112194,9.15890341522721,0.633,0.629865932844823
30.727324962616,1,0.895845,-62,8.57413805762452,9.15707004471065,0.633,0.629813518132177
30.8741188049316,1,0.99402,-61,8.5752677227819,9.15550453988184,0.633,0.62976876150224
31.0149188041687,1,0.93266,-61,8.57635126178317,9.15400295728665,0.633,0.629725832361878
31.2956709861755,1,0.926524,-62,8.57878177108193,9.15063788550518,0.633,0.629444302448859
31.4088699817657,1,0.883573,-61,8.57994619775256,9.14902764085891,0.633,0.629196920236504
31.6801249980927,1,1.21491,-62,8.58273647494457,9.14516906476875,0.633,0.628604126407358
31.7214968204498,1,0.877437,-61,8.58316204809665,9.14458055464011,0.633,0.628513713476655
31.9685490131378,1,1.36217,-61,8.58561172328992,9.14118937198139,0.633,0.627965364990926
32.0855188369751,1,1.13515,-61,8.58660426059375,9.13980852057006,0.633,0.62769032259196
32.3198258876801,1,1.28854,-61,8.58859245276797,9.13704248048352,0.633,0.62713937388394
32.4704229831696,1,1.44194,-62,8.58987033137134,9.13526465262137,0.633,0.626785260446286
32.6071879863739,1,1.47876,-62,8.59103083895428,9.13365011528601,0.633,0.626463671737832
32.8172399997711,1,1.38058,-61,8.59284219934718,9.13114234274906,0.633,0.626630138382734
32.8781390190125,1,1.4174,-62,8.59336911865843,9.13041357280934,0.633,0.626718579762515
33.0282969474792,1,1.61988,-61,8.59466833682701,9.12861665414234,0.633,0.626936648535117
33.3069338798523,1,1.60148,-61,8.59707919963439,9.12528224542874,0.633,0.627341302584788
33.4767048358917,1,1.79169,-61,8.59850295787184,9.12315231039323,0.633,0.627495559175143
33.655280828476,1,1.74874,-61,8.5999495234272,9.12080080552281,0.633,0.62755351095394
33.8362169265747,1,1.82237,-61,8.60141520715905,9.11841822256888,0.633,0.627612228638113
34.0190749168396,1,2.02485,-61,8.60289645929385,9.11601033196454,0.633,0.627671570017935
34.0543828010559,1,1.9635,-62,8.60318247293096,9.11554539454212,0.633,0.627683028191379
34.3409779071808,1,1.9819,-61,8.60571389396915,9.11178848523045,0.633,0.628251675713871
34.5244929790497,1,1.96963,-61,8.60746616629333,9.10939346866462,0.633,0.628913482332266
34.7007617950439,1,2.12303,-60,8.60914924858591,9.10709302145859,0.633,0.629549156927566
34.8186068534851,1,2.14757,-61,8.61027447842314,9.10555505041188,0.633,0.629974139131084
35.2044699192047,1,2.42369,-62,8.61379727059372,9.10070839507584,0.633,0.630014233635514
35.3985738754272,1,2.55868,-62,8.61552885988663,9.09831776806697,0.633,0.629695569516387
35.6266539096832,1,2.53414,-61,8.61756354765358,9.09550868420961,0.633,0.629321126230318
35.7875349521637,1,2.72435,-61,8.61907258445869,9.0934367526733,0.633,0.629020542693727
35.9365389347076,1,2.77344,-61,8.62052469927781,9.09145100549578,0.633,0.628715241504297
36.0746619701386,1,2.79185,-61,8.6218707740819,9.08961026659019,0.633,0.628432234793437
36.2685220241547,1,2.77957,-61,8.6237600326941,9.08702673124755,0.633,0.628035025913086
36.4383199214935,1,2.85934,-61,8.62541479412243,9.08476386760034,0.633,0.627687119104588
36.5802488327026,1,2.93297,-62,8.62678601586362,9.08288442047797,0.633,0.627244740525727
36.781867980957,1,2.98819,-62,8.62873252785624,9.08021594968639,0.633,0.626598587400647
36.9294729232788,1,3.14773,-62,8.6301575650756,9.07826236799194,0.633,0.626125540095447
37.0017459392548,1,3.15386,-61,8.63085531771248,9.07730581979788,0.633,0.625893918071765
37.2556889057159,1,3.3993,-60,8.63338523460583,9.0739996710356,0.633,0.624752075669656
37.3302140235901,1,3.37476,-60,8.63417719000396,9.07306409678289,0.633,0.624209504154022
37.5699088573456,1,3.4852,-60,8.63672435293253,9.07005501311598,0.633,0.622464433593246
37.6977548599243,1,3.50975,-61,8.63808293289536,9.06845005854849,0.633,0.62153366553322
37.847275018692,1,3.60792,-60,8.63967183741833,9.06657301071825,0.633,0.620445101281667
38.0319128036499,1,3.62019,-60,8.64162834507462,9.06400015968284,0.633,0.620531061832088
38.1293950080872,1,3.65087,-59,8.64266008075812,9.06258555333555,0.633,0.620891900640144
38.3310568332672,1,3.77359,-61,8.64479443648221,9.05965915154197,0.633,0.621638369321772
38.5108509063721,1,3.73678,-60,8.64669734750042,9.05705008213809,0.633,0.622303892628403
38.5891098976135,1,3.75518,-60,8.64752562784435,9.05591443213529,0.633,0.622593575050772
38.8059170246124,1,3.81654,-60,8.64963988307546,9.05302078495927,0.633,0.623119961175738
38.8342368602753,1,3.792,-60,8.64991101106348,9.05264986680899,0.633,0.623181002629709
39.1576998233795,1,3.95153,-60,8.65300777558679,9.04841332089862,0.633,0.623878204753638
39.200847864151,1,3.9454,-61,8.65342086560684,9.04784819080176,0.633,0.623971207381761
39.4790008068085,1,3.96994,-60,8.65608470526271,9.04420744668613,0.633,0.624498892976411
39.5768938064575,1,4.00062,-60,8.6570227601107,9.04292761038631,0.633,0.624639293846189
39.6820418834686,1,4.0988,-60,8.65803033638021,9.04155292244849,0.633,0.624790100150223
39.956465959549,1,4.20924,-60,8.6606599915741,9.03796514911057,0.633,0.62518368681227
39.9837260246277,1,4.07425,-60,8.66092120980518,9.03760875569175,0.633,0.625222783957735
40.2520279884338,1,4.31355,-60,8.66357657403967,9.03397708000179,0.633,0.625228771043259
40.429888010025,1,4.31355,-60,8.6654773051631,9.03136327049274,0.633,0.62460208952689
40.6377489566803,1,4.39332,-60,8.66769864623301,9.02830857099328,0.633,0.623869701145968
40.7812898159027,1,4.39332,-60,8.66923261983859,9.02619911177127,0.633,0.623363941602515
40.9765348434448,1,4.41786,-59,8.67130811326487,9.02313043410562,0.633,0.622696333825245
41.1180260181427,1,4.41786,-59,8.67279792859783,9.02064866577881,0.633,0.622238828509073
41.3796179294586,1,4.55899,-59,8.67555233106349,9.01606031939298,0.633,0.621392982891137
41.5750658512115,1,4.70012,-60,8.67761027786649,9.01263214471861,0.633,0.620761010872898
41.7679269313812,1,4.70625,-60,8.67956669872996,9.00973722445934,0.633,0.620469735701965
41.8960068225861,1,4.74307,-59,8.68082974532818,9.00805257431787,0.633,0.620438335940165
42.2234909534454,1,4.92101,-60,8.68405919620889,9.0037451363415,0.633,0.620358050708773
42.3444437980652,1,4.93942,-59,8.68525196017444,9.00215422909694,0.633,0.620328398196781
42.5937738418579,1,5.01919,-59,8.68786468073998,8.99867139433228,0.633,0.620164112505278
42.8186628818512,1,5.1419,-59,8.69024651856612,8.99549664300355,0.633,0.619999025436184
43.1291089057922,1,5.14804,-61,8.69349738617153,8.99116276621437,0.633,0.61984668332403
43.2994029521942,1,5.27689,-59,8.69498889549262,8.98916804250227,0.633,0.620356924582659
43.5174949169159,1,5.46097,-60,8.69689903977019,8.98661344225264,0.633,0.621010379714695
43.7213389873505,1,5.54074,-60,8.69868439479302,8.98422573340751,0.633,0.621621144784057
43.8154988288879,1,5.63278,-60,8.69950908763633,8.98312280072953,0.633,0.621903269949754
44.0884308815002,1,5.62664,-60,8.70211302905281,8.97959660342833,0.633,0.623020399585967
44.3050060272217,1,5.67573,-60,8.70421240878378,8.97674744522201,0.633,0.6239532970351
44.3586938381195,1,5.7739,-60,8.70473283369968,8.97604115426472,0.633,0.624184557282758
44.5838258266449,1,5.8414,-61,8.70691515952442,8.97307942635972,0.633,0.625154313332622
44.9245100021362,1,5.92117,-60,8.7079005429154,8.97516901291479,0.633,0.6289355234011
45.1404688358307,1,6.00707,-60,8.70839711618238,8.97685678794937,0.633,0.631460297075278
45.3376410007477,1,6.24023,-61,8.7088504915985,8.97839774023073,0.633,0.633765435896168
45.556147813797,1,6.27091,-60,8.71048232032384,8.97647274309128,0.633,0.633696243871144
45.7216048240662,1,0.0245437,-60,8.71183286726311,8.97464553252638,0.633,0.633376923377497
45.9378747940063,1,0.0981748,-61,8.71359817624266,8.97225717331875,0.633,0.63295953741452
46.0187258720398,1,0.190214,-61,8.71425812516714,8.97136430124445,0.633,0.632803500471102
46.3456408977509,1,0.282252,-61,8.71735002152061,8.96717117079134,0.633,0.632290116930716
46.5647599697113,1,0.368155,-60,8.71953791507864,8.96420167112085,0.633,0.631978078042577
46.71164894104,1,0.392699,-61,8.72100459450203,8.96221103311724,0.633,0.63176889921171
47.0251998901367,1,0.503146,-61,8.72416353594571,8.95792340705195,0.633,0.631035502722418
47.2142448425293,1,0.619728,-61,8.72607977973727,8.95532241853596,0.633,0.630474428623122
47.4133448600769,1,0.742447,-61,8.7280979461453,8.95258308668593,0.633,0.62988351169251
47.6146960258484,1,0.944932,-62,8.73009484467808,8.94986975725717,0.633,0.629494024274283
47.7390518188477,1,0.840621,-62,8.73124398789077,8.94830274378532,0.633,0.629650725621468
47.9511859416962,1,0.938796,-61,8.73320427041217,8.94562963125614,0.633,0.629918036874386
48.2458028793335,1,1.03084,-62,8.73592675760849,8.94191714871569,0.633,0.630289285128431
48.3368170261383,1,1.12901,-61,8.73663232553749,8.94104025437615,0.633,0.630759435561789
48.6394789218903,1,1.29468,-62,8.73852227120955,8.93903369503497,0.633,0.633520364707395
48.7869379520416,1,1.38058,-62,8.73944306619482,8.93805608503997,0.633,0.634865509041195
48.9682388305664,1,1.49103,-62,8.74057518363516,8.9368541135448,0.633,0.636519364008301
49.2250428199768,1,1.52784,-62,8.74249002443239,8.93443852510515,0.633,0.637429120360517
49.4081599712372,1,1.69351,-63,8.74394878360761,8.93250218188876,0.633,0.637648052450673
49.5836169719696,1,1.68124,-62,8.74534652001796,8.93064683971683,0.633,0.637857826180978
49.6788749694824,1,1.68738,-62,8.74610537016897,8.92963954915983,0.633,0.637971715198779
49.9445199966431,1,1.85305,-63,8.74837161708518,8.92663511167936,0.633,0.638011619098573
50.1504578590393,1,1.88373,-63,8.75025795038285,8.92413736511805,0.633,0.637802970895152
50.2325270175934,1,1.96963,-62,8.75100968095193,8.92314197769301,0.633,0.637719821627265
50.4811618328094,1,1.99418,-62,8.75328710641146,8.92012637508598,0.633,0.637467914537918
50.8591480255127,1,2.2028,-63,8.75718329179306,8.91494292785705,0.633,0.636122375228459
51.1335639953613,1,2.39301,-63,8.76010856335362,8.91104634519692,0.633,0.634931101848757
51.2589929103851,1,2.38687,-63,8.76144563436372,8.90926531133205,0.633,0.634386599545938
51.3830180168152,1,2.63845,-62,8.76269869329793,8.90758669226512,0.633,0.634010907508634
51.6781070232391,1,2.64458,-63,8.76561022323375,8.90367622737224,0.633,0.633281603775758
51.788703918457,1,2.74276,-63,8.76670144033851,8.90221061778803,0.633,0.633008266827342
52.0353379249573,1,2.87161,-62,8.76907603419386,8.89898951352587,0.633,0.632462654081726
52.1443068981171,1,2.8532,-63,8.76964454049034,8.89795221277024,0.633,0.632743781933575
52.3607640266418,1,2.93911,-63,8.77077382745082,8.89589170750466,0.633,0.633302217291778
52.5661098957062,1,3.09251,-62,8.77184514542451,8.89393697287728,0.633,0.633831986834265
52.8109018802643,1,3.12318,-62,8.77339667066919,8.89140250032429,0.633,0.634446406831732
52.9631679058075,1,3.20909,-62,8.77493694425877,8.88939789459018,0.633,0.634792712699879
53.122428894043,1,3.27658,-62,8.77654797661581,8.88730119909231,0.633,0.635154927544564
53.2811369895935,1,3.35635,-62,8.77815341609028,8.88521178251198,0.633,0.635515884919103
53.5361778736115,1,3.43612,-61,8.78067782693882,8.88192147055351,0.633,0.636120758708277
53.7030038833618,1,3.50975,-62,8.78211450760994,8.88002958194177,0.633,0.636612383284145
53.8877568244934,1,3.62633,-62,8.78370557233573,8.87793439315295,0.633,0.637156837272225
53.9609439373016,1,3.69996,-61,8.78433584881662,8.87710441546869,0.633,0.637372514571869
54.249755859375,1,3.68769,-62,8.78682305393921,8.87382914689922,0.633,0.638223623094499
54.4119679927826,1,3.83495,-62,8.7883215485216,8.87184917868255,0.633,0.638186884462402
54.7704138755798,1,3.93313,-62,8.79163394628193,8.86747242256408,0.633,0.638100017547073
54.9892578125,1,4.10493,-61,8.79365628271068,8.86480025757105,0.633,0.638046982211334
55.1459789276123,1,4.1172,-61,8.79529079626218,8.86261394027605,0.633,0.637714846624419
55.3677499294281,1,4.12948,-61,8.79762620204761,8.85948727184776,0.633,0.637209383324208
55.4845910072327,1,4.23379,-61,8.79885662138489,8.85783997212819,0.633,0.636943077647163
55.6559188365936,1,4.24606,-61,8.80066082482277,8.85542448358115,0.633,0.636552585069965
55.8792908191681,1,4.39332,-61,8.80261794309952,8.85297735564163,0.633,0.63614022724731
56.0093410015106,1,4.51604,-61,8.80358151817579,8.85186512493092,0.633,0.63594321375588
56.2284200191498,1,4.49763,-61,8.80520473067213,8.84999149117585,0.633,0.635611330159974
56.4437170028687,1,4.56513,-62,8.80679992111147,8.84815020258323,0.633,0.635285175980927
56.6112267971039,1,4.68171,-61,8.80846156264997,8.84596299044835,0.633,0.634711041807463
56.7768268585205,1,4.81056,-62,8.8102144705541,8.84360294328363,0.633,0.634059489246871
56.9171597957611,1,4.85965,-62,8.81169992118011,8.84160299021707,0.633,0.63350735005192
57.1603198051453,1,4.85965,-61,8.81427381577153,8.83813759844237,0.633,0.632550638288696
57.3043649196625,1,4.9026,-61,8.81572478939409,8.83618142036251,0.633,0.632912591084035
57.4854350090027,1,5.04986,-62,8.81753421670592,8.83374143504808,0.633,0.633550127594178
57.6522889137268,1,5.1235,-61,8.81920158216308,8.83149301799221,0.633,0.634137609803466
57.8141448497772,1,5.2094,-61,8.82081900308742,8.82931195038212,0.633,0.634707494476255
57.9725878238678,1,5.22781,-61,8.82227138898732,8.82734618111361,0.633,0.635252764760348
58.108913898468,1,5.36893,-61,8.82336438627943,8.82585738081539,0.633,0.635706848851306
58.2771329879761,1,5.33212,-62,8.82471308651784,8.82402028082288,0.633,0.636267164349021
58.4240038394928,1,5.49779,-62,8.82589062679007,8.82241632231253,0.633,0.636756371694679
58.6473689079285,1,5.69414,-62,8.82768146112362,8.81997697986483,0.633,0.637500371141226
58.808109998703,1,5.6021,-62,8.82909457093478,8.81808722226032,0.633,0.637449589316576
59.0182919502258,1,5.79845,-62,8.83095287943608,8.81560481316295,0.633,0.637333445035245
59.1809778213501,1,5.96412,-61,8.83239125478259,8.81368336898771,0.633,0.637243546576088
59.3381948471069,1,5.87208,-62,8.83378127772889,8.8118265160459,0.633,0.637156670141944
59.4974868297577,1,6.03161,-61,8.83524749327939,8.80966110305441,0.633,0.637279427291312
59.6109998226166,1,6.05616,-61,8.83632463203002,8.80795940486013,0.633,0.637484596577147
59.8130989074707,1,6.17274,-61,8.83824237510314,8.80492969311437,0.633,0.637849880972026
59.9424188137054,1,6.1666,-61,8.83946950759895,8.80299103001175,0.633,0.638083620495037
60.1283848285675,1,0.177942,-61,8.84123416198664,8.80020317265976,0.633,0.638419745140312
60.2847638130188,1,0.0981748,-61,8.84281151253817,8.797994848874,0.633,0.638379159767541
60.4335839748383,1,0.190214,-61,8.84433570766102,8.79592686538701,0.633,0.638260677412288
60.5831818580627,1,0.208621,-61,8.84586786809689,8.79384807479563,0.633,0.638141575878406
60.7201809883118,1,0.411107,-61,8.84727099388043,8.79194435465702,0.633,0.638032504772576
60.9099078178406,1,0.460194,-61,8.84921414932864,8.78930793802027,0.633,0.637881454798282
61.1109359264374,1,0.632,-61,8.85102372048488,8.78687573347675,0.633,0.637882654789436
61.3027968406677,1,0.638136,-61,8.85275009425551,8.78455542377585,0.633,0.637884238618583
61.370954990387,1,0.693359,-61,8.85336338457784,8.78373113907658,0.633,0.637884801270255
61.6598989963531,1,0.791534,-61,8.85600199132873,8.78018121444804,0.633,0.637850281849055
61.7996368408203,1,0.938796,-61,8.85749853405441,8.77814791173141,0.633,0.637623206432811
62.0149688720703,1,0.981748,-61,8.85980466369453,8.77501465026036,0.633,0.637273289695416
62.2028608322144,1,1.16583,-60,8.86181691991073,8.77228066481462,0.633,0.636967963352211
62.6166958808899,1,1.32536,-60,8.86580832708317,8.76684151431332,0.633,0.637135284874598
62.8046247959137,1,1.39899,-60,8.86752428141804,8.76449922370538,0.633,0.637395395599568
62.8448870182037,1,1.40513,-60,8.86789191050195,8.76399740723338,0.633,0.63745112218016
63.1681988239288,1,1.57693,-60,8.87173454949649,8.75892188570884,0.633,0.638043480203785
63.2142579555511,1,1.61375,-60,8.87254767376265,8.75788677729159,0.633,0.63817109042987
63.5089449882507,1,1.77328,-60,8.87775005532675,8.75126413771376,0.633,0.63898754261953
63.7480909824371,1,1.88986,-60,8.8819719197905,8.74588969788359,0.633,0.639650114259731
63.8374907970428,1,1.896,-60,8.88337358576631,8.74409188564492,0.633,0.639838288913432
64.1079888343811,1,2.12303,-59,8.88604165609692,8.74053445853744,0.633,0.639877535831925
64.2551889419556,1,2.12303,-59,8.88749357139933,8.73859857146756,0.633,0.639898893290489
64.5020809173584,1,2.2212,-59,8.88992880220884,8.73535159705488,0.633,0.639934715174192
64.6969769001007,1,2.35006,-60,8.89172431530444,8.73295525561145,0.633,0.639622593200393
64.8652029037476,1,2.41755,-59,8.89322059959334,8.73095722329752,0.633,0.639209547058366
64.9365057945251,1,2.44823,-59,8.89385480234982,8.73011035374845,0.633,0.639034476716608
65.2662508487701,1,2.6139,-59,8.8967877160095,8.72619394808312,0.633,0.638224852047676
65.3949379920959,1,2.66299,-59,8.89791852354051,8.72468357542298,0.633,0.637855627934036
65.6341359615326,1,2.82252,-58,8.90000366269127,8.72189808419106,0.633,0.63710465949791
65.7570548057556,1,2.82866,-58,8.90107517218216,8.72046667838261,0.633,0.636718752491952
66.0794789791107,1,2.93297,-58,8.90388516653046,8.71671253642625,0.633,0.635711321212165
66.5135788917542,1,3.17841,-58,8.90764382542062,8.71167828654537,0.633,0.634539139782335
66.7191009521484,1,3.32567,-58,8.90942334045143,8.70929485043326,0.633,0.633984177351803
67.0103809833527,1,3.4668,-57,8.91152537622424,8.70629819020912,0.633,0.633833403076919
67.21892786026,1,3.52816,-57,8.91296739727539,8.70420984498166,0.633,0.633820763848582
67.4653058052063,1,3.61406,-57,8.91467100554045,8.70174266727508,0.633,0.633805831823948
67.747419834137,1,3.76132,-57,8.91672578217203,8.69902868682414,0.633,0.634509699424418
67.8406798839569,1,3.72451,-57,8.9174091694731,8.69813591581992,0.633,0.634770979456443
68.181991815567,1,3.90245,-57,8.91991022153361,8.69486856397395,0.633,0.635727208759278
68.3395969867706,1,4.01903,-57,8.92139204287016,8.69291054319704,0.633,0.636156557772275
68.6037878990173,1,4.11107,-56,8.92405956133982,8.68937608122473,0.633,0.636869416984367
68.9637248516083,1,4.21538,-56,8.92769382135576,8.68456068670361,0.633,0.637840625154415
69.2272298336029,1,4.25833,-56,8.93019628164403,8.68127445846163,0.633,0.638393819430489
69.3672850131989,1,4.28287,-56,8.93152286732462,8.67953308120205,0.633,0.638684360378843
69.7480897903442,1,4.40559,-55,8.9351101710226,8.67482233367285,0.633,0.639429012027566
70.0302729606628,1,4.5099,-55,8.93755462848514,8.67159285171518,0.633,0.639487305925719
70.1595499515533,1,4.55285,-56,8.93867451137809,8.67011332439557,0.633,0.639514012195026
70.4138419628143,1,4.63262,-56,8.94087735715337,8.66720304643172,0.633,0.639566544288236
70.6326959133148,1,4.71239,-56,8.94209612335764,8.66550884225268,0.633,0.637697821247827
70.8875470161438,1,4.78602,-55,8.94335965268828,8.66372235217129,0.633,0.635081613572656
71.0562319755554,1,4.79829,-55,8.94419597786596,8.66253988129508,0.633,0.633349955829764
71.4220569133759,1,4.95169,-55,8.94733751451829,8.65831033192194,0.633,0.631747347049804
71.7723078727722,1,5.00078,-55,8.95096444939997,8.65348441030252,0.633,0.631216795418352
71.9573709964752,1,5.07441,-55,8.95281012612497,8.65101250392991,0.633,0.631280182214725
72.2236869335175,1,5.18486,-55,8.95533322587847,8.6476019185073,0.633,0.632017675471163
72.4172430038452,1,5.21553,-54,8.9571669924895,8.64512313515228,0.633,0.632553679054706
72.7185800075531,1,5.28917,-55,8.96003606613137,8.64126101343697,0.633,0.633503809354368
72.9642388820648,1,5.38734,-55,8.96239368716698,8.6381084986519,0.633,0.634430621640964
73.3089258670807,1,5.43643,-55,8.965701694208,8.63368516642489,0.633,0.63573104334719
73.5891008377075,1,5.52847,-55,8.96794917435084,8.63066588202762,0.633,0.636192917825258
73.7803938388824,1,5.58369,-55,8.96945967402178,8.62863575009215,0.633,0.636475913632073
74.3004179000854,1,5.71868,-54,8.97453355404611,8.62124252086764,0.633,0.63598224126431
74.4866659641266,1,5.73709,-54,8.97682399234184,8.61767796429917,0.633,0.635187776465843
74.7809748649597,1,5.84753,-54,8.98044333937084,8.61204525755923,0.633,0.633932364428188
75.0509757995605,1,5.89662,-54,8.98299854330788,8.60845333795316,0.633,0.633095089522007
75.2851219177246,1,5.96412,-54,8.9850600537002,8.60565626516734,0.633,0.632432438137684
75.6744549274445,1,6.09911,-54,8.98850494927227,8.60096440046133,0.633,0.631630455328965
75.8321168422699,1,6.12365,-54,8.9899161047444,8.59902568994346,0.633,0.63158920616901
76.0958228111267,1,6.19728,-54,8.99227640920601,8.59578299473698,0.633,0.631520212653978
76.3954908847809,1,0,-54,8.99502285827007,8.59202162521868,0.633,0.63148620563132
76.6052558422089,1,0.0490874,-54,8.99702119108153,8.58929846359844,0.633,0.631514794496687
76.8000378608704,1,0.079767,-54,8.9988767884308,8.5867698099852,0.633,0.631541341337377
77.1920738220215,1,0.220893,-54,9.00239782705725,8.58195571117019,0.633,0.632051250428997
77.3862919807434,1,0.233165,-54,9.00401969871117,8.57972854770285,0.633,0.632565489798692
77.7866787910461,1,0.398835,-53,9.00734642533246,8.5751839585801,0.633,0.633639662642544
78.2547268867493,1,0.484738,-53,9.01094682160391,8.57067411965184,0.633,0.635136505590693
78.5142838954926,1,0.576777,-53,9.01294676124955,8.56816684922714,0.633,0.635965465916825
78.7106130123138,1,0.607456,-54,9.01483180435187,8.56556321251266,0.633,0.636467722367578
78.9695639610291,1,0.742447,-54,9.01731810749232,8.56212911059114,0.633,0.637130180318424
79.1964998245239,1,0.760854,-54,9.01949701957157,8.559119579679,0.633,0.637710736087191
79.543919801712,1,0.895845,-54,9.02278552278869,8.55463827418482,0.633,0.637296033178704
79.7849550247192,1,1.01243,-53,9.0250552450295,8.55156068470576,0.633,0.636682759358553
79.905898809433,1,1.00016,-53,9.02619411923481,8.55001644849518,0.633,0.636375038122007
80.2870678901672,1,1.12901,-53,9.03010857230759,8.5446617351147,0.633,0.635646984674319
80.4242029190063,1,1.16583,-53,9.03158062952637,8.54263961396178,0.633,0.635432440164774
80.7960739135742,1,1.32536,-53,9.0354422223291,8.53733141303023,0.633,0.634843232799375
81.1237618923187,1,1.4174,-54,9.03818665280661,8.53353982307004,0.633,0.634286493007752
81.2904570102692,1,1.46649,-54,9.03958274662705,8.53161103844371,0.633,0.634003279062621
81.6118009090424,1,1.54625,-54,9.04223773659548,8.527807787428,0.633,0.633916700078295
81.8534297943115,1,1.64443,-54,9.04418823113387,8.52484051038749,0.633,0.634432069248489
82.1636497974396,1,1.71192,-54,9.04669241196112,8.5210309133198,0.633,0.635093736107614
82.4411559104919,1,1.79783,-54,9.04916199194106,8.5175938147919,0.633,0.63511874561326
82.5595219135284,1,1.80396,-54,9.05023979381273,8.51612465879992,0.633,0.635069037327817
82.9093458652496,1,1.93895,-54,9.05342517559675,8.51178265229785,0.633,0.634922127333386
83.234757900238,1,2.03713,-54,9.05613595076775,8.50812469185763,0.633,0.635122491557022
83.549763917923,1,2.11689,-54,9.05870501228564,8.50466680810843,0.633,0.635389949936214
83.8963928222656,1,2.23348,-54,9.06143063499172,8.50099821589755,0.633,0.635604844988454
84.0709810256958,1,2.30097,-55,9.06273737828419,8.4992393979032,0.633,0.635661298097992
84.2852728366852,1,2.35619,-54,9.06434129184274,8.49708060202923,0.633,0.635730589372208
84.7037069797516,1,2.49732,-54,9.06786532535113,8.49234284881419,0.633,0.635383966590377
85.0149087905884,1,2.55254,-55,9.07086469868475,8.48831511890904,0.633,0.634661117616974
85.142481803894,1,2.6139,-54,9.07209425160146,8.48666400499232,0.633,0.634364795364048
85.51189494133,1,2.65685,-54,9.07608874742426,8.48237580838937,0.633,0.633977427473711
86.0080599784851,1,2.82866,-55,9.08164632256387,8.47679336101408,0.633,0.633736917570105
86.3419699668884,1,2.90843,-55,9.08502153603843,8.47224555975203,0.633,0.633823827017883
86.5502779483795,1,2.97592,-55,9.08712714512593,8.46940843797065,0.633,0.633878045017548
86.9840838909149,1,3.10478,-55,9.09163330845096,8.46328892717079,0.633,0.634087990299747
87.2048938274384,1,3.16,-56,9.09395946531565,8.4601174479422,0.633,0.634220870110188
87.4985039234161,1,3.2459,-56,9.09687514878178,8.45614152610868,0.633,0.634489870151545
87.935791015625,1,3.38089,-55,9.10041012754647,8.45131781573301,0.633,0.635310683789752
88.0507988929749,1,3.37476,-55,9.10133983805348,8.4500491647686,0.633,0.635526560352111
88.5091497898102,1,3.49134,-55,9.10513937876818,8.4449052251728,0.633,0.636353266055917
88.8072519302368,1,3.50975,-55,9.10762795509845,8.44154346416526,0.633,0.636884718002682
89.0428879261017,1,3.60792,-55,9.10962834610161,8.43902012677714,0.633,0.636972208667934
89.3859219551086,1,3.7061,-56,9.11257383286988,8.43548097600906,0.633,0.636766252926462
89.5656268596649,1,3.77973,-56,9.11411688217055,8.43362692452376,0.633,0.636658359091641
89.8408110141754,1,3.90858,-56,9.11664014192231,8.43036742044451,0.633,0.636393834285414
90.3494288921356,1,3.9454,-56,9.12144522999334,8.42397231051907,0.633,0.635817363806922
90.5155827999115,1,4.05585,-56,9.12323954754346,8.42156945422302,0.633,0.635404790394892
90.709618806839,1,4.0988,-56,9.12539561075199,8.41867867306858,0.633,0.634862434965732
91.2339057922363,1,4.27674,-56,9.13089229693717,8.41131073675757,0.633,0.634121502938707
91.544606924057,1,4.38719,-56,9.13353985367572,8.40776549281235,0.633,0.635025395356478
91.640683889389,1,4.41173,-56,9.13435854788354,8.40666921009969,0.633,0.635304902675866
92.0388607978821,1,4.52218,-56,9.13752788635475,8.4024311573413,0.633,0.636422301062202
92.2663278579712,1,4.63876,-56,9.13918500525175,8.40021957711203,0.633,0.637032521782685
92.6487329006195,1,4.76761,-57,9.14216941110901,8.39612330205971,0.633,0.637869254211703
92.966472864151,1,4.84738,-56,9.14546024800321,8.39117435711599,0.633,0.637791847636942
93.3237760066986,1,4.96396,-56,9.14916084125198,8.38560919760306,0.633,0.637704802834304
93.9427750110626,1,5.17872,-56,9.15517538569107,8.37756139879642,0.633,0.63712620924389
94.221305847168,1,5.27076,-57,9.15794710979073,8.37384880323213,0.633,0.637157059220515
94.5262818336487,1,5.3812,-57,9.16106222271016,8.36966127438962,0.633,0.63753495816484
94.8692569732666,1,5.52847,-57,9.1645661149202,8.36495065798474,0.633,0.637922810674237
95.0801429748535,1,5.58983,-57,9.16674138531195,8.36201118471677,0.633,0.636962442335303
95.4946949481964,1,5.73095,-56,9.17101745212849,8.35623287589276,0.633,0.635074585450326
95.9214718341827,1,5.85367,-56,9.17466323669501,8.351251084788,0.633,0.634834283266952
96.1932499408722,1,5.94571,-56,9.17689190629625,8.3481975179967,0.633,0.634890723601009
96.5591328144073,1,6.0132,-56,9.17968198189882,8.34403612203018,0.633,0.63615492181935
96.6146469116211,1,5.98253,-56,9.18008940568576,8.34340090783326,0.633,0.636436602242409
97.0819528102875,1,6.17274,-56,9.18358992127319,8.33801393468052,0.633,0.638730580926928
97.4135248661041,1,6.26478,-56,9.18660043526217,8.33389544560175,0.633,0.639785143671749
97.8736228942871,1,0.0368155,-56,9.19075743366619,8.32821286183927,0.633,0.640990108210206
98.0067229270935,1,0.0490874,-56,9.19193239451222,8.32661257580009,0.633,0.640990285429036
98.3972868919373,1,0.141126,-56,9.19538015749836,8.32191675381445,0.633,0.64099080545362
98.9288229942322,1,0.177942,-55,9.20030745069234,8.31522968954113,0.633,0.640710367344329
99.2678139209747,1,0.251573,-55,9.20350670254121,8.31089332702101,0.633,0.640463542131165
99.4496428966522,1,0.319068,-55,9.20525778744947,8.30850756256891,0.633,0.640208191314774
99.7002999782562,1,0.343612,-55,9.20768008379546,8.30520443118801,0.633,0.639826829782616
100.188100814819,1,0.386563,-55,9.21228558279094,8.29907410604398,0.633,0.639307084532649
100.485153913498,1,0.429515,-55,9.21492956081234,8.29578184495002,0.633,0.639319795965444
100.926486968994,1,0.454058,-54,9.21898075954671,8.29053867917998,0.633,0.639486511171678
101.245605945587,1,0.503146,-54,9.2220398556328,8.28637637459158,0.633,0.639762972585205
101.806304931641,1,0.552233,-54,9.22761793031466,8.27880549390781,0.633,0.641069872277713
102.138930797577,1,0.576777,-54,9.23100928761902,8.27420989484524,0.633,0.642177597600887
102.393680810928,1,0.632,-54,9.23342905197148,8.27094423424685,0.633,0.642949842282849
102.605067968369,1,0.613592,-54,9.23536261800789,8.26834072842881,0.633,0.643558779417696
103.05536198616,1,0.66268,-54,9.23944129642873,8.26284812570051,0.633,0.644700408668061
103.456520795822,1,0.66268,-53,9.24281672236448,8.25829770972383,0.633,0.644718033518675
103.730139017105,1,0.681087,-53,9.2451189977187,8.25519400940454,0.633,0.644730054893151
104.046115875244,1,0.754719,-53,9.24931476579284,8.24958075766695,0.633,0.64429586427316
104.37420296669,1,0.760854,-53,9.25378793399469,8.24359845999094,0.633,0.643811045133707
104.730489015579,1,0.803806,-53,9.25742746065316,8.2387899383,0.633,0.643213900032277
105.069664955139,1,0.816078,-53,9.2604169718175,8.23487087600799,0.633,0.642617866243885
105.294104814529,1,0.809942,-53,9.26240677326821,8.23226231638522,0.633,0.642397955324603
105.602674007416,1,0.809942,-53,9.26516611795945,8.22864480229239,0.633,0.642452526096806
105.98371887207,1,0.822214,-53,9.26859062017197,8.22414999637213,0.633,0.642844733377346
106.375758886337,1,0.859029,-53,9.27218136126655,8.21941627228378,0.633,0.644532590455816
106.69602394104,1,0.865165,-52,9.27512260758035,8.21554184696799,0.633,0.645873831314423
107.016898870468,1,0.895845,-52,9.27812520494821,8.2116081454377,0.633,0.646952289117244
107.501247882843,1,0.981748,-52,9.28347918718235,8.20475625539132,0.633,0.64836787510935
107.882687807083,1,0.969476,-52,9.29039070633398,8.19636188275528,0.633,0.648786324174813
108.214874982834,1,0.987884,-52,9.29585332679698,8.18969253320703,0.633,0.648993796856897
108.46500992775,1,1.00629,-52,9.29791253039959,8.18703715954732,0.633,0.648570677243402
108.813726902008,1,1.0247,-52,9.30078329781646,8.18333526228362,0.633,0.647980799681844
109.49280500412,1,1.10447,-52,9.3026277786414,8.19087983008709,0.633,0.646707655220545
109.758286952972,1,1.11674,-52,9.3034376510666,8.19369336272054,0.633,0.646304339707883
110.254036903381,1,1.1781,-52,9.30849584870919,8.18684564606863,0.633,0.646466783130869
110.708338022232,1,1.23332,-52,9.31294025331995,8.18080378442573,0.633,0.645966344874688
110.873719930649,1,1.23332,-52,9.31449939576039,8.17867618006676,0.633,0.645584225244807
111.232783794403,1,1.27014,-52,9.31777491176657,8.17336784390584,0.633,0.645721947407301
111.540798902512,1,1.29468,-52,9.32019259584791,8.16634807696791,0.633,0.649302240623197
112.082087993622,1,1.38058,-52,9.32476293195122,8.15593643691592,0.633,0.653877680632269
112.504212856293,1,1.44194,-53,9.32878142514539,8.15053535725215,0.633,0.655021405618302
112.591127872467,1,1.45421,-53,9.32960882820039,8.14942328125794,0.633,0.655256897257034
113.060283899307,1,1.52171,-53,9.33354951283394,8.14414419821148,0.633,0.654848180418205
113.269771814346,1,1.55239,-53,9.33528143480399,8.14182509274303,0.633,0.65457721408821
113.637111902237,1,1.5892,-53,9.33811276229276,8.13801581814706,0.633,0.653169496468372
114.282186985016,1,1.63216,-53,9.34302899098799,8.13136416282301,0.633,0.649876319596863
114.585964918137,1,1.71806,-53,9.34566870362989,8.12777063959101,0.633,0.648824617919882
114.936851024628,1,1.7426,-53,9.34873827894213,8.12367106237447,0.633,0.647757648609594
115.348882913589,1,1.77942,-53,9.35244361887444,8.11910889804739,0.633,0.647231637871882
115.545383930206,1,1.8101,-53,9.35421072254558,8.11693316856562,0.633,0.646980779509992
115.742330789566,1,1.85305,-53,9.35607505810608,8.11443246076955,0.633,0.647036913072101
116.296428918839,1,1.90827,-53,9.36140939863875,8.10709082765126,0.633,0.647488949040202
116.462908983231,1,1.90827,-53,9.36268651464519,8.10534138119519,0.633,0.647783033804269
117.0063560009,1,1.95736,-53,9.36685505260186,8.09963115774647,0.633,0.648743219477232
117.288673877716,1,1.92054,-53,9.3689743039328,8.09670456722679,0.633,0.648826157244414
117.730944871902,1,2.00031,-53,9.37228982204494,8.09212367706451,0.633,0.648916193332597
118.143680810928,1,2.01872,-53,9.37633693943692,8.08664197847718,0.633,0.648099752768754
118.484218835831,1,2.03713,-53,9.37971342796791,8.08207191940365,0.633,0.647390871708887
118.705205917358,1,2.04326,-53,9.38176779411461,8.07912389970814,0.633,0.648733695935169
119.313174009323,1,2.06167,-52,9.38726783427543,8.07121385372866,0.633,0.653374333006107
119.582938909531,1,2.08008,-52,9.3892256488411,8.06847650565703,0.633,0.657651349560023
119.767543792725,1,2.10462,-52,9.39056541590839,8.06660329005102,0.633,0.660578187487221
120.160985946655,1,2.11689,-52,9.39358278715816,8.06251675363885,0.633,0.666330910442343
120.61510682106,1,2.15371,-52,9.39734242424233,8.05763889652161,0.633,0.672141423511495
121.341504812241,1,2.2028,-52,9.40370193410295,8.04944335206272,0.633,0.682945106248341
121.545818805695,1,2.19052,-52,9.40552662300537,8.04710988152205,0.633,0.686069908028411
121.895188808441,1,2.20893,-52,9.40873543384329,8.0431044935196,0.633,0.691317416355221
122.222008943558,1,2.21507,-52,9.4117371339989,8.03935763077276,0.633,0.696226227549401
122.752815008163,1,2.28256,-52,9.41682063177042,8.03303506579615,0.633,0.702008658138783
122.985941886902,1,2.28256,-52,9.41906473597323,8.03024518517777,0.633,0.704427731839531
123.457683801651,1,2.2887,-52,9.42344153181651,8.02507034554782,0.633,0.711377315736184
123.670229911804,1,2.29484,-52,9.42541001975573,8.0227488289251,0.633,0.714552314504144
124.215248823166,1,2.38687,-52,9.43017778241099,8.01718571599914,0.633,0.723726011540443
124.425400972366,1,2.35006,-52,9.43199493024226,8.01507023046423,0.633,0.727341593292475
124.740104913712,1,2.36847,-52,9.43477102810306,8.01187701845446,0.633,0.732075440327075
124.97442984581,1,2.42369,-52,9.43685983344062,8.0094893811394,0.633,0.735330595928276
125.427577972412,1,2.38687,-52,9.44092616548996,8.00488271303644,0.633,0.7415950370725
125.926613807678,1,2.41142,-52,9.44548981034596,7.99984342068841,0.633,0.748396796208577
126.283174991608,1,2.40528,-52,9.45026182911249,7.99545340447422,0.633,0.752254800484616
126.60897898674,1,2.42983,-52,9.45575607651896,7.99084978636606,0.633,0.755028358390768
126.967329978943,1,2.43596,-52,9.46120871310045,7.98607839153743,0.633,0.758665701025843
127.359735965729,1,2.4421,-51,9.46488642475989,7.98198798212075,0.633,0.76492721408693
127.523796796799,1,2.43596,-52,9.46642403746612,7.98027782480686,0.633,0.767545087083648
127.975498914719,1,2.43596,-51,9.47042624356513,7.97588140610192,0.633,0.775036260897708
128.478088855743,1,2.42369,-52,9.47479585000656,7.97111894058719,0.633,0.783527600756022
128.613126993179,1,2.42983,-52,9.47598783434496,7.96987131907316,0.633,0.785969735570977
129.059518814087,1,2.42369,-52,9.47992814387096,7.96574709128075,0.633,0.794042632810595
129.426975011826,1,2.4421,-52,9.48342708738072,7.96211754575236,0.633,0.799737540736608
129.584174871445,1,2.46051,-52,9.48503188917553,7.96046565930832,0.633,0.801772186141734
130.049003839493,1,2.44823,-52,9.4897422922656,7.95558863970417,0.633,0.807779963218019
130.307278871536,1,2.46664,-52,9.49077029680566,7.95322016723802,0.633,0.810729617582202
130.803928852081,1,2.47278,-52,9.49274709816653,7.94866571303883,0.633,0.816401655529484
131.210247993469,1,2.44823,-52,9.4970191753344,7.94441182032601,0.633,0.8228601561352
131.664764881134,1,2.44823,-52,9.50237447894376,7.93953872096113,0.633,0.83047955049721
131.838122844696,1,2.47278,-52,9.50401292296539,7.93809671168774,0.633,0.833371503555141
132.218746900558,1,2.42369,-52,9.50757621778321,7.93496576330782,0.633,0.83971986960256
132.508293867111,1,2.46051,-52,9.51030587759906,7.93257357332622,0.633,0.844551286910525
132.8621737957,1,2.48505,-52,9.51380568216104,7.92956008364994,0.633,0.850474352825982
133.374284982681,1,2.45437,-52,9.51887388414148,7.92520570873627,0.633,0.858952193524729
133.737720012665,1,2.46664,-52,9.52249347698173,7.92215786203118,0.633,0.864362671182169
133.886788845062,1,2.46664,-52,9.52397811229186,7.9209077377664,0.633,0.866581867243549
134.428829908371,1,2.4421,-52,9.5311136740146,7.91160226447929,0.633,0.876660242164312
134.626277923584,1,2.42369,-52,9.53431047922908,7.90657530022572,0.633,0.881022519414389
135.220131874084,1,2.43596,-52,9.54267194601659,7.89546584152161,0.633,0.892060805274269
135.418931007385,1,2.42983,-52,9.54486808424508,7.89367580736636,0.633,0.894754477710932
135.940665006638,1,2.46051,-52,9.55062804506612,7.88900031635618,0.633,0.901843554374646
136.25065279007,1,2.45437,-52,9.55403963845728,7.88628779012735,0.633,0.906113325527062
136.82022190094,1,2.44823,-52,9.5599907193741,7.88156997632312,0.633,0.914476955552587
137.159584999084,1,2.47278,-52,9.56279820859327,7.8793781985327,0.633,0.920666210751204
137.581239938736,1,2.4421,-53,9.5662879406827,7.87665399977692,0.633,0.928354663063938
137.98734498024,1,2.44823,-53,9.57040281357246,7.87354467578027,0.633,0.934916680517979
138.362273931503,1,2.45437,-53,9.57420179368713,7.87067405004047,0.633,0.940974941486877
138.746734857559,1,2.42369,-53,9.57943051908171,7.87228785193705,0.633,0.947862694392688
138.996904850006,1,2.43596,-53,9.58311585613744,7.87430535196681,0.633,0.952487958903816
139.235051870346,1,2.4421,-53,9.58662407880709,7.87622589253973,0.633,0.956890936858269
139.724954843521,1,2.43596,-53,9.59259514427854,7.87425494103291,0.633,0.965048127859145
140.145046949387,1,2.39915,-53,9.59735614560183,7.8708575500593,0.633,0.971783339115322
140.381371974945,1,2.40528,-53,9.60000052240393,7.86897420696588,0.633,0.975087406868529
140.830240011215,1,2.39301,-53,9.60496107477501,7.86544803118403,0.633,0.980476280026666
141.132970809937,1,2.41142,-53,9.60830662816721,7.86306986672451,0.633,0.984110706502934
141.432960987091,1,2.43596,-54,9.6117587168021,7.86072205445236,0.633,0.988546567537537
142.001770019531,1,2.4421,-54,9.61833223478537,7.85627219400617,0.633,0.997128353573203
142.13316488266,1,2.4421,-54,9.61982828663982,7.855269431226,0.633,0.999072407715527
142.658560991287,1,2.44823,-54,9.62563342541449,7.85145825543673,0.633,1.00654341695113
142.840193986893,1,2.47891,-54,9.62764030123301,7.85014070613627,0.633,1.00912619547837
143.459757804871,1,2.48505,-54,9.63010128505777,7.84843871494223,0.633,1.01904124969594
143.707417964935,1,2.50959,-54,9.63024960992767,7.84829039007233,0.633,1.02321516357852
144.178849935532,1,2.51573,-54,9.63280900726633,7.84663079974681,0.633,1.03124576888786
144.77854180336,1,2.50346,-54,9.64047323538654,7.84185326281004,0.633,1.04162651207371
144.830984830856,1,2.51573,-54,9.64114347179895,7.8414354674148,0.633,1.04253430760927
145.338819980621,1,2.54027,-54,9.64830384904647,7.83129903565577,0.633,1.05121971487277
145.657461881638,1,2.54027,-54,9.65291615322079,7.82385262362192,0.633,1.05665060845312
145.982402801514,1,2.58322,-54,9.65725748211103,7.81820339655538,0.633,1.06163956120722
146.557194948196,1,2.60777,-54,9.66372857135063,7.8146979647046,0.633,1.06863181199632
146.906556844711,1,2.63231,-54,9.66778651483707,7.81252065288792,0.633,1.07297869422416
147.214736938477,1,2.64458,-54,9.67160469407977,7.81051072505022,0.633,1.07699854989956
147.652268886566,1,2.65072,-54,9.67702547055436,7.80765717396064,0.633,1.08270565207871
147.903254985809,1,2.67526,-55,9.67824623316144,7.80995986818474,0.633,1.08616874149395
148.5884578228,1,2.70594,-54,9.68043516910028,7.81863200674799,0.633,1.09573773575435
148.929390907288,1,2.73049,-54,9.68423819132844,7.81678519951408,0.633,1.10061397163623
149.298345804214,1,2.73049,-54,9.68845081682599,7.81456630445123,0.633,1.10589510564191
149.743533849716,1,2.79798,-54,9.69337186039231,7.81200533458616,0.633,1.11248091288489
149.870819807053,1,2.79798,-54,9.69474030375824,7.81130081819226,0.633,1.1144147089126
150.451524972916,1,2.84707,-54,9.70112547981592,7.80803100866015,0.633,1.12343533471787
150.592747926712,1,2.80412,-54,9.70291905304972,7.80714148674132,0.633,1.12596506402243
151.191811800003,1,2.90229,-54,9.71052734121809,7.80336815930588,0.633,1.13669610593047
151.466516971588,1,2.89616,-54,9.71430278358523,7.80159871526836,0.633,1.14096294184927
151.737277984619,1,2.93297,-54,9.71810571855795,7.79984351451171,0.633,1.14498209720506
152.529243946075,1,2.95138,-55,9.73018352403577,7.79211024925803,0.633,1.15256053468324
152.809489011765,1,2.96979,-54,9.73475003983993,7.78857663583815,0.633,1.1539611886904
153.256714820862,1,3.0066,-54,9.74173948367558,7.78447863184994,0.633,1.15935564178623
153.53564286232,1,3.0066,-54,9.74598273754926,7.78252247543096,0.633,1.16394949655912
153.858582019806,1,3.01887,-54,9.75086110481907,7.780281466177,0.633,1.16925269122179
154.213877916336,1,3.05569,-54,9.75579581547543,7.77811500784006,0.633,1.17489236054335
154.592918872833,1,3.0741,-54,9.76106032166728,7.77580376121924,0.633,1.18090893904832
155.129415988922,1,3.10478,-54,9.76758744394484,7.77297471143666,0.633,1.18963915968801
155.54058599472,1,3.11705,-54,9.77258418651694,7.77082474451803,0.633,1.19626705050673
155.828966856003,1,3.12932,-54,9.77692146856012,7.76905563591313,0.633,1.20015420432499
156.432096004486,1,3.13546,-54,9.78616936924251,7.76533360442582,0.633,1.20841453872533
156.786469936371,1,3.14773,-54,9.79215683705941,7.76307758145183,0.633,1.21367716265895
157.074844837189,1,3.12932,-54,9.79702919160498,7.76124172293394,0.633,1.21795966912558
157.423290967941,1,3.13546,-54,9.80179235990598,7.75941516316815,0.633,1.22329477566236
157.794467926025,1,3.15386,-54,9.80646020071674,7.75761094323139,0.633,1.22903589602525
157.979696989059,1,3.14773,-54,9.80880152070191,7.75670896063433,0.633,1.23185938332285
158.510984897614,1,3.16,-54,9.81592630119459,7.75406621819623,0.633,1.23853263998188
158.847326993942,1,3.12318,-54,9.82047182523293,7.75241932298297,0.633,1.24307410625047
159.160229921341,1,3.12318,-54,9.82480205029438,7.7509628992247,0.633,1.24821649254977
159.63437795639,1,3.12318,-54,9.83132166201534,7.74876856940369,0.633,1.25611077429467
159.815095901489,1,3.11705,-54,9.83370992797183,7.74796120470829,0.633,1.25935376432813
160.125963926315,1,3.14773,-54,9.83781818363093,7.7465723892919,0.633,1.26493230222972
160.64114689827,1,3.10478,-54,9.84634318967916,7.74461100566725,0.633,1.27252524707653
161.024292945862,1,3.12932,-54,9.85381671929474,7.74337693538726,0.633,1.27708143455023
161.362701892853,1,3.11705,-54,9.85914611211054,7.74213721433339,0.633,1.28204647218931
161.835276842117,1,3.11091,-55,9.86561115254668,7.740290902603,0.633,1.2897030620489
162.038790941238,1,3.08637,-54,9.86835320905877,7.73953218493374,0.633,1.29287811068348
162.49378490448,1,3.06796,-54,9.87437220952987,7.73793219746674,0.633,1.29965314918844
162.896842002869,1,3.06183,-54,9.87965326078761,7.73654555714229,0.633,1.30573238315568
163.136667013168,1,3.03728,-54,9.88275607841793,7.73574431514105,0.633,1.30940979664347
163.361124992371,1,3.05569,-54,9.88566007985742,7.73499441353476,0.633,1.31285157612731
164.135499000549,1,2.96365,-55,9.89499251571948,7.73271761795947,0.633,1.32612931688301
164.552002906799,1,2.96979,-54,9.89817024924239,7.73222891599625,0.633,1.33321830871872
164.885094881058,1,2.94524,-55,9.90017494453062,7.73205150933357,0.633,1.33883322959239
165.26754283905,1,2.87775,-54,9.90429975607828,7.7312507365137,0.633,1.34416355211039
165.59591293335,1,2.91456,-54,9.90851846941869,7.73034141799058,0.633,1.3483254330431
166.06970500946,1,2.87775,-54,9.9138501710891,7.72923413501882,0.633,1.35518670862153
166.33967590332,1,2.82252,-55,9.91667737146205,7.72866034896527,0.633,1.35933535566326
166.500517845154,1,2.84093,-54,9.91836174710506,7.72831850151004,0.633,1.36180701635466
167.124701976776,1,2.8348,-54,9.92581648866557,7.72691876347233,0.633,1.37034090965251
167.347184896469,1,2.82866,-55,9.92851143086212,7.72641842306829,0.633,1.37360252282397
167.681510925293,1,2.79798,-54,9.93263970449442,7.7256658036035,0.633,1.37932510277813
168.169516801834,1,2.7673,-54,9.93950105428381,7.72433057061473,0.633,1.38801569810633
168.404006958008,1,2.74889,-54,9.94380652309794,7.72340328690349,0.633,1.3925990398171
168.627683877945,1,2.6814,-54,9.94791345030949,7.72251876378396,0.633,1.39697102614528
169.152055025101,1,2.65072,-54,9.95467566847424,7.72137242122344,0.633,1.40546428990395
169.523064851761,1,2.6814,-54,9.95861752028318,7.72083399785606,0.633,1.41095719618407
169.682353973389,1,2.64458,-54,9.9606814808444,7.72054596958791,0.633,1.41165630234032
170.257885932922,1,2.63845,-54,9.96822536821687,7.71949204414617,0.633,1.41379585022957
170.553712844849,1,2.65072,-55,9.97215509462489,7.71893294244816,0.633,1.41155607803062
170.693378925323,1,2.66913,-55,9.97401049396884,7.71866894775193,0.633,1.41049266277538
171.134186983109,1,2.65685,-54,9.97953281095329,7.71786219324106,0.633,1.40772375984182
171.631802797318,1,2.62618,-55,9.98480390516572,7.71702782405668,0.633,1.4062934126686
171.88556599617,1,2.63845,-55,9.9876759226086,7.71598369655247,0.633,1.4047077584153
172.367923974991,1,2.60163,-54,9.9935019228918,7.71276558614246,0.633,1.39998657847247
172.670772790909,1,2.62618,-54,9.99754746075908,7.71144721455643,0.633,1.39656870479849
172.837307929993,1,2.60163,-55,9.99996721543644,7.71107565033109,0.633,1.39446088058191
173.305727005005,1,2.64458,-55,10.0068611713709,7.7099971931672,0.633,1.38839195136226
173.619093894959,1,2.63845,-55,10.011825249238,7.70914203689598,0.633,1.38376993600364
173.87757396698,1,2.66299,-54,10.0159198592486,7.70843666290255,0.633,1.37995747559036
174.229831933975,1,2.58322,-54,10.0212118228739,7.70745317595521,0.633,1.37452000156115
174.791476964951,1,2.62004,-54,10.0294610145172,7.70585178908722,0.633,1.36613757016509
175.17125582695,1,2.63231,-54,10.035224325961,7.70465362697127,0.633,1.36369574610601
175.499250888824,1,2.6139,-54,10.0401991155096,7.70361740880726,0.633,1.36159053238265
175.779398918152,1,2.58322,-54,10.0443385610695,7.70267391355804,0.633,1.35994221261918
176.210108995438,1,2.62004,-54,10.050702699776,7.70122334860961,0.633,1.35740802405316
176.54434800148,1,2.62618,-54,10.0555180854942,7.70024252746769,0.633,1.35715216849785
177.01625084877,1,2.64458,-54,10.0622973032614,7.69888063104124,0.633,1.35706137540275
177.151404857636,1,2.63845,-54,10.0644540163481,7.6984474850501,0.633,1.35699495614898
177.474605798721,1,2.63231,-53,10.0696402093576,7.69740592462069,0.633,1.35683072670368
178.006711959839,1,2.67526,-53,10.0776457726827,7.69578567830139,0.633,1.35749599331929
178.336741924286,1,2.63845,-53,10.0821948193795,7.69485461173448,0.633,1.35863963216175
178.658179998398,1,2.66913,-53,10.0867171300167,7.69392628316928,0.633,1.35956111536561
179.072774887085,1,2.62618,-53,10.0927752996098,7.69267609726234,0.633,1.36027708086298
179.441495895386,1,2.66913,-53,10.0988314714851,7.69145312457018,0.633,1.36005777363266
179.893867015839,1,2.66913,-53,10.1075828938437,7.68973301741693,0.633,1.35809624793159
180.203977823257,1,2.63231,-53,10.1127005038458,7.68875809020986,0.633,1.35733300943669
180.378240823746,1,2.63231,-53,10.1150750268511,7.68832635875435,0.633,1.35723467060516
180.810671806335,1,2.63231,-53,10.1210161353504,7.68723905671466,0.633,1.35692778374949
181.12394285202,1,2.58936,-52,10.1257301904458,7.68631710434643,0.633,1.35617687231836
181.605575799942,1,2.60777,-52,10.133102113496,7.68486645222842,0.633,1.35477248986536
181.725492954254,1,2.5955,-52,10.1350971868288,7.68446264938586,0.633,1.35410214522554
182.231177806854,1,2.6139,-52,10.143510314792,7.6827598322861,0.633,1.35127533422989
182.584939002991,1,2.57709,-52,10.1491537021116,7.68156612198924,0.633,1.34695735604179
182.848451852798,1,2.58322,-52,10.15332944522,7.68067665475801,0.633,1.3434707802919
183.360630989075,1,2.57709,-52,10.1581471081773,7.68164924829656,0.633,1.33814655813437
183.666719913483,1,2.51573,-52,10.1596957350301,7.68332013516409,0.633,1.33555057048896
184.039260864258,1,2.52186,-52,10.1640343976081,7.68321954860046,0.633,1.33199055677963
184.396726846695,1,2.51573,-52,10.169602084591,7.68190138681051,0.633,1.32834538735325
184.540689945221,1,2.48505,-52,10.1718443719947,7.68137052047647,0.633,1.32687735987355
185.127870798111,1,2.47278,-52,10.1806842548766,7.67924370148102,0.633,1.32072381164354
185.256042957306,1,2.49118,-52,10.1826119406196,7.67877969216944,0.633,1.31937954937322
185.85525894165,1,2.41755,-52,10.1922023872569,7.67633140295968,0.633,1.31233397467556
186.099982976913,1,2.36847,-52,10.1961418270667,7.67532058545808,0.633,1.30942672917249
186.511096000671,1,2.39915,-52,10.2026591493356,7.67358422684383,0.633,1.30570648204315
186.608369827271,1,2.3746,-52,10.204200636272,7.6731731636608,0.633,1.30483297277921
187.015008926392,1,2.32551,-52,10.2112453909156,7.67148122853473,0.633,1.30244134939222
187.562237977982,1,2.15984,-52,10.2224654417548,7.66928093285067,0.633,1.30287120848282
188.055905818939,1,2.08621,-52,10.2306337105286,7.6671403996013,0.633,1.30315855641317
188.248601913452,1,2.08008,-52,10.233685806322,7.66629402009557,0.633,1.30326371265479
188.746070861816,1,1.9819,-52,10.2417031308887,7.66407262485701,0.633,1.30377753764637
189.042075872421,1,1.93282,-52,10.24650569996,7.66274238945552,0.633,1.3041396361081
189.13868188858,1,1.91441,-52,10.2480730959455,7.66230824564684,0.633,1.30425781278954
189.620261907578,1,1.84691,-52,10.2556607151637,7.66020091245453,0.633,1.30419338717636
190.014833927155,1,1.80396,-52,10.2617936820265,7.6584983247032,0.633,1.30413216986011
190.443280935287,1,1.76101,-52,10.2678901948566,7.65681376194753,0.633,1.30423912622555
190.564946889877,1,1.71192,-52,10.2696214195799,7.65633539722134,0.633,1.30426949858912
191.062780857086,1,1.65056,-52,10.2750887385186,7.6553458446111,0.633,1.30477302924076
191.447455883026,1,1.55239,-53,10.2784583007196,7.65509312744603,0.633,1.30536270262592
191.725091934204,1,1.50944,-53,10.2825140370854,7.65407787172056,0.633,1.30549308401534
192.300227880478,1,1.38058,-53,10.2926881230842,7.65106414093102,0.633,1.30543884428742
192.616714954376,1,1.3315,-53,10.2978279961585,7.64955588309448,0.633,1.30537143611595
192.999060869217,1,1.22105,-52,10.3040374424038,7.64773376690117,0.633,1.30529000075536
193.363513946533,1,1.17196,-53,10.3100846293093,7.64596266053822,0.633,1.30471348773804
193.655253887177,1,1.06151,-53,10.3149405153935,7.64454085709279,0.633,1.30419293674982
194.021719932556,1,0.99402,-53,10.3211138615028,7.6427394932683,0.633,1.30412788876521
194.43889093399,1,0.908117,-54,10.328194272977,7.64067784404493,0.633,1.30447670315401
194.791334867477,1,0.785398,-54,10.3324413820169,7.63958872987851,0.633,1.30469407538274
194.887204885483,1,0.779262,-54,10.3332069421043,7.63943909767962,0.633,1.30473583320569
195.489917993546,1,0.607456,-54,10.3384175291078,7.63833529691227,0.633,1.30506824869207
195.849718809128,1,0.509282,-54,10.343488656137,7.63687229920295,0.633,1.30561126317927
196.20236992836,1,0.423379,-54,10.3484590134714,7.63543837310472,0.633,1.30614348728322
196.448135852814,1,0.325204,-54,10.352549267342,7.6342801677356,0.633,1.30622428268514
196.770269870758,1,0.257709,-54,10.358000150477,7.63273932754234,0.633,1.30628866319461
197.229005813599,1,0.0859029,-54,10.3648867993405,7.63078090593129,0.633,1.30519994913094
197.488231897354,1,6.27091,-54,10.3683720523925,7.62978364045404,0.633,1.30403704786509
197.851899862289,1,6.20342,-54,10.3734582209476,7.62832062259222,0.633,1.30272484460575
198.213464975357,1,6.04388,-54,10.3788949362551,7.62674253177729,0.633,1.30203683550047
198.605069875717,1,5.98253,-54,10.385501305588,7.62536822704508,0.633,1.30089134612809
198.931880950928,1,5.8414,-54,10.3922887701407,7.62481565781547,0.633,1.2992249365616
199.43541097641,1,5.70641,-54,10.4011727993651,7.62355518166077,0.633,1.29796727993651
199.572312831879,1,5.62664,-54,10.4029624094654,7.62304978251208,0.633,1.29814624094654
199.879148006439,1,5.57142,-54,10.4069734239665,7.62191704230575,0.633,1.29854734239665
200.337662935257,1,5.46097,-54,10.4133838925057,7.62009627133908,0.633,1.29900407197819
200.733271837235,1,5.3628,-53,10.4191429509633,7.61845519450427,0.633,1.29932005571657
200.910889863968,1,5.28917,-53,10.4217084694451,7.61770745916647,0.633,1.29957076421181
201.276629924774,1,5.27689,-53,10.4269376665019,7.61613870004944,0.633,1.30037634321785
201.722014904022,1,5.14804,-53,10.4334190833776,7.61420025440716,0.633,1.30122061927821
202.102166891098,1,5.06214,-53,10.4392385236698,7.61247466385096,0.633,1.30159508761006
202.431494951248,1,4.95169,-53,10.4441360999044,7.61082377053405,0.633,1.30227624354872
202.753948926926,1,4.97623,-53,10.4484148180865,7.60864702458511,0.633,1.30422451425493
203.24111700058,1,4.81056,-53,10.4547957548104,7.60569769185885,0.633,1.30655509617255
203.53248500824,1,4.72466,-53,10.4584281567087,7.60468202996883,0.633,1.30659741541797
203.850852966309,1,4.6633,-53,10.4623971592926,7.60357225060557,0.633,1.30664365622477
204.113087892532,1,4.65717,-53,10.4658467884306,7.60262573693827,0.633,1.30679222615525
204.520040988922,1,4.51604,-52,10.4714105973656,7.60111907717355,0.633,1.3071516580599
204.883876800537,1,4.44241,-52,10.4765542342011,7.59971656728616,0.633,1.30739469107807
205.209378957748,1,4.39946,-52,10.4815908929548,7.59831930066414,0.633,1.30741093836437
205.504108905792,1,4.35037,-52,10.4861513978238,7.59705412834565,0.633,1.3074256496704
205.856103897095,1,4.27674,-52,10.4920487178584,7.59540353808936,0.633,1.30754283641199
206.14512181282,1,4.22152,-53,10.497012710758,7.59401054163227,0.633,1.30766597422035
206.409077882767,1,4.20311,-53,10.501288225282,7.59282639675084,0.633,1.30830602902651
206.591857910156,1,4.13561,-53,10.5037208565924,7.59218661471621,0.633,1.30982885622682
206.94263792038,1,4.11107,-53,10.5083894106358,7.59095878500278,0.633,1.31275137105802
207.389029979706,1,3.97608,-53,10.5150004999686,7.58914421923955,0.633,1.31459194358577
207.773270845413,1,3.9454,-53,10.5209861520133,7.58747130623218,0.633,1.31534910298972
208.094050884247,1,3.90245,-54,10.5262685465429,7.58599965085038,0.633,1.31523802069405
208.230630874634,1,3.83495,-53,10.5285525021675,7.58536389305337,0.633,1.31509996068987
208.529663801193,1,3.79814,-54,10.5335530731343,7.58397194307529,0.633,1.31479768737024
208.777314901352,1,3.77359,-54,10.5373836569783,7.58289766215829,0.633,1.31468163796259
209.14192700386,1,3.7061,-54,10.5426174334115,7.58141855142718,0.633,1.31468618907253
209.483603954315,1,3.65087,-53,10.5475309400139,7.58003115527816,0.633,1.31457836645862
209.749480009079,1,3.59565,-54,10.5514128584044,7.57894289097724,0.633,1.31376216823293
210.032522916794,1,3.53429,-54,10.5555454211119,7.57778436057717,0.633,1.31289327043288
210.320020914078,1,3.50361,-54,10.5592977112152,7.57716115382325,0.633,1.31199643284822
210.608868837357,1,3.42998,-54,10.5617144567025,7.5782170856977,0.633,1.31105204307319
211.02679681778,1,3.36249,-55,10.5652479426122,7.57971064628911,0.633,1.30966454942371
211.313081979752,1,3.3134,-55,10.5755059445069,7.57343000349337,0.633,1.30421903763724
211.56978392601,1,3.25204,-55,10.5847039379794,7.56779836957174,0.633,1.29933623664144
211.735080957413,1,3.2275,-56,10.5906267641909,7.56417201463849,0.633,1.2961920746228
211.997502803802,1,3.16614,-56,10.5956943763246,7.56224471888447,0.633,1.29673284833584
212.392625808716,1,3.05569,-56,10.6021118264836,7.56041416752762,0.633,1.29909468040258
212.754510879517,1,2.97592,-57,10.6075783732295,7.55882405074487,0.633,1.30051762209949
212.944959878922,1,2.89002,-57,10.6103269450987,7.55801420367626,0.633,1.30103543340699
213.271183013916,1,2.85934,-57,10.6150350177835,7.5566270036888,0.633,1.30192240067171
213.498519897461,1,2.73662,-57,10.6183330711033,7.55569910098367,0.633,1.30208790945534
213.782794952393,1,2.69367,-57,10.6224606793403,7.55454681035085,0.633,1.30220141868186
213.947772026062,1,2.6139,-58,10.6248561084023,7.55387808640437,0.633,1.30226729298106
214.279879808426,1,2.49118,-58,10.6285670251802,7.55287043574394,0.633,1.30217526628796
214.425530910492,1,2.40528,-59,10.6296029853752,7.55260871948415,0.633,1.30201532857365
214.955868005753,1,2.17212,-59,10.6335869052827,7.55159185680214,0.633,1.30146887979337
215.230572938919,1,2.11076,-59,10.6379049927995,7.55038491594703,0.633,1.3015679834413
215.27659702301,1,2.12303,-59,10.63862844549,7.5501827049901,0.633,1.30158458727354
215.75267791748,1,1.84078,-59,10.6458160280527,7.54832255871717,0.633,1.30229289525267
215.983151912689,1,1.76715,-60,10.647932987652,7.54848823381624,0.633,1.30510630387948
216.270145893097,1,1.68124,-60,10.6505690970369,7.54869453802897,0.633,1.30860965504754
216.467086791992,1,1.45421,-61,10.6524266695968,7.5487956182523,0.633,1.31093804826786
216.676568984985,1,1.50944,-61,10.6555495395195,7.54794798213042,0.633,1.31162954089361
217.016592025757,1,1.20264,-61,10.6606184559361,7.54657213338876,0.633,1.31275194381443
217.190440893173,1,0.951068,-61,10.6632101196542,7.54586868180816,0.633,1.31332581220914
217.356161832809,1,1.08606,-61,10.6659109441006,7.54514205877297,0.633,1.31384016846878
217.693529844284,1,0.846757,-61,10.6714715060419,7.54364765775125,0.633,1.31487842964375
217.828104972839,1,0.674952,-62,10.6736895981924,7.5430515454858,0.633,1.31529258903748
218.099947929382,1,0.717903,-62,10.6773908072613,7.54199867506389,0.633,1.31565250304738
218.313071966171,1,0.447922,-62,10.6794396825666,7.54133877756296,0.633,1.31541302411559
218.487766981125,1,0.435651,-63,10.6811191191402,7.54079786812107,0.633,1.31521672633426
218.780715942383,1,0.447922,-64,10.6839353941202,7.53989080812753,0.633,1.31488755133661
218.999667882919,1,0.288388,-63,10.687336044865,7.53896714976272,0.633,1.31514476546548
219.199116945267,1,0.104311,-63,10.6904711619129,7.53811867760928,0.633,1.3153935842788
219.401145935059,1,6.25864,-63,10.6936468325459,7.53725923023957,0.633,1.31564562163063
219.56650686264,1,6.20342,-63,10.6962461220939,7.53655577171904,0.633,1.3158519144519
219.807521820068,1,6.09297,-63,10.6998383717768,7.53558704760799,0.633,1.31568569769339
220.022224903107,1,5.94571,-63,10.7030204399608,7.53472927270621,0.633,1.31549477360235
220.217116832733,1,5.82299,-63,10.705908891304,7.53395064669197,0.633,1.31532146652176
220.409192800522,1,5.74322,-62,10.7087887783862,7.53317514836472,0.633,1.31526594223233
220.634864807129,1,5.63891,-63,10.7123026366114,7.53223211290942,0.633,1.31565336762638
220.805843830109,1,5.57755,-62,10.7149648899199,7.53151762783347,0.633,1.31594689811937
221.008790969849,1,5.57755,-62,10.7181249073583,7.53066955477734,0.633,1.31629531029848
221.225414991379,1,5.51006,-62,10.7216772895427,7.5297183882342,0.633,1.31655509158171
221.449741840363,1,5.37507,-62,10.7255392817551,7.52868646391503,0.633,1.3167095712702
221.613312005997,1,5.2953,-62,10.7283552920041,7.5279340259765,0.633,1.31682221168016
221.72992682457,1,5.25235,-62,10.7303629229374,7.52739758699113,0.633,1.3169025169175
222.011248826981,1,5.15418,-61,10.7343902242915,7.52627765579556,0.633,1.31715530913413
222.235895872116,1,5.08054,-61,10.7371719055637,7.52547605302036,0.633,1.31738861143437
222.703532934189,1,4.9026,-61,10.7434285155228,7.52370814349891,0.633,1.31786630904202
222.842953920364,1,4.81056,-62,10.7457455319725,7.5230848840353,0.633,1.31800101930073
223.14666390419,1,4.74307,-61,10.7507928426234,7.52172719659665,0.633,1.31829446759438
223.350508928299,1,4.6633,-61,10.754180512493,7.52081593966272,0.633,1.31849142514494
223.558182954788,1,4.63876,-61,10.7572744724889,7.52000111315969,0.633,1.31842065258087
223.759933948517,1,4.54058,-60,10.7602447760541,7.51922077917222,0.633,1.31832499873724
224.010854005814,1,4.43627,-60,10.7639389771433,7.51825026871659,0.633,1.31820603293945
224.154178857803,1,4.46695,-60,10.7660490947243,7.51769591579277,0.633,1.3181380800004
224.442531824112,1,4.28287,-60,10.7703638429068,7.5165598547012,0.633,1.31887842440201
224.463510990143,1,4.28287,-60,10.7706780804274,7.51647710548745,0.633,1.31893629647871
224.8650867939,1,4.12334,-60,10.7766931043185,7.51489314919613,0.633,1.32004406337866
225.029560804367,1,4.05585,-61,10.7792288483157,7.51422865170814,0.633,1.3203293410849
225.316941976547,1,3.90858,-60,10.7838959887598,7.51301596029765,0.633,1.32027578373554
225.550874948502,1,3.82268,-60,10.7876951173748,7.51202880966572,0.633,1.32023218717767
225.765900850296,1,3.87177,-60,10.7911140964957,7.51117323696191,0.633,1.32017014026214
225.962728977203,1,3.86563,-61,10.7939706289147,7.5105835857745,0.633,1.3200312446491
226.213851928711,1,3.28272,-61,10.7976151326927,7.50983127994875,0.633,1.31985403483237
226.648509979248,1,3.43612,-62,10.8042970154071,7.50826948179942,0.633,1.31972506723501
226.794888973236,1,3.36862,-61,10.8067360691363,7.50761234831534,0.633,1.31977142941333
227.027007818222,1,3.38703,-61,10.810603771182,7.50657030627659,0.633,1.31984494771668
227.261242866516,1,3.2275,-62,10.8143051797598,7.50557864031306,0.633,1.31988374156254
227.538337945938,1,3.02501,-62,10.8179979241733,7.5046092949045,0.633,1.31980917653112
227.769017934799,1,2.9207,-62,10.821072111712,7.50380232067559,0.633,1.31974710159043
227.980920791626,1,2.81025,-62,10.8238960633044,7.5030610333826,0.633,1.31969007949097
228.146265983582,1,2.66913,-62,10.8261478990091,7.50244985598324,0.633,1.31951739346894
228.337611913681,1,2.60777,-62,10.828753938818,7.50174250232084,0.633,1.31931728684076
228.581595897675,1,2.51573,-62,10.8320768836785,7.5008405601444,0.633,1.31906213214611
228.918277025223,1,2.42369,-62,10.8366894732926,7.49958611674986,0.633,1.31882427216831
229.152854919434,1,2.33165,-62,10.8399398400649,7.49869885446878,0.633,1.3188125591349
229.336477994919,1,2.12303,-62,10.8424841648197,7.49800432257625,0.633,1.31880339039705
229.607188940048,1,2.01258,-62,10.8461947634571,7.49699111276536,0.633,1.31878597440766
229.726521968842,1,1.95736,-62,10.8459487766707,7.49704338495747,0.633,1.31859687206562
230.085354804993,1,1.80396,-62,10.8452090976639,7.49720056674642,0.633,1.31802824382914
230.451086997986,1,1.55239,-62,10.8458187753239,7.49700886237496,0.633,1.31750293036182
230.800375938416,1,1.37445,-62,10.8518788937075,7.49541206927706,0.633,1.31721916291369
230.998556852341,1,1.22718,-61,10.8553173071835,7.49450607461516,0.633,1.31705815783824
231.242202997208,1,1.20264,-61,10.8592324826342,7.49346320821167,0.633,1.31677394636537
231.479403972626,1,1.08606,-62,10.8628001353464,7.49250341491565,0.633,1.31642980995331
231.722085952759,1,0.773126,-61,10.8664502258365,7.49152144366875,0.633,1.3160777215786
231.931747913361,1,0.66268,-61,10.8694279149277,7.49071995134581,0.633,1.31602748963587
232.15540599823,1,0.355884,-61,10.8722561657156,7.48995781218611,0.633,1.31647703265585
232.434722900391,1,0.411107,-61,10.8757882457165,7.48900600957533,0.633,1.31703844747705
232.666700839996,1,0.33134,-61,10.8788832850125,7.48817706919429,0.633,1.317476903848
232.841617822647,1,0.251573,-60,10.8815903999467,7.48746317678826,0.633,1.31774324902701
233.10984992981,1,0.104311,-62,10.8857417129417,7.48636843537747,0.633,1.31815168466039
233.338048934937,1,6.22183,-61,10.8892734508289,7.4854370819185,0.633,1.31849916209769
233.463147878647,1,6.07456,-61,10.8914839301711,7.48472471109106,0.633,1.31855253864153
233.798422813416,1,6.03161,-60,10.8984314790597,7.48206287910724,0.633,1.31818423484503
233.817895889282,1,6.03161,-60,10.8988349990744,7.48190827746306,0.633,1.31816284342256
234.41870880127,1,5.91503,-60,10.9102755405842,7.47791717467537,0.633,1.31742907635283
234.681442975998,1,5.74936,-60,10.9144373107437,7.47682090351141,0.633,1.31704673486664
234.729539871216,1,5.70641,-60,10.9151991767,7.47662021686927,0.633,1.31697674230317
235.038724899292,1,5.62664,-60,10.9201905366749,7.47530430909056,0.633,1.31654509473132
235.314023971558,1,5.46097,-60,10.9250647208461,7.47401429944524,0.633,1.31624458112077
235.537519931793,1,5.37507,-60,10.9290217282662,7.47296703131601,0.633,1.31600061524975
235.710694789886,1,5.31371,-60,10.9320877979962,7.47215556022957,0.633,1.31581157937166
235.950309991837,1,5.24621,-60,10.9361108595642,7.47107990206711,0.633,1.31559430164289
236.107808828354,1,5.28303,-59,10.938735417584,7.47037712785354,0.633,1.31545548204514
236.26987695694,1,5.18486,-59,10.9414361182116,7.46965396504085,0.633,1.3153126350698
236.430732011795,1,5.08668,-59,10.9441166041986,7.4689362150741,0.633,1.31517085729859
236.735234022141,1,5.06214,-59,10.9487283246286,7.46772082843818,0.633,1.31534836161872
236.825191020966,1,4.96396,-59,10.9500729847738,7.46736727555516,0.633,1.31541791300554
237.023087024689,1,5.00078,-59,10.9530310966783,7.46658949613201,0.633,1.3155709187937
237.288139820099,1,4.88419,-58,10.9569538519697,7.46556971947292,0.633,1.31554963070971
237.443868875504,1,4.83511,-59,10.9591499848253,7.46503137540124,0.633,1.31491022565707
237.607180833817,1,4.90874,-59,10.961453053809,7.46446681778311,0.633,1.3142396861034
237.986854791641,1,4.75534,-59,10.9668073176683,7.46315431239459,0.633,1.31268078981163
238.337321996689,1,4.69398,-59,10.9714809527642,7.46191677141292,0.633,1.31267431194876
238.571067810059,1,4.61421,-59,10.9745638173517,7.46108807478529,0.633,1.31285249586528
238.706784009933,1,4.65103,-59,10.9763537731182,7.46060692153796,0.633,1.31295595202426
238.993338823318,1,4.51604,-59,10.9802865565653,7.45955305320265,0.633,1.31292846171991
239.181876897812,1,4.50377,-59,10.9830067809942,7.45882685043102,0.633,1.31269772839781
239.29107093811,1,4.46082,-59,10.9845822309223,7.45840626156628,0.633,1.31256409648427
239.612059831619,1,4.46082,-58,10.9892134537237,7.45716989047913,0.633,1.31217126955022
239.840602874756,1,4.44241,-58,10.9927859333555,7.45623610139477,0.633,1.31208850845909
240.057156801224,1,4.37491,-59,10.9962161190714,7.45534252360324,0.633,1.31204238831501
240.203176021576,1,4.27674,-58,10.9985290443186,7.45473999685819,0.633,1.31201129016042
240.435240983963,1,4.29515,-59,11.0021900074367,7.45378995500533,0.633,1.31191659415444
240.65812087059,1,4.23379,-58,11.0056333480034,7.45291427787844,0.633,1.31160491246521
240.84959602356,1,4.26447,-59,11.0085915070896,7.45216198742118,0.633,1.31133714806517
241.104924917221,1,4.19697,-59,11.0125361624406,7.45115882075864,0.633,1.3109800887446
241.284863948822,1,4.12334,-59,11.0159159057667,7.45024996124747,0.633,1.31158348301951
241.503051996231,1,4.0988,-59,11.0202422323921,7.44907110983142,0.633,1.31264038428907
241.653604984283,1,4.04971,-59,11.0232274619153,7.44825768487407,0.633,1.31336966183704
241.929438829422,1,4.03744,-59,11.0285186818036,7.44681602550902,0.633,1.31466428278256
242.130817890167,1,4.04971,-59,11.0313199039765,7.44605347058417,0.633,1.31536199460156
242.393357992172,1,3.96381,-59,11.0349718882111,7.44505931932031,0.633,1.31627160919332
242.602101802826,1,3.90858,-60,11.0378755554976,7.444268876559,0.633,1.31699483743411
242.774904966354,1,3.92085,-59,11.0403432735767,7.44360265991191,0.633,1.31722409508965
243.022414922714,1,3.792,-59,11.0439459206276,7.44263579566062,0.633,1.31715943219386
243.312618970871,1,3.74905,-59,11.0481700042712,7.44150215269988,0.633,1.31708361530795
243.383610010147,1,3.76132,-59,11.0492033188984,7.44122483578282,0.633,1.31706506863516
243.64034485817,1,3.71223,-59,11.0530756507055,7.44018982647854,0.633,1.31707421631056
243.837654829025,1,3.62633,-60,11.0561137862676,7.43937965699531,0.633,1.31711620680207
244.167026996613,1,3.51588,-60,11.0611853865074,7.43802723026469,0.633,1.31718630208994
244.298942804337,1,3.54043,-60,11.0632603388377,7.43747408627997,0.633,1.31716151322993
244.507071018219,1,3.4852,-60,11.066907821089,7.43650321232778,0.633,1.31667071230935
244.803902864456,1,3.47293,-60,11.0721098495434,7.43511855475389,0.633,1.31597073348056
244.863929986954,1,3.40544,-60,11.0731618350471,7.43483854096542,0.633,1.31582917954881
