13.5716140270233,1,2.42369,-65,8.435887391498,9.35118627977193,0.633,0.628176199500269
13.6428089141846,1,5.61437,-65,8.43650140235781,9.35033980793165,0.633,0.628265358585183
13.6712968349457,1,2.48505,-64,8.43674709265128,9.35000110070598,0.633,0.628301034699683
13.7116978168488,1,2.528,-63,8.43709552556023,9.34952075310148,0.633,0.628351629829752
13.7323160171509,1,2.39915,-63,8.43727334449358,9.34927561294256,0.633,0.628377450502343
13.7678499221802,1,2.65685,-64,8.43757980194368,9.34885313246423,0.633,0.62842195047393
13.8110868930817,1,2.53414,-63,8.43795269346352,9.3483390663594,0.633,0.628476097181844
13.8535168170929,1,2.55868,-63,8.43831862471452,9.34783459564117,0.633,0.628529233205351
13.8832199573517,1,2.57709,-64,8.43857479550735,9.34748144005936,0.633,0.628566431168718
13.919095993042,1,2.46051,-63,8.43888420361794,9.34705489181744,0.633,0.628611359598836
13.9466698169708,1,2.62618,-64,8.43912201040455,9.346727052749,0.633,0.62864589096769
13.9977238178253,1,2.70594,-63,8.43956231886224,9.34612004604135,0.633,0.628709827131913
14.0334298610687,1,2.57095,-63,8.43987026089553,9.34569551892517,0.633,0.628754542676363
14.0626549720764,1,2.62004,-62,8.44012230898849,9.34534804687369,0.633,0.628791141992099
14.1071557998657,1,2.54641,-63,8.44050610047441,9.34481895413832,0.633,0.628846871458664
14.1405010223389,1,2.55868,-63,8.44079368192214,9.34442249600829,0.633,0.628888630489972
14.1623020172119,1,2.5955,-63,8.44096582174755,9.34418322756889,0.633,0.628936209507026
14.1980998516083,1,2.55254,-63,8.44124600195363,9.34379345306451,0.633,0.629017499886546
14.251051902771,1,2.54641,-62,8.44166044368893,9.34321689976608,0.633,0.629137744376414
14.2890038490295,1,2.63845,-62,8.44195748356029,9.34280367082939,0.633,0.629223926352696
14.3259978294373,1,2.50959,-63,8.44224702568565,9.34240087243051,0.633,0.629307932962537
14.3605289459229,1,2.52186,-62,8.44251729162482,9.34202489022262,0.633,0.629386346855771
14.3892560005188,1,2.48505,-62,8.44274213070273,9.34171210388634,0.633,0.629451580778716
14.4324069023132,1,2.63845,-63,8.44307986142754,9.34124226760591,0.633,0.62954956863867
14.4683418273926,1,2.66299,-62,8.44336111460623,9.34085100042874,0.633,0.62963117032623
14.4922609329224,1,2.54641,-62,8.44354832313518,9.34059056407386,0.633,0.629685486270171
14.5417659282684,1,2.60777,-62,8.44393578567396,9.34005154305902,0.633,0.629797903122411
14.5681779384613,1,2.58936,-62,8.44414250551005,9.33976396342309,0.633,0.629857880000025
14.5964679718018,1,2.60163,-61,8.44436392413789,9.33945593546805,0.633,0.62992212152708
14.647980928421,1,2.76117,-62,8.44476710245984,9.33889505133988,0.633,0.630039098094641
14.6665968894959,1,2.62004,-62,8.44491280467614,9.33869235676006,0.633,0.630081371560799
14.7172348499298,1,2.63845,-61,8.44530913463379,9.33814099977817,0.633,0.630196361170959
14.7455589771271,1,2.62618,-61,8.44553082010524,9.33783260060189,0.633,0.63026068011897
14.7834489345551,1,2.66299,-62,8.44582737480637,9.3374200466129,0.633,0.630346721329877
14.8103549480438,1,2.70594,-61,8.44603796107594,9.33712708816306,0.633,0.630407819999245
14.8561229705811,1,2.79798,-61,8.44639617531439,9.33662875611025,0.633,0.630511750865027
14.8917329311371,1,2.71208,-61,8.44667488508149,9.33624102721657,0.633,0.630592614617181
14.9268720149994,1,2.82252,-61,8.44690230831395,9.33565674238261,0.633,0.630579063607959
14.9550240039825,1,2.75503,-62,8.44708229267033,9.33517924078194,0.633,0.630563858033024
15.0066578388214,1,2.71821,-61,8.44741240371636,9.33430345048526,0.633,0.630535969341204
15.0379228591919,1,2.66299,-61,8.44761229064343,9.33377314702142,0.633,0.630519082342193
15.0751688480377,1,2.77957,-61,8.44785041574835,9.33314139701247,0.633,0.630498964876433
15.1204438209534,1,2.65072,-61,8.44813987262705,9.33237346292262,0.633,0.630474510760818
15.1581180095673,1,2.80412,-61,8.44838073534528,9.33173444997837,0.633,0.630454162013933
15.1941368579865,1,2.81639,-61,8.44861101496262,9.33112351418323,0.633,0.630434707356606
15.2180619239807,1,2.79185,-62,8.44876397529544,9.33071770778301,0.633,0.63042178484573
15.2514998912811,1,2.71821,-61,8.44897775454304,9.33015054775328,0.633,0.630403724185157
15.3041129112244,1,2.73049,-61,8.44931412582173,9.32925814895141,0.633,0.630375306611613
15.3414759635925,1,2.77344,-61,8.44955299934988,9.32862441336271,0.633,0.630355125916993
15.3716998100281,1,2.87775,-61,8.44974622973056,9.32811176983121,0.633,0.630338801281384
15.4171378612518,1,2.80412,-60,8.45003672921924,9.32734106967914,0.633,0.630314259083203
15.4573409557343,1,2.72435,-61,8.45029376001338,9.32665916255072,0.633,0.630292544412663
15.4820070266724,1,2.69367,-61,8.45045145781956,9.32624078755199,0.633,0.630279221666968
15.6451740264893,1,5.94878,-61,8.45153365748765,9.32362748523599,0.633,0.63020808571951
15.6679840087891,1,2.77957,-60,8.45171405448749,9.32337723754598,0.633,0.630210819007386
15.7127950191498,1,2.84707,-61,8.45206845072166,9.32288561718072,0.633,0.630216188647298
15.7615330219269,1,2.87161,-60,8.45245390430788,9.32235091388941,0.633,0.63022202885315
15.8006029129028,1,2.90843,-60,8.45276289582849,9.32192227918741,0.633,0.630226710542856
15.8335809707642,1,2.81639,-59,8.45302370895059,9.32156047781938,0.633,0.630230662256827
15.8762810230255,1,2.93297,-61,8.45336141027888,9.32109201671752,0.633,0.630235778943619
15.9091539382935,1,2.99433,-61,8.45362139186116,9.320731368866,0.633,0.630239718058502
15.9663548469543,1,2.82252,-59,8.45407377591717,9.32010381926641,0.633,0.630246572362381
15.9985589981079,1,2.91456,-60,8.45432846845371,9.31975050840765,0.633,0.630250431340208
16.0536909103394,1,2.96979,-60,8.45476448946552,9.31914565771113,0.633,0.630257037719175
16.0962688922882,1,2.95138,-60,8.45510122537797,9.31867853583931,0.633,0.630262139778454
16.1413099765778,1,2.96365,-60,8.45545744119473,9.31818439133929,0.633,0.630267536987799
16.1747670173645,1,2.84707,-59,8.45572204244264,9.31781733506273,0.633,0.630271546097616
16.2198178768158,1,2.90843,-60,8.45607833556809,9.31732308331968,0.633,0.630276944478305
16.2600519657135,1,2.95751,-59,8.45639653436513,9.31688167623423,0.633,0.630281765672199
16.2992198467255,1,3.03115,-60,8.45670630085822,9.31645196648624,0.633,0.630286459103913
16.330314874649,1,2.98819,-59,8.45695222168681,9.31611082378799,0.633,0.630290185177073
16.3669679164886,1,2.98206,-60,8.45724209910521,9.31570870427156,0.633,0.63029457725917
16.4212620258331,1,3.03115,-59,8.45767525404585,9.31510893276066,0.633,0.630080564712634
16.4634130001068,1,2.95751,-59,8.45801173467452,9.31464308113165,0.633,0.629902520048946
16.5111157894135,1,2.98206,-60,8.45839253404659,9.31411587096654,0.633,0.629701024657073
16.5663878917694,1,2.92684,-59,8.4588337573414,9.31350500492216,0.633,0.62946755667573
16.6003777980804,1,3.06796,-59,8.45910509021665,9.31312934923454,0.633,0.629323984159502
16.652480840683,1,3.08023,-59,8.45952101570432,9.31255350756799,0.633,0.629103902207491
16.716903924942,1,2.98819,-59,8.46003528898663,9.3118415050754,0.633,0.628831780706901
16.7521049976349,1,2.99433,-60,8.46031629029855,9.3114524636039,0.633,0.628683092254094
16.7880778312683,1,3.08637,-59,8.460603452384,9.31105489264767,0.633,0.628531143902329
16.8495998382568,1,3.11705,-59,8.46109456709594,9.31037495279648,0.633,0.628271276479749
16.9064610004425,1,3.06183,-59,8.46154847545581,9.30974652449825,0.633,0.628031096349332
16.9539740085602,1,3.02501,-59,8.46192775985236,9.30922141179061,0.633,0.627830402588466
16.9969618320465,1,3.12932,-59,8.46227092083787,9.30874631132274,0.633,0.627648823094582
17.0364389419556,1,3.02501,-59,8.46258605667967,9.30831001118315,0.633,0.627482072767259
17.0907878875732,1,3.15386,-59,8.46301991064637,9.30770934784649,0.633,0.627252504176946
17.1528589725494,1,3.11705,-59,8.46350609880256,9.3070277695823,0.633,0.627126627927177
17.206866979599,1,3.12932,-59,8.46392821982854,9.30643516228656,0.633,0.627030440913849
17.2690079212189,1,3.19682,-59,8.4644139070343,9.30575331569788,0.633,0.626919769331868
17.288941860199,1,3.11091,-58,8.46456970865028,9.30553458891425,0.633,0.626884267446886
17.3363528251648,1,3.10478,-58,8.46494026787413,9.30501436820492,0.633,0.626799829613161
17.398384809494,1,3.11091,-58,8.46542510348091,9.30433371715907,0.633,0.626689352081598
17.4463717937469,1,3.08637,-58,8.46580016481225,9.30380717603077,0.633,0.626603888370824
17.5157089233398,1,3.12318,-58,8.46634209668276,9.30304636867818,0.633,0.626480400544247
17.5427129268646,1,3.23977,-58,8.46655315719575,9.30275006503031,0.633,0.626432307037583
17.611377954483,1,3.23363,-58,8.46708983598637,9.30199663237186,0.633,0.626310016209101
17.6436619758606,1,3.11091,-58,8.46734216457562,9.30164239329419,0.633,0.626252519112575
17.6883668899536,1,3.29499,-59,8.46769157358429,9.30115186495045,0.633,0.626172900692962
17.7449169158936,1,3.27045,-58,8.46813356276837,9.30053136514353,0.633,0.626072186402694
17.7910878658295,1,3.28272,-58,8.46849443016234,9.30002475060102,0.633,0.6259899570071
17.8598318099976,1,3.33181,-58,8.46907645730563,9.29920389054831,0.633,0.625916655302856
17.8846459388733,1,3.30113,-58,8.46930014034474,9.29888736417982,0.633,0.625905124227428
17.9401459693909,1,3.21522,-57,8.46980043658963,9.29817941173875,0.633,0.62587933347566
18.0025908946991,1,3.22136,-57,8.47036333648992,9.29738287096405,0.633,0.62585031544535
18.0277149677277,1,3.38703,-58,8.47058981347156,9.29706239098116,0.633,0.625838640339502
18.0902597904205,1,3.31953,-57,8.47115361388101,9.29626457592613,0.633,0.625809575887079
18.1320159435272,1,3.35635,-57,8.47153001811729,9.29573193891231,0.633,0.625790171887306
18.1999108791351,1,3.36862,-57,8.47214204627323,9.29486587839033,0.633,0.625758621248249
18.2255158424377,1,3.38089,-57,8.47237285816416,9.29453926422265,0.633,0.625746722673664
18.2723548412323,1,3.36249,-57,8.47279508090878,9.29394179097399,0.633,0.625724956685796
18.3461339473724,1,3.32567,-57,8.47346015098909,9.29300067260333,0.633,0.62569067168461
18.3861608505249,1,3.47293,-57,8.47382096717522,9.2924900937166,0.633,0.625672071263788
18.4339818954468,1,3.38703,-57,8.47425204241929,9.29188009359279,0.633,0.625649848921073
18.4829478263855,1,3.38089,-57,8.47469343805724,9.29125548942565,0.633,0.625627094552145
18.5318429470062,1,3.30726,-57,8.47513419538677,9.29063178850735,0.633,0.625604373088629
18.5648198127747,1,3.36249,-57,8.47543146012624,9.29021113914189,0.633,0.6255890488059
18.6321079730988,1,3.42385,-57,8.47585004146484,9.28961723470933,0.633,0.625693485705869
18.6591579914093,1,3.41157,-56,8.47600707204666,9.28939429450256,0.633,0.625743584224061
18.7164478302002,1,3.57724,-57,8.47633965062812,9.28892212445229,0.633,0.625849688996263
18.7794618606567,1,3.54043,-57,8.47670545924799,9.28840277689334,0.633,0.625966395370173
18.81591796875,1,3.4668,-57,8.47691709399807,9.28810231379631,0.633,0.626033914621863
18.8608429431915,1,3.49134,-57,8.47717789215333,9.28773205219516,0.633,0.626117118803964
18.9108278751373,1,3.52202,-56,8.47746806433938,9.28732008755487,0.633,0.626209694379835
18.9649918079376,1,3.55884,-57,8.4777824964327,9.2868736805233,0.633,0.626310009756395
19.0021629333496,1,3.52202,-57,8.47799828199645,9.2865673244133,0.633,0.626378853269967
19.0450158119202,1,3.57724,-57,8.47824705123488,9.28621414056332,0.633,0.626458219786174
19.1192419528961,1,3.58338,-56,8.47867794832228,9.28560238529474,0.633,0.626595691769792
19.152284860611,1,3.53429,-56,8.47886976878481,9.28533005303258,0.633,0.62665688953662
19.2102329730988,1,3.54656,-56,8.47920616877223,9.28485245763758,0.633,0.626764213477564
19.252867937088,1,3.5527,-56,8.47945367297443,9.28450106979089,0.633,0.626843176400787
19.3085808753967,1,3.50361,-56,8.47977709734396,9.28404189620204,0.633,0.626946360643451
19.3762078285217,1,3.59565,-56,8.48026028884511,9.28336757670525,0.633,0.627029460329968
19.5379958152771,1,3.62633,-56,8.4814834516523,9.28166762548141,0.633,0.627197004670771
19.5750658512115,1,3.63247,-57,8.48176371157843,9.28127812033818,0.633,0.627235393644258
19.6180748939514,1,3.6386,-56,8.48208887207092,9.28082621240417,0.633,0.627279932932118
19.6820859909058,1,3.62633,-56,8.48257281401625,9.28015363006485,0.633,0.627346221519166
19.7247169017792,1,3.65701,-56,8.48289511572519,9.27970569526718,0.633,0.627390369221374
19.7834420204163,1,3.72451,-56,8.4833390941837,9.27908865416728,0.633,0.627451183757038
19.8405339717865,1,3.65701,-55,8.48377072543708,9.27848877320857,0.633,0.627510307017976
19.8829607963562,1,3.68769,-55,8.48409148419601,9.27804298280227,0.633,0.627554243372568
19.9482049942017,1,3.69383,-55,8.48458474873184,9.27735744393007,0.633,0.62762180893376
20.0020668506622,1,3.7061,-55,8.48499195955676,9.27679150247394,0.633,0.627677587174259
20.0320718288422,1,3.77359,-55,8.48521880565378,9.27647623185094,0.633,0.627708659717968
20.0735628604889,1,3.73064,-55,8.48556518571834,9.27599877302004,0.633,0.627783962597913
20.1391069889069,1,3.74291,-55,8.48615464813188,9.2751908574609,0.633,0.627944733280686
20.2005009651184,1,3.77359,-56,8.48670678670277,9.27443409785762,0.633,0.628095324214031
20.230929851532,1,3.87177,-55,8.48698044485124,9.27405902275365,0.633,0.628169962064329
20.2901258468628,1,3.86563,-55,8.48751281617301,9.27332935608753,0.633,0.628315161654536
20.3456809520721,1,3.81041,-55,8.48801244363303,9.27264456806805,0.633,0.628451430644783
20.4004199504852,1,3.92085,-55,8.48850473154498,9.27196983961293,0.633,0.628585697837919
20.4344279766083,1,3.86563,-55,8.48881057821107,9.27155064701546,0.633,0.628669114822957
20.4889528751373,1,3.93313,-55,8.48930094064414,9.27087855761637,0.633,0.628802856858686
20.5582809448242,1,3.95153,-56,8.48992443343091,9.27002400012149,0.633,0.628972909026103
20.6223578453064,1,3.79814,-55,8.49050070052488,9.26923417003098,0.633,0.629130080801656
20.6832709312439,1,3.8779,-55,8.49104851427296,9.26848333801792,0.633,0.629279492177662
20.7258780002594,1,4.00062,-54,8.49143169528919,9.26795815117331,0.633,0.629384001425736
20.794862985611,1,3.97608,-55,8.49207316853417,9.26707697295541,0.633,0.62951346518314
20.8593628406525,1,3.97608,-55,8.49272862216425,9.26617153635502,0.633,0.629529443476088
20.9089138507843,1,3.89018,-55,8.49323216421785,9.26547594877377,0.633,0.629541718551051
20.957573890686,1,4.03744,-55,8.49372665214767,9.26479286846181,0.633,0.629553772909498
21.0096199512482,1,4.08039,-55,8.49425554913983,9.26406225584091,0.633,0.629566666073396
21.0794839859009,1,4.02517,-54,8.49496551407069,9.26308151791546,0.633,0.629583973213257
21.1254839897156,1,4.1172,-55,8.49543297046209,9.26243577868016,0.633,0.629595368611527
21.1897280216217,1,4.10493,-55,8.49608582439325,9.2615339332759,0.633,0.629611283530425
21.2562029361725,1,4.08652,-55,8.49676134876494,9.26060077116874,0.633,0.629627751097022
21.2976729869843,1,4.07425,-54,8.49718277134529,9.2600186225453,0.633,0.629638024308024
21.3641560077667,1,4.0988,-54,8.49785837809328,9.25908534664441,0.633,0.629654493882746
21.4134819507599,1,4.12334,-55,8.49835963299332,9.2583929185125,0.633,0.629666713202721
21.4783020019531,1,4.17243,-55,8.49901834048699,9.25748298705992,0.633,0.62968277081659
21.5465898513794,1,4.06198,-54,8.49968991460266,9.25655675832917,0.633,0.629647804394875
21.6134438514709,1,4.19084,-54,8.50029024313631,9.25573268771933,0.633,0.629481056699408
21.6784348487854,1,4.1847,-54,8.50087384247315,9.25493158126769,0.633,0.629318955717964
21.7485988140106,1,4.23992,-54,8.50150389348433,9.25406671063118,0.633,0.629143952285258
21.8107509613037,1,4.23379,-54,8.50206200081368,9.25330059704257,0.633,0.62898893198258
21.8949069976807,1,4.29515,-54,8.50281769635691,9.25226325423399,0.633,0.628779029432152
21.958251953125,1,4.25833,-53,8.50338651473972,9.25148243758888,0.633,0.628621034019382
22.0138068199158,1,4.22765,-54,8.50388538050201,9.25079764486304,0.633,0.628482468697985
22.0677309036255,1,4.31969,-54,8.50436960232954,9.25013295385746,0.633,0.628347970886688
22.1160469055176,1,4.16629,-54,8.50480346529253,9.24953739043433,0.633,0.628227460790678
22.2046849727631,1,4.31355,-54,8.50559940810616,9.24844480022237,0.633,0.628006379128794
22.2485318183899,1,4.34423,-54,8.50599313940877,9.24790432550483,0.633,0.627897016032319
22.3173358440399,1,4.35037,-54,8.50647683375986,9.24742941012882,0.633,0.627935556542587
22.394033908844,1,4.31969,-54,8.50700375095943,9.24693414880751,0.633,0.627997745026026
22.4708249568939,1,4.37491,-54,8.50753130695572,9.24643828706681,0.633,0.628060008902332
22.5374338626862,1,4.38105,-53,8.50798891143632,9.24600817432827,0.633,0.628114016873007
22.6569027900696,1,4.37491,-54,8.50880966529516,9.24523672932529,0.633,0.628210884915649
22.7038838863373,1,4.39946,-54,8.50913242634189,9.2449333589616,0.633,0.628248978225235
22.7687799930573,1,4.38719,-54,8.50957826385948,9.24451430625611,0.633,0.628301597420625
22.8425738811493,1,4.47309,-53,8.51008522930847,9.24403779803371,0.633,0.628361431133499
22.9249517917633,1,4.38719,-54,8.51065116715943,9.24350586032496,0.633,0.628428224961258
23.0220608711243,1,4.49763,-54,8.51135914217249,9.24276986097178,0.633,0.628482520465011
23.137669801712,1,4.57126,-54,8.51242750546055,9.24129200973757,0.633,0.628412168588549
23.1802558898926,1,4.48536,-54,8.51282105129618,9.24074762356724,0.633,0.628386253538565
23.2540509700775,1,4.52831,-54,8.51350300513927,9.23980428683905,0.633,0.628341346779734
23.4301278591156,1,4.55899,-54,8.51513016389914,9.23755346204154,0.633,0.628234198140936
23.5158820152283,1,4.51604,-53,8.51592263375181,9.23645725014159,0.633,0.628182013886949
23.6004979610443,1,4.47922,-54,8.51670458519479,9.23537558820317,0.633,0.628130522271755
23.7144589424133,1,4.63262,-54,8.51775771948249,9.23391880302134,0.633,0.628061173227161
23.7888538837433,1,4.52831,-54,8.51841612907813,9.23300696757202,0.633,0.628157778837256
23.924576997757,1,4.58967,-53,8.519550839814,9.23143295366822,0.633,0.628658210573655
23.9798438549042,1,4.62649,-54,8.52001289741266,9.23079201050831,0.633,0.628861987870459
24.0895209312439,1,4.57126,-54,8.52092985070324,9.22952005882681,0.633,0.629266383909812
24.204155921936,1,4.68785,-53,8.52188825455059,9.2281906090089,0.633,0.629689060532443
24.2658779621124,1,4.59581,-54,8.52240428059477,9.22747480352422,0.633,0.629916639069555
24.3543570041656,1,4.7492,-54,8.52314400808811,9.22644869059277,0.633,0.630242874736718
24.4376218318939,1,4.76148,-54,8.52384014223321,9.22548304817074,0.633,0.630549884803675
24.5413649082184,1,4.76148,-53,8.52476935044627,9.22420465647154,0.633,0.630815045803795
24.6418378353119,1,4.72466,-54,8.52571381335766,9.22291237435765,0.633,0.630987350085647
24.6949968338013,1,4.82897,-54,8.52621351714785,9.22222864367589,0.633,0.631078514176549
24.8110458850861,1,4.83511,-53,8.52730439832363,9.22073602155719,0.633,0.631277530459041
24.8804519176483,1,4.85965,-53,8.52795682704725,9.21984332163224,0.633,0.631396557115702
24.9758667945862,1,4.89647,-54,8.52885374341139,9.2186160961255,0.633,0.631560187183267
25.0858960151672,1,4.87192,-54,8.52988803713622,9.21720090102891,0.633,0.631748879862812
25.1761758327484,1,4.89033,-54,8.53073668305328,9.21603972262115,0.633,0.631903703650514
25.2202129364014,1,4.91487,-53,8.53115063945257,9.21547331768955,0.633,0.631979224308061
25.3423218727112,1,4.88419,-53,8.53212911337427,9.21414309992121,0.633,0.63206957965892
25.4620299339294,1,4.9026,-53,8.53306907892766,9.2128663814913,0.633,0.632144613430921
25.5363578796387,1,4.92715,-53,8.53365271304478,9.21207365410787,0.633,0.632191202658705
25.6421158313751,1,5.06214,-53,8.5344831402576,9.21094571731968,0.633,0.632257492413607
25.7251698970795,1,4.96396,-53,8.53513529317059,9.210059923537,0.633,0.632309551228748
25.8496179580688,1,5.08668,-53,8.53611247790924,9.20873265174414,0.633,0.632387556062668
25.95015001297,1,5.1235,-54,8.53690187060057,9.20766045054079,0.633,0.632450570192289
26.1075439453125,1,5.14804,-54,8.5373257494647,9.20687130266321,0.633,0.632054499772438
26.1727228164673,1,5.12963,-53,8.53746574555999,9.20658343569227,0.633,0.631868829951063
26.3477029800415,1,5.16031,-53,8.5378415811524,9.20581062375537,0.633,0.631370377996627
26.4379539489746,1,5.19713,-53,8.53803542899025,9.2054120241388,0.633,0.631113287301684
26.5439779758453,1,5.19713,-53,8.53826315539154,9.20494376172614,0.633,0.630811265161966
26.671294927597,1,5.28917,-53,8.53853661634282,9.20438145764508,0.633,0.630448587575334
26.790983915329,1,5.32598,-54,8.53927779256368,9.20327284037459,0.633,0.63010348749041
26.90558385849,1,5.27689,-53,8.54020997129377,9.20194476171006,0.633,0.629771152366164
27.0310039520264,1,5.30144,-53,8.54123016327899,9.20049129021842,0.633,0.629407439250619
27.1416900157928,1,5.37507,-54,8.54213050573567,9.19920856881653,0.633,0.629086454215727
27.3362979888916,1,5.41188,-54,8.54371348569381,9.19695329110967,0.633,0.628522099093594
27.465646982193,1,5.41188,-54,8.5447871727017,9.19542700312757,0.633,0.628244657308072
27.5839388370514,1,5.49165,-54,8.54583732578677,9.19394472183203,0.633,0.62830042630731
27.7584908008575,1,5.50392,-54,8.54738693614258,9.19175746125217,0.633,0.628382719279621
27.8240349292755,1,5.57755,-54,8.54796881364165,9.19093614658344,0.633,0.628413620227554
27.9483699798584,1,5.50392,-54,8.54907261607258,9.18937813973606,0.633,0.62847223830696
28.1148579120636,1,5.58369,-53,8.55055063681916,9.18729192722264,0.633,0.628550729470831
28.2049388885498,1,5.60823,-54,8.55131630912505,9.1862114173809,0.633,0.628554471358915
28.3458309173584,1,5.70641,-54,8.55245517309305,9.18460467617764,0.633,0.628493538509671
28.5035529136658,1,5.74322,-54,8.55373007771381,9.18280600500886,0.633,0.628425327052255
28.6164839267731,1,5.72482,-53,8.55464292610406,9.18151813291688,0.633,0.628376486756216
28.7616629600525,1,5.76163,-53,8.55581644295459,9.17986250245579,0.633,0.628313699867398
28.8852868080139,1,5.78004,-54,8.55681572408652,9.17845268862952,0.633,0.628260235144415
29.031662940979,1,5.87208,-54,8.55803411739509,9.17673853115524,0.633,0.628394193928182
29.1502668857574,1,5.83526,-54,8.55903788168912,9.17532851895008,0.633,0.628595421006339
29.2751939296722,1,5.88435,-53,8.56009515938991,9.17384333515621,0.633,0.628807376047773
29.4609019756317,1,5.91503,-54,8.56166683650399,9.17163556195029,0.633,0.62912245399521
29.5960409641266,1,5.9948,-54,8.56281053953711,9.17002897438252,0.633,0.629351734933974
29.7176229953766,1,6.02548,-54,8.56391386849912,9.16858879902674,0.633,0.62952473260302
29.8872208595276,1,6.08684,-54,8.56579483453509,9.16660396211723,0.633,0.629613022845525
30.0374178886414,1,6.07456,-54,8.56746063092871,9.16484617696719,0.633,0.62969121328849
30.1581089496613,1,6.11138,-54,8.56879918426345,9.16343370592129,0.633,0.629754043342978
30.3634808063507,1,6.12365,-54,8.57107691039586,9.16103019899405,0.633,0.629860957018581
30.4816038608551,1,6.19728,-54,8.57224708888421,9.15969057405493,0.633,0.629888437135903
30.6108648777008,1,6.24023,-55,8.57324182861329,9.15831205065874,0.633,0.629849026167397
30.7730150222778,1,6.24637,-54,8.57448966956971,9.15658277625374,0.633,0.629799587485906
30.9495599269867,1,0.0429515,-54,8.57584828669162,9.15469998678203,0.633,0.629745759921733
31.0939118862152,1,0.110447,-54,8.57695916011905,9.15316052377965,0.633,0.629701747808432
31.2686059474945,1,0.128854,-54,8.57850336531766,9.15102288303462,0.633,0.629503449697574
31.4228689670563,1,0.208621,-54,8.58009019895813,9.14882850666165,0.633,0.629166327209297
31.5632100105286,1,0.208621,-55,8.58153382355172,9.14683216903758,0.633,0.628859629454274
31.7898619174957,1,0.202485,-54,8.58386528880939,9.1436080678178,0.633,0.628364310128446
31.9081859588623,1,0.30066,-54,8.58508243449895,9.14192491989637,0.633,0.628105727771108
32.0638430118561,1,0.306796,-54,8.58642033225808,9.14006440788121,0.633,0.627741291044717
32.203234910965,1,0.337476,-53,8.58760313013857,9.13841885953124,0.633,0.627413525463223
32.3834118843079,1,0.30066,-54,8.58913200623214,9.13629183548548,0.633,0.62698985801327
32.5511929988861,1,0.380427,-54,8.59055569834035,9.13431114695182,0.633,0.626595338138477
32.7082018852234,1,0.429515,-54,8.59189876398593,9.13244718642562,0.633,0.626471786385946
32.9129898548126,1,0.478602,-55,8.59367066010565,9.12999651779234,0.633,0.626769192334656
33.0705938339233,1,0.472466,-54,8.59503430407165,9.12811049329168,0.633,0.626998074729564
33.2006108760834,1,0.613592,-54,8.59615925634772,9.12655459775908,0.633,0.627186893642363
33.3850109577179,1,0.576777,-55,8.59775474943152,9.12434790809395,0.633,0.627454691019967
33.5602779388428,1,0.656544,-54,8.5991799468127,9.12205181219198,0.633,0.627522680457828
33.8164248466492,1,0.705631,-54,8.60125488022666,9.11867884647283,0.633,0.627605805679343
33.8911988735199,1,0.791534,-55,8.60186059172316,9.11769421530365,0.633,0.62763007147119
34.1567578315735,1,0.760854,-55,8.60401176801555,9.114197310853,0.633,0.62771625110694
34.2489078044891,1,0.79767,-55,8.60483477329972,9.11299007275631,0.633,0.627919645201624
34.4401819705963,1,0.852893,-55,8.60666113243299,9.11049379388517,0.633,0.628609433281527
34.607106924057,1,0.987884,-55,8.6082549959407,9.10831529146181,0.633,0.629211411298104
34.7755289077759,1,0.975612,-55,8.60986315366774,9.10611725161174,0.633,0.629818788024022
34.9801340103149,1,1.00629,-55,8.61179598393574,9.10347136546185,0.633,0.630382530120482
35.1967089176178,1,1.13515,-55,8.61372803518239,9.10080398127805,0.633,0.630026975017928
35.3754107952118,1,1.09219,-55,8.61532222349202,9.09860304965654,0.633,0.629733596781244
35.5428419113159,1,1.18423,-55,8.61681586604104,9.096540931212,0.633,0.629458721965881
35.674341917038,1,1.09833,-55,8.6179889693943,9.0949213482243,0.633,0.629242835930871
35.9056890010834,1,1.24559,-55,8.62022405197282,9.09186213657815,0.633,0.62877845136801
36.0401058197021,1,1.25173,-55,8.62153400792784,9.09007078970523,0.633,0.628503038497138
36.1815989017487,1,1.40513,-55,8.62291292544223,9.08818513884198,0.633,0.62821312674104
36.3718299865723,1,1.35604,-55,8.62476681802022,9.08564996606797,0.633,0.627823353424437
36.5722558498383,1,1.48489,-56,8.62670884840638,9.08299020924603,0.633,0.627270356598909
36.720939874649,1,1.5708,-56,8.62814430352019,9.08102234567346,0.633,0.626793851028318
36.8285620212555,1,1.59534,-57,8.62918333081921,9.07959794448323,0.633,0.626448941395678
37.0443408489227,1,1.60148,-56,8.6312665460269,9.0767420674296,0.633,0.625757409043566
37.1483459472656,1,1.7426,-56,8.63227065289359,9.07536553861521,0.633,0.625424091400374
37.3653178215027,1,1.87146,-56,8.63455022721671,9.07262341033466,0.633,0.623953935006582
37.5164999961853,1,1.90214,-56,8.63615679346922,9.07072549787056,0.633,0.622853270640066
37.6502139568329,1,1.896,-57,8.63757773040915,9.06904687806588,0.633,0.621879781588863
37.8118329048157,1,1.90827,-57,8.63929520502638,9.06701794432117,0.633,0.620703133499418
37.9706268310547,1,1.93282,-56,8.64097970437975,9.06488950688558,0.633,0.620304206505729
38.1884598731995,1,2.06167,-57,8.64328521361523,9.06172843758224,0.633,0.621110534345118
38.25736784935,1,2.09849,-57,8.6440145243472,9.06072848419583,0.633,0.621365603176637
38.4980978965759,1,2.15984,-57,8.64656237173377,9.05723514656815,0.633,0.622256686260014
38.5368869304657,1,2.19666,-58,8.64697290851455,9.05667226215389,0.633,0.622400267222665
38.6946859359741,1,2.27029,-58,8.64857498066475,9.05447763061837,0.633,0.622880210230216
39.1145799160004,1,2.50346,-58,8.65259495490977,9.04897808251927,0.633,0.623785262765103
39.3386478424072,1,2.528,-58,8.65474013282643,9.04604335995273,0.633,0.624268225737729
39.3665959835052,1,2.49118,-57,8.655007702291,9.04567731006023,0.633,0.624328466029682
39.5483379364014,1,2.6139,-59,8.65674912489224,9.04330094493732,0.633,0.624598338221093
39.6977128982544,1,2.65072,-58,8.65818050310761,9.04134804228699,0.633,0.624812575956605
39.9156568050385,1,2.73662,-59,8.66026893986082,9.03849868100247,0.633,0.625125157184935
40.0787098407745,1,2.89616,-59,8.66183138754554,9.03636695355845,0.633,0.625359012395414
40.2315030097961,1,2.9207,-59,8.66335723039316,9.03427871262196,0.633,0.625301089851168
40.4063658714294,1,3.01887,-59,8.66522593186112,9.03170894901557,0.633,0.624684968688556
40.5332119464874,1,3.06796,-59,8.66658149383953,9.02984483433591,0.633,0.624238032440872
40.6753268241882,1,3.20909,-60,8.66810022845303,9.02775633116702,0.633,0.623737297277009
40.924528837204,1,3.28272,-59,8.67076052189976,9.02404262427838,0.633,0.622864492895087
41.2086780071259,1,3.32567,-60,8.67375243847054,9.01905862148453,0.633,0.621945709401326
41.3923988342285,1,3.52816,-59,8.67568690615579,9.01583614113795,0.633,0.621351656413424
41.5311768054962,1,3.45452,-59,8.67714815311987,9.01340196265095,0.633,0.620902924117872
41.7526969909668,1,3.65087,-59,8.67941651024798,9.00993754568879,0.633,0.620473469437969
41.9688198566437,1,3.77359,-60,8.68154778353158,9.00709485576445,0.633,0.620420485269746
42.112340927124,1,3.77973,-60,8.68296310172195,9.00520710594349,0.633,0.620385299985125
42.3514828681946,1,3.98835,-60,8.68532137523639,9.00206164336488,0.633,0.620326672515073
42.5738618373871,1,4.12334,-60,8.68765378933574,8.99895249145757,0.633,0.620178729555794
42.6906278133392,1,4.09266,-60,8.68889047751911,8.99730410993877,0.633,0.620093013716816
43.1613228321075,1,1.23332,-61,8.69377952974838,8.99078543133955,0.633,0.619943203869849
43.269140958786,1,4.44241,-60,8.69472384779309,8.98952251358979,0.633,0.620266252489703
43.4183847904205,1,4.47309,-61,8.69603099017828,8.98777435963998,0.633,0.620713422323909
43.7343609333038,1,4.67557,-60,8.69879844665906,8.98407320203651,0.633,0.621660161615434
43.9046218395233,1,4.62649,-60,8.70033126884293,8.98201470657031,0.633,0.622228642130065
44.1385798454285,1,4.77988,-61,8.70259915001581,8.97893686783569,0.633,0.623236416250157
44.3362560272217,1,4.91487,-60,8.70451533189333,8.97633633528763,0.633,0.62408790641139
44.5041818618774,1,5.08054,-60,8.70614312760556,8.97412718396388,0.633,0.6248112469511
44.676421880722,1,5.12963,-61,8.7073300919325,8.9732301390538,0.633,0.626035126380485
44.9003310203552,1,5.36893,-60,8.70784494604183,8.97498004781846,0.633,0.628652847042718
45.0660610198975,1,5.43643,-60,8.70822602370325,8.9762752713151,0.633,0.630590395661164
45.3512480258942,1,5.60823,-61,8.70888177943616,8.97850408270788,0.633,0.633924515560964
45.5198259353638,1,5.58369,-61,8.71018584209263,8.97687386069821,0.633,0.633766342564047
45.6429619789124,1,5.69414,-60,8.71119094309413,8.97551401816676,0.633,0.633528698585422
45.9609668254852,1,5.97025,-61,8.71378666552084,8.97200215841298,0.633,0.632914971403814
46.0387818813324,1,5.94571,-60,8.71442183283913,8.97114281439412,0.633,0.632764793771534
46.2769379615784,1,6.11752,-60,8.71666402595607,8.96810223235755,0.633,0.63238795409123
46.5716760158539,1,6.17274,-61,8.7196069714719,8.96410794492642,0.633,0.631968229172146
46.9697217941284,1,0.0859029,-61,8.72360118526827,8.95868670640896,0.633,0.631200158389521
47.0549318790436,1,0.153398,-60,8.72446491262058,8.95751433735331,0.633,0.630947259959599
47.3927528858185,1,0.282252,-60,8.72788921672762,8.95286640283846,0.633,0.629944627439127
47.601441860199,1,0.49701,-60,8.72997236598908,8.95003677365126,0.633,0.629477322634874
47.7591559886932,1,0.447922,-59,8.73142976588926,8.948049410151,0.633,0.6296760589849
48.0327589511871,1,0.589049,-60,8.73395806778609,8.94460172574624,0.633,0.630020827425376
48.200826883316,1,0.595185,-60,8.73551114479858,8.94248389345648,0.633,0.630232610654352
48.3646008968353,1,0.754719,-60,8.7368058194821,8.94085605548603,0.633,0.63101288437534
48.5978899002075,1,0.82835,-60,8.73826257220998,8.93930941801536,0.633,0.6331409831476
48.7580699920654,1,0.877437,-60,8.73926280274975,8.93824747112313,0.633,0.634602170995702
48.9551999568939,1,0.920388,-59,8.7404937635317,8.93694055744188,0.633,0.636400421363542
49.2061419487,1,1.03697,-59,8.7423394551427,8.93463838936488,0.633,0.637406522765338
49.2448618412018,1,1.08606,-59,8.74264790794497,8.93422895201469,0.633,0.637452815681855
49.5093078613281,1,1.13515,-59,8.74475455418514,8.93143260959866,0.633,0.637768983334755
49.7767767906189,1,1.3499,-59,8.74688528171123,8.92860430191005,0.633,0.638088765132026
49.9373688697815,1,1.36831,-58,8.74830611476056,8.92672184513537,0.633,0.638018864341165
50.1915209293365,1,1.44194,-58,8.75063407663718,8.92363932584815,0.633,0.637761367395219
50.3779289722443,1,1.52784,-59,8.75234152224334,8.92137844947139,0.633,0.63757250604256
50.5262429714203,1,1.65056,-58,8.75370003704923,8.91957960210487,0.633,0.637422240088014
50.8963539600372,1,1.77328,-58,8.757579906692,8.91441462041415,0.633,0.635960859703723
50.9701309204102,1,1.76101,-57,8.75836636836958,8.91336702094439,0.633,0.63564058487068
51.3273849487305,1,1.95736,-57,8.76214978317379,8.90832393138583,0.633,0.63414840298743
51.5184779167175,1,2.00645,-57,8.76403522412451,8.90579160274491,0.633,0.633676122381086
51.622535943985,1,1.98804,-57,8.7650619247296,8.90441264502845,0.633,0.633418946050996
51.8109359741211,1,2.0494,-57,8.76692079549641,8.90191600270147,0.633,0.632953320960731
52.0065248012543,1,2.16598,-57,8.76885059536328,8.89932409576732,0.633,0.632469928971765
52.1020698547363,1,2.23961,-57,8.76942418395756,8.89835427691514,0.633,0.632634815051262
52.3168969154358,1,2.29484,-57,8.77054496662736,8.89630928864067,0.633,0.633189045015464
52.6059339046478,1,2.49118,-57,8.77205291282084,8.89355787896302,0.633,0.633934728355646
52.7332279682159,1,2.49732,-56,8.772717023664,8.89234613745076,0.633,0.6342631329061
52.8393638134003,1,2.49118,-56,8.7736845823275,8.89102779458042,0.633,0.634511139160751
53.115975856781,1,2.63845,-56,8.77648269978973,8.88738615432412,0.633,0.635140251094823
53.260862827301,1,2.71208,-56,8.77794832925874,8.88547869498862,0.633,0.635469774426966
53.4961268901825,1,2.81025,-55,8.78032818399876,8.88238140727917,0.633,0.636004846681261
53.6694598197937,1,2.8532,-55,8.78182563114619,8.88040998804242,0.633,0.6365135312763
53.8818550109863,1,2.9207,-56,8.78365474679957,8.87800132260706,0.633,0.637139445040842
53.9403989315033,1,2.94524,-56,8.78415891829624,8.8773374058912,0.633,0.637311969877568
54.1087818145752,1,2.98206,-55,8.7856090065278,8.87542786157391,0.633,0.637808182450161
54.2959768772125,1,3.0741,-55,8.78724967483056,8.87326547288239,0.633,0.638214994118276
54.4760828018188,1,3.11705,-55,8.78891403335696,8.87106631327329,0.633,0.638171346675653
54.8038790225983,1,3.23363,-55,8.79194319764553,8.86706380080554,0.633,0.638091907496904
54.9637668132782,1,3.25204,-54,8.79342072043257,8.86511151205091,0.633,0.638053159781163
55.1326010227203,1,3.34408,-54,8.79514991744472,8.8628025504754,0.633,0.637745337716137
55.321033000946,1,3.36862,-54,8.79713423968932,8.86014591677498,0.633,0.63731586114436
55.4441559314728,1,3.41771,-53,8.79843081138678,8.85841005150619,0.633,0.637035237788347
55.6193850040436,1,3.46066,-54,8.80027609767989,8.85593956075474,0.633,0.636635853447792
55.7584869861603,1,3.4852,-53,8.80172287659129,8.8540105086186,0.633,0.636323233410703
55.9868969917297,1,3.57724,-53,8.80341522476468,8.85205707327348,0.633,0.635977214267444
56.163822889328,1,3.62019,-53,8.80472611400913,8.85054394646901,0.633,0.635709188585493
56.3825118541718,1,3.68155,-53,8.80634643650452,8.84867364857007,0.633,0.635377895881976
56.5136828422546,1,3.73678,-52,8.80742904147822,8.8473531368777,0.633,0.635094827978848
56.7554459571838,1,3.76132,-52,8.80998814967819,8.84390765292653,0.633,0.634143612289426
56.9244928359985,1,3.82268,-52,8.81177754279501,8.84149848348758,0.633,0.63347849824412
57.118381023407,1,3.89018,-52,8.81382988585164,8.83873528845581,0.633,0.632715646202316
57.1801819801331,1,3.90245,-52,8.81448383345673,8.83785483064169,0.633,0.632475350686268
57.4160089492798,1,3.95153,-51,8.8168404444265,8.83467697645517,0.633,0.633305682760744
57.5286350250244,1,4.00062,-51,8.81796591301283,8.83315929911906,0.633,0.633702232160719
57.6948750019073,1,4.01903,-51,8.81962714350973,8.83091915496415,0.633,0.634287552768305
57.9036819934845,1,4.09266,-50,8.82171374475257,8.82810540480335,0.633,0.635022749184171
58.0629940032959,1,4.16016,-51,8.82299622251308,8.82635886634431,0.633,0.635553895764985
58.2287390232086,1,4.17856,-50,8.82432508684425,8.82454878536165,0.633,0.636105970464698
58.3913400173187,1,4.22765,-50,8.82562874387962,8.82277303989819,0.633,0.636647572831053
58.6602468490601,1,4.28287,-50,8.82778724960666,8.81983359879351,0.633,0.637531296899584
58.7656149864197,1,4.28901,-50,8.82871885436151,8.81858912075503,0.633,0.637473071602406
58.967423915863,1,4.33196,-50,8.83050313339454,8.81620560343229,0.633,0.637361554162841
59.1401498317719,1,4.35651,-49,8.83203027706983,8.81416557867328,0.633,0.637266107683135
59.2493958473206,1,4.39946,-50,8.83299616780382,8.81287529993676,0.633,0.637205739512261
59.3933320045471,1,4.43014,-50,8.83426876891292,8.81117530417808,0.633,0.637126201942943
59.5334289073944,1,4.44241,-49,8.83558855207474,8.80912228747856,0.633,0.637344390871379
59.7597298622131,1,4.4915,-49,8.83773594966863,8.80572976018738,0.633,0.6377534189845
59.8904340267181,1,4.52218,-49,8.83897621756142,8.80377034536516,0.633,0.637989660487889
60.0526859760284,1,4.56513,-49,8.84051584626441,8.80133799077556,0.633,0.638282923097982
60.2381329536438,1,4.59581,-49,8.84233392584854,8.79864282456488,0.633,0.638416284670368
60.3910999298096,1,4.65717,-49,8.84390059205947,8.79651721754431,0.633,0.638294500851627
60.564080953598,1,4.6633,-49,8.84567223932541,8.79411349820693,0.633,0.638156782958689
60.6416258811951,1,4.72466,-49,8.84646644354479,8.79303594508637,0.633,0.638095045990073
60.8834328651428,1,4.76148,-49,8.84894299659445,8.78967583014139,0.633,0.637902532686604
61.0917689800262,1,4.79216,-49,8.85085125537556,8.78710753291267,0.633,0.637882496564565
61.1862490177155,1,4.82284,-49,8.85170139131684,8.78596491900993,0.633,0.637883276505795
61.3579769134521,1,4.83511,-48,8.85324660721491,8.78388809213776,0.633,0.63788469413506
61.5790967941284,1,4.86579,-48,8.85523625457845,8.78121393306658,0.633,0.637886519499613
61.7428247928619,1,4.89033,-48,8.85689009718158,8.77897457462929,0.633,0.637715526587648
61.9258689880371,1,4.92101,-48,8.85885043555528,8.77631112822556,0.633,0.637418077911745
62.084342956543,1,4.94555,-48,8.86054763552056,8.77400519920607,0.633,0.637160556103681
62.2771639823914,1,5.00078,-48,8.86261268028128,8.7711994917245,0.633,0.636847219978654
62.4846029281616,1,5.02532,-47,8.86460220361456,8.76848788194393,0.633,0.636952456204017
62.7143888473511,1,5.06827,-47,8.86670034877799,8.76562389797273,0.633,0.637270500832863
62.8521089553833,1,5.09282,-47,8.86795785306544,8.76390739513692,0.633,0.637461117998607
63.1031088829041,1,5.1235,-47,8.87058545682657,8.76038468241082,0.633,0.637863143714637
63.2872498035431,1,5.11736,-47,8.87383626607309,8.75624639733682,0.633,0.638373319735905
63.4951989650726,1,5.15418,-47,8.87750738412094,8.75157305852478,0.633,0.638949458247034
63.6326298713684,1,5.16645,-47,8.87993357846923,8.74848450945998,0.633,0.639330220723565
63.8164010047913,1,5.19713,-47,8.8831655655916,8.74436924587786,0.633,0.639835228967542
63.9683659076691,1,5.20326,-47,8.88466447868041,8.74237069509279,0.633,0.639857277756567
64.1550109386444,1,5.24621,-47,8.88650546087164,8.73991605217115,0.633,0.63988435833131
64.3492360115051,1,5.24621,-47,8.88842120916859,8.73736172110855,0.633,0.639912538704369
64.6129329204559,1,5.30144,-47,8.89097678707697,8.73395345198704,0.633,0.639828946800909
64.7889950275421,1,5.28303,-47,8.89254276949939,8.7318623497104,0.633,0.639396660635199
64.9433109760284,1,5.2953,-47,8.89391533095981,8.73002952811953,0.633,0.639017767920674
65.1557409763336,1,5.34439,-47,8.8958047871976,8.72750648176608,0.633,0.638496187486171
65.365128993988,1,5.3812,-47,8.89765867221675,8.72503070505396,0.633,0.637949214082549
65.5638298988342,1,5.39348,-47,8.8993907899139,8.72271680736692,0.633,0.637325387266123
65.7706799507141,1,5.39348,-47,8.90119394544455,8.72030801181071,0.633,0.636675975984168
65.9274389743805,1,5.41188,-47,8.90256044691716,8.71848253274425,0.633,0.636183826827849
66.1477069854736,1,5.4487,-47,8.90447591947743,8.71592129730618,0.633,0.635527088044353
66.4051058292389,1,5.46711,-47,8.90670461021027,8.71293624695066,0.633,0.634832044954195
66.6653850078583,1,5.50392,-47,8.90895824035427,8.70991779339701,0.633,0.634129224219008
66.9033498764038,1,5.48552,-47,8.91078529748685,8.70736997754395,0.633,0.633839889822824
67.1016018390656,1,5.49165,-47,8.91215613318494,8.70538472345527,0.633,0.633827874529853
67.3878228664398,1,5.55301,-47,8.91413524096578,8.70251856537427,0.633,0.633810527768428
67.6201958656311,1,5.52847,-47,8.91579351541218,8.70024659170777,0.633,0.634153265103079
67.8620588779449,1,5.57142,-47,8.91756582961889,8.69793125641894,0.633,0.634830875459551
68.1521878242493,1,5.56528,-47,8.91969182502592,8.6951538752011,0.633,0.635643709041865
68.3600008487701,1,5.59596,-47,8.9215980593386,8.69263757137635,0.633,0.636211612962724
68.6259138584137,1,5.59596,-47,8.92428296571376,8.68908007042927,0.633,0.636929118863769
68.8873708248138,1,5.63278,-47,8.92692287970991,8.68558218438437,0.633,0.637634601143529
69.1247189044952,1,5.62051,-47,8.92922531055214,8.68254902896536,0.633,0.638181163085715
69.3962450027466,1,5.63278,-47,8.93179717283445,8.67917300692717,0.633,0.638744437148954
69.6298508644104,1,5.66346,-46,8.93400985923333,8.67626846647118,0.633,0.639229046634905
69.8897089958191,1,5.66346,-47,8.93633697035039,8.67320155427476,0.633,0.63945826797338
70.1166229248047,1,5.65732,-46,8.93830264904922,8.67060460833084,0.633,0.639505144253956
70.3713049888611,1,5.688,-46,8.94050887372008,8.6676898663571,0.633,0.639557756924962
70.639310836792,1,5.71254,-46,8.94212891956586,8.66546247205827,0.633,0.637629914876697
70.8029229640961,1,5.73709,-46,8.94294009408856,8.66431556141368,0.633,0.635950332962189
71.1074709892273,1,5.73709,-46,8.94445001638464,8.66218069905616,0.633,0.632823954963578
71.326712846756,1,5.72482,-46,8.94635020324417,8.65962402708834,0.633,0.631891771922134
71.5932059288025,1,5.74936,-46,8.94910980469299,8.65595216069776,0.633,0.631488094685406
71.8602178096771,1,5.74936,-46,8.95187477843135,8.65227314605416,0.633,0.631083631584836
72.129870891571,1,5.78004,-46,8.95444440474768,8.64880337730328,0.633,0.631757876155171
72.4527049064636,1,5.81072,-46,8.95750296155973,8.64466899091491,0.633,0.632651881641949
72.6665508747101,1,5.81072,-46,8.95953673559304,8.64192869788707,0.633,0.633307515857235
72.9346308708191,1,5.79231,-46,8.96210953512779,8.63848845518062,0.633,0.63431891768295
73.1416358947754,1,5.79845,-47,8.96409618999596,8.63583198123926,0.633,0.635099898219358
73.4348268508911,1,5.81072,-46,8.96673098651914,8.63230314290767,0.633,0.635964687356284
73.6843819618225,1,5.82299,-46,8.96870153907792,8.62965469368448,0.633,0.636333875196555
73.9412608146667,1,5.85367,-46,8.97072992182225,8.62692851991176,0.633,0.636713897663493
74.25168800354,1,5.88435,-46,8.97393428434755,8.62217515055002,0.633,0.636190104833994
74.4654049873352,1,5.90276,-46,8.97656252946061,8.61808487298229,0.633,0.635278467865664
74.7296760082245,1,5.89662,-46,8.97981247715706,8.61302705394822,0.633,0.634151186224203
75.0289039611816,1,5.90889,-46,8.98280421455046,8.60871700467097,0.633,0.633157554509131
75.2694218158722,1,5.93344,-46,8.984921824105,8.60584381612044,0.633,0.63247687062415
75.5192358493805,1,5.9273,-46,8.98712128071041,8.60285957687649,0.633,0.631769877843635
75.8615047931671,1,5.95798,-46,8.99017914206556,8.59866431713147,0.633,0.631581517385776
76.1250548362732,1,5.95185,-46,8.99253805091125,8.59542353928654,0.633,0.631512564665671
76.2884500026703,1,5.97639,-46,8.99400312976292,8.59341122634908,0.633,0.631471617029845
76.583508014679,1,5.98253,-46,8.99681400968258,8.58958079316377,0.633,0.631511830485343
76.8858568668365,1,6.01934,-46,8.99969434603228,8.58565571053694,0.633,0.631553037609421
77.0980358123779,1,6.00707,-46,9.00161253703476,8.58303407593792,0.633,0.631802262141163
77.357784986496,1,5.98866,-46,9.00378164328827,8.58005544677639,0.633,0.632490010663012
77.6794829368591,1,5.98253,-46,9.00646806967729,8.57636643063454,0.633,0.633341783495766
77.9073858261108,1,5.9948,-46,9.00827494777059,8.57402089587213,0.633,0.634025690223656
78.0964369773865,1,6.00093,-46,9.00972919802055,8.57219930905385,0.633,0.634630285959061
78.369001865387,1,5.94571,-46,9.01182586632343,8.56957303249452,0.633,0.635501963109897
78.7034888267517,1,5.9948,-46,9.01476340188019,8.56565769055743,0.633,0.636449497011029
78.919764995575,1,5.97639,-45,9.01683996549356,8.56278952417064,0.633,0.637002782752311
79.1373147964478,1,6.03775,-46,9.01892875781426,8.55990446739479,0.633,0.637559326746485
79.3865869045258,1,6.0132,-46,9.02130398838265,8.55664713439641,0.633,0.637696340427117
79.6723840236664,1,6.03775,-45,9.02399521363006,8.55299801541687,0.633,0.636969177447132
79.9448869228363,1,5.98253,-45,9.02656125307946,8.54951863989226,0.633,0.636275839386864
80.1952838897705,1,5.9948,-45,9.0291233295035,8.54601513380702,0.633,0.635790578572362
80.3949658870697,1,6.00707,-45,9.03126678860416,8.54307072788816,0.633,0.635478180809819
80.716924905777,1,6.0132,-46,9.03472281367413,8.53832328919497,0.633,0.634974483538983
80.9480609893799,1,6.00707,-46,9.03671513433712,8.53557281122582,0.633,0.634585007724297
81.2128748893738,1,6.00093,-46,9.03893298602884,8.53250872041485,0.633,0.63413509059256
81.4465379714966,1,5.98866,-46,9.04088994547088,8.52980506738602,0.633,0.633738098502251
81.7389078140259,1,5.98253,-45,9.04326377834411,8.52624687553442,0.633,0.634187805828232
82.0994009971619,1,5.96412,-46,9.04617377804903,8.5218199083513,0.633,0.634956700128458
82.3252828121185,1,5.96412,-45,9.04810688963889,8.51903202891097,0.633,0.635167406993228
82.6428430080414,1,5.97639,-45,9.05099848827999,8.51509047937237,0.633,0.635034046294554
82.9310259819031,1,5.90889,-45,9.05362258760448,8.51151355920971,0.633,0.634913022680028
83.1485478878021,1,5.9273,-46,9.05543285681725,8.50907103632181,0.633,0.63504929425633
83.3814518451691,1,5.90276,-45,9.05733232717859,8.50651440322882,0.633,0.635247043224437
83.6903297901154,1,5.86594,-46,9.0598514106168,8.5031237885537,0.633,0.63550929851445
83.9782378673553,1,5.85367,-45,9.06204322199125,8.50017370120971,0.633,0.635631309590328
84.2927849292755,1,5.83526,-45,9.06439751772978,8.4970049245014,0.633,0.635733018407947
84.5191819667816,1,5.81686,-45,9.0660920354829,8.4947241794361,0.633,0.635806223908125
84.854386806488,1,5.78618,-45,9.06931758249904,8.49039267492986,0.633,0.635033972617732
85.1293308734894,1,5.78004,-46,9.07196750249977,8.48683421092888,0.633,0.634395341897555
85.3722839355469,1,5.76163,-46,9.0745136381742,8.48392206948467,0.633,0.634052817318158
85.7220349311829,1,5.68186,-46,9.07845957370668,8.48004840383374,0.633,0.633863952027715
85.9065399169922,1,5.66346,-46,9.08054118258988,8.47800491965535,0.633,0.633764319465783
86.2310848236084,1,5.61437,-46,9.08390069197049,8.47375579787627,0.633,0.633794966046652
86.5206849575043,1,5.61437,-46,9.08682801462662,8.46981148982871,0.633,0.633870342610958
86.8760738372803,1,5.56528,-46,9.0904954596219,8.46484026877694,0.633,0.634022991615003
87.2268168926239,1,5.52233,-47,9.09419041727994,8.45980256833597,0.633,0.634234063052462
87.5049719810486,1,5.49165,-47,9.0969274358188,8.45607017701727,0.633,0.634502011076836
87.7080929279327,1,5.45484,-46,9.09856944228708,8.45382955149583,0.633,0.63488328106257
88.1243228912354,1,5.34439,-46,9.10193419763366,8.44923812213873,0.633,0.635664569229077
88.3017559051514,1,5.33825,-46,9.10340804093993,8.44724404995834,0.633,0.635983527403281
88.7333149909973,1,5.27076,-47,9.107010724653,8.44237726669682,0.633,0.636752904355721
88.9683229923248,1,5.22167,-46,9.10898808884651,8.43978942813016,0.633,0.637016977043445
89.2949888706207,1,5.16645,-46,9.11179302929208,8.4364191508506,0.633,0.6368208486495
89.5796098709106,1,5.14804,-46,9.11423694831887,8.43348265899671,0.633,0.636649963768712
89.9650359153748,1,5.03759,-47,9.11781373730057,8.42880547790755,0.633,0.636253037055631
90.1262218952179,1,5.01305,-46,9.11933651670437,8.42677880502756,0.633,0.636070347923076
90.4163348674774,1,4.9701,-46,9.12213673771433,8.42304806665811,0.633,0.635682201045838
90.716639995575,1,4.9026,-47,9.1254736278528,8.41857407021471,0.633,0.634842809846197
91.0318229198456,1,4.9026,-47,9.12897583508608,8.41387842185485,0.633,0.633961833305484
91.3957250118256,1,4.80443,-47,9.13227119621166,8.40946430444782,0.633,0.634592267769138
91.6993680000305,1,4.76761,-47,9.1348586088639,8.40599959719319,0.633,0.635475626619939
91.9401128292084,1,4.68785,-47,9.13680849812832,8.40339124824463,0.633,0.636157392127403
92.2273099422455,1,4.65717,-47,9.13890075607103,8.40059893424169,0.633,0.636927849305551
92.5542759895325,1,4.62649,-48,9.14128273443495,8.39741996122671,0.633,0.637804993701187
92.8432378768921,1,4.53445,-47,9.14418390165313,8.39309379828513,0.633,0.637821869665485
93.1749629974365,1,4.45468,-47,9.14761958299862,8.38792702813832,0.633,0.637741056081138
93.4636678695679,1,4.38719,-48,9.15052592091211,8.38376706303501,0.633,0.637580313348502
93.7462348937988,1,4.33196,-47,9.15326807462486,8.38010709655694,0.633,0.637312492574362
94.0957469940186,1,4.24606,-48,9.15666461535532,8.3755728121453,0.633,0.637001477928351
94.3536698818207,1,4.23379,-48,9.15929911431795,8.37203135452341,0.633,0.637321072884473
94.6929008960724,1,4.12948,-48,9.16276411799697,8.36737348072539,0.633,0.637741417593075
95.0870997905731,1,4.04357,-49,9.16681314424874,8.36191421586305,0.633,0.636930761211347
95.3707318305969,1,3.98221,-49,9.16973878357128,8.35796075857657,0.633,0.635639109659815
95.7900178432465,1,3.92085,-49,9.17358527086057,8.35272803797675,0.633,0.634806984132183
96.0852258205414,1,3.81654,-49,9.17600607308432,8.34941122454032,0.633,0.634868290162525
96.390725851059,1,3.71223,-49,9.17844602551657,8.34596310093008,0.633,0.635300419142319
96.786917924881,1,3.60179,-49,9.18135372073593,8.34142971495017,0.633,0.637310711240508
97.061830997467,1,3.5527,-50,9.18340722493942,8.33826386969432,0.633,0.63866658363347
97.4287350177765,1,3.4668,-50,9.18673853608696,8.33370651881359,0.633,0.6398335194592
97.8586859703064,1,3.35635,-50,9.19062557569089,8.32839245120833,0.633,0.640990088322125
98.0905838012695,1,3.28272,-51,9.19267268917327,8.32560430117125,0.633,0.640990397087356
98.4650149345398,1,3.15386,-51,9.19597803712738,8.3211024471704,0.633,0.640990895631543
98.7793958187103,1,3.06796,-51,9.19889722071317,8.31714115782037,0.633,0.640819167880098
99.1134428977966,1,2.93297,-52,9.20204981463551,8.31286803686217,0.633,0.640575942368742
99.5099937915802,1,2.78571,-52,9.20584100557092,8.30771226513056,0.633,0.640116370610529
99.7477278709412,1,2.74276,-52,9.20813841679134,8.30457943164818,0.633,0.639754670744835
100.175382852554,1,2.57709,-52,9.21217238413098,8.29921506014459,0.633,0.639306540308322
100.478259801865,1,2.47891,-52,9.21486819845081,8.29585825289058,0.633,0.63931950095409
100.932617902756,1,2.3746,-53,9.21903953109228,8.29045871272358,0.633,0.639491822565667
101.155856847763,1,2.26416,-52,9.22117951471289,8.28754698213635,0.633,0.63968522051069
101.68666601181,1,2.08008,-53,9.22639812642626,8.28045843964692,0.633,0.640671445472389
102.041330814362,1,1.9819,-52,9.230014186366,8.27555834797924,0.633,0.641852565833906
102.345156908035,1,1.87146,-52,9.23298520206251,8.27154186877218,0.633,0.642810060818558
102.597220897675,1,1.80396,-53,9.23529084056614,8.2684373752377,0.633,0.643536174578295
102.967238903046,1,1.66897,-53,9.23867540875235,8.26388012567993,0.633,0.644602075207078
103.27073097229,1,1.54012,-53,9.24125345172491,8.26040515685186,0.633,0.644709870871348
103.70080780983,1,1.42353,-53,9.24487219940496,8.25552671852369,0.633,0.64472876623107
104.120097875595,1,1.264,-54,9.25032344287922,8.24823177942213,0.633,0.644186539978848
104.509081840515,1,1.13515,-53,9.25547596839053,8.24134822268804,0.633,0.643602978802138
104.716842889786,1,1.07992,-53,9.25730718311973,8.23894761462898,0.633,0.643237880365505
105.043810844421,1,0.944932,-53,9.26018909258546,8.23516961143875,0.633,0.642663299665774
105.426623821259,1,0.834486,-54,9.26359180931891,8.23070872845272,0.633,0.642421391444266
105.954120874405,1,0.613592,-54,9.26831952859288,8.22450738018352,0.633,0.642717304574035
106.135653018951,1,0.539961,-54,9.26998220308448,8.22231545320113,0.633,0.643498858252212
106.813383817673,1,0.306796,-54,9.27622080636234,8.21410309721235,0.633,0.64626827682289
107.147132873535,1,0.233165,-55,9.27934387377818,8.21001156792361,0.633,0.647390004450911
107.407190799713,1,0.0920388,-55,9.28177737410188,8.206823440188,0.633,0.648264056843137
107.790076971054,1,6.26478,-55,9.28871263981239,8.19839997530501,0.633,0.648684727788789
108.192681789398,1,6.16047,-55,9.29567062420062,8.18992813092127,0.633,0.649031338094615
108.597361803055,1,5.9948,-55,9.29900210010579,8.18563214321257,0.633,0.648346795392974
108.936460018158,1,5.8414,-55,9.30178252509662,8.18207629952327,0.633,0.647772817950277
109.609125852585,1,5.55301,-56,9.30280450461535,8.19272047603611,0.633,0.646484950539813
109.889083862305,1,5.49779,-57,9.30477218799978,8.19188668543633,0.633,0.646347198204693
110.129853963852,1,5.42416,-57,9.30722879492238,8.18856096562075,0.633,0.646426091847377
110.557266950607,1,5.17872,-56,9.31151602668265,8.18274728280219,0.633,0.646315398906823
111.02697300911,1,5.04373,-57,9.31594419332648,8.17670461061954,0.633,0.645230129623465
111.401029825211,1,4.86579,-57,9.31909551500883,8.16953346080771,0.633,0.647677598629738
111.802580833435,1,4.71239,-58,9.32224738468948,8.16038197954194,0.633,0.652345130555075
111.858240842819,1,4.71239,-59,9.32268427338459,8.15911346938333,0.633,0.652992109059534
112.445256948471,1,4.5099,-57,9.32822018382726,8.15128969698182,0.633,0.654861667704683
112.672351837158,1,4.41173,-58,9.33034232037514,8.14843874363453,0.633,0.655349958896207
113.323289871216,1,4.22765,-58,9.33572389039132,8.14123262888504,0.633,0.654507990088077
113.859064817429,1,3.98221,-59,9.33973909133081,8.13581981453072,0.633,0.65193612037869
114.10137295723,1,4.00062,-60,9.34151457043895,8.13342241618696,0.633,0.650589631797056
114.53649687767,1,3.75518,-59,9.34523884550805,8.12835581887257,0.633,0.648995879935463
114.703440904617,1,3.67542,-60,9.34668952447572,8.12638096430326,0.633,0.648417907364189
115.309821844101,1,3.50975,-60,9.35209234863432,8.11954139616847,0.633,0.647281504259722
115.64875292778,1,3.3134,-61,9.35517417763977,8.11567233921875,0.633,0.646960571794066
116.064072847366,1,3.17227,-61,9.35917249086992,8.11016947552866,0.633,0.647299391818903
116.361217021942,1,3.11091,-62,9.36190648129008,8.10640990085399,0.633,0.647603360052993
116.80196595192,1,2.8348,-62,9.36528726834794,8.10177876885193,0.633,0.648382094307075
117.354457855225,1,2.49118,-63,9.36946745851853,8.09602319951477,0.633,0.648839549332246
117.524835824966,1,2.36233,-63,9.3707447099142,8.09425848336625,0.633,0.648874234324275
117.87886095047,1,2.2212,-63,9.37371120851635,8.09019589116134,0.633,0.648651015093745
118.579854011536,1,1.94509,-63,9.38060845270114,8.08079535308412,0.633,0.647893298519183
118.930377960205,1,1.69351,-64,9.38385034142585,8.07612143581481,0.633,0.650243318000496
119.136315822601,1,1.5708,-64,9.38575499768865,8.07337544218125,0.633,0.65162398825258
119.670774936676,1,1.33763,-64,9.38986311744136,8.06758521928382,0.633,0.659043955276489
120.008692026138,1,1.22105,-63,9.3923219557286,8.064152591201,0.633,0.664382297495017
120.35738992691,1,1.08606,-64,9.39520880289376,8.06040711585971,0.633,0.668843915147536
120.795823812485,1,0.914253,-63,9.39886333155361,8.05566960188972,0.633,0.674561827747319
121.328199863434,1,0.699495,-63,9.40358395792411,8.0495951622508,0.633,0.682740702775729
121.413198947906,1,0.582913,-63,9.40433765245811,8.04862531808318,0.633,0.684046540797916
122.121299982071,1,0.429515,-63,9.41081216618669,8.04051221892545,0.633,0.694713587340362
122.426841020584,1,0.325204,-62,9.41368277139372,8.03693606818148,0.633,0.698626143412259
122.604485988617,1,0.263845,-63,9.41539280080573,8.03481015178802,0.633,0.700469501297733
123.053147792816,1,0.0306796,-64,9.41969493653045,8.02948885533999,0.633,0.705334385434048
123.351051807404,1,6.25864,-63,9.42245396354504,8.02623502434142,0.633,0.709784454544245
123.930670976639,1,6.04388,-63,9.42771708896289,8.02005040389395,0.633,0.718829966114065
124.106563806534,1,6.03161,-62,9.4292380026228,8.01827978799137,0.633,0.721856130293216
124.656767845154,1,5.82299,-62,9.43402814977568,8.01272617561769,0.633,0.730917752482789
125.28990483284,1,5.58369,-62,9.43967202175911,8.00627487108171,0.633,0.739713058186446
125.619256973267,1,5.48552,-62,9.44267905541175,8.00294712754533,0.633,0.744207583713687
125.977873802185,1,5.3628,-62,9.44595857910707,7.99932579433811,0.633,0.749095459733946
126.276177883148,1,5.28917,-62,9.45014383226291,7.99555227378119,0.633,0.752195234347374
126.715479850769,1,5.15418,-62,9.45755207075083,7.98934492665438,0.633,0.755934996485612
127.10644698143,1,5.04373,-62,9.462512546985,7.98462824674822,0.633,0.760885552295768
127.459364891052,1,4.98851,-61,9.46582016805795,7.98094945796964,0.633,0.766516965105473
127.778935909271,1,4.89647,-62,9.46871935973457,7.97774769718677,0.633,0.771733833072657
128.166606903076,1,4.74307,-61,9.47208575795074,7.9740669083326,0.633,0.778247039736305
128.470774888992,1,4.68171,-62,9.47473128947586,7.97118651455144,0.633,0.78339532928681
129.172091960907,1,4.50377,-62,9.48092182928815,7.96470702450745,0.633,0.796078493244533
129.483701944351,1,4.46082,-61,9.48400619402465,7.96152144820445,0.633,0.800471760174779
129.89882683754,1,4.3381,-61,9.48824406787054,7.95715923576162,0.633,0.805844741795281
130.273248910904,1,4.2706,-60,9.49063484835077,7.95353223389094,0.633,0.810340975207065
130.601799964905,1,4.20311,-61,9.49194257048125,7.95051930569974,0.633,0.814093223508508
130.980973958969,1,4.04971,-61,9.49431777501724,7.94686998014851,0.633,0.819016670154292
131.275206804276,1,4.01289,-61,9.49778454657453,7.94371536492848,0.633,0.823949107525682
131.477262973785,1,4.09266,-61,9.50016525488974,7.9415490212391,0.633,0.827336320807641
132.069751024246,1,3.92699,-61,9.50618136050668,7.93619137790146,0.633,0.837234791878707
132.263804912567,1,3.77359,-61,9.50799803815483,7.93459512380796,0.633,0.840471384776639
132.869742870331,1,3.69996,-61,9.51388053885615,7.92949562865711,0.633,0.850601040225677
133.434648990631,1,3.59565,-60,9.51947507311051,7.92469948278787,0.633,0.85985083589374
133.747289896011,1,3.52202,-60,9.52258878722534,7.92207760686858,0.633,0.864505138571823
134.186561822891,1,3.45452,-60,9.52719120420334,7.91777033359952,0.633,0.871307741879273
134.248634815216,1,3.3993,-60,9.52819620425528,7.91618997477347,0.633,0.872679138811122
134.710881948471,1,3.37476,-60,9.53568027060244,7.90442130840992,0.633,0.882891701095612
135.250159025192,1,3.27045,-60,9.54300365658969,7.89519546999043,0.633,0.892467664740644
135.47940993309,1,3.2459,-61,9.54553619621596,7.89313124089422,0.633,0.895573950172735
136.021973848343,1,3.05569,-60,9.55152289551453,7.88828882907329,0.633,0.902963502209061
136.299695014954,1,3.05569,-60,9.55457937627679,7.8858586495985,0.633,0.906788833041396
136.464725017548,1,3.06183,-60,9.55639562613012,7.88441456620391,0.633,0.909061955990171
136.977253913879,1,2.95138,-60,9.56128981667078,7.88055578450254,0.633,0.917340882737802
137.266461849213,1,2.84093,-60,9.56368238134556,7.8786879340116,0.633,0.922615415316711
137.462881803513,1,2.77344,-60,9.5653073279209,7.87741935503003,0.633,0.926197694091008
138.083998918533,1,2.72435,-59,9.57138216282875,7.87280464948413,0.633,0.936478455835357
138.440442800522,1,2.6139,-60,9.57499384236192,7.87007555380085,0.633,0.942238027217019
138.532016992569,1,2.58936,-60,9.57626743906306,7.87055625617383,0.633,0.94389288605904
138.96026301384,1,2.44823,-60,9.58257607310713,7.87400985327476,0.633,0.951810506812999
139.456659793854,1,2.40528,-61,9.58955449421951,7.87642471086975,0.633,0.960746633464782
139.899224996567,1,2.21507,-60,9.59457018836453,7.87284557428533,0.633,0.967842149170235
140.219161987305,1,2.12917,-60,9.59819610852586,7.87025816302651,0.633,0.972971603380868
140.903234004974,1,1.92668,-59,9.60576774956483,7.86487461175512,0.633,0.981352607458983
141.214516878128,1,1.75487,-60,9.60923423811644,7.86243096859531,0.633,0.98525083822074
141.619632959366,1,1.70579,-60,9.61391601652264,7.85926169749868,0.633,0.991362941458404
141.862352848053,1,1.63829,-60,9.61672104151729,7.85736287105505,0.633,0.9950249264701
142.375025987625,1,1.44194,-60,9.62250062709964,7.85351499267483,0.633,1.00251161580873
142.740646839142,1,1.39285,-60,9.6265403977548,7.85086281213053,0.633,1.00771065842354
142.959885835648,1,1.30695,-60,9.6289627849378,7.84927247230535,0.633,1.01082818544897
143.405741930008,1,1.14742,-60,9.63006893468859,7.84847106531141,0.633,1.018130898956
143.835605859756,1,1.09219,-61,9.63032638227901,7.848213617721,0.633,1.02537556448286
144.198531866074,1,0.93266,-61,9.63306054778841,7.84647400063848,0.633,1.03158646563117
144.803802013397,1,0.742447,-62,9.64079606786514,7.84165202348538,0.633,1.0420637695509
144.971378803253,1,0.681087,-61,9.64298518106594,7.83988584861464,0.633,1.04495709239607
145.218575954437,1,0.589049,-61,9.64656333085933,7.83410904451122,0.633,1.04917029040036
145.877367973328,1,0.423379,-62,9.65607498553313,7.81884396277448,0.633,1.0603618300056
146.262961864471,1,0.276117,-62,9.66041605472525,7.81649237687463,0.633,1.06505251550849
146.513835906982,1,0.147262,-62,9.66324042928631,7.81496239449016,0.633,1.06810435647715
146.806845903397,1,6.25251,-62,9.66655115196289,7.8131709602917,0.633,1.07167807941661
147.262603998184,1,6.24637,-62,9.67219774021573,7.81019853961786,0.633,1.07762292076427
147.680400848389,1,6.06229,-62,9.67737400984959,7.80747369938088,0.633,1.08307260123825
148.056329965591,1,5.90276,-63,9.67873524357777,7.81189723236885,0.633,1.08830646411252
148.439118862152,1,5.97639,-63,9.67995809369956,7.816741926775,0.633,1.09365218738802
148.732877969742,1,5.73709,-63,9.68199446067681,7.81796702848705,0.633,1.09780113146072
149.417049884796,1,5.6021,-63,9.6898061473574,7.81385241801,0.633,1.10759420805739
149.663611888886,1,5.47938,-64,9.69251262439032,7.81244769549397,0.633,1.1112666959075
150.105232954025,1,5.3812,-65,9.69726046483945,7.81000336238139,0.633,1.1179760382371
150.495735883713,1,5.27076,-65,9.70168697144399,7.80775253711464,0.633,1.12422728555601
150.764946937561,1,5.09282,-64,9.70510603135915,7.80605685573457,0.633,1.1290496679926
151.078724861145,1,5.06827,-64,9.70909110368605,7.80408046072816,0.633,1.13467037756619
151.386732816696,1,4.95169,-65,9.71318218668129,7.8021159138394,0.633,1.13977863207789
151.957399845123,1,4.77988,-65,9.72119740857714,7.7984165806567,0.633,1.14824956893103
152.563455820084,1,4.62649,-66,9.73074099705662,7.79167887132523,0.633,1.15273152430728
152.85015296936,1,4.52831,-67,9.73541264777761,7.78806390350542,0.633,1.15416442557885
153.310736894608,1,4.21538,-67,9.74256130629509,7.78409976844929,0.633,1.16024536789631
153.691735982895,1,4.06812,-66,9.74835733830675,7.78142777531341,0.633,1.16652029985024
154.09038901329,1,4.04357,-66,9.7540806760332,7.77886799588786,0.633,1.1729322011808
154.441164016724,1,3.76746,-66,9.75895259592963,7.77672910422601,0.633,1.17850010963387
154.853648900986,1,3.61406,-66,9.76429930586722,7.77439687164955,0.633,1.18513619227137
155.177142858505,1,3.7061,-65,9.76815652032875,7.7727285788923,0.633,1.19041848596745
155.582237958908,1,0.19635,-67,9.77321063695311,7.77056922531357,0.633,1.19682848718083
155.933164834976,1,6.24944,-66,9.77848861840885,7.7684164203272,0.633,1.20155871352169
160.403113842011,1,1.20878,-64,9.84170018968838,7.74537768334076,0.633,1.26969467310593
160.749369859695,1,1.1106,-64,9.84845415366374,7.74426243169357,0.633,1.27381218218734
161.133207798004,1,0.908117,-64,9.85594117908802,7.74302613291149,0.633,1.27837659729078
161.48822593689,1,0.895845,-63,9.86086333817525,7.74164680214521,0.633,1.2840801942988
161.67574095726,1,0.773126,-64,9.86342862901635,7.74091419627544,0.633,1.28711828509418
162.17591381073,1,0.625864,-62,9.87016717294125,7.73904999200296,0.633,1.29491992397282
162.41357588768,1,0.546097,-63,9.87331114466108,7.73821425268503,0.633,1.29845880548025
162.925488948822,1,0.312932,-63,9.88002389039312,7.73644984929149,0.633,1.30617164787332
163.054759979248,1,0.319068,-63,9.88169637831168,7.73601796197918,0.633,1.30815385577681
163.633349895477,1,0.147262,-63,9.88901612532165,7.73415997191913,0.633,1.31736523789051
164.314427852631,1,6.19115,-62,9.89674041715846,7.73235544980899,0.633,1.3292135135456
164.656451940537,1,6.14819,-61,9.89879886986964,7.73217328585224,0.633,1.33497900277649
165.038209915161,1,5.95185,-61,9.90135341631653,7.73188580249343,0.633,1.34125690397237
165.388185024261,1,5.89662,-60,9.90584969867355,7.7309166556227,0.633,1.34569261464997
165.51641201973,1,5.85981,-60,9.90749708662322,7.73056157096619,0.633,1.34731780980861
166.091671943665,1,5.74322,-60,9.91408021412703,7.72918744731739,0.633,1.35552427485061
166.45498585701,1,5.63891,-60,9.91788492513354,7.72841527349688,0.633,1.36110732556497
166.745114803314,1,5.54687,-60,9.92125725380346,7.72777204220068,0.633,1.36518084538996
167.172761917114,1,5.40575,-60,9.92639373829565,7.7268107289347,0.633,1.37099423093926
167.510758876801,1,5.35666,-59,9.93053125011552,7.72605019280526,0.633,1.37640238014935
168.156513929367,1,5.20326,-59,9.93926230881656,7.72438199005184,0.633,1.38776154412089
168.523957967758,1,5.1419,-58,9.94600894105924,7.72292894452894,0.633,1.39494360077952
168.849447011948,1,5.03759,-58,9.95146056240876,7.72181157731509,0.633,1.40098409197812
169.241578817368,1,4.94555,-58,9.95562682797766,7.7212425009404,0.633,1.40678971517688
169.564543962479,1,4.89647,-58,9.95913726520366,7.72076170559655,0.633,1.41121834202205
169.921458959579,1,4.8167,-58,9.96381559191528,7.72010811583537,0.633,1.41254517837933
170.218534946442,1,4.77375,-58,9.96770956817295,7.71956410444643,0.633,1.41364956240199
170.599803924561,1,4.62649,-58,9.97276739332167,7.71884582179191,0.633,1.41120514130261
170.943529844284,1,4.55285,-58,9.97733363334061,7.71819611629823,0.633,1.4085880177647
171.082142829895,1,4.55285,-58,9.97898152293759,7.71794945742445,0.633,1.40787335558477
171.646135807037,1,4.4915,-57,9.98495573041408,7.71700379141687,0.633,1.40625221385749
172.078987836838,1,4.34423,-57,9.99001210392618,7.71469325902203,0.633,1.40281460155927
172.360840797424,1,4.30742,-57,9.99341637108936,7.71281284243024,0.633,1.40005590655934
172.741460800171,1,4.20311,-58,9.99857455715439,7.71128949928056,0.633,1.39567401135082
173.061065912247,1,4.13561,-57,10.003218417718,7.71057641358263,0.633,1.39162879063235
173.48927283287,1,4.09266,-57,10.0097687401374,7.70949630947212,0.633,1.38568473607371
173.815367937088,1,4.00062,-57,10.0149344469856,7.7086064187966,0.633,1.38087498549577
174.034082889557,1,3.93313,-58,10.0183461114929,7.70800547669409,0.633,1.37760454908397
174.53173494339,1,3.86563,-58,10.0256315986772,7.70660136461857,0.633,1.36976271560562
174.866869926453,1,3.74291,-58,10.0306051359028,7.70561393227285,0.633,1.36565282399909
175.217941999435,1,3.7061,-58,10.0359328091839,7.70450633703808,0.633,1.36339557295103
175.560329914093,1,3.68769,-57,10.0411016144512,7.70341170409356,0.633,1.36123115893025
175.824442863464,1,3.65701,-57,10.0450041269129,7.70252221251445,0.633,1.35967718549955
176.34762096405,1,3.66315,-57,10.0526919626278,7.70081027536495,0.633,1.35719001835766
176.655879974365,1,3.60792,-58,10.0571203210741,7.69992064978422,0.633,1.35713070998561
176.750823974609,1,3.57724,-57,10.0584842587088,7.69964664445582,0.633,1.35711244296372
177.360131025314,1,3.44839,-58,10.0678033079314,7.6977748356571,0.633,1.35688889524884
177.650766849518,1,3.42385,-57,10.0724669499207,7.69683822089093,0.633,1.35674121325251
178.013813972473,1,3.40544,-57,10.077743664967,7.69576564240395,0.633,1.35752060362255
178.329643011093,1,3.43612,-57,10.082096969817,7.69487463888792,0.633,1.35861503259886
178.621809959412,1,3.32567,-58,10.0861856814381,7.6940359548305,0.633,1.35949830780632
179.119271993637,1,3.31953,-58,10.0934547275641,7.69253588803904,0.633,1.36035737689394
179.351598024368,1,3.26431,-58,10.0970923369496,7.69179495446162,0.633,1.36044757964922
179.919669866562,1,3.22136,-59,10.1080820672757,7.68963490401823,0.633,1.35798436423132
180.124611854553,1,3.18454,-59,10.1116190561604,7.68895471706175,0.633,1.35737779666406
180.469596862793,1,3.15386,-59,10.1163198522919,7.68810002685602,0.633,1.35718311722832
180.889241933823,1,3.12318,-59,10.1221984466905,7.68700782591275,0.633,1.35673945096966
181.197896957397,1,3.03728,-59,10.1268430405866,7.68609945843395,0.633,1.35599960415435
181.514787912369,1,2.99433,-59,10.1316115675269,7.68516685272261,0.633,1.35524001579217
182.02804684639,1,2.93297,-60,10.1401308052914,7.68344384500903,0.633,1.3524108494221
182.309966802597,1,2.89616,-60,10.144796368981,7.68249426937153,0.633,1.35059555207849
182.705243825912,1,2.77957,-61,10.1510601064315,7.68116004236987,0.633,1.34536558593077
182.948591947556,1,2.79798,-61,10.1549163101902,7.68033863961801,0.633,1.34214581254847
183.383059978485,1,2.84707,-62,10.1582605854465,7.68177168429757,0.633,1.33795633439621
183.637050867081,1,2.73049,-62,10.1595456274036,7.68315817693544,0.633,1.33580219827347
184.157643795013,1,2.55868,-63,10.1658782628567,7.68278300956298,0.633,1.33078337662544
184.513837814331,1,2.528,-63,10.1714261384649,7.68146953815831,0.633,1.32715117772298
184.804721832275,1,2.528,-65,10.1758241537579,7.68041356652907,0.633,1.32411297950335
