23.0005939006805,1,4.66023,-65,8.51117082992149,9.24301741761256,0.633,0.628489557252362
23.0442769527435,1,1.3315,-63,8.51156444504906,9.24248586852004,0.633,0.628469001241006
23.1308889389038,1,1.46035,-63,8.51236484226621,9.24137869081332,0.633,0.628416294968926
23.2010169029236,1,1.52784,-62,8.5130129076176,9.24048223153762,0.633,0.628373619772155
23.299528837204,1,1.60761,-64,8.51392327443344,9.2392229345013,0.633,0.628313671986156
23.4516680240631,1,1.72419,-64,8.51532922050603,9.23727810996284,0.633,0.62822109023469
23.5025148391724,1,1.79169,-64,8.51579910523121,9.23662812532859,0.633,0.62819014825783
23.6491329669952,1,1.79169,-63,8.5171540301867,9.23475387755154,0.633,0.628100926254276
23.6846239566803,1,1.73647,-63,8.51748200891848,9.2343001893923,0.633,0.628079328807529
23.8106389045715,1,1.79169,-62,8.51859826236614,9.23275432139655,0.633,0.628238103517984
23.9313979148865,1,1.83464,-64,8.51960786597312,9.2313538498363,0.633,0.628683360331143
24.0270798206329,1,1.92054,-63,8.52040781288318,9.2302442035459,0.633,0.629036154050788
24.0826268196106,1,1.82237,-64,8.52087221260274,9.22960001151316,0.633,0.629240964273071
24.2169888019562,1,1.70579,-62,8.52199554362097,9.22804178298377,0.633,0.629736377310268
24.2787389755249,1,1.91441,-65,8.52251180487388,9.22732565122931,0.633,0.629964059579471
24.3479058742523,1,1.99418,-63,8.52309007352859,9.22652350591257,0.633,0.630219088440863
24.4782159328461,1,1.87759,-62,8.52417952850871,9.22501226852664,0.633,0.630699561419738
24.5647039413452,1,2.00031,-64,8.52498874139877,9.22390446998411,0.633,0.630855070668785
24.6611189842224,1,1.99418,-63,8.52589505949592,9.22266438034978,0.633,0.631020415953363
24.7422189712524,1,2.04326,-64,8.52665741341633,9.22162127286095,0.633,0.631159496951874
24.8381547927856,1,1.98804,-64,8.52755922674986,9.22038734696832,0.633,0.631324020404224
24.8741447925568,1,2.06167,-62,8.52789753897932,9.21992444383283,0.633,0.631385740822289
25.0056548118591,1,2.1353,-63,8.5291337559315,9.21823296284727,0.633,0.631611271620364
25.0528829097748,1,2.14757,-63,8.52957770822937,9.21762551536888,0.633,0.631692264617483
25.135488986969,1,2.21507,-63,8.5303542196581,9.21656303655847,0.633,0.631833928458871
25.2875869274139,1,2.24575,-63,8.53169932641905,9.21472686272474,0.633,0.63203527144806
25.3214838504791,1,2.23348,-63,8.53196549011532,9.21436534299119,0.633,0.632056518254423
25.4698119163513,1,2.23348,-62,8.53313018421447,9.21278338457131,0.633,0.632149491226859
25.5236430168152,1,2.30711,-62,8.53355287404523,9.21220926151422,0.633,0.632183232902045
25.6952538490295,1,2.38074,-63,8.53490038789876,9.21037898617577,0.633,0.632290799660092
25.7515869140625,1,2.41755,-63,8.53534272352853,9.20977817899864,0.633,0.632326109582538
25.8357019424438,1,2.41755,-63,8.53600320727872,9.20888106976578,0.633,0.632378833415814
25.9433319568634,1,2.40528,-62,8.53684833420698,9.2077331669293,0.633,0.632446296591479
26.0875089168549,1,2.58322,-63,8.53728271671953,9.20695978874547,0.633,0.632111571950724
26.2368319034576,1,2.60777,-62,8.53760344389217,9.20630029349673,0.633,0.631686207538015
26.4524698257446,1,2.66913,-61,8.53806660728517,9.20534791376987,0.633,0.631071937088045
26.6357769966125,1,2.8532,-62,8.53846032825187,9.20453832503209,0.633,0.630549764655953
26.7276568412781,1,2.65072,-62,8.53876267754843,9.20400672674149,0.633,0.630287133401938
27.0033578872681,1,2.77957,-61,8.54100528468981,9.20081167561959,0.633,0.629487611701957
27.0950908660889,1,2.8348,-61,8.54175145898402,9.19974859819874,0.633,0.629221589834293
27.1860828399658,1,2.81025,-61,8.54249160579664,9.19869410815437,0.633,0.628957716850505
27.3526158332825,1,3.0066,-61,8.54384621828549,9.19676418646974,0.633,0.628474778015647
27.4955229759216,1,3.03728,-62,8.54505240116584,9.19505263562152,0.633,0.628258742422161
27.6189019680023,1,2.90843,-61,8.54614771604886,9.19350660886893,0.633,0.628316909765327
27.7518420219421,1,2.95751,-60,8.54732791064417,9.19184077519324,0.633,0.6283795846957
27.8593428134918,1,2.98819,-60,8.54828226450081,9.19049371361609,0.633,0.628430266220385
27.9351749420166,1,3.06796,-61,8.54895547521184,9.18954348296962,0.633,0.62846601747243
28.1686480045319,1,3.01887,-61,8.55102296122933,9.1866252808134,0.633,0.628570166405565
28.2749798297882,1,3.19068,-61,8.55188246680576,9.18541266625811,0.633,0.628524180119946
28.396176815033,1,3.10478,-61,8.5528621310259,9.18403052852079,0.633,0.62847176496422
28.5100088119507,1,3.35021,-60,8.55378226228379,9.18273238155503,0.633,0.628422535011568
28.6105628013611,1,3.50361,-61,8.55459506423112,9.18158565778858,0.633,0.628379047518845
28.7760899066925,1,3.47907,-61,8.55593305941497,9.17969797668524,0.633,0.628307460515377
28.9466829299927,1,3.57724,-61,8.55731491787021,9.17774880828311,0.633,0.628250014243902
29.0176157951355,1,3.53429,-61,8.55791523413656,9.17690552937038,0.633,0.628370361111155
29.2334158420563,1,3.54656,-60,8.55974158470317,9.17434001014925,0.633,0.628736494067265
29.3817780017853,1,3.51588,-60,8.56099719756494,9.1725762201135,0.633,0.628988209842547
29.4672358036041,1,3.68155,-59,8.56172044071062,9.17156026281279,0.633,0.629133200161358
29.5826218128204,1,3.82882,-60,8.56269697109752,9.17018850674175,0.633,0.629328967591676
29.7899858951569,1,3.67542,-59,8.56471642670014,9.16774192188544,0.633,0.629562403702252
29.9115579128265,1,3.90858,-60,8.56606475049718,9.1663191408319,0.633,0.629625692370276
30.0237209796906,1,3.71837,-59,8.56730872205495,9.16500647456627,0.633,0.629684082871967
30.2070989608765,1,3.9454,-60,8.56934251980402,9.16286036625723,0.633,0.629779546847944
30.3941898345947,1,4.06198,-60,8.57141749628362,9.16067080524213,0.633,0.629876943703109
30.527373790741,1,3.95767,-59,8.57259931547785,9.1592024538101,0.633,0.629874482137642
30.7042949199677,1,4.20311,-60,8.57396082786923,9.1573156520359,0.633,0.629820539864697
30.867583990097,1,4.21538,-59,8.57521743352921,9.15557423138945,0.633,0.629770753931109
31.0303118228912,1,4.33196,-59,8.57646972013703,9.15383879614228,0.633,0.629721139115678
31.3489677906036,1,4.39332,-60,8.57933001111014,9.14987974367233,0.633,0.629327828964955
31.3945569992065,1,4.35651,-59,8.57979896659966,9.14923124163662,0.633,0.629228199465374
31.5999119281769,1,4.30742,-59,8.58191135951438,9.14631008784691,0.633,0.628779422014816
31.7970788478851,1,4.25833,-59,8.58393952609553,9.14350540768852,0.633,0.628348538431915
31.9231598377228,1,4.1847,-59,8.58522657737526,9.14172519998279,0.633,0.628072092925394
32.1220128536224,1,4.52218,-59,8.58691392740952,9.13937770163968,0.633,0.627604510699992
32.2824108600616,1,4.69398,-60,8.58827497079342,9.13748417212668,0.633,0.627227351437602
32.426011800766,1,4.53445,-59,8.58949348413163,9.13578893522596,0.633,0.626889688731706
32.5827658176422,1,4.67557,-60,8.59082360675788,9.1339384237151,0.633,0.626521097932517
32.7012178897858,1,4.72466,-60,8.59183833604946,9.13253076291006,0.633,0.626461643789225
32.9064569473267,1,4.77988,-59,8.59361413513767,9.13007469617114,0.633,0.626759704836183
33.1526968479156,1,4.80443,-60,8.5957446876562,9.12712797814934,0.633,0.627117309881987
33.2079288959503,1,4.62649,-59,8.59622257437872,9.12646702405159,0.633,0.627197521330335
33.4239618778229,1,4.81056,-59,8.59807571037163,9.12384683444982,0.633,0.627478442942469
33.6391379833221,1,5.02532,-60,8.59981875734029,9.12101337597225,0.633,0.627548272250921
33.7274959087372,1,5.01305,-59,8.60053450602296,9.11984987079472,0.633,0.627576946312168
33.9780039787292,1,5.02532,-60,8.60256376169247,9.11655115780346,0.633,0.627658241608635
34.1773159503937,1,5.06214,-59,8.60417830029202,9.11392659967938,0.633,0.62772292266193
34.3474519252777,1,5.20326,-60,8.60577571037813,9.1117039941833,0.633,0.628275022831797
34.5315699577332,1,5.11122,-59,8.60753374000137,9.10930110850581,0.633,0.628939003894519
34.7320129871368,1,5.22781,-60,8.60944764695965,9.10668516873019,0.633,0.629661857457006
34.8649158477783,1,5.16031,-60,8.61071665447023,9.10495068147722,0.633,0.630141142302008
35.0179719924927,1,5.17872,-60,8.61213353421591,9.10300534455267,0.633,0.630320410792804
35.2604219913483,1,5.33212,-60,8.61429641554123,9.10001927705129,0.633,0.629922376065324
35.368549823761,1,5.3812,-60,8.61526101719343,9.09868755088967,0.633,0.629744860567239
35.499039888382,1,5.39348,-59,8.61642511092509,9.09708040655865,0.633,0.629530632571548
35.7250328063965,1,5.50392,-60,8.61846347126221,9.09426970664826,0.633,0.629148606246921
35.9155349731445,1,5.25235,-60,8.62032000566274,9.09173092121802,0.633,0.628758277497956
36.1116518974304,1,5.36893,-60,8.62223125855125,9.089117309003,0.633,0.628356444411151
36.275545835495,1,5.46711,-59,8.62382848308287,9.08693312627602,0.633,0.62802063449938
36.3520469665527,1,5.66346,-60,8.62457402306235,9.08591361053905,0.633,0.627863887774186
36.4964199066162,1,5.47938,-60,8.62597669784315,9.08399391351317,0.633,0.627513397163908
36.7575299739838,1,5.64505,-60,8.62849755899113,9.08053806820189,0.633,0.626676586337753
36.8709728717804,1,5.57142,-60,8.62959278215296,9.07903662817547,0.633,0.626313022243945
37.0950298309326,1,5.63278,-61,8.63175591775687,9.07607118835328,0.633,0.625594959968583
37.1990168094635,1,5.76777,-60,8.63278299775159,9.07471112182713,0.633,0.625164670322775
37.4124989509583,1,5.66346,-60,8.63505160649967,9.07203110734754,0.633,0.623610438241353
37.5379688739777,1,5.72482,-60,8.63638493659927,9.07045598163402,0.633,0.622696968954204
37.7315399646759,1,5.90889,-61,8.63844195676338,9.06802592672512,0.633,0.621287696979075
37.8826959133148,1,5.9273,-59,8.64004824431983,9.06612834349782,0.633,0.620187223548242
38.044734954834,1,5.93344,-60,8.6417640526224,9.06381409191226,0.633,0.620578524133302
38.1489698886871,1,5.98866,-60,8.64286725808789,9.06230149379356,0.633,0.620964358753133
38.3505058288574,1,5.9948,-61,8.64500028146565,9.0593769187717,0.633,0.621710361460513
38.4639089107513,1,5.93957,-60,8.6462005211082,9.05773127769931,0.633,0.622130132772998
38.6236729621887,1,5.93344,-60,8.64789143765814,9.05541287258591,0.633,0.622721513222626
38.78595495224,1,6.20955,-61,8.64944877050745,9.05328223756967,0.633,0.623076934304524
39.1790409088135,1,6.24637,-61,8.65321209052791,9.04813380670834,0.633,0.623924203992465
39.3316299915314,1,6.27705,-60,8.65467294543838,9.04613527603221,0.633,0.624253099243836
39.3798589706421,1,6.27091,-61,8.6551346835003,9.04550361006054,0.633,0.624356700990477
39.6281328201294,1,0.13499,-60,8.65751375543574,9.04225772030327,0.633,0.624712782268363
39.7966749668121,1,0.13499,-60,8.65912880225577,9.04005422916349,0.633,0.624954510114822
39.9502348899841,1,0.147262,-61,8.66060028265687,9.03804661304613,0.633,0.625174750038551
40.1084728240967,1,0.19635,-60,8.66211658986742,9.03597783741548,0.633,0.625401699296015
40.2675869464874,1,0.257709,-60,8.66374284746951,9.0337484274235,0.633,0.62517394977798
40.313013792038,1,0.325204,-60,8.66422830911741,9.03308083995891,0.633,0.625013890399831
40.5934000015259,1,0.33134,-60,8.66722470364265,9.02896031791011,0.633,0.624025962627424
40.814279794693,1,0.527689,-60,8.66958517281191,9.02571429500641,0.633,0.623247702946136
40.9839458465576,1,0.546097,-59,8.67138614658457,9.02300044442368,0.633,0.622672370681752
41.1504650115967,1,0.595185,-60,8.67313949131322,9.02007968282507,0.633,0.622133938490397
41.3428719043732,1,0.668816,-60,8.6751654179453,9.01670484808099,0.633,0.62151179950186
41.5373139381409,1,0.717903,-60,8.67721277336445,9.01329431677517,0.633,0.620883079976942
41.7812368869781,1,0.96334,-60,8.67969795348026,9.00956215702004,0.633,0.620466472664876
41.9832990169525,1,0.920388,-59,8.6816905682732,9.0069044096356,0.633,0.620416935593208
42.1928520202637,1,1.0247,-59,8.68375705353868,9.00414813389743,0.633,0.620365562076832
42.3004739284515,1,1.06765,-59,8.6848183558536,9.0027325700556,0.633,0.620339177745539
42.5871589183807,1,1.07992,-59,8.68779462096759,8.99876477699379,0.633,0.620168968403677
42.7696528434753,1,1.19651,-59,8.68972744496757,8.99618851613556,0.633,0.620035002839049
43.0828628540039,1,4.424,-60,8.69304470511784,8.99176694051263,0.633,0.619805080906657
43.2238168716431,1,1.3315,-59,8.69432687972596,8.99005341313245,0.633,0.620130450799869
43.3754408359528,1,1.49103,-59,8.69565486834827,8.9882773797166,0.633,0.620584752074765
43.6719658374786,1,1.5708,-59,8.69825196327353,8.98480406127552,0.633,0.621473211144183
43.8967969417572,1,1.58307,-59,8.70025541788731,8.98211764715294,0.633,0.622194936382615
44.0147638320923,1,1.84078,-58,8.70139893459912,8.98056573161549,0.633,0.622703078767602
44.2901740074158,1,1.67511,-59,8.70406863401384,8.97694256812407,0.633,0.623889408109174
44.4743528366089,1,1.84078,-59,8.70585397877071,8.97451960023975,0.633,0.624682758423524
44.6911988258362,1,1.90827,-58,8.70736406987072,8.97334562476293,0.633,0.626207883573931
44.8852508068085,1,1.90827,-58,8.70781027077164,8.97486219198684,0.633,0.628476544339502
45.1466159820557,1,2.06781,-59,8.70841125085996,8.97690482951245,0.633,0.631532163331892
45.2929949760437,1,2.08008,-58,8.708747833041,8.97804881981567,0.633,0.633243479438537
45.4407179355621,1,2.10462,-58,8.70954012108733,8.97774748323478,0.633,0.633919015488011
45.707624912262,1,2.19666,-58,8.71171875588718,8.97479991850557,0.633,0.633403903632556
45.8562009334564,1,2.32551,-59,8.71293151133554,8.9731591317225,0.633,0.633117162270829
46.1390500068665,1,2.35619,-58,8.7152872212574,8.96997088866582,0.633,0.632584314926876
46.3723669052124,1,2.57095,-58,8.71761687943961,8.96680898018127,0.633,0.632252057470268
46.5362558364868,1,2.50346,-58,8.71925330265809,8.96458795887508,0.633,0.63201866966228
46.7323479652405,1,2.67526,-58,8.72121127327856,8.96193052012952,0.633,0.631739422542065
47.0124328136444,1,2.72435,-58,8.72403412317507,8.95809906378819,0.633,0.631073394640996
47.1623919010162,1,2.82252,-58,8.72555417523955,8.95603584094522,0.633,0.630628325048745
47.294075012207,1,2.9207,-58,8.72688897387385,8.95422406942939,0.633,0.630237497459492
47.587415933609,1,2.95751,-58,8.72984275563516,8.95021351504296,0.633,0.629459648495704
47.7880718708038,1,3.0741,-58,8.73169697088925,8.94768503969648,0.633,0.629712496030352
48.0263288021088,1,3.16614,-58,8.73389864826094,8.94468275237145,0.633,0.630012724762855
48.1669328212738,1,3.19682,-58,8.73519793758557,8.94291099420149,0.633,0.630189900579851
48.4171528816223,1,3.27658,-58,8.73713397574359,8.94050765128499,0.633,0.631492271799043
48.6273558139801,1,3.38089,-58,8.7384465695251,8.93911406767442,0.633,0.633409775821136
48.7230780124664,1,3.3993,-58,8.73904429840108,8.93847945765503,0.633,0.634282968685489
48.9479088783264,1,3.44225,-57,8.74044823503083,8.93698889514812,0.633,0.636333911004616
49.1931829452515,1,3.51588,-58,8.74223622032798,8.9347754222875,0.633,0.637391029177262
49.3884580135345,1,3.57724,-58,8.7437918326537,8.9327105171096,0.633,0.637624497088707
49.488440990448,1,3.59565,-58,8.74458832322782,8.93165326300878,0.633,0.637744035220253
49.7003688812256,1,3.58952,-57,8.74627659629799,8.92941226520575,0.633,0.637997412993831
49.8357698917389,1,3.6386,-57,8.74737549649997,8.92795410274495,0.633,0.638121800459814
50.1710758209229,1,3.74291,-58,8.75044680515477,8.92388729724419,0.633,0.637782081580991
50.2748229503632,1,3.74905,-58,8.75139709988214,8.92262898547583,0.633,0.637676969039199
50.4392449855804,1,3.79814,-59,8.75290315979892,8.92063476951044,0.633,0.637510383051311
50.8662719726563,1,3.93926,-58,8.75725923300009,8.9148417710296,0.633,0.636091449300223
51.0764977931976,1,3.98221,-58,8.75950023819547,8.91185665945797,0.633,0.635178833230993
51.2312178611755,1,3.99449,-58,8.7611495526102,8.90965970446884,0.633,0.63450717444091
51.4666478633881,1,4.01903,-58,8.7635238368869,8.90647844501801,0.633,0.633804218821636
51.5526058673859,1,4.00676,-58,8.76437195151135,8.90533934545965,0.633,0.633591776162568
51.7316038608551,1,4.14175,-58,8.766138055992,8.90296729718229,0.633,0.633149387927247
51.9587829113007,1,4.15402,-58,8.76837954446417,8.89995676245607,0.633,0.632587921637706
52.1944019794464,1,4.22765,-58,8.76990589350059,8.89747534615207,0.633,0.632873021681312
52.4389228820801,1,4.2706,-58,8.77118159307579,8.89514769535648,0.633,0.633503858460775
52.598475933075,1,4.30742,-58,8.77201400354534,8.89362887311231,0.633,0.633915487617052
52.783077955246,1,4.36878,-58,8.77311521289349,8.8917688065928,0.633,0.634383125554938
52.8465669155121,1,4.32583,-58,8.77375744656564,8.89093296462905,0.633,0.634527521518675
53.1637589931488,1,4.424,-58,8.77696605845567,8.88675708195676,0.633,0.635248926555837
53.2049338817596,1,4.45468,-59,8.77738257023664,8.88621500819135,0.633,0.635342572564494
53.509624004364,1,4.50377,-59,8.78044914898418,8.88222260442887,0.633,0.636042506313905
53.6259279251099,1,4.50377,-58,8.78145074097311,8.88090366103696,0.633,0.636385245829129
53.894758939743,1,4.68171,-59,8.78376587350609,8.87785498573849,0.633,0.637177472015842
54.0704398155212,1,4.5774,-59,8.78527881096048,8.87586267861155,0.633,0.63769519126221
54.1447098255157,1,4.54672,-59,8.78591841319015,8.87502042034311,0.633,0.637914059784078
54.4376058578491,1,4.63262,-59,8.78855846798672,8.87153613091668,0.633,0.638180671300636
54.462005853653,1,4.62035,-59,8.7887839483042,8.87123819798999,0.633,0.638174758128045
54.8169519901276,1,4.79829,-59,8.79206400491503,8.86690417506183,0.633,0.638088739352372
54.8465509414673,1,4.79216,-59,8.7923375287713,8.8665427609751,0.633,0.638081566248361
55.1048529148102,1,4.90874,-59,8.79485771020744,8.86319376092328,0.633,0.637808581558136
55.3280348777771,1,4.89647,-59,8.79720797441354,8.86004719986859,0.633,0.637299902377245
55.5254008769989,1,4.90874,-59,8.79928637822945,8.85726460866626,0.633,0.636850063270692
55.5742948055267,1,4.83511,-59,8.79980126594075,8.85657527100979,0.633,0.636738623604227
55.8230469226837,1,5.02532,-59,8.80220121767962,8.85345837141442,0.633,0.636225431329446
56.0319428443909,1,5.02532,-60,8.80374898101271,8.85167182674927,0.633,0.635908974142384
56.2419719696045,1,5.01305,-59,8.80530514054052,8.84987559056568,0.633,0.635590800261232
56.4364249706268,1,4.9701,-60,8.80674589257881,8.84821256637278,0.633,0.635296222706935
56.5967228412628,1,5.11736,-60,8.80830803554003,8.84616969339017,0.633,0.634768107544553
56.7971189022064,1,5.1419,-60,8.81042926566628,8.84331375148166,0.633,0.63397965030895
56.8959279060364,1,5.1419,-61,8.81147517762024,8.84190557622288,0.633,0.63359088680908
57.153951883316,1,5.24621,-60,8.81420641011714,8.83822835079917,0.633,0.632575692843254
57.3187398910522,1,5.26462,-61,8.81586843799964,8.83598771239443,0.633,0.632963204463233
57.4786088466644,1,5.28303,-61,8.81746600309529,8.83383342006847,0.633,0.63352609310162
57.6155579090118,1,5.27076,-61,8.81883453046855,8.8319879816409,0.633,0.63400828222294
57.6879148483276,1,5.33825,-61,8.81955759092914,8.83101294556525,0.633,0.634263046500928
57.9595990180969,1,5.36893,-62,8.82216725095227,8.82748803026435,0.633,0.635209500769373
67.3015468120575,1,0.362019,-65,8.91353867539512,8.70338251591184,0.633,0.633815756630003
67.5073988437653,1,3.82882,-63,8.91496696586079,8.70132638858412,0.633,0.633837249729483
67.7691519260406,1,3.51588,-63,8.91688502973474,8.69882064724503,0.633,0.63457058467678
68.0000238418579,1,3.72451,-62,8.91857680381966,8.69661052884462,0.633,0.635217402061876
68.2701528072357,1,3.72451,-62,8.92069086950297,8.69383959790857,0.633,0.635969178415859
68.4630329608917,1,3.74905,-62,8.92263836787804,8.69125916256159,0.633,0.636489621731619
68.7647798061371,1,3.8595,-61,8.92568508616222,8.68722226083505,0.633,0.637303817104668
68.8383519649506,1,3.82882,-61,8.92642793946789,8.68623798020505,0.633,0.637502334876221
69.1990518569946,1,3.99449,-61,8.92992938326595,8.68162480957202,0.633,0.638335364926557
69.5050029754639,1,4.01903,-60,8.93282731516601,8.67782076375391,0.633,0.638970052828613
69.7581868171692,1,3.99449,-60,8.93519763815447,8.67470677693741,0.633,0.639431097889216
70.001916885376,1,4.07425,-59,8.93730898938567,8.6719173765032,0.633,0.63948144807756
70.3569178581238,1,4.01289,-59,8.94038424286752,8.66785452174419,0.633,0.639554784806062
70.5598118305206,1,4.09266,-59,8.94173477049188,8.66601975505453,0.633,0.638446022431527
70.9155828952789,1,4.13561,-58,8.94349865210874,8.66352582243514,0.633,0.634793807550398
71.0793669223785,1,4.16629,-58,8.9443106788955,8.66237770678387,0.633,0.633112460975822
71.5330629348755,1,4.21538,-57,8.94848700918962,8.65678083901216,0.633,0.631579197829287
71.7324290275574,1,4.28901,-57,8.95055149414354,8.6540338796933,0.633,0.631277202922804
72.0514769554138,1,4.30128,-57,8.95370169395391,8.64980733230068,0.633,0.631540784381004
72.2594377994537,1,4.35037,-57,8.95567193261166,8.64714407364994,0.633,0.632116678267739
72.5428948402405,1,4.37491,-57,8.95835742863447,8.64351397001446,0.633,0.632901639387196
72.8122248649597,1,4.46082,-56,8.96093478833767,8.64005927872208,0.633,0.633857109045224
73.0328869819641,1,4.43014,-56,8.96305251215223,8.63722754472614,0.633,0.634689614533301
73.2949869632721,1,4.52831,-56,8.96556792068609,8.63386404292764,0.633,0.6356784551908
73.5610029697418,1,4.56513,-56,8.96772730622155,8.63096407578655,0.633,0.636151350288726
73.879772901535,1,4.62035,-56,8.97024439714554,8.62758107162733,0.633,0.63662293342811
74.0570228099823,1,4.70012,-56,8.97164400887591,8.62569997457993,0.633,0.636885154108118
74.3070390224457,1,4.70012,-56,8.97461497917282,8.62111580081113,0.633,0.635953998025012
74.571259021759,1,4.7308,-56,8.97786429941699,8.61605895826663,0.633,0.63482693402257
74.7737958431244,1,4.77988,-56,8.98035505331739,8.61218265511861,0.633,0.633962987458634
74.9984529018402,1,4.87806,-56,8.98253611198365,8.60908076824754,0.633,0.633243733331078
75.3483819961548,1,4.91487,-55,8.98561701919732,8.60490057019706,0.633,0.632253407287748
75.6391608715057,1,4.98237,-55,8.98818904926416,8.60139839847247,0.633,0.631639689329202
75.9263319969177,1,5.04373,-55,8.99075937898211,8.59786716087535,0.633,0.631564556614369
76.1178359985352,1,5.08054,-55,8.99247343858945,8.59551230667634,0.633,0.631514453333539
76.461208820343,1,5.18486,-55,8.99564892235887,8.59116847719015,0.633,0.631495162328545
76.7660868167877,1,5.22167,-55,8.99855335268536,8.58721056129727,0.633,0.631536714149689
76.9785678386688,1,5.27076,-55,9.00057756017475,8.58445213981967,0.633,0.631565673187471
77.2074368000031,1,5.26462,-55,9.00252611979091,8.58177953885172,0.633,0.632091927614724
77.5349779129028,1,5.33825,-55,9.0052613411008,8.57802351724436,0.633,0.632959171628132
77.6074910163879,1,5.40575,-55,9.00586688152943,8.57719198565098,0.633,0.63315116754075
77.9684338569641,1,5.48552,-55,9.00874455143885,8.57343267259217,0.633,0.634220925105114
78.2849638462067,1,5.51006,-55,9.01117941529907,8.57038277391604,0.633,0.635233205011015
78.3465468883514,1,5.54074,-55,9.01165313446887,8.56978939557878,0.633,0.635430150887318
78.771919965744,1,5.65119,-55,9.01542043965752,8.56475018468781,0.633,0.636624560096667
78.8830149173737,1,5.63278,-55,9.01648711166044,8.56327688872672,0.633,0.63690876733503
79.274454832077,1,5.71868,-54,9.02024550024351,8.55808577214688,0.633,0.637910163487701
79.4659860134125,1,5.78004,-55,9.02205165472408,8.55563334952668,0.633,0.637494322671306
79.7290899753571,1,5.79231,-54,9.0245291885327,8.55227398165057,0.633,0.636824898635161
79.9891037940979,1,5.78618,-54,9.02697762382755,8.54895406938637,0.633,0.636163336951679
80.3371188640594,1,5.92117,-54,9.03064583764416,8.5439237097255,0.633,0.635568681109308
80.5581719875336,1,5.98866,-54,9.03301870217701,8.5406641763978,0.633,0.635222848725265
80.6936860084534,1,5.95798,-54,9.0344733589079,8.53866595777678,0.633,0.635010840244274
81.1034269332886,1,6.13592,-54,9.03801634481566,8.53377511344228,0.633,0.634321041973804
81.2197599411011,1,6.14819,-55,9.0389906492543,8.53242905532276,0.633,0.634123392933468
81.5172250270844,1,6.17887,-55,9.0414742941742,8.52896920835169,0.633,0.633714979602074
82.0333847999573,1,0.0613592,-54,9.04564087722491,8.52263060756075,0.633,0.634815894476291
82.398500919342,1,0.16567,-54,9.04877358962859,8.51812324751945,0.633,0.635136658750658
82.6356089115143,1,0.19635,-54,9.05093261697762,8.51518026880504,0.633,0.635037084282877
82.8940098285675,1,0.239301,-54,9.05328553069351,8.51197300281748,0.633,0.634928567764501
83.2276339530945,1,0.319068,-54,9.0560778507397,8.50820289284324,0.633,0.635116442912712
83.4098148345947,1,0.362019,-53,9.05756364423469,8.50620305704905,0.633,0.635271125047498
83.7549378871918,1,0.411107,-53,9.06037188483584,8.50242324622783,0.633,0.635559105523889
84.1418089866638,1,0.460194,-53,9.06326750552702,8.49852587035778,0.633,0.635684200324834
84.2468140125275,1,0.490874,-53,9.06405343842814,8.4974680398437,0.633,0.635718153708342
84.6467158794403,1,0.570641,-53,9.06731604324359,8.49308045621575,0.633,0.635516343578295
84.9421248435974,1,0.613592,-53,9.07016320459919,8.48925712525252,0.633,0.634830177691596
85.179004907608,1,0.717903,-53,9.07244626248163,8.48619130466753,0.633,0.634279960741928
85.5482709407806,1,0.760854,-53,9.07649914610948,8.48197292616359,0.633,0.633957784459717
86.0514748096466,1,0.82835,-53,9.08208516634878,8.47620205787609,0.633,0.633748217498627
86.4285960197449,1,0.914253,-53,9.08589716549249,8.47106572660481,0.633,0.633846373879847
86.6380789279938,1,0.920388,-53,9.08801465092021,8.4682126025067,0.633,0.633900897687182
86.9706799983978,1,0.975612,-53,9.09149210304561,8.46348144643586,0.633,0.634079924056331
87.2344748973846,1,1.03084,-53,9.09427109173067,8.45969257689531,0.633,0.634238671514549
87.6110999584198,1,1.05538,-53,9.09778536223152,8.45489948015767,0.633,0.634701219543708
87.8558328151703,1,1.1106,-52,9.09976375461275,8.45219983399521,0.633,0.635160597536146
88.1675138473511,1,1.14128,-52,9.10228737938719,8.44875792609099,0.633,0.635744202711235
88.3161067962646,1,1.17196,-52,9.10352784312549,8.4470822119182,0.633,0.636009111952956
88.8285138607025,1,1.18423,-53,9.10780545109635,8.44130368886984,0.633,0.636922623447849
89.1717689037323,1,1.20878,-53,9.11073499203814,8.43769043592316,0.633,0.636894829238883
89.44517993927,1,1.28854,-52,9.11308265588306,8.43486959952035,0.633,0.636730674759184
89.8326427936554,1,1.31309,-53,9.11656297393297,8.43047012361399,0.633,0.636403092194339
90.3005769252777,1,1.34377,-53,9.12098370865607,8.42458655101605,0.633,0.635872732911962
90.4575519561768,1,1.3499,-53,9.12259472821782,8.4224340075196,0.633,0.635566994017079
90.8422868251801,1,1.38058,-53,9.12686977339749,8.41670216255752,0.633,0.634491610904969
91.2614779472351,1,1.39285,-53,9.13112724569432,8.41099612568746,0.633,0.634201715912824
91.4335889816284,1,1.39899,-52,9.13259384392077,8.40903225899984,0.633,0.634702421713576
91.7709748744965,1,1.44194,-53,9.13546878772584,8.40518252956087,0.633,0.635683945497025
92.1454420089722,1,1.43581,-53,9.1383043404879,8.40139490664563,0.633,0.636708224058683
92.4548759460449,1,1.44194,-53,9.14055859578225,8.3983863920184,0.633,0.63753833546008
92.4953420162201,1,1.45421,-53,9.14085339490415,8.39799295500505,0.633,0.637646892868295
92.8991730213165,1,1.40513,-53,9.14476322266428,8.39222258288277,0.633,0.637808242963038
93.1164898872375,1,1.44808,-53,9.14701397624326,8.38883777351592,0.633,0.637755301072941
93.8940758705139,1,1.43581,-53,9.15470278797933,8.37819217736092,0.633,0.637172366935352
94.0823378562927,1,1.44194,-52,9.15652976444511,8.37575370259933,0.633,0.636993929727721
94.582582950592,1,1.36217,-52,9.16163729859989,8.36888822155425,0.633,0.637604721469494
94.7061409950256,1,1.38672,-52,9.16289935619647,8.36719168511294,0.633,0.637757823538588
95.1671099662781,1,1.38058,-52,9.16763844211081,8.36079897933298,0.633,0.636566397341951
95.5587530136108,1,1.35604,-52,9.17167820538855,8.355339990782,0.633,0.634782866998583
95.9001889228821,1,1.36217,-52,9.17448870984287,8.35149020924126,0.633,0.634829863431086
96.1510908603668,1,1.31922,-52,9.17654618801054,8.3486711969466,0.633,0.63488196839767
96.4656000137329,1,1.3315,-51,9.17899553485622,8.34510636122792,0.633,0.635680333197969
96.6806979179382,1,1.3499,-52,9.18057416095472,8.34264512616629,0.633,0.636771747301713
97.1104588508606,1,1.30695,-51,9.18384874234212,8.33765985835014,0.633,0.638821244201662
97.3590428829193,1,1.30695,-51,9.18610576519077,8.33457217166717,0.633,0.639611864082221
97.823145866394,1,1.30082,-51,9.19031184000142,8.32881975637815,0.633,0.640990041001508
98.105397939682,1,1.25173,-51,9.19280346324022,8.32542618807553,0.633,0.640990416811952
98.5008637905121,1,1.264,-50,9.19629449837276,8.32067142981809,0.633,0.640990943363254
98.7951078414917,1,1.22718,-50,9.19904550408587,8.31694017006132,0.633,0.64080772768195
99.1709108352661,1,1.21491,-50,9.20259217252976,8.31213290860211,0.633,0.640534098959975
99.4061548709869,1,1.17196,-50,9.20483752848456,8.30908064297561,0.633,0.640274356052638
99.8338849544525,1,1.15969,-50,9.20897102039158,8.30344406310239,0.633,0.639623587285457
100.071807861328,1,1.14128,-50,9.21125049507617,8.30036298930419,0.633,0.639302108149405
100.419689893723,1,1.09219,-50,9.21434688576115,8.29650738744165,0.633,0.639316994643082
100.795688867569,1,1.06765,-49,9.21772692010285,8.29224469348075,0.633,0.639373197233433
101.118348836899,1,1.04311,-49,9.22081996038473,8.28803620332711,0.633,0.639652726304884
101.665313005447,1,1.01856,-49,9.22618041733772,8.28075345535699,0.633,0.640600334749212
101.848802804947,1,1.00629,-49,9.22805122636231,8.278218338167,0.633,0.641211400568996
102.288997888565,1,0.957204,-49,9.23247151346382,8.27223353961773,0.633,0.642648285085226
102.613180875778,1,0.93266,-50,9.23543682706777,8.26824080749749,0.633,0.643582150045567
102.974234819412,1,0.889709,-49,9.23873940065443,8.26379396193572,0.633,0.644622228149762
103.375702857971,1,0.834486,-50,9.24213670498252,8.25921444201723,0.633,0.644714482795004
103.73802280426,1,0.791534,-50,9.24518533339174,8.25510458219974,0.633,0.644730401266128
104.141973018646,1,0.754719,-49,9.25062169049962,8.24783291088738,0.633,0.64415421475696
104.441293954849,1,0.717903,-49,9.254702658416,8.24237513157294,0.633,0.643711903789862
104.650125980377,1,0.681087,-49,9.25671913744117,8.23971850576071,0.633,0.643355121972666
105.154888868332,1,0.60132,-49,9.26116813901495,8.23388614276009,0.633,0.642468102283895
105.541898965836,1,0.546097,-49,9.2646226441059,8.22935729911475,0.633,0.642441777969559
106.006348848343,1,0.484738,-49,9.2687978908148,8.22387674859154,0.633,0.642942162630094
106.382645845413,1,0.454058,-49,9.27224443974341,8.21933311504756,0.633,0.644562241007297
106.519707918167,1,0.429515,-49,9.27349980756108,8.21767814613678,0.633,0.645152336868099
106.940364837646,1,0.362019,-49,9.27740903529946,8.21254639898891,0.633,0.646695058909122
107.466236829758,1,0.325204,-49,9.28284480271302,8.20552674585994,0.633,0.648329467115028
107.691982984543,1,0.282252,-49,9.28693522108051,8.2005587358956,0.633,0.648577116250576
108.133176803589,1,0.220893,-49,9.29492945381845,8.1908493555019,0.633,0.649061116821926
108.530652999878,1,0.153398,-49,9.29845292850614,8.18634030815484,0.633,0.648459637695062
108.92042183876,1,0.0859029,-49,9.30166165009233,8.18220261396544,0.633,0.647800318220464
109.166164875031,1,0.0552233,-49,9.30213151511077,8.18571111924693,0.633,0.647333031381596
109.332692861557,1,0.0368155,-49,9.30238452066392,8.18834623640645,0.633,0.647014201502328
109.773636817932,1,6.24023,-49,9.30359426762438,8.19348133743279,0.633,0.646309369430235
110.121695995331,1,6.18501,-49,9.30714555816742,8.18867365036604,0.633,0.646423418708771
110.433027982712,1,6.14206,-49,9.3103221166791,8.18437327023992,0.633,0.646525433512148
111.005926847458,1,6.05002,-48,9.315745780065,8.17697536517606,0.633,0.645278757381953
111.238792896271,1,6.00093,-48,9.31782207864101,8.17323089447217,0.633,0.645791795755918
111.512697935104,1,5.95798,-48,9.31997202464935,8.16698850737777,0.633,0.648975601765818
111.997924804688,1,5.86594,-48,9.32396172540822,8.15701330333244,0.633,0.653649644923879
112.485066890717,1,5.82299,-48,9.32859916169879,8.15078032952093,0.633,0.654969530637348
112.739794015884,1,5.78618,-48,9.33089989235261,8.14769213481245,0.633,0.655262724462407
112.972316980362,1,5.76777,-48,9.33282225446426,8.14511802318238,0.633,0.654961962987396
113.225826978683,1,5.73095,-48,9.33491812493792,8.14231157764922,0.633,0.654634055414067
113.703912973404,1,5.66346,-48,9.33860223782732,8.13735488790548,0.633,0.652798287809673
113.980489969254,1,5.59596,-48,9.34062881719988,8.13461843327248,0.633,0.651261369705478
114.41917681694,1,5.54687,-48,9.34421937959663,8.1297436496458,0.633,0.649402050664672
114.859134912491,1,5.43643,-48,9.3480424451327,8.12453919117435,0.633,0.647878883191188
115.106920957565,1,5.43029,-48,9.35026769190914,8.12178798729717,0.633,0.647540532863741
115.448168992996,1,5.33825,-48,9.35333648344295,8.11800956709321,0.633,0.647104886653658
115.866727828979,1,5.27689,-48,9.35727263690022,8.11278423751066,0.633,0.647138396786211
116.195729017258,1,5.19713,-48,9.36043995380893,8.10842507098001,0.633,0.647406797567216
116.575687885284,1,5.14804,-48,9.36355159094267,8.10415636644658,0.633,0.647982296441552
116.990435838699,1,5.08668,-48,9.36673293618894,8.09979843750062,0.633,0.648715091046751
117.142934799194,1,5.09282,-48,9.36788175985725,8.09821408225228,0.633,0.648796488157591
117.511802911758,1,5.03759,-48,9.37064700769008,8.09439347377866,0.633,0.648871581126263
117.943328857422,1,4.95169,-48,9.37435041803929,8.08933072450865,0.633,0.648516815460031
118.314057826996,1,4.89033,-48,9.3780262545754,8.08435549951958,0.633,0.647745087413067
118.637811899185,1,4.84738,-48,9.38114448746621,8.08002253749475,0.633,0.648281865878387
119.024334907532,1,4.77375,-48,9.38471932047651,8.07486860558639,0.633,0.650873234037504
119.560390949249,1,4.67557,-48,9.38906200737021,8.0687053034567,0.633,0.657293860504529
119.871454000473,1,4.63262,-48,9.39131954262427,8.06554889636754,0.633,0.662225643024687
120.099097013474,1,4.56513,-48,9.39307041271909,8.06318152240465,0.633,0.665539036570524
120.592044830322,1,4.47922,-48,9.39715149552599,8.05788661271789,0.633,0.671846343487352
121.073590993881,1,4.39946,-47,9.40132631815683,8.05250026327267,0.633,0.678829155437183
121.610178947449,1,4.30128,-47,9.40611774278888,8.04637201811766,0.633,0.687036591994162
122.024317026138,1,4.25219,-47,9.40992142010762,8.04162408990774,0.633,0.693256911424245
122.16401386261,1,4.23992,-47,9.41120447451804,8.04002252128884,0.633,0.695355146266534
122.617895841599,1,4.14175,-48,9.41552188548098,8.03464967312879,0.633,0.700608650514907
122.962216854095,1,4.08652,-48,9.41883635627665,8.03052910786208,0.633,0.704181545714525
123.293421983719,1,4.0313,-48,9.42192022706414,8.02686448113813,0.633,0.708923584312064
123.716210842133,1,3.96381,-48,9.42583587044159,8.02224660616502,0.633,0.715239174390862
123.987450838089,1,3.91472,-48,9.4282080542111,8.01947883241096,0.633,0.719806840401211
124.454268932343,1,3.82882,-48,9.43224454629931,8.01477963266647,0.633,0.727838254733748
125.06581401825,1,3.72451,-48,9.4376744447816,8.00855822858057,0.633,0.736600071174098
125.569280862808,1,3.64474,-48,9.44222202767287,8.00345178916123,0.633,0.74352641927243
125.940203905106,1,3.54043,-48,9.44561409075597,7.99970618710891,0.633,0.748582026532343
126.149567842484,1,3.49134,-49,9.4480087237377,7.99734127663133,0.633,0.751117407541902
126.490391016006,1,3.40544,-49,9.45375624944386,7.99252543717954,0.633,0.754018823183353
126.880941867828,1,3.30726,-49,9.46034236574929,7.9870069444647,0.633,0.757343568794237
127.257407903671,1,3.23363,-49,9.46392738458316,7.98305464186277,0.633,0.763294393695129
127.686054944992,1,3.12932,-50,9.46791281419089,7.97862956666772,0.633,0.770173352858412
128.123404026031,1,3.01887,-50,9.47171059939996,7.97447710324229,0.633,0.777521194183883
128.359972953796,1,2.93911,-50,9.47376488055371,7.97223097111872,0.633,0.781495755967853
128.619750022888,1,2.8532,-50,9.47604629596059,7.96981012869754,0.633,0.786089511596769
129.082736968994,1,2.76117,-50,9.48013309098843,7.96553257803191,0.633,0.794462528001055
129.353657960892,1,2.66913,-50,9.48267861766062,7.96288797546425,0.633,0.798788594591482
129.700778961182,1,2.57709,-50,9.48622226207373,7.95924036104392,0.633,0.803281398528926
129.978014945984,1,2.51573,-51,9.48905247329066,7.95632711184506,0.633,0.806869677322431
130.441339969635,1,2.40528,-51,9.49130389626512,7.95199078003355,0.633,0.812260674997801
130.718614816666,1,2.31324,-51,9.4924075252119,7.94944807261211,0.633,0.815427318541124
131.181526899338,1,2.17212,-51,9.49668077167275,7.94471975331897,0.633,0.822378683722105
131.521363973618,1,2.09849,-51,9.50068487088199,7.94107619270378,0.633,0.828075617671189
131.97128200531,1,2.00031,-51,9.5052595213862,7.93700136720866,0.633,0.835592443301657
132.339918851852,1,1.896,-51,9.50871059533885,7.93396902356226,0.633,0.841740876655703
132.999477863312,1,1.71806,-51,9.51516359303245,7.92839086110626,0.633,0.852772479894583
133.34544301033,1,1.62602,-51,9.51858663556056,7.9254475839083,0.633,0.858522821466099
133.617341995239,1,1.5708,-52,9.52129458481656,7.92316737876321,0.633,0.862570596891044
134.087968826294,1,1.43581,-51,9.52598174309129,7.91922059785873,0.633,0.869576844897816
134.509301900864,1,1.36831,-51,9.53241656523355,7.90955347290629,0.633,0.878438133634836
134.81290602684,1,1.25173,-51,9.53733210339185,7.90182380752134,0.633,0.885145749157577
134.959641933441,1,1.21491,-51,9.53970784827269,7.89808795757419,0.633,0.888387628831294
135.492226839066,1,1.09833,-51,9.54567778484724,7.89301583445819,0.633,0.895747615649922
135.724134922028,1,1.01243,-51,9.54823967834261,7.89092767953273,0.633,0.898889905058041
136.242878913879,1,0.920388,-51,9.55395408249008,7.88635581488249,0.633,0.906006248170878
136.509778022766,1,0.871301,-51,9.55689146029866,7.8840203330603,0.633,0.909682516000252
136.793054819107,1,0.822214,-51,9.55976597104472,7.88174543501888,0.633,0.91398148623555
137.245471000671,1,0.711767,-51,9.56350872787145,7.87882350348243,0.633,0.922232587250938
137.559386968613,1,0.644272,-51,9.5661056976084,7.876796076074,0.633,0.927957741362072
137.753337860107,1,0.582913,-51,9.56803172861603,7.87533634020118,0.633,0.931135494249046
138.296411991119,1,0.490874,-51,9.57353444537757,7.87117831886447,0.633,0.939910716327899
138.583057880402,1,0.460194,-51,9.57701933929477,7.87096787625549,0.633,0.944836554821227
138.873803853989,1,0.380427,-51,9.58130241457403,7.87331260195431,0.633,0.950212007809142
139.365800857544,1,0.312932,-51,9.58852476880938,7.87715951003827,0.633,0.959289919277551
139.738806009293,1,0.227029,-51,9.59275212275456,7.87414292315657,0.633,0.965270199462759
139.976462841034,1,0.141126,-51,9.59544554277987,7.87222093232717,0.633,0.969080480460432
140.749496936798,1,0.0245437,-51,9.60406876296645,7.86608232512023,0.633,0.979506921214558
140.923238992691,1,0.0122718,-51,9.60598882966239,7.86471745843276,0.633,0.981592776801917
141.577996015549,1,6.18501,-51,9.61343483358893,7.85958742824279,0.633,0.99073475287025
141.892459869385,1,6.09297,-51,9.61706897735315,7.85712734026047,0.633,0.995479159790082
142.229354858398,1,6.05616,-51,9.62089109648695,7.85457167785348,0.633,1.00044020657303
142.564146995544,1,6.00707,-51,9.62459023849597,7.8521431260112,0.633,1.00520087211195
142.811303853989,1,5.98253,-51,9.62732109211065,7.85035027254391,0.633,1.00871538457551
143.201915979385,1,5.91503,-51,9.62994686233912,7.84859313766087,0.633,1.0146957402098
143.764230966568,1,5.81686,-51,9.63028363550963,7.84825636449037,0.633,1.02417265539377
143.868381977081,1,5.79845,-51,9.63034601205449,7.84819398794551,0.633,1.02592795325254
144.759117841721,1,5.61437,-51,9.64022499177846,7.84200800676968,0.633,1.0412902808052
145.057467937469,1,5.5346,-52,9.6442313111946,7.83787401287374,0.633,1.04642438506807
145.308795928955,1,5.52233,-52,9.64786925441724,7.83200067426299,0.633,1.05070798860912
145.828619003296,1,5.43029,-52,9.65539363249822,7.81985281554165,0.633,1.05956778949641
146.050271987915,1,5.42416,-51,9.65802156276933,7.81778948900798,0.633,1.06246517856284
146.603587865829,1,5.26462,-51,9.66425086921399,7.81441503249674,0.633,1.06919617411713
146.775488853455,1,5.2094,-51,9.66618615423436,7.81336667579826,0.633,1.07128732101833
147.161552906036,1,5.16031,-51,9.6709457736212,7.81085758738651,0.633,1.07630482522697
147.578828811646,1,5.08054,-51,9.67611558904248,7.80813614471175,0.633,1.08174771057651
147.939505815506,1,5.01305,-51,9.67836203937188,7.81041866987264,0.633,1.08667499155973
148.482996940613,1,4.93942,-51,9.6800982657737,7.81729726127708,0.633,1.0942649535038
148.725342988968,1,4.91487,-51,9.68190842833953,7.81801234386781,0.633,1.0976932775102
149.218545913696,1,4.84124,-51,9.68753968363247,7.81504622106045,0.633,1.10475286869377
149.670104026794,1,4.74307,-51,9.69258242095891,7.81241176209107,0.633,1.11136532792287
150.066468000412,1,4.68785,-51,9.69684370524779,7.81021792293387,0.633,1.11738710042432
150.369692802429,1,4.66944,-51,9.7001036561284,7.80853960076441,0.633,1.12199385304585
150.653053998947,1,4.62035,-51,9.70368495798294,7.80676163649991,0.633,1.12704532777612
151.026575803757,1,4.57126,-51,9.70842879525116,7.80440893232818,0.633,1.13373623056576
151.394189834595,1,4.4915,-51,9.71328692315661,7.80206757392772,0.633,1.13988932346986
151.882094860077,1,4.40559,-51,9.72013972321082,7.79890474313347,0.633,1.14713174760742
152.268661975861,1,4.32583,-51,9.72593741293176,7.79539593046947,0.633,1.15125815606731
152.638357877731,1,4.22152,-51,9.73196150536128,7.7907344303752,0.633,1.15310588189653
153.035389900208,1,4.19084,-51,9.7383725298835,7.78603081054792,0.633,1.15571049181209
153.651141881943,1,4.06198,-51,9.74773979166206,7.78171246670097,0.633,1.16585172811599
153.771051883698,1,4.03744,-51,9.74956394880588,7.78087152321459,0.633,1.1678266071242
154.376500844955,1,3.93926,-51,9.75805448805415,7.77712339548842,0.633,1.17747370063332
154.7930560112,1,3.87177,-51,9.76357682012888,7.77470935562899,0.633,1.18414677830458
154.896245002747,1,3.85336,-51,9.76480720499763,7.77417719902073,0.633,1.18583173886375
155.265662908554,1,3.77973,-51,9.76921199852006,7.77227207157605,0.633,1.19186391915555
155.687572002411,1,3.71223,-51,9.77479487334588,7.76992304039714,0.633,1.19824830965994
156.195195913315,1,3.59565,-50,9.78242959662002,7.76680895777446,0.633,1.20509069238512
156.641654014587,1,3.50975,-50,9.78971004119482,7.7639995116988,0.633,1.21152657632238
156.929543972015,1,3.49134,-50,9.79457420218359,7.76216674043799,0.633,1.21580188114561
157.250959873199,1,3.45452,-50,9.79962516148625,7.76025283153653,0.633,1.22062927195683
157.577794790268,1,3.3993,-50,9.80373536641963,7.75866414974861,0.633,1.22568453887687
158.119125843048,1,3.28885,-50,9.81067131665063,7.75601541097209,0.633,1.23361068334937
158.526422977448,1,3.23363,-51,9.81613333193682,7.75398942580536,0.633,1.23872655041612
158.79012298584,1,3.21522,-51,9.81968018601255,7.75268558216169,0.633,1.2421339900618
159.217448949814,1,3.14159,-51,9.82559389737981,7.75069657013285,0.633,1.24915685558991
159.534894943237,1,3.12318,-51,9.82998699337225,7.74921900042574,0.633,1.25437390466299
159.946520805359,1,3.05569,-51,9.83544676502791,7.74737405865912,0.633,1.26171218896141
160.204374790192,1,3.05569,-50,9.83885441717549,7.74622208560073,0.633,1.266339388006
160.620585918427,1,3.0066,-50,9.84594213349511,7.74467723026831,0.633,1.2722807458494
161.045921802521,1,2.95751,-50,9.85423860515735,7.74330727127521,0.633,1.27733863445194
161.28270483017,1,2.9207,-50,9.85805171587599,7.74244975632374,0.633,1.28075037153927
161.544444799423,1,2.95138,-50,9.86163243780721,7.74142715964082,0.633,1.28499104404541
162.081445932388,1,2.8532,-50,9.86891748118668,7.73938218854531,0.633,1.29351326022571
162.385402917862,1,2.84093,-50,9.87293845154358,7.7383133230074,0.633,1.2980392989137
162.806825876236,1,2.76117,-50,9.87848864653666,7.73684629600751,0.633,1.304352099599
163.14332485199,1,2.74276,-50,9.88284221647188,7.73572207167239,0.633,1.30951188618889
163.42157292366,1,2.73049,-50,9.88644214552559,7.73479246036325,0.633,1.31377846877106
163.707576990128,1,2.68753,-50,9.88989954837517,7.73394676484019,0.633,1.31866073381857
164.061558008194,1,2.63845,-50,9.89411249774822,7.73293000324908,0.633,1.32483881433857
164.514642000198,1,2.58322,-50,9.89794539473008,7.73224881462566,0.633,1.33258851709795
164.744530916214,1,2.54641,-50,9.89932896822439,7.73212637449342,0.633,1.33646374728336
165.192641019821,1,2.50346,-50,9.90333745984763,7.73145815373232,0.633,1.3432142194559
165.603896856308,1,2.4421,-50,9.90862104234746,7.73031930900697,0.633,1.34842662416039
166.004462957382,1,2.40528,-50,9.91316694056995,7.72937279803931,0.633,1.35418413296427
166.180833816528,1,2.36847,-50,9.91501393878382,7.72899794600328,0.633,1.35689442677626
166.531911849976,1,2.35619,-50,9.91869646564852,7.72825130377121,0.633,1.36228258902856
166.851311922073,1,2.29484,-51,9.92253279112388,7.72753332037659,0.633,1.36662447677586
167.45609498024,1,2.18439,-50,9.92985625773277,7.726173249669,0.633,1.37546671109667
167.726200819016,1,2.14757,-50,9.93319153741791,7.72556519975876,0.633,1.38009004917153
167.942674875259,1,2.11076,-50,9.93586456931319,7.72507788326437,0.633,1.38379538464665
168.252952814102,1,2.08621,-50,9.94103302114612,7.72400062561247,0.633,1.38964653737672
168.721980810165,1,2.02485,-50,9.94964483429409,7.72214586962629,0.633,1.39881415282358
169.20330786705,1,1.92054,-50,9.95522021229285,7.72129804117805,0.633,1.40622310284417
169.295414924622,1,1.93282,-50,9.95619881810168,7.72116437196356,0.633,1.40758677409658
169.691416978836,1,1.85918,-50,9.96080027579786,7.72052937323412,0.633,1.41168999418637
170.231328010559,1,1.77328,-51,9.96787725553288,7.71954067753585,0.633,1.41369712079189
170.387377023697,1,1.73033,-51,9.96994540009927,7.71924734788167,0.633,1.41282255625573
170.856686830521,1,1.66897,-51,9.9761799640301,7.718360265639,0.633,1.40924923905289
171.119239807129,1,1.61988,-51,9.97937448002701,7.71788725567412,0.633,1.40776672401277
171.516970872879,1,1.5033,-52,9.98358752522958,7.71722036660939,0.633,1.40662348561609
171.993994951248,1,1.40513,-52,9.98898554564943,7.71526029948141,0.633,1.40364648726314
172.337726831436,1,1.30695,-52,9.99313719674519,7.71296705008893,0.633,1.40028213935202
172.605371952057,1,1.22105,-52,9.99659718692147,7.71159313338268,0.633,1.39739647888073
172.918948888779,1,1.15355,-52,10.0011534581296,7.71089349742466,0.633,1.39342755637814
173.289644002914,1,1.04311,-52,10.006606398843,7.71004108255226,0.633,1.38862916813613
173.738348007202,1,0.93266,-52,10.0137143661745,7.70881660078507,0.633,1.3820109935115
174.141413927078,1,0.760854,-53,10.0199174079285,7.70770264501742,0.633,1.37591326273878
174.362204790115,1,0.699495,-53,10.0231497245454,7.70707968945124,0.633,1.37243411467109
174.608892917633,1,0.619728,-53,10.026761169887,7.70638366543996,0.633,1.3685468862307
175.16526389122,1,0.447922,-52,10.0351333956981,7.70467253089435,0.633,1.36373427182266
175.428136825562,1,0.374291,-52,10.0391226082171,7.7038431946075,0.633,1.36204410546591
175.770456790924,1,0.263845,-53,10.0442064328909,7.70270402926,0.633,1.35999482582182
176.307788848877,1,0.0859029,-53,10.0521197461548,7.70092522956712,0.633,1.35719768197114
176.550958871841,1,0.0490874,-53,10.055613055317,7.70022344870863,0.633,1.35715089658058
176.93713092804,1,6.2341,-53,10.0611606897075,7.69910896858555,0.633,1.3570765979057
177.07660984993,1,6.1666,-53,10.0632538300342,7.69868852246813,0.633,1.35703296204892
177.606783866882,1,6.0132,-52,10.0717611839154,7.69697996223032,0.633,1.35676356250935
178.036438941956,1,5.86594,-52,10.0780555216278,7.69570181379767,0.633,1.35759900496999
178.300555944443,1,5.80458,-52,10.0816960412993,7.69495669808922,0.633,1.35851423842009
178.454387903214,1,5.76777,-52,10.0838164207778,7.69452271387819,0.633,1.35904730578432
179.015620946884,1,5.58369,-52,10.0919401511984,7.69284844152541,0.633,1.36017838150527
179.195645809174,1,5.57755,-52,10.0945707218506,7.69230558739992,0.633,1.3604892671278
179.71532201767,1,5.42416,-52,10.1041288212507,7.69041192134037,0.633,1.35887043661621
180.139516830444,1,5.30757,-51,10.1118221526757,7.6889177904226,0.633,1.35736938559626
180.342135906219,1,5.28917,-51,10.1145830580624,7.68841580762502,0.633,1.35725504507014
180.802879810333,1,5.17872,-51,10.1208988825785,7.68726198845146,0.633,1.35694646118218
181.058496952057,1,5.11122,-51,10.1247453704874,7.68650971072769,0.633,1.35633374629405
181.531792879105,1,4.98237,-51,10.1318745798823,7.68511490503183,0.633,1.35518494115956
181.762910842896,1,4.93942,-51,10.135719711873,7.6843366503169,0.633,1.35389297681066
182.063223838806,1,4.87806,-51,10.1407160483277,7.68332539181847,0.633,1.35221420776189
182.578593015671,1,4.7492,-51,10.149053140743,7.68158754237832,0.633,1.3470413206967
182.862976789474,1,4.68171,-51,10.1535596138978,7.68062762695835,0.633,1.34327859880238
183.339893817902,1,4.58967,-51,10.1580421904963,7.68153604764074,0.633,1.33832243329963
183.55280995369,1,4.5099,-51,10.1591194187754,7.68269832025763,0.633,1.33651665852656
183.967002868652,1,4.39946,-51,10.1629089481352,7.683486001168,0.633,1.3327273895115
184.425964832306,1,4.31355,-51,10.170057478838,7.68179357124947,0.633,1.32804724035053
184.569267988205,1,4.25833,-51,10.1722829711704,7.68126595738199,0.633,1.32658240594489
184.962245941162,1,4.20311,-51,10.1781932874355,7.67984329718368,0.633,1.32246087566448
185.286154985428,1,4.11107,-51,10.1830648199943,7.67867068049696,0.633,1.31906373614559
185.67234992981,1,4.02517,-52,10.1892580134358,7.67708689732772,0.633,1.31450687690632
186.120751857758,1,3.93926,-52,10.1964734114241,7.67523375695356,0.633,1.30921173352632
186.517848014832,1,3.82268,-52,10.2027661477132,7.67355569394316,0.633,1.30564584962922
186.771750926971,1,3.73064,-53,10.206789717422,7.6724827420208,0.633,1.3033658267942
187.031637907028,1,3.66928,-53,10.2115863413962,7.67141436681711,0.633,1.30245441178076
187.438705921173,1,3.57111,-53,10.2199326157771,7.66977762989307,0.633,1.30277417164341
188.042901992798,1,3.35021,-54,10.2304277441173,7.66719751633721,0.633,1.30315146009144
188.403567790985,1,3.23977,-54,10.2361461484193,7.66561182079498,0.633,1.30335855880939
188.720094919205,1,3.12932,-55,10.2412816810682,7.66418935976761,0.633,1.30374576166784
189.035342931747,1,3.03728,-55,10.2463964605503,7.66277264703806,0.633,1.30413139980339
189.321858882904,1,2.87775,-55,10.2509672609697,7.66150464973063,0.633,1.30425671155834
189.670509815216,1,2.7673,-55,10.2564510431207,7.65998137691093,0.633,1.30418272402139
189.968640804291,1,2.6139,-55,10.2611363849493,7.65867994626401,0.633,1.30412063833244
190.282425880432,1,2.52186,-56,10.2656013355879,7.65744620990335,0.633,1.30419897079979
190.817299842834,1,2.31938,-56,10.2729384467376,7.65550711649468,0.633,1.30439672817907
191.156505823135,1,2.08621,-56,10.2759097226782,7.65528427079913,0.633,1.30491670146869
191.620908975601,1,1.84078,-56,10.2806696147186,7.65462426451192,0.633,1.30550279150148
191.815062999725,1,1.79783,-57,10.2841068565622,7.65360601392068,0.633,1.30548470075494
192.191982984543,1,1.64443,-57,10.2907797295522,7.65162923801236,0.633,1.30544958037078
192.703282833099,1,1.42353,-57,10.2992338921512,7.64914333328678,0.633,1.30535299813572
193.048817873001,1,1.27627,-57,10.3048466482471,7.64749634139326,0.633,1.30527499930792
193.349207878113,1,1.08606,-57,10.3098465109413,7.64603238159639,0.633,1.30473901402709
193.676657915115,1,0.969476,-57,10.315296776251,7.64443654391372,0.633,1.3041547455859
194.029538869858,1,0.82835,-58,10.3212465679786,7.64270085226507,0.633,1.30413442651071
194.401309013367,1,0.521553,-57,10.3275564159326,7.64086357300787,0.633,1.30444527931432
194.717790842056,1,0.478602,-58,10.3318541038282,7.63970351606993,0.633,1.304662042027
195.289026021957,1,0.257709,-58,10.3364156431219,7.63881194248072,0.633,1.30491085326119
195.738942861557,1,0,-59,10.3419273508882,7.63732272885882,0.633,1.3054440791659
196.216719865799,1,6.06843,-58,10.348661265252,7.63538002436094,0.633,1.30616514433229
196.573336839676,1,5.90276,-58,10.354667814002,7.6336813029711,0.633,1.30624930488979
196.79109787941,1,5.7739,-58,10.3583525846651,7.63263970244505,0.633,1.30629282580313
197.144227981567,1,5.65732,-58,10.3637469750082,7.63110705368577,0.633,1.30558026675469
197.616541862488,1,5.39348,-58,10.370097159261,7.62929002076593,0.633,1.30346144290006
197.86589384079,1,5.30757,-58,10.3736686430109,7.62825954432958,0.633,1.30269821597296
198.065215826035,1,5.22167,-58,10.3766657709116,7.6273895815407,0.633,1.30231893341561
198.513955831528,1,5.04373,-58,10.3836089788215,7.62552228185235,0.633,1.30135593660985
198.751321792603,1,5.04373,-58,10.3885387782348,7.62512094561807,0.633,1.30014560765133
199.169270992279,1,4.85352,-58,10.3972190696718,7.62441428086647,0.633,1.29801448481776
199.689039945602,1,4.62035,-58,10.4044882910613,7.62261886224659,0.633,1.29829882910613
200.047513008118,1,4.50377,-57,10.4091743269894,7.62129549098911,0.633,1.29876743269894
200.485136985779,1,4.40559,-57,10.4155307392366,7.61948451501399,0.633,1.29912186356874
200.619416952133,1,4.39332,-57,10.417485513692,7.61892749078864,0.633,1.29922911668045
201.116942882538,1,4.23992,-58,10.4246545285557,7.6168236414333,0.633,1.30002461656128
201.518512010574,1,4.02517,-58,10.4303959944968,7.61510120165097,0.633,1.30090911266572
201.841629981995,1,3.9454,-58,10.4352501741728,7.61365729618007,0.633,1.30133844599025
202.116438865662,1,3.8595,-58,10.4394570018223,7.6124098803292,0.633,1.30160914620422
202.506088972092,1,3.55884,-59,10.4451259056359,7.61032021888037,0.633,1.30272694149829
202.820052862167,1,3.52202,-59,10.4492919668611,7.60820078579105,0.633,1.30462391500763
203.162284851074,1,3.50361,-58,10.4538129768732,7.60597248801991,0.633,1.3065436463325
203.538893938065,1,3.3993,-59,10.45850805501,7.60465968947293,0.633,1.30659834627196
203.942334890366,1,3.14159,-60,10.4635376383633,7.60325335937027,0.633,1.30665694335957
204.055339813232,1,3.12932,-60,10.4650572643246,7.60283953727139,0.633,1.30674122150062
204.558367967606,1,2.86548,-60,10.4719345987514,7.60097717945316,0.633,1.30718550947686
204.795001983643,1,2.7673,-59,10.4751790294149,7.60009807571071,0.633,1.3073902549336
205.24417090416,1,2.56482,-60,10.4821292462578,7.59816995103816,0.633,1.30741267498793
205.559182882309,1,2.36847,-60,10.4870035851896,7.59681771507642,0.633,1.3074283986619
205.892328023911,1,2.2887,-60,10.492670881048,7.59522894655862,0.633,1.30755826991747
206.201023817062,1,2.08621,-60,10.4979728489952,7.59374110749128,0.633,1.30768979160298
206.515060901642,1,2.0494,-60,10.5026987601953,7.59245542606865,0.633,1.30918902388223
206.615939855576,1,1.95736,-60,10.5040413647752,7.59210232106411,0.633,1.31002949434929
207.179221868515,1,1.74874,-60,10.5117321376942,7.59005768459316,0.633,1.31417850972542
207.501507997513,1,1.5708,-61,10.5167526672609,7.58865451094503,0.633,1.31481358526036
207.752986907959,1,1.4174,-61,10.5206701715892,7.58755961870968,0.633,1.31530913281641
208.067329883575,1,1.39285,-60,10.5258217052478,7.58612403279295,0.633,1.31526503124994
208.353585004807,1,1.22718,-60,10.5306085996705,7.58479156143502,0.633,1.31497567419903
208.674075841904,1,1.19651,-60,10.5359017254884,7.58331646888371,0.633,1.31468034932651
208.971373796463,1,1.04311,-61,10.5401692498451,7.5821104293916,0.633,1.31468406021726
209.240513801575,1,0.852893,-61,10.5440325846228,7.58101861738922,0.633,1.3146874196388
209.519160985947,1,0.779262,-61,10.5480500897926,7.57988561585301,0.633,1.31446921188976
209.805329799652,1,0.546097,-62,10.5522282922324,7.57871429072458,0.633,1.31359071804344
210.088365793228,1,0.398835,-62,10.5563607539902,7.57755578862496,0.633,1.31272184146872
210.151409864426,1,0.533825,-62,10.5572812277787,7.57729774127229,0.633,1.31252830595422
210.623108863831,1,0.19635,-61,10.5618336007812,7.57826914249518,0.633,1.31100548523318
211.012293815613,1,0.0490874,-63,10.5650898505242,7.57969187315211,0.633,1.30973304302593
211.283937931061,1,6.08684,-63,10.5744616720597,7.57406937773892,0.633,1.3047733949066
211.646438837051,1,5.89049,-63,10.5874505917608,7.56611668229367,0.633,1.29787816169724
211.828554868698,1,5.74322,-63,10.5929503828351,7.56302743178146,0.633,1.29572296876473
212.082528829575,1,5.65119,-63,10.5970753394065,7.56185080482503,0.633,1.29724108802748
212.400288820267,1,5.47324,-64,10.6022362864469,7.56037866583317,0.633,1.29914048574974
212.706996917725,1,5.24008,-63,10.6068926487616,7.5590260945613,0.633,1.30038843650777
212.923424005508,1,5.17258,-62,10.6100161380269,7.55810578075993,0.633,1.30097687957471
213.28426194191,1,5.01305,-63,10.6152237736902,7.55657138810915,0.633,1.30195796093627
213.541876792908,1,4.90874,-63,10.618962603226,7.5555233565994,0.633,1.30210522158872
213.807292938232,1,4.74307,-64,10.6228163844448,7.55444750934249,0.633,1.30221120057223
214.090350866318,1,4.58967,-63,10.6269263202807,7.55330015225498,0.633,1.30232422380772
214.15714597702,1,4.60194,-64,10.6276940667054,7.55309097262179,0.633,1.30231003882443
214.989660978317,1,4.21538,-63,10.6341180971011,7.55144338433485,0.633,1.30148107108101
215.210906982422,1,4.10493,-63,10.6375958635812,7.55047132009739,0.633,1.30156088867236
215.487536907196,1,3.93926,-63,10.6419442100458,7.54925592161834,0.633,1.30166068678794
215.653174877167,1,3.92085,-62,10.6445478737012,7.54852817628515,0.633,1.30172044300298
215.998878955841,1,3.77973,-64,10.6480774443614,7.54849953912394,0.633,1.3052982847528
216.284394025803,1,3.89018,-63,10.6506999695949,7.54870478022916,0.633,1.3087835827804
216.48331284523,1,3.57111,-63,10.65266856058,7.54872996212829,0.633,1.31099160984271
216.58931684494,1,3.53429,-63,10.6542488223562,7.5483010339319,0.633,1.3113415249503
217.006332874298,1,3.4852,-62,10.6604655169437,7.54661364540099,0.633,1.31271807875183
217.064446926117,1,3.35635,-63,10.6613318560913,7.54637849620378,0.633,1.31290991099165
217.473747968674,1,3.28885,-62,10.6678490205325,7.5446212007319,0.633,1.31420204367755
217.50221991539,1,3.27045,-63,10.6683183004224,7.54449508176147,0.633,1.314289667032
217.871430873871,1,3.01274,-62,10.6744037037037,7.54285962962963,0.633,1.31542592592593
218.113343000412,1,2.93297,-61,10.6775195812404,7.5419571998083,0.633,1.31563745154334
218.286999940872,1,3.01274,-62,10.6791890382489,7.541419504564,0.633,1.31544232020468
218.425006866455,1,2.76117,-62,10.6805157726053,7.54099219271933,0.633,1.31528724735782
218.807121992111,1,2.50346,-62,10.6843094379827,7.53978625527612,0.633,1.31490455857005
218.985110998154,1,2.49118,-62,10.6871072268548,7.53902907590677,0.633,1.31512660530593
219.1796438694,1,2.36233,-63,10.6901650668558,7.53820151762076,0.633,1.3153692910203
219.355618953705,1,2.29484,-62,10.692931199122,7.53745290563445,0.633,1.31558882532714
219.573216915131,1,2.20893,-62,10.6963515966432,7.53652722662276,0.633,1.31586028544787
219.73580789566,1,2.12303,-61,10.6987755151379,7.53587355678892,0.633,1.31574946909173
219.857100009918,1,2.08621,-61,10.7005731594581,7.53538897440695,0.633,1.31564161043252
220.185894966125,1,1.96963,-61,10.7054461587388,7.53407538329651,0.633,1.31534923047567
220.422722816467,1,1.82851,-61,10.7089994494328,7.53311860929752,0.633,1.31528917006567
220.572907924652,1,1.82237,-60,10.7113379281198,7.53249101758153,0.633,1.31554700233115
220.79861497879,1,1.73647,-60,10.7148523320575,7.53154783567004,0.633,1.31593448789352
220.988121986389,1,1.70579,-60,10.717803077998,7.53075592607576,0.633,1.31625982654849
221.159197807312,1,1.60761,-60,10.720537300057,7.53002299342477,0.633,1.31650949200228
221.407045841217,1,1.49103,-60,10.7248042310158,7.52888286947259,0.633,1.31668016924063
221.570027828217,1,1.57693,-60,10.7276101152307,7.52813313721035,0.633,1.31679240460923
221.807714939117,1,1.47262,-59,10.7317021165915,7.52703975444675,0.633,1.31695608466366
221.927753925323,1,1.42967,-59,10.7333563526725,7.52657558869222,0.633,1.31706859732092
222.229357004166,1,1.32536,-59,10.7370909383446,7.5254993855093,0.633,1.31738182063535
222.300649881363,1,1.38058,-59,10.7379737189804,7.52524499280995,0.633,1.31745586030158
222.723316907883,1,1.31922,-58,10.7437573024131,7.52361970237415,0.633,1.3178854245589
222.871267795563,1,1.23332,-58,10.7462160760161,7.52295831133521,0.633,1.31802837651256
223.060407876968,1,1.1781,-58,10.7493593666493,7.52211279052146,0.633,1.31821112596799
223.329833984375,1,1.16583,-58,10.7538369187022,7.52090836372896,0.633,1.31847144876175
223.551250934601,1,1.11674,-57,10.7571724149779,7.5200279248787,0.633,1.31842393917868
223.629463911057,1,1.06765,-58,10.7583239150449,7.51972541214921,0.633,1.31838685697313
224.004473924637,1,1.0247,-58,10.7638450456215,7.51827494564181,0.633,1.31820905785287
224.196318864822,1,1.00629,-58,10.7666759293957,7.51753100525914,0.633,1.31819923366371
224.436307907104,1,0.901981,-58,10.7702706176449,7.51658440402018,0.633,1.31886125541627
224.590983867645,1,0.82835,-57,10.7725874394985,7.51597430759873,0.633,1.31928793677431
224.82954788208,1,0.785398,-58,10.7761607828946,7.51503332717109,0.633,1.31994602751642
224.972247838974,1,0.859029,-57,10.7782982215598,7.51447046832258,0.633,1.3203396724706
225.129696846008,1,0.809942,-57,10.7808550820954,7.51380609752111,0.633,1.32031067938579
225.501963853836,1,0.656544,-57,10.7869007892483,7.51223520476088,0.633,1.32024130241846
225.715372800827,1,0.638136,-57,10.7903666026839,7.51133466143379,0.633,1.32020153078887
225.812874794006,1,0.576777,-57,10.7917958211819,7.51103251397622,0.633,1.32013699218106
226.206363916397,1,0.484738,-57,10.7975064604706,7.50985371228818,0.633,1.31985931889455
226.633761882782,1,0.417243,-57,10.8040512738652,7.5083356898512,0.633,1.31972039611479
226.829380989075,1,0.30066,-57,10.8073107955883,7.50745750465968,0.633,1.31978235396573
227.074081897736,1,0.404971,-57,10.8113881474511,7.50635897845531,0.633,1.31985985734824
227.321875810623,1,0.312932,-57,10.8151132127501,7.5053665316531,0.633,1.31986742551178
227.455574989319,1,0.239301,-58,10.8168949726292,7.50489881968482,0.633,1.31983144766806
227.749135017395,1,0.128854,-58,10.82080713937,7.50387187591539,0.633,1.31975245199349
227.944194793701,1,0.0981748,-58,10.8234066294106,7.50318950977972,0.633,1.31969996229075
228.189426898956,1,0.0368155,-58,10.8267357299789,7.50229030186288,0.633,1.31947225644805
228.350993871689,1,0.0368155,-59,10.8289361946688,7.50169303287562,0.633,1.31930329219508
228.574122905731,1,6.21569,-59,10.8319751051119,7.50086818575535,0.633,1.31906994728605
228.905959844589,1,6.19115,-59,10.8365188035251,7.49963270498368,0.633,1.3188248871945
229.088539838791,1,6.06229,-59,10.839048675099,7.49894211841891,0.633,1.31881577054018
229.328580856323,1,6.03775,-58,10.8423747401999,7.49803419254003,0.633,1.31880378472
229.591988801956,1,6.00707,-59,10.846024582982,7.49703788410491,0.633,1.3187906321334
229.735199928284,1,5.85981,-59,10.8459308883847,7.49704718621826,0.633,1.31858312044571
229.988113880157,1,5.80458,-59,10.8454095449571,7.49715797169662,0.633,1.31818233768575
230.219285011292,1,5.71254,-59,10.8449330210288,7.49725923303138,0.633,1.31781600991589
230.487404823303,1,5.58983,-59,10.846448884942,7.49684283349146,0.633,1.3174734252289
230.787497997284,1,5.57755,-60,10.8516554630782,7.49547094147464,0.633,1.31722962514158
231.040293931961,1,5.51619,-60,10.8560414401697,7.49431527132037,0.633,1.3170242500238
231.108897924423,1,5.56528,-60,10.8572274900172,7.49400260445555,0.633,1.31696734830807
231.395761966705,1,5.41802,-60,10.8615421066695,7.49284185802874,0.633,1.31655115962215
231.735134840012,1,5.31985,-61,10.8666464893549,7.49146864357177,0.633,1.31605878996488
231.958727836609,1,5.30757,-61,10.8697690874332,7.4906280143338,0.633,1.3160817181078
232.161780834198,1,5.1419,-61,10.8723367782043,7.48993608924178,0.633,1.3164898457988
232.273144006729,1,5.19099,-60,10.8737450124769,7.48955660716411,0.633,1.31671368093055
232.653831005096,1,5.06827,-62,10.8786841041112,7.48822959512552,0.633,1.31745730701739
232.877381801605,1,5.06827,-61,10.8821439036721,7.48731721249936,0.633,1.31779770665161
233.059564828873,1,5.00078,-61,10.8849634720548,7.48657366503071,0.633,1.31807511579894
233.311509847641,1,4.95169,-61,10.8888627167855,7.48554539646061,0.633,1.3184587511676
233.556036949158,1,4.93942,-63,10.8934087724175,7.48398724141113,0.633,1.3184504988116
233.706609964371,1,4.7492,-62,10.8965289382158,7.48279180439442,0.633,1.31828509243193
234.02219080925,1,4.79216,-62,10.9030683872492,7.48028632874066,0.633,1.31793842284462
