33.9712278842926,788.239896386093,919.376243821311,152.8,-63,2.93297530717959,2.93297530717959
34.0700030326843,788.394318396213,919.286426301218,152.8,-63,2.83479530717959,2.83479530717959
34.6343290805817,789.267942464663,918.882549827837,152.8,-62,2.58935530717959,2.58935530717959
34.8099100589752,789.539756550258,918.756890155364,152.8,-63,2.65071530717959,2.65071530717959
35.301598072052,790.119744123765,918.40518935256,152.8,-63,2.25801530717959,2.25801530717959
35.6678719520569,790.528449512942,918.143220850733,152.8,-62,2.14143530717959,2.14143530717959
35.9032590389252,790.838612652003,917.947230214745,152.8,-62,2.05553530717959,2.05553530717959
36.2199010848999,791.27931289939,917.669931494894,152.8,-62,1.96963530717959,1.96963530717959
36.5976550579071,791.805918537186,917.338524151329,152.8,-62,1.78555530717959,1.78555530717959
36.8765339851379,792.209014269874,917.083920082191,152.8,-62,1.77328530717959,1.77328530717959
37.2283129692078,792.717480824646,916.762761500325,152.8,-62,1.55852530717959,1.55852530717959
37.6260879039764,793.273775453555,916.413497438262,152.8,-61,1.42353530717959,1.42353530717959
37.9661459922791,793.732834159457,916.12720721644,152.8,-61,1.31922530717959,1.31922530717959
38.1861488819122,794.029825306805,915.941989813175,152.8,-61,1.15968530717959,1.15968530717959
38.7377090454102,794.520162248511,915.705655145408,152.8,-61,0.938795307179586,0.938795307179586
39.3846158981323,795.209209832062,915.330947976483,152.8,-61,0.650405307179586,0.650405307179586
39.7516388893127,795.712372673504,915.021110137585,152.8,-61,0.564505307179586,0.564505307179586
40.0685758590698,796.13396204632,914.761868782453,152.8,-61,0.417245307179586,0.417245307179586
40.2373189926147,796.34661757167,914.631448024865,152.8,-61,0.306795307179586,0.306795307179586
40.756078004837,797.000374367319,914.230501675474,152.8,-60,0.110445307179586,0.110445307179586
41.1114530563354,797.475629869431,913.936557231241,152.8,-61,6.21569010717959,-0.0674951999999998
41.3928730487823,797.854996907275,913.701663304554,152.8,-60,6.09297130717959,-0.190214
41.8095328807831,798.421989309345,913.34940360839,152.8,-60,5.82912730717959,-0.454058
42.1257309913635,798.858324084241,913.076973122872,152.8,-61,5.57755430717959,-0.705631
42.6737308502197,799.662535401576,912.555899730971,152.8,-61,5.49778730717959,-0.785398
42.8203599452972,799.903956711833,912.389733552799,152.8,-61,5.44256430717959,-0.840621
43.0981409549713,800.36131652357,912.074940579945,152.8,-61,5.41188430717959,-0.871301
43.6286649703979,801.144809290618,911.569576366495,152.8,-60,5.17258530717959,-1.1106
44.0152990818024,801.669449499998,911.250640411872,152.8,-60,5.02532530717959,-1.25786
44.1591420173645,801.861198677268,911.133900812824,152.8,-60,4.98236530717959,-1.30082
44.5594110488892,802.341343312725,910.838850101722,152.8,-61,4.76147530717959,-1.52171
45.0335528850555,802.908690691871,910.490049610564,152.8,-60,4.58967530717959,-1.69351
45.4593389034271,803.392839797924,910.189459543716,152.8,-60,4.43627530717959,-1.84691
45.9610478878021,803.97290579042,909.828844548496,152.8,-60,4.28287530717959,-2.00031
46.4144630432129,804.547794622209,909.468986250905,152.8,-60,4.18469530717959,-2.09849
46.6745910644531,804.877613095328,909.262532572059,152.8,-59,4.04357530717959,-2.23961
47.1585919857025,805.674833521604,908.956956849775,152.8,-60,3.95767530717959,-2.32551
47.5673339366913,806.348848716353,908.696980544501,152.8,-60,3.87790530717959,-2.40528
47.8322188854218,806.705274489382,908.477351987177,152.8,-60,3.76132530717959,-2.52186
48.1795659065247,807.172660164179,908.189350250946,152.8,-60,3.66928530717959,-2.6139
48.7642948627472,807.930698111694,907.720205801079,152.8,-59,3.54042530717959,-2.74276
48.9529209136963,808.170428665459,907.57148406865,152.8,-59,3.47906530717959,-2.80412
49.5017149448395,808.881325993302,907.129603436071,152.8,-60,3.26431530717959,-3.01887
49.8578240871429,809.351422060481,906.836846476672,152.8,-60,3.22135530717959,-3.06183
50.1943979263306,809.787276228495,906.565290012231,152.8,-60,3.09864530717959,-3.18454
50.6134428977966,810.310992445566,906.238708484416,152.8,-60,3.02500530717959,-3.25818
50.8902020454407,810.656881941237,906.023017015889,152.8,-60,2.96978530717959,-3.3134
51.2255380153656,811.051713120693,905.712803521051,152.8,-60,2.87161530717959,-3.41157
51.7159700393677,811.625400510415,905.25154732831,152.8,-60,2.78570530717959,-3.49748
51.9006159305573,811.841500444861,905.104675479875,152.8,-59,2.71207530717959,-3.57111
52.5094630718231,812.554223213621,904.659763690891,152.8,-60,2.60163530717959,-3.68155
52.8794920444489,813.000344322658,904.381571506011,152.8,-60,2.57708530717959,-3.7061
53.0838420391083,813.24971150604,904.226137433133,152.8,-61,2.50959530717959,-3.77359
53.4218549728394,813.662186844595,903.969035752936,152.8,-60,2.49732530717959,-3.78586
53.9246280193329,814.366815447618,903.531089888531,152.8,-61,2.33165530717959,-3.95153
54.3986210823059,815.023477557228,903.122514037239,152.8,-60,2.17825530717959,-4.10493
54.9061000347137,815.664684419076,902.721459558106,152.8,-61,2.00644530717959,-4.27674
55.2326149940491,816.0973121309,902.457744098503,152.8,-61,1.93281530717959,-4.35037
55.6738040447235,816.74859438952,902.082548884298,152.8,-61,1.76714530717959,-4.51604
56.0328440666199,817.275972586024,901.77739007828,152.8,-61,1.73646530717959,-4.54672
56.4758329391479,817.877051528386,901.404181304914,152.8,-61,1.60761530717959,-4.67557
56.7735738754272,818.281047696631,901.153340851574,152.8,-61,1.58920530717959,-4.69398
57.0223009586334,818.593038445758,900.957530616168,152.8,-61,1.44194530717959,-4.84124
57.6486949920654,819.341951625208,900.484229030697,152.8,-62,1.25786530717959,-5.02532
58.1002728939056,819.894304297141,900.139498950823,152.8,-62,1.12900530717959,-5.15418
58.3117229938507,820.154267765388,899.97770524353,152.8,-62,0.981745307179586,-5.30144
58.8092439174652,820.773453008659,899.59115875928,152.8,-62,0.711765307179586,-5.57142
59.1487820148468,821.202182233939,899.322552493956,152.8,-62,0.521555307179586,-5.76163
59.6483669281006,821.821056891947,898.875590889453,152.8,-62,0.208625307179586,-6.07456
59.9775800704956,822.218629832781,898.536651446078,152.8,-62,0.0736353071795861,-6.20955
60.4543778896332,822.823156274476,898.068941785565,152.8,-62,6.11751530717959,-6.44885530717959
60.8494708538055,823.374597031885,897.722129741271,152.8,-61,5.97025330717959,-6.59611730717959
61.163125038147,823.803657743717,897.452064639785,152.8,-61,5.84753430717959,-6.71883630717959
61.601774930954,824.31777115298,897.12624791128,152.8,-61,5.70640830717959,-6.85996230717959
61.9830100536346,824.76506738744,896.842925572795,152.8,-61,5.47324330717959,-7.09312730717959
62.7737200260162,825.704533104371,896.251545116647,152.8,-60,5.16644530717959,-7.39992530717959
63.0655360221863,826.04995452471,896.033033765169,152.8,-60,5.02532530717959,-7.54104530717959
63.3327939510345,826.366076150408,895.832865300388,152.8,-59,5.03145530717959,-7.53491530717959
63.9111678600311,827.260230783842,895.314043646437,152.8,-59,4.77374530717959,-7.79262530717959
64.158488035202,827.769732847546,895.040346599631,152.8,-59,4.67557530717959,-7.89079530717959
64.6449429988861,828.671066914855,894.539249808274,152.8,-59,4.55899530717959,-8.00737530717959
64.865257024765,828.94681892131,894.361235989362,152.8,-58,4.46695530717959,-8.09941530717959
65.2629919052124,829.444636483688,894.0398660507,152.8,-58,4.39332530717959,-8.17304530717959
65.5106210708618,829.746003394256,893.846523720825,152.8,-58,4.30128530717959,-8.26508530717959
66.1185069084167,830.470927242146,893.383602806792,152.8,-58,4.15401530717959,-8.41235530717959
66.5409638881683,831.023939301801,893.033857165377,152.8,-58,4.01289530717959,-8.55347530717959
67.1002509593964,831.752018723181,892.573239034309,152.8,-58,3.84722530717959,-8.71914530717959
67.4495990276337,832.148506279843,892.319059252134,152.8,-57,3.79200530717959,-8.77436530717959
67.8257999420166,832.575470087344,892.045341790479,152.8,-57,3.67541530717959,-8.89095530717959
68.3853230476379,833.178469240931,891.881299879156,152.8,-57,3.56497530717959,-9.00139530717959
68.706179857254,833.523038234123,891.796482896216,152.8,-57,3.48520530717959,-9.08116530717959
69.1394169330597,834.031083410336,891.471259038548,152.8,-57,3.39930530717959,-9.16706530717959
69.5758738517761,834.543086947132,891.142719281246,152.8,-58,3.23363530717959,-9.33273530717959
69.9578619003296,835.082735417218,890.801126167608,152.8,-58,3.21522530717959,-9.35114530717959
70.355635881424,835.646619786923,890.444274150322,152.8,-57,3.01887530717959,-9.54749530717959
70.9004309177399,836.314355861886,890.019317645298,152.8,-57,2.89001530717959,-9.67635530717959
71.2939260005951,836.80066324006,889.710205276329,152.8,-57,2.72434530717959,-9.84202530717959
71.7328469753265,837.405327481108,889.328957540571,152.8,-57,2.64458530717959,-9.92178530717959
72.2118780612946,838.055177149515,888.88630297491,152.8,-57,2.52186530717959,-10.0445053071796
72.5938980579376,838.557606207704,888.491569472692,152.8,-57,2.43596530717959,-10.1304053071796
73.0590009689331,839.15161417471,888.053138460475,152.8,-57,2.24574530717959,-10.3206253071796
73.6023950576782,839.80644736771,887.634219507159,152.8,-57,2.17211530717959,-10.3942553071796
73.8525609970093,840.113438366529,887.438513839895,152.8,-56,2.09848530717959,-10.4678853071796
74.2748470306396,840.651020550495,887.098174039974,152.8,-56,2.03712530717959,-10.5292453071796
74.9802370071411,841.562487680996,886.522248045594,152.8,-56,1.87145530717959,-10.6949153071796
75.3421678543091,842.037787296638,886.222545232398,152.8,-56,1.71192530717959,-10.8544453071796
75.771360874176,842.551720367189,885.894547117277,152.8,-56,1.64442530717959,-10.9219453071796
76.2400720119476,843.090660608284,885.548651647414,152.8,-56,1.50943530717959,-11.0569353071796
76.6368629932404,843.724975447741,885.198215448566,152.8,-56,1.41126530717959,-11.1551053071796
76.9524450302124,844.252299967197,884.912113847585,152.8,-56,1.31922530717959,-11.2471453071796
77.4078829288483,844.873637552867,884.553477731203,152.8,-56,1.22104530717959,-11.3453253071796
77.887619972229,845.426056934048,884.215354097686,152.8,-56,1.12900530717959,-11.4373653071796
78.3586070537567,846.033038460435,883.843057643121,152.8,-56,0.938795307179586,-11.6275753071796
78.681431055069,846.460990693029,883.580442184917,152.8,-56,0.889705307179586,-11.6766653071796
79.1578879356384,847.080530844507,883.203710201763,152.8,-56,0.834485307179587,-11.7318853071796
79.6266188621521,847.682889513184,882.839505806365,152.8,-56,0.705635307179587,-11.8607353071796
80.059494972229,848.257023474354,882.491539705945,152.8,-56,0.650405307179586,-11.9159653071796
80.3692588806152,848.672089872355,882.2397904582,152.8,-55,0.564505307179586,-12.0018653071796
80.8859069347382,849.277728893653,881.965368306016,152.8,-55,0.447925307179586,-12.1184453071796
81.2739388942719,849.695374146802,881.82175860792,152.8,-56,0.435655307179586,-12.1307153071796
81.5818309783936,850.082063728438,881.614592598595,152.8,-55,0.355885307179586,-12.2104853071796
82.0198569297791,850.674352208331,881.248798636148,152.8,-55,0.282255307179586,-12.2841153071796
82.6392629146576,851.531305860487,880.715890269283,152.8,-55,0.190215307179586,-12.3761553071796
82.9237990379334,851.92877149999,880.468019292411,152.8,-55,0.122715307179586,-12.4436553071796
83.4182589054108,852.543474403475,880.085860186624,152.8,-56,0.0184053071795862,-12.5479653071796
83.9728410243988,853.203286528121,879.676121865224,152.8,-55,0.0245453071795865,-12.5418253071796
84.4582650661469,853.78699940102,879.313033610952,152.8,-55,6.25250570717959,-12.5970502143592
84.9279658794403,854.404479841144,878.886969320138,152.8,-55,6.19728240717959,-12.6522735143592
85.3460309505463,855.078249845307,878.331564316706,152.8,-54,6.17273830717959,-12.6768176143592
86.2631189823151,856.411786739746,877.403511080652,152.8,-55,6.11137930717959,-12.7381766143592
86.6362428665161,856.9217358101,877.083558634417,152.8,-54,6.07456430717959,-12.7749916143592
87.1866919994354,857.664145922909,876.619972229134,152.8,-54,5.99479730717959,-12.8547586143592
87.5897150039673,858.162387743987,876.308206115498,152.8,-54,5.94570930717959,-12.9038466143592
88.2782509326935,858.999124230932,875.784457498163,152.8,-54,5.91503030717959,-12.9345256143592
88.6141579151154,859.415208645285,875.524216975467,152.8,-54,5.87821430717959,-12.9713416143592
89.3175480365753,860.328862362781,875.015705868876,152.8,-54,5.82299130717959,-13.0265646143592
89.8418500423431,861.051015020761,874.672023582312,152.8,-55,5.81071930717959,-13.0388366143592
90.6452660560608,862.074213842296,874.033934231378,152.8,-55,5.79231130717959,-13.0572446143592
90.9961559772491,862.573642567942,873.718477172867,152.8,-55,5.75549630717959,-13.0940596143592
91.6356580257416,863.491446889997,873.139155158172,152.8,-55,5.71254430717959,-13.1370116143592
91.9302909374237,863.883588072157,872.891890291979,152.8,-55,5.64504930717959,-13.2045066143592
92.7521550655365,864.953645981583,872.216620732207,152.8,-55,5.55301030717959,-13.2965456143592
93.0830678939819,865.374274838083,871.950940511076,152.8,-56,5.55914630717959,-13.2904096143592
93.9633820056915,866.526135962016,871.28948485184,152.8,-56,5.43642830717959,-13.4131276143592
94.5194039344788,867.237774528058,870.853489541097,152.8,-56,5.43029230717959,-13.4192636143592
95.0513870716095,867.910827176352,870.428757279174,152.8,-56,5.42415630717959,-13.4253996143592
95.5650188922882,868.554710205469,870.021504376812,152.8,-56,5.43029230717959,-13.4192636143592
96.3808100223541,869.74944593505,869.274955146704,152.8,-55,5.39347630717959,-13.4560796143592
96.8994739055634,870.497599241848,868.806524897732,152.8,-56,5.37506830717959,-13.4744876143592
97.3004679679871,871.044500976816,868.462395998545,152.8,-55,5.29530130717959,-13.5542546143592
98.0017619132996,872.247255196357,867.449406330747,152.8,-55,5.28302530717959,-13.5665306143592
98.5698239803314,873.104247304147,866.780848015235,152.8,-55,5.26462530717959,-13.5849306143592
98.8279809951782,873.417231137901,866.583718442889,152.8,-55,5.24621530717959,-13.6033406143592
99.5804860591888,874.336990921045,866.005661826356,152.8,-55,5.18485530717959,-13.6647006143592
100.28492808342,875.268170085086,865.420133390319,152.8,-55,5.19712530717959,-13.6524306143592
100.847543001175,876.093233955267,864.899708173682,152.8,-54,5.14803530717959,-13.7015206143592
101.977545022964,877.546296098001,864.092350506233,152.8,-54,5.04986530717959,-13.7996906143592
102.537437915802,878.201905295429,863.868006017249,152.8,-54,5.02532530717959,-13.8242306143592
103.110084056854,878.911136532473,863.430603296609,152.8,-54,5.00077530717959,-13.8487806143592
103.527216911316,879.421433137531,863.11623524118,152.8,-54,5.01304530717959,-13.8365106143592
104.201251983643,880.226345955585,862.621457649944,152.8,-53,4.92714530717959,-13.9224106143592
104.686991930008,880.836415168781,862.24716454069,152.8,-53,4.89033530717959,-13.9592206143592
105.279932022095,881.576799707017,861.792722866016,152.8,-53,4.85965530717959,-13.9899006143592
105.601255893707,881.972380043042,861.549703004411,152.8,-53,4.82897530717959,-14.0205806143592
106.332768917084,882.649850728691,861.111697861244,152.8,-53,4.80442530717959,-14.0451306143592
106.585738897324,882.814376185289,860.996262278676,152.8,-53,4.81669530717959,-14.0328606143592
107.278255939484,883.609522560774,860.484235532421,152.8,-53,4.76147530717959,-14.0880806143592
107.891602993011,884.384754593159,859.992804266019,152.8,-53,4.68784530717959,-14.1617106143592
108.36732506752,884.908982377451,859.658334551873,152.8,-53,4.65716530717959,-14.1923906143592
109.005959033966,885.68496906993,859.167922553313,152.8,-53,4.60807530717959,-14.2414806143592
109.545289993286,886.369898373086,858.737260697467,152.8,-53,4.57126530717959,-14.2782906143592
110.166842937469,887.19256489888,858.22291146642,152.8,-53,4.52831530717959,-14.3212406143592
110.516248941422,887.721428437735,857.934494886217,152.8,-53,4.49763530717959,-14.3519206143592
111.058109998703,888.558565128598,857.487401883171,152.8,-53,4.47308530717959,-14.3764706143592
111.817620992661,889.615809689472,856.830472912228,152.8,-53,4.41172530717959,-14.4378306143592
112.344022989273,890.325072030452,856.383923796176,152.8,-53,4.37491530717959,-14.4746406143592
113.028723955154,891.233494040372,855.812941224768,152.8,-53,4.31968530717959,-14.5298706143592
113.469349861145,891.811351140891,855.451780536943,152.8,-54,4.34423530717959,-14.5053206143592
114.079038858414,892.523832149422,855.002890843406,152.8,-54,4.34423530717959,-14.5053206143592
114.611862897873,893.121863069691,854.615720014768,152.8,-54,4.31355530717959,-14.5360006143592
115.003748893738,893.555768299952,854.305981213562,152.8,-54,4.30128530717959,-14.5482706143592
115.603888034821,894.272525280319,853.818696197619,152.8,-54,4.27673530717959,-14.5728206143592
116.289514064789,895.202329530177,853.229519708449,152.8,-54,4.32582530717959,-14.5237306143592
117.318367958069,896.734326199461,852.256625367158,152.8,-55,4.33196530717959,-14.5175906143592
118.020628929138,897.659684663011,851.667266385517,152.8,-55,4.33196530717959,-14.5175906143592
118.476037025452,898.228348371986,851.305632643968,152.8,-55,4.35650530717959,-14.4930506143592
119.426979064941,899.599709898973,850.388865741847,152.8,-56,4.31968530717959,-14.5298706143592
119.86879491806,900.230398720114,849.976440983024,152.8,-56,4.28287530717959,-14.5666806143592
120.714907884598,901.373045375002,849.251985559831,152.8,-56,4.34423530717959,-14.5053206143592
121.451595067978,902.353873743038,848.626032808793,152.8,-57,4.27673530717959,-14.5728206143592
122.228978872299,903.371058177554,847.978354017643,152.8,-57,4.27060530717959,-14.5789506143592
122.780297040939,904.059097437611,847.541751201063,152.8,-57,4.20310530717959,-14.6464506143592
123.186421871185,904.682134165553,847.179158881734,152.8,-57,4.19697530717959,-14.6525806143592
124.185981035233,906.360225969174,846.223321676865,152.8,-58,4.20310530717959,-14.6464506143592
125.27373790741,907.798454702073,845.297716806273,152.8,-58,4.16015530717959,-14.6894006143592
125.813766956329,908.486800900899,844.855404909028,152.8,-58,4.12334530717959,-14.7262106143592
126.796787977219,909.70891699876,844.069418710658,152.8,-58,4.12334530717959,-14.7262106143592
127.524600982666,910.744177029794,843.368611497468,152.8,-58,4.17242530717959,-14.6771306143592
128.064879894257,911.644292454476,842.723112944871,152.8,-58,4.14788530717959,-14.7016706143592
128.623189926147,912.383432619922,842.257071296899,152.8,-58,4.17856530717959,-14.6709906143592
129.489192008972,913.477196594732,841.570578254048,152.8,-58,4.25219530717959,-14.5973606143592
130.039918899536,914.181441378006,841.12686150979,152.8,-58,4.25219530717959,-14.5973606143592
130.792963027954,915.196085015081,840.484852692512,152.8,-58,4.30128530717959,-14.5482706143592
131.383375883102,916.019897729756,839.966659464515,152.8,-58,4.37491530717959,-14.4746406143592
131.763717889786,916.493971635587,839.698796253047,152.8,-58,4.41786530717959,-14.4316906143592
133.32945394516,918.44224291691,838.530148571329,152.8,-59,4.53444530717959,-14.3151106143592
134.010146856308,919.372720925568,837.953412633204,152.8,-59,4.62034530717959,-14.2292106143592
134.696845054626,920.306541336878,837.369994227138,152.8,-59,4.70011530717959,-14.1494406143592
135.162505865097,920.932653377814,836.978766099967,152.8,-60,4.77988530717959,-14.0696706143592
135.646470069885,921.580193308259,836.574127160688,152.8,-60,4.85351530717959,-13.9960406143592
137.180041074753,923.980178570674,835.070885204567,152.8,-60,4.98236530717959,-13.8671906143592
137.593342065811,924.503462823462,834.731550360373,152.8,-60,5.09895530717959,-13.7506006143592
138.508771896362,925.664014789341,833.975109700571,152.8,-60,5.20326530717959,-13.6462906143592
139.03352189064,926.322669162756,833.545793848,152.8,-60,5.24621530717959,-13.6033406143592
140.079859018326,927.580961643497,832.662693025148,152.8,-61,5.45483530717959,-13.3947206143592
141.176404953003,928.778883113579,831.717114172794,152.8,-62,5.59596230717959,-13.2535936143592
141.817728996277,929.601312026078,831.182852818035,152.8,-62,5.70027230717959,-13.1492836143592
142.534354925156,930.601892606664,830.5378707531,152.8,-62,5.76776730717959,-13.0817886143592
142.844187021255,931.039355633617,830.258767085001,152.8,-62,5.85980630717959,-12.9897496143592
143.978746891022,932.549215776752,829.289081792344,152.8,-63,6.22182610717959,-12.6277298143592
145.054203033447,933.991947548567,828.333926172798,152.8,-64,0.153395307179586,-12.4129753071796
145.812264919281,934.921585713992,827.753130612427,152.8,-64,0.349745307179586,-12.2166253071796
146.253468990326,935.453406109567,827.422173888763,152.8,-63,0.404975307179586,-12.1613953071796
147.148041009903,936.412610418451,826.823965750332,152.8,-64,0.564505307179586,-12.0018653071796
147.661535978317,936.983813145203,826.469826220583,152.8,-63,0.766995307179586,-11.7993753071796
148.064440011978,937.457311411159,826.177455303351,152.8,-64,1.01242530717959,-11.5539453071796
148.999711036682,938.474980059074,825.496365190651,152.8,-63,1.09832530717959,-11.4680453071796
149.50005197525,939.080218649113,825.136045575521,152.8,-62,1.20877530717959,-11.3575953071796
150.336204051971,940.223502664448,824.463490213304,152.8,-63,1.46648530717959,-11.0998853071796
150.987529993057,941.134931068928,823.926260790011,152.8,-63,1.48489530717959,-11.0814753071796
151.630465984344,941.975421085161,823.429946250794,152.8,-63,1.61988530717959,-10.9464853071796
152.134789943695,942.66568674475,823.02028107219,152.8,-63,1.71805530717959,-10.8483153071796
152.645318984985,943.440688794619,822.577180447909,152.8,-63,1.88986530717959,-10.6765053071796
153.198225975037,944.364960095435,822.065665919787,152.8,-63,1.94508530717959,-10.6212853071796
154.243474960327,945.773201751087,821.223292174151,152.8,-63,2.10462530717959,-10.4617453071796
154.476511955261,946.103392979497,821.024102264296,152.8,-63,2.17825530717959,-10.3881153071796
155.405825853348,947.382300938052,820.2513151844,152.8,-63,2.29483530717959,-10.2715353071796
156.744601011276,949.176978482383,819.175243879804,152.8,-64,2.46050530717959,-10.1058653071796
157.430353879929,950.195794654053,818.67331486864,152.8,-64,2.39300530717959,-10.1733653071796
158.004348993301,950.941445540789,818.219810183606,152.8,-64,2.62003530717959,-9.94633530717959
158.768749952316,951.915920797074,817.618958468026,152.8,-63,2.66912530717959,-9.89724530717959
159.432626962662,952.772804942672,817.088957081761,152.8,-63,2.71821530717959,-9.84815530717959
160.691010951996,954.308197344609,816.137184780152,152.8,-64,2.63844530717959,-9.92792530717959
161.360152959824,955.145700752121,815.5763449407,152.8,-64,2.71821530717959,-9.84815530717959
161.933552026749,955.867587021469,815.101545494418,152.8,-63,2.74889530717959,-9.81747530717959
162.703737974167,956.833009836538,814.503882722206,152.8,-63,2.94524530717959,-9.62112530717959
163.314105033875,957.672563940393,813.985923041188,152.8,-64,3.06182530717959,-9.50454530717959
164.583885908127,959.169266613447,813.055624729245,152.8,-65,3.33794530717959,-9.22842530717959
