1.51454496383667,4,1.21491,-59,11.0355364756494,7.83104732534233,1.928,0.121064659886376
2.17392683029175,4,1.19037,-59,11.0371579126697,7.81967055003832,1.928,0.12156402213296
2.24524879455566,4,1.09833,-59,11.0372949385763,7.81861439651172,1.928,0.121640335022506
3.17527794837952,4,1.0247,-59,11.0391240658156,7.80391942701136,1.928,0.121376718496884
3.70214891433716,4,1.04924,-59,11.0429285519341,7.79598865551087,1.928,0.121033764837468
4.37942099571228,4,0.883573,-59,11.0455138367533,7.78635175717536,1.928,0.121248264389295
4.99896287918091,4,0.748583,-59,11.0461206227917,7.77831183152248,1.928,0.121691579902923
5.37264680862427,4,0.717903,-59,11.0464806622892,7.77375476016801,1.928,0.121911203996418
5.94226002693176,4,0.589049,-59,11.0471749141241,7.76402745655693,1.928,0.121311359075069
6.38624596595764,4,0.552233,-58,11.0475618261501,7.75826929642645,1.928,0.121312679853745
7.2285578250885,4,0.472466,-58,11.0476367861394,7.73967144967517,1.928,0.119499237137842
7.49988698959351,4,0.454058,-58,11.0477400095397,7.73438886978345,1.928,0.119176907488644
8.24211001396179,4,0.276117,-58,11.0484435533124,7.72449149364488,1.928,0.119945429898254
8.75628280639648,4,0.220893,-58,11.0489566688385,7.71692392225498,1.928,0.120713695418044
9.07150197029114,4,0.147262,-58,11.0492712188152,7.71256066472054,1.928,0.120739758130403
9.85897397994995,4,0.0920388,-58,11.050041308558,7.7014118936706,1.928,0.122494407783977
10.5249118804932,4,0,-59,11.050583303832,7.68895456173587,1.928,0.12203438668105
10.8406348228455,4,6.2341,-59,11.0508089644763,7.68221989445394,1.928,0.120912016085366
12.0858778953552,4,6.11752,-58,11.0520418354497,7.66370413677915,1.928,0.121104181170635
12.7803800106049,4,6.02548,-59,11.0527972866694,7.6534270175823,1.928,0.119614787146636
13.274906873703,4,5.95185,-58,11.0532363992789,7.64677855092492,1.928,0.119634456624602
13.4372038841248,4,5.9948,-59,11.0533803526283,7.6445976576809,1.928,0.119642853903319
14.0186638832092,4,5.90889,-58,11.0522454468082,7.63846565787065,1.928,0.118497143829454
15.0693118572235,4,5.85981,-59,11.0530013005007,7.62396674780321,1.928,0.118766346065491
15.4283008575439,4,5.85367,-59,11.0534619513629,7.61887911494702,1.928,0.119439919992929
15.77077293396,4,5.82299,-59,11.0538927648719,7.6138645347105,1.928,0.119859323002595
16.4120988845825,4,5.76777,-59,11.0547255258086,7.60399325530018,1.928,0.119908540920913
17.1795208454132,4,5.76777,-59,11.0568606620667,7.59120765967277,1.928,0.120048143967248
17.6223750114441,4,5.73095,-59,11.0590417729118,7.58339054896827,1.928,0.121154178640475
18.3973598480225,4,5.73095,-59,11.0601311471902,7.57185426618905,1.928,0.119965483964976
18.911031961441,4,5.7739,-59,11.0607908336103,7.56453174692542,1.928,0.121004123584252
19.9065878391266,4,5.78618,-59,11.0620462519318,7.55051352540783,1.928,0.123237700106096
20.3672230243683,4,5.76163,-59,11.0625888896613,7.54448346363926,1.928,0.123706403444913
20.99720287323,4,5.7739,-59,11.0640741482222,7.53637195932069,1.928,0.121777495087742
21.6663639545441,4,5.82913,-59,11.0649568566024,7.52688208128903,1.928,0.120509827572688
22.2845618724823,4,5.87821,-59,11.0659481541777,7.51737253531154,1.928,0.120372009624125
22.7201688289642,4,5.93957,-59,11.0664901987508,7.51190119789761,1.928,0.120414627825117
23.6585118770599,4,5.93957,-60,11.067808071524,7.49856451917291,1.928,0.120621419041678
24.5451948642731,4,5.95798,-60,11.066753908365,7.48298576810333,1.928,0.12053938814974
24.9471199512482,4,5.94571,-60,11.0673265878407,7.47731051449894,1.928,0.121138410881344
25.3947567939758,4,5.92117,-60,11.067947010422,7.47119204242489,1.928,0.12185779831725
26.2606518268585,4,5.87821,-60,11.0692339051434,7.45911214203117,1.928,0.122265401800098
26.8284709453583,4,5.90276,-60,11.0701746312919,7.45083954122949,1.928,0.12196957978226
27.607391834259,4,5.95798,-60,11.0716162240709,7.43952071514215,1.928,0.122677647187941
28.1449639797211,4,5.98253,-60,11.0726155186848,7.43189541144011,1.928,0.126333428010802
29.0297789573669,4,5.88435,-60,11.0741230767035,7.41982455301523,1.928,0.138570748137057
29.2995898723602,4,5.89049,-60,11.0746102259862,7.41601736985846,1.928,0.142714926010262
30.2133138179779,4,5.9273,-60,11.0763227192245,7.40363232504046,1.928,0.157317693899747
30.6924979686737,4,5.88435,-60,11.077028778113,7.39864436540019,1.928,0.164396494103715
31.0291848182678,4,5.85367,-60,11.0771282915625,7.39661926670362,1.928,0.169242799092576
31.6191918849945,4,5.88435,-60,11.0781247697979,7.3897655095122,1.928,0.177840243045455
32.2084958553314,4,5.87821,-60,11.0796932681584,7.38083932214908,1.928,0.18628970434009
32.8387548923492,4,5.9273,-59,11.0814972227069,7.3713838234246,1.928,0.195035168731316
33.3085079193115,4,5.9273,-60,11.0830197904424,7.3640526969916,1.928,0.201566748339227
33.8375539779663,4,5.90889,-59,11.0843769384691,7.35738005252701,1.928,0.210464361596462
34.5925269126892,4,5.91503,-59,11.0852206645259,7.34708021516405,1.928,0.222908236121234
35.6622378826141,4,5.98866,-59,11.0885704228412,7.33064605493053,1.928,0.231787887314764
35.9739270210266,4,5.97025,-59,11.0896429568528,7.32571239847706,1.928,0.231755711294416
36.7731578350067,4,5.95798,-59,11.092392939896,7.31345686214062,1.928,0.233404840012561
37.3396899700165,4,5.93957,-59,11.0943216390814,7.30506209807702,1.928,0.23808590493892
37.8609328269959,4,5.97639,-59,11.0959382278104,7.29756131537124,1.928,0.243791019847923
38.4471719264984,4,5.98253,-59,11.0977874823644,7.28917398787981,1.928,0.250766014484998
38.815349817276,4,6.05616,-59,11.0990396108003,7.28386060808224,1.928,0.255139753551976
39.3491249084473,4,6.11138,-59,11.1009935312532,7.2757978253618,1.928,0.262790905162681
39.8672859668732,4,6.26478,-59,11.1028651300929,7.26850445033042,1.928,0.270827551469975
40.3441269397736,4,6.2341,-59,11.1046260041944,7.26186422694844,1.928,0.277156176733695
41.342836856842,4,6.27091,-59,11.1084479622168,7.24720665186646,1.928,0.279169489820424
41.783252954483,4,0.00613592,-59,11.1100845566967,7.24111781935398,1.928,0.27869553865957
42.4005877971649,4,0.0184078,-59,11.1126057713647,7.23222951165539,1.928,0.276984498847525
43.253123998642,4,6.25864,-58,11.1158864315397,7.22054824702011,1.928,0.276646526511916
43.9303259849548,4,6.25864,-59,11.1185283667696,7.21108777320315,1.928,0.27722961072808
44.6457269191742,4,0.0981748,-58,11.121784341628,7.19990546172619,1.928,0.278382095896464
45.2993099689484,4,0.147262,-58,11.1251913673321,7.18866969637759,1.928,0.279191449559094
45.7918858528137,4,0.116583,-58,11.1273765387527,7.18116388747838,1.928,0.279883742984139
46.2520508766174,4,0.141126,-59,11.1294171952909,7.17427327056757,1.928,0.279233453767285
47.3130469322205,4,0.171806,-59,11.1341785964544,7.15822015217331,1.928,0.277430698578161
47.8856317996979,4,0.171806,-58,11.1367832332046,7.14926739865183,1.928,0.276826770321894
48.5368669033051,4,0.16567,-59,11.1391153975285,7.14117566872073,1.928,0.27888186038037
49.1317639350891,4,0.177942,-59,11.1414885885757,7.13280169459705,1.928,0.279476853278631
49.6182990074158,4,0.214757,-59,11.1435390457941,7.12589197750553,1.928,0.28040444003445
50.251610994339,4,0.257709,-59,11.1461117382047,7.11716086106745,1.928,0.281557383421444
51.1847369670868,4,0.171806,-60,11.1502072974625,7.10293368101332,1.928,0.282269974335061
51.8408408164978,4,0.116583,-61,11.1534541483656,7.0908880091312,1.928,0.279330667363244
52.4967579841614,4,0.0490874,-61,11.1560767555422,7.08144917269671,1.928,0.285303252994632
53.0921788215637,4,0.00613592,-61,11.1583384291226,7.07378469446715,1.928,0.294039087485168
53.624696969986,4,6.22796,-61,11.1603888993615,7.06703472779401,1.928,0.302470981371808
53.9189529418945,4,6.22796,-61,11.1615245927763,7.06333561209993,1.928,0.307336210840061
55.1448068618774,4,6.05616,-62,11.1665802337011,7.0449288314944,1.928,0.32331945434272
55.7795460224152,4,6.00093,-62,11.1692569040443,7.03396699962307,1.928,0.327859397651399
56.4173438549042,4,5.93344,-62,11.1719325101502,7.02607449424498,1.928,0.330477801816513
56.8629879951477,4,5.85367,-62,11.173838163423,7.02030036482846,1.928,0.33191402916643
57.494658946991,4,5.71868,-62,11.1769603720999,7.01124183732226,1.928,0.333410458474958
58.1461679935455,4,5.20326,-63,11.1798199355489,7.00286986661464,1.928,0.333321990063344
58.4009640216827,4,5.55301,-62,11.1811755547428,6.99915202883642,1.928,0.332930840621274
59.1178820133209,4,5.48552,-63,11.186692786975,6.98534091777251,1.928,0.330290964790593
59.6243798732758,4,5.50392,-63,11.1890766715916,6.9784276523843,1.928,0.329281064580277
60.0359899997711,4,5.40575,-63,11.1909793296489,6.97300486202438,1.928,0.329005444764461
60.5936589241028,4,5.28303,-63,11.1935108172382,6.96576545853819,1.928,0.330899913675284
61.5092968940735,4,5.35666,-62,11.1976705165554,6.95381089480493,1.928,0.342852601321612
61.7655019760132,4,5.26462,-62,11.1988710603264,6.95046756230328,1.928,0.346574287011687
62.8986489772797,4,5.13577,-61,11.2039141923752,6.93632916835028,1.928,0.364760006130009
63.5724627971649,4,5.03759,-61,11.2071250130249,6.92802746743784,1.928,0.374588094624695
63.7235589027405,4,5.09895,-61,11.2078531909194,6.92620702270151,1.928,0.376683582554331
64.3935170173645,4,5.04986,-61,11.2112224337267,6.91800325664636,1.928,0.383498985227452
65.4065828323364,4,5.056,-61,11.2162114700703,6.90599868972549,1.928,0.384599207254714
65.5315639972687,4,5.07441,-60,11.2168307256913,6.90480318234605,1.928,0.385595692758182
66.9269409179688,4,4.98851,-60,11.2238988457283,6.88949132541898,1.928,0.402309988068423
67.464555978775,4,5.04373,-60,11.2267846700899,6.88297232218144,1.928,0.410994099532188
68.1130428314209,4,5.02532,-60,11.2302655425411,6.87518217154914,1.928,0.420404738715621
68.6410369873047,4,5.03146,-60,11.2331535370864,6.86892066294959,1.928,0.428262769389847
69.2933659553528,4,5.02532,-59,11.2365602387155,6.86211783542102,1.928,0.439453798385449
69.7095718383789,4,5.08054,-59,11.238609138938,6.85838551447506,1.928,0.4475126213419
70.3345968723297,4,5.1419,-59,11.2423731745236,6.85058981473953,1.928,0.456785796343748
70.9984200000763,4,5.11736,-59,11.2463933641325,6.84244087730571,1.928,0.465834322667513
72.0012249946594,4,5.17258,-59,11.2529009679141,6.82952724967243,1.928,0.481586523061864
72.5990200042725,4,5.14804,-59,11.2564002108312,6.82287073530517,1.928,0.491365316450131
72.813836812973,4,5.15418,-59,11.2577783410004,6.82088837988387,1.928,0.495088742532367
73.4062058925629,4,5.21553,-59,11.261798133167,6.81616709457442,1.928,0.505737250801256
74.4665739536285,4,5.13577,-58,11.2686921451113,6.80374042871128,1.928,0.522552166254095
75.1444787979126,4,5.11122,-58,11.2734571558727,6.79522541573929,1.928,0.532242714328495
75.9033918380737,4,5.12963,-58,11.2792426318203,6.78516847678432,1.928,0.542784504965647
76.5148389339447,4,5.10509,-58,11.2839776720417,6.77744568898862,1.928,0.552242257464903
77.1645269393921,4,5.11122,-59,11.2891646956109,6.77271685250139,1.928,0.560142958864675
77.5993599891663,4,5.08054,-59,11.292489333694,6.76759912257461,1.928,0.56650925088134
78.4151499271393,4,5.09282,-59,11.2986392404009,6.75762059088715,1.928,0.579040219188103
79.199385881424,4,5.06214,-59,11.3048076141024,6.74790903887645,1.928,0.59034910293143
79.8703508377075,4,5.09895,-59,11.310038201382,6.73987002650719,1.928,0.599709639637392
80.039381980896,4,5.1235,-59,11.3112626223002,6.73799750693052,1.928,0.60222962455134
80.8588688373566,4,5.11736,-60,11.3167728868737,6.72843754020828,1.928,0.614123843855629
81.6619470119476,4,5.11736,-60,11.3229793212906,6.71860795654081,1.928,0.624961794680006
82.3633749485016,4,5.14804,-60,11.3287669485829,6.71041142221769,1.928,0.63532312173728
82.8641028404236,4,5.11736,-61,11.3328472078453,6.70471815604284,1.928,0.64323982639459
83.4407489299774,4,5.1235,-61,11.3380256180726,6.69770572552666,1.928,0.651714438576343
84.0863618850708,4,5.06214,-61,11.3435093298251,6.69028169828153,1.928,0.660929473859004
84.8564598560333,4,5.08668,-61,11.3491977008677,6.6825188714871,1.928,0.672567808048982
85.2411668300629,4,5.09282,-62,11.3518506424977,6.67889663587615,1.928,0.678624575062562
85.9535908699036,4,5.08054,-62,11.3577886627018,6.67123575347209,1.928,0.690057354807489
86.6013829708099,4,5.06827,-63,11.3643008686266,6.6631435785099,1.928,0.699945633520706
87.327871799469,4,5.04986,-63,11.3713122395376,6.65452243461798,1.928,0.710941770824464
88.26735496521,4,5.01919,-63,11.3800996664599,6.64392360724217,1.928,0.724954927827954
88.8759748935699,4,5.01919,-63,11.3853911754349,6.63756836630991,1.928,0.733730438865914
89.4247508049011,4,5.01305,-64,11.3896470249022,6.63239876092765,1.928,0.741447921186575
90.3645339012146,4,5.02532,-64,11.3986294794325,6.62227288079701,1.928,0.754016278857587
90.8721449375153,4,5.07441,-65,11.4037783547852,6.61667275569429,1.928,0.761404625726052
91.5377998352051,4,5.01919,-65,11.4105145163462,6.60942410292366,1.928,0.771606834978839
92.1107289791107,4,5.20326,-65,11.416306399533,6.60326147247636,1.928,0.780792242610768
113.62926697731,4,5.95798,-65,11.6556215523772,6.41742300172886,1.928,1.10278026234975
114.347170829773,4,6.14206,-65,11.6644710045714,6.41279142752638,1.928,1.11389438192043
114.923813819885,4,6.17274,-65,11.6747592685176,6.40798110003493,1.928,1.12087517599447
115.228223800659,4,6.20342,-64,11.6810750820728,6.40513309963674,1.928,1.12402131417539
115.927471876144,4,0.0245437,-64,11.6904587079504,6.40056388404993,1.928,1.13465828840241
116.685731887817,4,0.208621,-63,11.6996584050824,6.39615852099824,1.928,1.14758205324578
117.710028886795,4,0.392699,-62,11.7126796113802,6.39012529745003,1.928,1.16256941208265
118.07755279541,4,0.441786,-62,11.7172217451703,6.38810972558066,1.928,1.16822342237349
118.792917013168,4,0.558369,-61,11.7272974237408,6.38483396308557,1.928,1.17914876964811
119.121205806732,4,0.613592,-61,11.7324064425031,6.38358509183257,1.928,1.18413115461202
120.001220941544,4,0.748583,-61,11.7431839365127,6.37940165163833,1.928,1.19873302018254
120.647811889648,4,0.846757,-61,11.7509266574863,6.37635618138872,1.928,1.20873833628507
121.123164892197,4,0.938796,-60,11.7559583726332,6.37440063167528,1.928,1.21526388870569
122.097012996674,4,1.00629,-60,11.7672718515332,6.37008985618118,1.928,1.22845003415586
122.384533882141,4,1.07992,-60,11.7726683692488,6.36713774858466,1.928,1.23400249105431
123.335129976273,4,1.23332,-60,11.7883564736223,6.35937052161363,1.928,1.25020849652542
123.802785873413,4,1.14128,-60,11.7940452106363,6.35729684745252,1.928,1.25711795254039
124.210215806961,4,1.23946,-60,11.7988105018319,6.35557573639718,1.928,1.26389587848797
125.029706001282,4,1.30695,-59,11.8082031685692,6.35235687525722,1.928,1.27653747904347
125.592368841171,4,1.38672,-60,11.8150074848745,6.35012755040471,1.928,1.28546481539222
126.491859912872,4,1.42967,-60,11.8268997611427,6.34393751657282,1.928,1.30223341791469
127.152230978012,4,1.42967,-60,11.8347173520442,6.34149224686061,1.928,1.31215085009322
127.394100904465,4,1.50944,-60,11.8376865035668,6.34057548723556,1.928,1.3160454880494
128.108403921127,4,1.60761,-60,11.846769184289,6.33783010951691,1.928,1.32713315300759
129.328954935074,4,1.75487,-60,11.8611201749099,6.3337294703256,1.928,1.34494205416214
129.981649875641,4,1.80396,-60,11.8628268978944,6.3325084816845,1.928,1.35558123805659
130.49521279335,4,1.87146,-60,11.8685526260517,6.33092257388314,1.928,1.36275319929798
131.183444023132,4,1.87759,-60,11.8774893858661,6.32868935152148,1.928,1.37192503171042
131.50687789917,4,1.95122,-60,11.8817492054712,6.32765236513278,1.928,1.37618915416356
132.167543888092,4,2.05553,-60,11.8917043916985,6.32541636696181,1.928,1.38604728981911
133.303730964661,4,2.15984,-61,11.9064058460176,6.32103003919155,1.928,1.40285907062813
133.772391796112,4,2.21507,-61,11.9122486414074,6.31898585196209,1.928,1.41048178958063
134.536595821381,4,2.35006,-62,11.9230225593279,6.31690445495983,1.928,1.4211361896654
134.965955018997,4,2.38687,-61,11.9286714335308,6.31582545651658,1.928,1.42715953979861
135.784755945206,4,2.49732,-62,11.9386470817818,6.31401661838468,1.928,1.43994520043444
136.333134889603,4,2.57709,-62,11.9465144719025,6.31271079383886,1.928,1.4473259478673
137.057394981384,4,2.66913,-62,11.9606422339958,6.30959086983652,1.928,1.45732310309822
137.868837833405,4,2.73662,-62,11.9710479589765,6.30822667304567,1.928,1.46924696103859
138.493748903275,4,2.77344,-62,11.9795105505632,6.30721549298624,1.928,1.47503209127158
139.166704893112,4,2.86548,-62,11.9888119954934,6.30611779609134,1.928,1.47600525298782
139.318540811539,4,2.90229,-62,11.9906924752777,6.30589422793921,1.928,1.47614942310462
140.291756868362,4,2.97592,-62,12.0018489860807,6.30442156826649,1.928,1.47450169894262
140.884253025055,4,3.03115,-62,12.0095923983015,6.30355757363404,1.928,1.47850074051907
141.806216001511,4,3.0741,-63,12.0214326380067,6.30248778378234,1.928,1.49195033424273
142.310304880142,4,2.97592,-63,12.0284019139712,6.30192198856763,1.928,1.49424043747914
142.935585021973,4,3.13546,-63,12.0376383294603,6.30117878847328,1.928,1.4939406004305
143.148291826248,4,3.14159,-63,12.0408829347968,6.30091800710979,1.928,1.49331897043614
144.150447845459,4,3.2275,-63,12.056672044269,6.29764895252231,1.928,1.48965755473576
144.827135801315,4,3.28272,-63,12.0673462383747,6.296931988609,1.928,1.48985723058844
145.664879798889,4,3.36862,-63,12.080435740511,6.29608684626029,1.928,1.49142060649234
146.271888017654,4,3.41771,-63,12.0900413153065,6.29545246236938,1.928,1.49256413153065
146.604043006897,4,3.47293,-63,12.0952034665143,6.29510674031602,1.928,1.49308034665143
147.390769004822,4,3.59565,-63,12.1074149992493,6.29493301433504,1.928,1.49180478114685
147.945496797562,4,3.5527,-63,12.1160251611873,6.2943672036934,1.928,1.48957433919719
148.818246841431,4,3.85336,-63,12.1297195934815,6.29352135704691,1.928,1.48781693518683
149.171989917755,4,3.83495,-63,12.1353363272843,6.29319371424175,1.928,1.48717725161484
150.038652896881,4,4.04357,-63,12.148827715514,6.29232796887455,1.928,1.48829085568583
150.789218902588,4,4.0313,-63,12.1588647732455,6.29118895476047,1.928,1.48977906983465
151.218909978867,4,4.1172,-63,12.1646447453263,6.29080150608252,1.928,1.49150035822355
151.865515947342,4,4.08652,-62,12.1732218373135,6.29023666678182,1.928,1.49351827551066
152.573797941208,4,4.16629,-62,12.18292463417,6.28961686521031,1.928,1.49343028266712
153.322834014893,4,4.2706,-61,12.1946712535055,6.28882998624647,1.928,1.49077626258504
154.019738912582,4,4.31355,-61,12.2030155686738,6.28889608698457,1.928,1.4880239829354
154.496677875519,4,4.37491,-61,12.2099700624488,6.28862682346903,1.928,1.48805689738106
154.941062927246,4,4.38719,-60,12.21689284053,6.28820887851858,1.928,1.48903560740708
155.826409816742,4,4.43627,-60,12.2293032987368,6.28746884341153,1.928,1.49237743637192
156.012465953827,4,4.424,-60,12.2320879974104,6.28729645730317,1.928,1.49302719939575
156.591478824615,4,4.47309,-59,12.2398972739067,6.28687013630467,1.928,1.49366306129433
157.207023859024,4,4.4915,-59,12.2476226914445,6.28660785854815,1.928,1.49376780942593
157.803383827209,4,4.44241,-59,12.2557145274628,6.28632613141255,1.928,1.49370984698394
158.356819868088,4,4.46082,-59,12.264391897192,6.28580889400198,1.928,1.49318151113842
158.868619918823,4,4.50377,-59,12.2724171801472,6.285283602754,1.928,1.49330553823864
159.589012861252,4,4.5099,-58,12.2815983257085,6.28464903266133,1.928,1.49650664942271
160.508702993393,4,4.54058,-58,12.2936390701048,6.28371874632606,1.928,1.49832452035667
160.820402860641,4,4.56513,-59,12.2983939144306,6.28324770567323,1.928,1.49881777990822
161.330793857574,4,4.60808,-58,12.3065290317044,6.28263388502669,1.928,1.49792865931989
162.228978872299,4,4.55899,-59,12.3208930801795,6.28170183544231,1.928,1.49418863965948
162.532095909119,4,4.55285,-59,12.3257565240424,6.28135946931428,1.928,1.49321397272381
163.432396888733,4,4.52831,-59,12.3403434429434,6.28026127361974,1.928,1.49262570223926
164.290035009384,4,4.57126,-59,12.3562071507679,6.27952914060467,1.928,1.49299085939533
164.924598932266,4,4.62035,-60,12.3667944211739,6.27875589958395,1.928,1.49491244071881
165.61958193779,4,4.65103,-60,12.3773548867777,6.27779389704655,1.928,1.49608080576645
166.268123865128,4,4.70012,-61,12.3869089199459,6.27693714537737,1.928,1.49528129157685
166.86236000061,4,4.76148,-61,12.3961587060727,6.27611206135028,1.928,1.49404792080391
167.48573589325,4,4.78602,-61,12.4082479558748,6.27482773275663,1.928,1.490893596762
168.183432817459,4,4.78602,-61,12.4216964199229,6.2733544421978,1.928,1.48688522115599
168.861734867096,4,4.8167,-62,12.4314262912623,6.27254310787272,1.928,1.48708804725562
169.563938856125,4,4.91487,-62,12.4417681440885,6.27166940018852,1.928,1.48873214597363
169.948411941528,4,4.90874,-63,12.4473204363136,6.27120315764262,1.928,1.48962678057431
170.564913988113,4,4.9701,-63,12.4558415906778,6.27045645854885,1.928,1.49077757564824
171.050621986389,4,4.91487,-63,12.4610226473638,6.26958532388243,1.928,1.48944263960678
172.339979887009,4,4.9026,-64,12.4793671792305,6.26754834545358,1.928,1.48644847220685
172.937050819397,4,4.94555,-64,12.4886853324803,6.26662146675197,1.928,1.48562095498725
173.54269695282,4,4.94555,-64,12.4978874610855,6.2657040982395,1.928,1.48537599132418
174.040556907654,4,4.99464,-64,12.5050830106314,6.26496887180434,1.928,1.48609162996757
174.833524942398,4,5.00078,-65,12.5158506278164,6.26276428039468,1.928,1.4900290554646
175.327299833298,4,4.96396,-64,12.5235881609959,6.26203432443435,1.928,1.49175905109059
175.554277896881,4,4.92101,-64,12.5268180604081,6.26173672716702,1.928,1.49224416151269
176.255002975464,4,4.87192,-65,12.5364648536341,6.26086728237899,1.928,1.49300418163645
176.874219894409,4,4.9026,-65,12.5457400781579,6.26005774316118,1.928,1.4925121918876
177.436043977737,4,4.71239,-65,12.5536901279204,6.25936211380697,1.928,1.49083936891675
177.822103977203,4,4.8167,-64,12.566022555234,6.25954493814749,1.928,1.49665496429777
178.672971010208,4,4.79216,-64,12.586019614193,6.25914727717888,1.928,1.5023680385807
179.263772964478,4,4.7308,-64,12.5944791414683,6.25837956790822,1.928,1.50320176355055
179.74382185936,4,4.63876,-64,12.601280975479,6.25776405022688,1.928,1.50487890526858
180.687721967697,4,4.67557,-64,12.6150085444749,6.25655209758994,1.928,1.50760961685433
181.079054832459,4,4.55899,-64,12.6189833492324,6.2560996593531,1.928,1.50793455693347
181.485385894775,4,4.63262,-64,12.6198202314279,6.25571469354317,1.928,1.50800708672375
182.377750873566,4,4.52831,-64,12.6306162282104,6.2545810187292,1.928,1.51842813012653
182.710000991821,4,4.50377,-63,12.6358283131752,6.25417826670919,1.928,1.52372550375441
183.24955701828,4,4.5099,-63,12.644027556781,6.25356096472801,1.928,1.53239142455487
183.655193805695,4,4.41786,-63,12.6497872392368,6.25315298722072,1.928,1.53900306004063
184.293039798737,4,4.29515,-62,12.6592642548096,6.25260124663451,1.928,1.54816107307869
185.064841985703,4,4.23992,-62,12.6685187301531,6.25241537844616,1.928,1.55871620132991
185.597670793533,4,4.14788,-62,12.6761811130545,6.25216566104309,1.928,1.56626979298453
186.242471933365,4,4.07425,-62,12.6858567200778,6.25191556173416,1.928,1.57612559660945
186.734728813171,4,4.01903,-62,12.6931846539784,6.25180264926078,1.928,1.58389474252815
186.994848012924,4,4.08039,-62,12.6969918113123,6.25177188435303,1.928,1.58800570332613
187.848497867584,4,4.01289,-61,12.7093865678375,6.25177965275869,1.928,1.60138753956338
188.282857894897,4,4.00062,-61,12.7127782123102,6.2513071809168,1.928,1.6078772969871
188.671211957932,4,3.88404,-61,12.7165403869297,6.25107907698479,1.928,1.6138184643156
189.508208990097,4,3.90858,-61,12.72851432083,6.25145992274834,1.928,1.62664571896882
190.010267972946,4,3.75518,-61,12.7362826726818,6.25178147678249,1.928,1.63404400449979
190.614022016525,4,3.73678,-61,12.7444749265116,6.25218180695016,1.928,1.64398111251823
191.094648838043,4,3.69383,-60,12.7511877700536,6.25257224785005,1.928,1.65187897844057
191.748221874237,4,3.68155,-60,12.7590622860902,6.25270962255491,1.928,1.65923379128063
192.349207878113,4,3.65701,-60,12.7672347795835,6.25314288396783,1.928,1.66101262601361
192.702314853668,4,3.62633,-60,12.7725422337005,6.25355929689559,1.928,1.66081029410215
193.014917850494,4,3.63247,-60,12.777389266033,6.25396721545822,1.928,1.66050315541969
193.800067901611,4,3.57111,-59,12.7895629405259,6.25495280717037,1.928,1.6618103731948
194.520738840103,4,3.49748,-59,12.8013306091585,6.25592695611067,1.928,1.6630076598564
194.837559938431,4,3.4852,-59,12.8052306970345,6.25641695650149,1.928,1.66330935156531
195.654526948929,4,3.37476,-59,12.8147852589824,6.25760154224358,1.928,1.66375443869411
195.96034693718,4,3.27658,-59,12.8194500325602,6.25794159115859,1.928,1.66382855191918
196.554615974426,4,3.20909,-59,12.8291728724012,6.2586978685458,1.928,1.66292300341273
