1.03716015815735,882.001246919949,929.18260616078,107.3,-57,5.93343730717959,5.93343730717959
1.15645599365234,881.841255806858,928.965769043261,107.3,-57,5.93343730717959,5.93343730717959
1.23909401893616,881.730427548739,928.815562700134,107.3,-57,5.90889430717959,5.90889430717959
1.38920903205872,881.529103940571,928.542707351858,107.3,-57,5.84139930717959,5.84139930717959
1.53365898132324,881.335377914236,928.280149061417,107.3,-57,5.86594230717959,5.86594230717959
1.64622211456299,881.214116442441,928.073542057821,107.3,-57,5.82912730717959,5.82912730717959
1.74768900871277,881.210185119826,927.880179226985,107.3,-57,5.76776730717959,5.76776730717959
1.87109708786011,881.205403688636,927.64500364847,107.3,-57,5.74322430717959,5.74322430717959
1.97850012779236,881.201242370767,927.440328458443,107.3,-57,5.73708830717959,5.73708830717959
2.07779312133789,881.197395275669,927.251108373656,107.3,-57,5.71868030717959,5.71868030717959
2.30489206314087,881.188596354472,926.818331805154,107.3,-56,5.71868030717959,5.71868030717959
2.40752100944519,881.187749689677,926.677236440603,107.3,-57,5.66959330717959,5.66959330717959
2.48961210250854,881.187514144898,926.572065696891,107.3,-56,5.63277730717959,5.63277730717959
2.64091300964355,881.187080015721,926.378227019223,107.3,-56,5.57141830717959,5.57141830717959
2.76562809944153,881.18672216949,926.218448677179,107.3,-57,5.56528230717959,5.56528230717959
2.85313820838928,881.186471075875,926.106335378441,107.3,-57,5.49778730717959,5.49778730717959
2.99023699760437,881.186077696974,925.930691699136,107.3,-57,5.47324330717959,5.47324330717959
3.07709407806396,881.186089371765,925.817889077767,107.3,-56,5.49165130717959,5.49165130717959
3.21175098419189,881.18629069055,925.641936459641,107.3,-56,5.44256430717959,5.44256430717959
3.33774518966675,881.186479058166,925.477303163366,107.3,-56,5.41802030717959,5.41802030717959
3.47216701507568,881.186680025493,925.301657718999,107.3,-56,5.34438930717959,5.34438930717959
3.602135181427,881.186874334379,925.131831753142,107.3,-56,5.38120430717959,5.38120430717959
3.78082919120789,881.187989295737,924.914166764696,107.3,-56,5.36893230717959,5.36893230717959
3.9092960357666,881.189332198524,924.767790360929,107.3,-56,5.28916530717959,5.28916530717959
4.09045600891113,881.191225918523,924.561374880994,107.3,-56,5.28916530717959,5.28916530717959
4.21658301353455,881.192544362255,924.417664514183,107.3,-55,5.20326530717959,5.20326530717959
4.3324191570282,881.193755232503,924.285679657165,107.3,-55,5.24007530717959,5.24007530717959
4.43620300292969,881.116669363349,924.019334972612,107.3,-55,5.19712530717959,5.19712530717959
4.58600807189941,880.972526836826,923.572604878783,107.3,-55,5.16644530717959,5.16644530717959
4.64753413200378,880.913326425175,923.389129494456,107.3,-55,5.13576530717959,5.13576530717959
4.80442905426025,880.762362037599,922.921256919629,107.3,-55,5.18485530717959,5.18485530717959
4.93983006477356,880.632079104696,922.51748082215,107.3,-55,5.12963530717959,5.12963530717959
5.02671098709106,880.548925322652,922.259217092315,107.3,-55,5.09281530717959,5.09281530717959
5.15784001350403,880.530727640662,922.068434942429,107.3,-55,5.12963530717959,5.12963530717959
5.25587916374207,880.517122069666,921.925795891663,107.3,-55,5.06213530717959,5.06213530717959
5.37691903114319,880.500324530058,921.749692653833,107.3,-55,5.08667530717959,5.08667530717959
5.51137399673462,880.481665284484,921.554071530882,107.3,-55,5.01918530717959,5.01918530717959
5.65124917030334,880.462253839159,921.350564442794,107.3,-55,4.95168530717959,4.95168530717959
5.74128913879395,880.448420565603,921.211352044528,107.3,-54,5.01304530717959,5.01304530717959
5.90020108222961,880.421640443829,920.951134578091,107.3,-54,4.96396530717959,4.96396530717959
5.98191905021667,880.40786918733,920.817321837952,107.3,-54,4.97623530717959,4.97623530717959
6.08605909347534,880.390319323049,920.646793068211,107.3,-54,4.95782530717959,4.95782530717959
6.1749370098114,880.375341459391,920.501255950539,107.3,-54,4.90873530717959,4.90873530717959
6.31997418403625,880.350899538265,920.263758345262,107.3,-54,4.92101530717959,4.92101530717959
6.45046305656433,880.330433740782,920.068398448716,107.3,-54,4.89646530717959,4.89646530717959
6.5403311252594,880.316927466611,919.940924946772,107.3,-54,4.89033530717959,4.89033530717959
6.64555215835571,880.301113795056,919.791674008573,107.3,-54,4.85965530717959,4.85965530717959
6.81935119628906,880.27499353353,919.545148492653,107.3,-54,4.82283530717959,4.82283530717959
6.92375612258911,880.259302514685,919.397055162409,107.3,-54,4.82283530717959,4.82283530717959
7.01416516304016,880.245714937855,919.268814318236,107.3,-54,4.83510530717959,4.83510530717959
7.16377520561218,880.224771388539,919.065684104114,107.3,-54,4.79215530717959,4.79215530717959
7.25998020172119,880.211821597789,918.938114888861,107.3,-54,4.79829530717959,4.79829530717959
7.40178799629211,880.192733386776,918.750075703767,107.3,-54,4.79829530717959,4.79829530717959
7.49526619911194,880.18015063936,918.626122255825,107.3,-54,4.79829530717959,4.79829530717959
7.61300802230835,880.164301857753,918.46999489659,107.3,-54,4.79215530717959,4.79215530717959
7.81196999549866,880.23583425001,918.292563344682,107.3,-54,4.72466530717959,4.72466530717959
7.97988510131836,880.556171381023,918.371269024759,107.3,-54,4.72466530717959,4.72466530717959
8.11514115333557,880.814203768543,918.434666653617,107.3,-54,4.70011530717959,4.70011530717959
8.22526407241821,881.024288857586,918.48628380382,107.3,-53,4.64489530717959,4.64489530717959
8.35182404518127,881.265731450723,918.545605379911,107.3,-54,4.65716530717959,4.65716530717959
8.47946119308472,881.319823203611,918.422855854962,107.3,-53,4.64489530717959,4.64489530717959
8.60276412963867,881.044284702262,917.988301065674,107.3,-54,4.63262530717959,4.63262530717959
8.79502320289612,880.61465359698,917.310725142481,107.3,-53,4.58967530717959,4.58967530717959
8.87351107597351,880.439260929731,917.034111445354,107.3,-53,4.57126530717959,4.57126530717959
9.04641509056091,880.052881542604,916.42474828073,107.3,-53,4.55899530717959,4.55899530717959
9.20691514015198,879.970680753143,916.112836208269,107.3,-53,4.50990530717959,4.50990530717959
9.32013320922852,879.954957762645,915.931599156513,107.3,-53,4.54671530717959,4.54671530717959
9.4637451171875,879.9350138731,915.701708300683,107.3,-53,4.54058530717959,4.54058530717959
9.61852717399597,879.913518745792,915.453936510638,107.3,-53,4.53444530717959,4.53444530717959
9.79308319091797,879.889490225752,915.183502708746,107.3,-53,4.49763530717959,4.49763530717959
9.92532706260681,879.87170609604,914.996374143887,107.3,-53,4.51603530717959,4.51603530717959
10.0195081233978,879.85904064561,914.86310545992,107.3,-53,4.45467530717959,4.45467530717959
10.1993870735168,879.834850559971,914.608572003253,107.3,-53,4.47308530717959,4.47308530717959
10.3414762020111,879.815742442071,914.407512140459,107.3,-53,4.44854530717959,4.44854530717959
10.4428780078888,879.802266118655,914.261396563403,107.3,-53,4.42400530717959,4.42400530717959
10.5961811542511,879.782497932829,914.03054808226,107.3,-53,4.42400530717959,4.42400530717959
10.7625770568848,879.761041457851,913.779984135578,107.3,-53,4.40559530717959,4.40559530717959
10.9158811569214,879.741273149051,913.549134218364,107.3,-53,4.38718530717959,4.38718530717959
11.0859839916229,879.719338671347,913.292988262063,107.3,-53,4.35036530717959,4.35036530717959
11.2201390266418,879.948006842663,913.409654089091,107.3,-53,4.31968530717959,4.31968530717959
11.3849589824677,880.301213234274,913.646621320386,107.3,-53,4.28287530717959,4.28287530717959
11.5390281677246,880.631380905479,913.868131804813,107.3,-53,4.27060530717959,4.27060530717959
11.7082591056824,880.994039957567,914.111440854475,107.3,-53,4.27673530717959,4.27673530717959
11.9072170257568,881.20188662022,914.116513745543,107.3,-53,4.28900530717959,4.28900530717959
12.0992841720581,881.183973653548,913.8403784747,107.3,-53,4.20924530717959,4.20924530717959
12.2630021572113,881.168704645454,913.605000842227,107.3,-53,4.24605530717959,4.24605530717959
12.4426209926605,881.151952659105,913.346762529582,107.3,-53,4.19697530717959,4.19697530717959
12.5856640338898,881.136655964781,913.143344693074,107.3,-53,4.17242530717959,4.17242530717959
12.7512211799622,881.117127732384,912.909994675578,107.3,-53,4.16015530717959,4.16015530717959
12.9605371952057,881.092437938636,912.614967266746,107.3,-53,4.12947530717959,4.12947530717959
13.1752049922943,881.067116877426,912.312396611265,107.3,-53,4.01902530717959,4.01902530717959
13.3226201534271,881.05170873742,912.087108528497,107.3,-53,4.06198530717959,4.06198530717959
13.4483671188354,881.038576832731,911.894833924018,107.3,-53,4.01902530717959,4.01902530717959
13.7152299880981,881.010708026889,911.486784692207,107.3,-53,3.94539530717959,3.94539530717959
13.8061699867249,881.001211055009,911.347732014391,107.3,-53,3.95153530717959,3.95153530717959
14.0232532024384,880.97359989101,910.9858776491,107.3,-53,3.93926530717959,3.93926530717959
14.2135391235352,880.949152697762,910.667211327804,107.3,-53,3.91471530717959,3.91471530717959
14.4119482040405,880.923661872664,910.334941386698,107.3,-53,3.89017530717959,3.89017530717959
14.6177871227264,880.631124596021,909.866428131457,107.3,-52,3.85335530717959,3.85335530717959
14.7943391799927,880.2488217328,909.40344618124,107.3,-52,3.82881530717959,3.82881530717959
14.9895241260529,879.826171524745,908.891602205139,107.3,-52,3.82267530717959,3.82267530717959
15.2280302047729,879.454902688853,908.360493633842,107.3,-52,3.76745530717959,3.76745530717959
15.4096879959106,879.431708636734,908.124644002746,107.3,-52,3.76132530717959,3.76132530717959
15.6302599906921,879.403546022233,907.838271349673,107.3,-52,3.73677530717959,3.73677530717959
15.9465291500092,879.361288588674,907.407025392286,107.3,-52,3.65087530717959,3.65087530717959
16.081796169281,879.341279784576,907.201303804529,107.3,-52,3.64473530717959,3.64473530717959
16.3125760555267,879.307142641921,906.850320949458,107.3,-52,3.60792530717959,3.60792530717959
16.4840981960297,879.281770951718,906.589460561835,107.3,-52,3.60178530717959,3.60178530717959
16.7511830329895,879.244539548117,906.168350683068,107.3,-52,3.52815530717959,3.52815530717959
16.9207479953766,879.221377128747,905.897888493251,107.3,-52,3.54656530717959,3.54656530717959
17.2513551712036,879.176216489748,905.370558203523,107.3,-52,3.49133530717959,3.49133530717959
17.3698010444641,879.15994245659,905.182974266859,107.3,-52,3.49133530717959,3.49133530717959
17.6802701950073,879.117223702852,904.692153585895,107.3,-52,3.44838530717959,3.44838530717959
17.8679461479187,879.091400580649,904.395456671412,107.3,-52,3.40543530717959,3.40543530717959
18.0961911678314,879.01179537563,903.91420127191,107.3,-51,3.33180530717959,3.33180530717959
18.3374280929565,878.884516704615,903.297765814955,107.3,-52,3.28271530717959,3.28271530717959
18.5819861888886,878.755485755394,902.672843732485,107.3,-52,3.25203530717959,3.25203530717959
18.8559939861298,878.720078392056,902.273224825756,107.3,-52,3.20908530717959,3.20908530717959
19.1354839801788,878.698294057831,901.90506957735,107.3,-52,3.17227530717959,3.17227530717959
19.3200891017914,878.681668337673,901.630497891779,107.3,-52,3.12932530717959,3.12932530717959
19.5691211223602,878.653735093316,901.182821095547,107.3,-51,3.12318530717959,3.12318530717959
19.8172800540924,878.625899780959,900.736713822835,107.3,-51,3.08636530717959,3.08636530717959
20.0671370029449,878.600893879718,900.332864404593,107.3,-51,3.05568530717959,3.05568530717959
20.3358111381531,878.576401007279,899.934554085592,107.3,-51,3.01887530717959,3.01887530717959
20.5876960754395,878.553438671759,899.561133809597,107.3,-51,3.00660530717959,3.00660530717959
20.8485081195831,878.53203232035,899.218884979624,107.3,-51,2.97592530717959,2.97592530717959
21.1619532108307,878.506359604787,898.808571929145,107.3,-50,2.93910530717959,2.93910530717959
21.4102330207825,878.521534170226,898.494167268066,107.3,-50,2.89615530717959,2.89615530717959
21.6989769935608,878.582068185709,898.141328588781,107.3,-50,2.84706530717959,2.84706530717959
22.0026531219482,878.64079506041,897.770630765224,107.3,-50,2.80411530717959,2.80411530717959
22.2139360904694,878.626496346051,897.517047443223,107.3,-50,2.78570530717959,2.78570530717959
22.5737080574036,878.602148540709,897.085246568897,107.3,-50,2.74889530717959,2.74889530717959
22.8168730735779,878.581841911775,896.747105137005,107.3,-50,2.72434530717959,2.72434530717959
23.133730173111,878.549100428397,896.230972030987,107.3,-50,2.68139530717959,2.68139530717959
23.4887042045593,878.515692899241,895.691307213007,107.3,-50,2.63537530717959,2.63537530717959
23.7480189800262,878.499118238561,895.389324980607,107.3,-50,2.57095530717959,2.57095530717959
24.1215391159058,878.472910999213,894.904100935626,107.3,-50,2.53413530717959,2.53413530717959
24.4028830528259,878.446107671221,894.386489126197,107.3,-50,2.47891530717959,2.47891530717959
24.6562922000885,878.42196565997,893.92027126959,107.3,-50,2.49118530717959,2.49118530717959
24.9942090511322,878.405230733342,893.147457109349,107.3,-50,2.50345530717959,2.50345530717959
25.2908701896667,878.391915958635,892.455532650413,107.3,-50,2.38687530717959,2.38687530717959
25.6653161048889,878.357479533586,891.789905632287,107.3,-50,2.41141530717959,2.41141530717959
25.8714950084686,878.336480030193,891.44740668963,107.3,-50,2.38073530717959,2.38073530717959
26.1968121528625,878.305083195849,890.923036088351,107.3,-49,2.35005530717959,2.35005530717959
26.4419441223145,878.283075766108,890.543153993428,107.3,-49,2.33778530717959,2.33778530717959
26.8087220191956,878.250489673996,889.98041161211,107.3,-49,2.28256530717959,2.28256530717959
27.0171730518341,878.234021872876,889.69447070175,107.3,-49,2.28869530717959,2.28869530717959
27.4076759815216,878.203171823819,889.158801668119,107.3,-49,2.27029530717959,2.27029530717959
27.6237261295319,878.184817968972,888.838638605316,107.3,-49,2.25801530717959,2.25801530717959
27.9736740589142,878.15418388375,888.303295411101,107.3,-49,2.24574530717959,2.24574530717959
28.2554020881653,878.115791794093,887.915356450287,107.3,-49,2.24574530717959,2.24574530717959
28.5439841747284,878.044149109398,887.619290897876,107.3,-49,2.25188530717959,2.25188530717959
28.8483071327209,877.970200618683,887.302731797618,107.3,-49,2.27642530717959,2.27642530717959
29.1628470420837,877.94420656907,886.838762534718,107.3,-49,2.25188530717959,2.25188530717959
29.4030401706696,877.924356648868,886.484460185456,107.3,-48,2.27029530717959,2.27029530717959
29.7213671207428,877.897910773581,886.023248563366,107.3,-48,2.23961530717959,2.23961530717959
30.0795991420746,877.868099886191,885.507211823036,107.3,-48,2.24574530717959,2.24574530717959
30.3992290496826,877.84023771103,885.007453839377,107.3,-48,2.27029530717959,2.27029530717959
30.6641662120819,877.81668448814,884.578937139054,107.3,-48,2.29483530717959,2.29483530717959
30.9400210380554,877.79401110536,884.153057451842,107.3,-48,2.30710530717959,2.30710530717959
31.2484891414642,877.77527810094,883.749446356617,107.3,-48,2.30710530717959,2.30710530717959
31.5952641963959,877.754218748077,883.29571302675,107.3,-48,2.34392530717959,2.34392530717959
31.8568780422211,877.718548933321,882.929472976265,107.3,-48,2.36233530717959,2.36233530717959
32.1677300930023,877.675837568905,882.493906041226,107.3,-48,2.38073530717959,2.38073530717959
32.5145881175995,877.639259183138,881.972478867846,107.3,-48,2.39914530717959,2.39914530717959
32.8029592037201,877.614358744118,881.521365914265,107.3,-48,2.41755530717959,2.41755530717959
33.1133551597595,877.591123553004,881.072994329555,107.3,-48,2.40528530717959,2.40528530717959
33.4852981567383,877.569976530576,880.60553383379,107.3,-48,2.45436530717959,2.45436530717959
33.7969081401825,877.551792588973,880.181573455249,107.3,-48,2.44209530717959,2.44209530717959
34.0535941123962,877.536317699649,879.798017269879,107.3,-48,2.48504530717959,2.48504530717959
34.3876061439514,877.515964424505,879.297614864779,107.3,-48,2.50959530717959,2.50959530717959
34.7012460231781,877.494804228853,878.815432534078,107.3,-48,2.51572530717959,2.51572530717959
35.0009250640869,877.474585922578,878.354713257039,107.3,-48,2.54027530717959,2.54027530717959
35.1705100536346,877.447493836664,878.171488198334,107.3,-48,2.55867530717959,2.55867530717959
35.5158951282501,877.37776602676,877.870367360007,107.3,-48,2.62617530717959,2.62617530717959
35.7515602111816,877.33350435722,877.637462416641,107.3,-48,2.63231530717959,2.63231530717959
36.0983881950378,877.303433566077,877.0044204169,107.3,-48,2.68753530717959,2.68753530717959
36.4438891410828,877.274484526925,876.401682430478,107.3,-48,2.74275530717959,2.74275530717959
36.7021520137787,877.257077291523,876.068352390864,107.3,-48,2.74889530717959,2.74889530717959
37.035313129425,877.234621822387,875.638354045702,107.3,-48,2.81025530717959,2.81025530717959
37.3168020248413,877.21364047083,875.253465028607,107.3,-48,2.85933530717959,2.85933530717959
37.6619892120361,877.187330080946,874.775235000718,107.3,-48,2.91456530717959,2.91456530717959
37.9193661212921,877.168436969329,874.401826217105,107.3,-48,2.90229530717959,2.90229530717959
38.2202529907227,877.146855093159,873.95355266415,107.3,-48,2.94524530717959,2.94524530717959
38.5140721797943,877.151164480977,873.551915378109,107.3,-48,2.96365530717959,2.96365530717959
38.8578391075134,877.227139043087,873.182896076435,107.3,-48,2.98819530717959,2.98819530717959
39.1028800010681,877.281294556854,872.919855009567,107.3,-49,3.01273530717959,3.01273530717959
39.3572361469269,877.269603268957,872.622605725398,107.3,-49,3.05568530717959,3.05568530717959
39.6538941860199,877.248732613129,872.273341689091,107.3,-49,3.09864530717959,3.09864530717959
40.0112371444702,877.221330119844,871.764457117611,107.3,-49,3.14159530717959,3.14159530717959
40.274304151535,877.199699546865,871.333025507482,107.3,-49,3.19681530717959,3.19681530717959
40.5564792156219,877.1772999741,870.888506162475,107.3,-49,3.21522530717959,3.21522530717959
40.9534151554108,877.149420300889,870.345781857317,107.3,-49,3.28885530717959,3.28885530717959
41.1913840770721,877.132334456662,870.019654294948,107.3,-49,3.31953530717959,3.31953530717959
41.5280351638794,877.106642909562,869.555191423839,107.3,-49,3.35634530717959,3.35634530717959
41.7577300071716,877.089113734352,869.238291432793,107.3,-49,3.40543530717959,3.40543530717959
42.0660271644592,877.051610384686,868.812511574992,107.3,-49,3.48520530717959,3.48520530717959
42.3570971488953,877.014190084138,868.410460903995,107.3,-49,3.53429530717959,3.53429530717959
42.6421880722046,876.985293028348,867.997359780174,107.3,-49,3.55269530717959,3.55269530717959
42.9417359828949,876.960077977662,867.550493048566,107.3,-49,3.57724530717959,3.57724530717959
43.3479740619659,876.928176547753,866.998991503592,107.3,-49,3.65700530717959,3.65700530717959
43.5776710510254,876.911046549808,866.708733205073,107.3,-49,3.69382530717959,3.69382530717959
43.9398980140686,876.880798723031,866.197419597321,107.3,-49,3.71836530717959,3.71836530717959
44.1555449962616,876.858188007993,865.816754271547,107.3,-49,3.75518530717959,3.75518530717959
44.4860591888428,876.823533397256,865.233322537365,107.3,-49,3.84108530717959,3.84108530717959
44.8019170761108,876.791670423976,864.65160679562,107.3,-50,3.87176530717959,3.87176530717959
45.0864200592041,876.763149724944,864.124186704561,107.3,-50,3.93926530717959,3.93926530717959
45.4058501720428,876.695624275799,863.604351633866,107.3,-50,3.98221530717959,3.98221530717959
45.7515070438385,876.602032057437,863.08364796596,107.3,-50,4.08038530717959,4.08038530717959
46.0305051803589,876.556130633961,862.64547560645,107.3,-50,4.14174530717959,4.14174530717959
46.3493320941925,876.527292149578,862.130502671029,107.3,-49,4.20924530717959,4.20924530717959
46.6221091747284,876.503041389152,861.700164736356,107.3,-49,4.25219530717959,4.25219530717959
46.8472390174866,876.484276579816,861.375339416127,107.3,-50,4.30128530717959,4.30128530717959
47.1990411281586,876.454953503631,860.867746855957,107.3,-50,4.35036530717959,4.35036530717959
47.6462759971619,876.417318431235,860.199089396451,107.3,-50,4.41786530717959,4.41786530717959
47.9173181056976,876.394476872312,859.791685853689,107.3,-50,4.45467530717959,4.45467530717959
48.1914219856262,876.372237657372,859.402682045361,107.3,-50,4.48535530717959,4.48535530717959
48.4813580513,876.348996743824,858.998770996109,107.3,-50,4.53444530717959,4.53444530717959
48.7906770706177,876.302264419486,858.50481972964,107.3,-50,4.55285530717959,4.55285530717959
49.1990242004395,876.163899261628,857.632415683482,107.3,-51,4.61421530717959,4.61421530717959
49.4203832149506,876.092891323819,857.164345528153,107.3,-51,4.66330530717959,4.66330530717959
49.7630910873413,876.052791633066,856.524354463738,107.3,-51,4.71852530717959,4.71852530717959
50.0298840999603,876.021574616584,856.026130880681,107.3,-51,4.76761530717959,4.76761530717959
50.4510440826416,875.976198495149,855.294700734282,107.3,-51,4.81056530717959,4.81056530717959
50.8449881076813,875.935608386031,854.625212024539,107.3,-51,4.85965530717959,4.85965530717959
51.2575011253357,875.896728303979,853.951290602294,107.3,-51,4.93328530717959,4.93328530717959
51.3891980648041,875.884458600359,853.738983613675,107.3,-51,4.95782530717959,4.95782530717959
51.7380301952362,875.85844887632,853.305821671028,107.3,-51,4.99464530717959,4.99464530717959
52.1574981212616,875.825452262526,852.75390411259,107.3,-52,5.09895530717959,5.09895530717959
52.396026134491,875.802417453822,852.362970502001,107.3,-52,5.08667530717959,5.08667530717959
52.7969801425934,875.763697058884,851.705830085051,107.3,-52,5.14190530717959,5.14190530717959
53.0362250804901,875.740373679174,851.274414844677,107.3,-52,5.17258530717959,5.17258530717959
53.4155352115631,875.703384882413,850.58849024593,107.3,-52,5.23394530717959,5.23394530717959
53.6203680038452,875.684154615183,850.227648861251,107.3,-52,5.23394530717959,5.23394530717959
54.0598390102386,875.644051047977,849.468310826451,107.3,-53,5.27075530717959,5.27075530717959
54.3460140228271,875.616365605235,848.947420898144,107.3,-53,5.30757330717959,5.30757330717959
54.7158391475677,875.579317469377,848.252906590104,107.3,-53,5.33211730717959,5.33211730717959
55.0453991889954,875.548941340451,847.694686795666,107.3,-53,5.36279730717959,5.36279730717959
55.4078691005707,875.517258818749,847.120441089818,107.3,-54,5.38734030717959,5.38734030717959
55.773549079895,875.519351338012,846.572290879267,107.3,-54,5.39347630717959,5.39347630717959
56.117928981781,875.529131275707,846.063219385584,107.3,-54,5.43029230717959,5.43029230717959
56.4219470024109,875.511929905098,845.585496206809,107.3,-55,5.47324330717959,5.47324330717959
56.8054420948029,875.486585757141,844.978889535055,107.3,-55,5.54073830717959,5.54073830717959
56.9884359836578,875.474494578409,844.68370389182,107.3,-55,5.54073830717959,5.54073830717959
57.3661282062531,875.449540200317,844.071236655599,107.3,-55,5.61436930717959,5.61436930717959
57.630410194397,875.432854452729,843.644567869813,107.3,-55,5.60209830717959,5.60209830717959
58.0754880905151,875.40729951547,842.932223993722,107.3,-55,5.65732130717959,5.65732130717959
58.7389161586761,875.365059869065,841.817305235024,107.3,-56,5.69413630717959,5.69413630717959
59.0945541858673,875.310007147385,841.291541926273,107.3,-56,5.68800030717959,5.68800030717959
59.2518801689148,875.27304834786,841.091211108467,107.3,-56,5.74322430717959,5.74322430717959
59.7746121883392,875.192034311673,840.343816037943,107.3,-56,5.79844730717959,5.79844730717959
59.963935136795,875.187310331724,840.024947391395,107.3,-56,5.83526330717959,5.83526330717959
60.2887930870056,875.180587271926,839.512017558416,107.3,-56,5.86594230717959,5.86594230717959
60.6360251903534,875.178595681231,839.092289819503,107.3,-56,5.89048630717959,5.89048630717959
61.0949862003326,875.3332067555,838.771470956615,107.3,-57,6.00706830717959,6.00706830717959
61.3327391147614,875.538670139372,838.791820365241,107.3,-57,6.02547630717959,6.02547630717959
61.5255150794983,875.705264951214,838.808320170887,107.3,-57,6.09910730717959,6.09910730717959
63.0080358982086,875.772779353603,839.376122522251,107.3,-57,6.14819530717959,6.14819530717959
63.2364728450775,875.529593187122,839.134475508722,107.3,-56,6.16660230717959,6.16660230717959
63.7284369468689,875.332497363766,839.453992217649,107.3,-55,6.17887430717959,6.17887430717959
63.8969469070435,875.287520626822,839.840673308184,107.3,-55,6.18501050717959,6.18501050717959
64.1904077529907,875.171453067076,840.560320299757,107.3,-54,6.19114650717959,6.19114650717959
64.5805668830872,875.027311798427,841.286703906339,107.3,-53,6.24636980717959,6.24636980717959
64.96568775177,874.71971177222,842.683181356806,107.3,-53,0.134995307179587,6.41818061435917
65.2562808990479,874.504890509001,842.984839902688,107.3,-52,0.239305307179587,6.52249061435917
65.5166878700256,874.266242311765,843.411918754513,107.3,-52,0.386565307179586,6.66975061435917
65.8947548866272,875.491672889083,841.819536693763,107.3,-52,0.589045307179586,6.87223061435917
66.0991227626801,873.290512381114,844.258488878855,107.3,-53,0.650405307179586,6.93359061435917
66.3337438106537,874.674781370989,842.807429820843,107.3,-54,0.803805307179586,7.08699061435917
66.5448608398438,873.997988690539,843.677068194596,107.3,-54,0.901985307179586,7.18517061435917
66.8176467418671,872.311147763122,847.032926801083,107.3,-55,1.07992530717959,7.36311061435917
66.8949098587036,872.164193841578,847.062949645269,107.3,-55,1.15968530717959,7.44287061435917
67.0634317398071,871.942322614112,847.085386141604,107.3,-56,1.28854530717959,7.57173061435917
67.2152028083801,871.543890813624,847.255291484025,107.3,-56,1.36831530717959,7.65150061435917
67.4745397567749,871.887675136942,845.477441090761,107.3,-58,1.50330530717959,7.78649061435917
67.5659127235413,872.392596932916,844.15884912166,107.3,-59,1.56466530717959,7.84785061435917
67.7270777225494,871.733530915293,844.857625628198,107.3,-59,1.66897530717959,7.95216061435917
67.9140388965607,871.103212523331,845.351293838903,107.3,-60,1.75487530717959,8.03806061435917
67.9647908210754,870.964968228887,845.407716379024,107.3,-60,1.71805530717959,8.00124061435917
68.1202168464661,870.558733595869,845.568205402718,107.3,-61,1.86532530717959,8.14851061435917
68.3149738311768,870.163089631609,845.687886249469,107.3,-62,1.88372530717959,8.16691061435917
68.3658397197723,870.059756845679,845.719144037871,107.3,-62,1.87759530717959,8.16078061435917
