15.4890789985657,808.877896631581,929.792359754118,107.3,-65,6.16660230717959,6.16660230717959
16.2312932014465,808.121642021388,928.734670343292,107.3,-64,6.07763230717959,6.07763230717959
16.7066791057587,808.294385613094,928.010601425873,107.3,-63,5.94570930717959,5.94570930717959
17.1198620796204,808.429451679203,927.439667137692,107.3,-62,5.85367030717959,5.85367030717959
17.9797670841217,808.7049944097,926.294623985051,107.3,-62,5.72481630717959,5.72481630717959
18.5507140159607,808.937438707241,925.398497510156,107.3,-62,5.60823330717959,5.60823330717959
19.0805079936981,809.164110387043,924.638703412034,107.3,-62,5.47937930717959,5.47937930717959
20.0431730747223,809.543526110822,923.254004652072,107.3,-61,5.36893230717959,5.36893230717959
20.4268710613251,809.69083559961,922.685267465698,107.3,-61,5.30143730717959,5.30143730717959
21.2623991966248,809.986837670255,921.558561800747,107.3,-61,5.09895530717959,5.09895530717959
21.8633840084076,810.197548118315,920.790485448456,107.3,-61,5.02532530717959,5.02532530717959
22.2160830497742,810.327921710314,920.327382341742,107.3,-61,4.99464530717959,4.99464530717959
22.7420480251312,810.511179632309,919.501721496705,107.3,-62,4.79829530717959,4.79829530717959
23.8860671520233,810.985543786412,917.916428779913,107.3,-61,4.57739530717959,4.57739530717959
24.3783161640167,811.223396716065,917.168162254301,107.3,-61,4.44854530717959,4.44854530717959
24.8291351795197,811.384303222659,916.67177500037,107.3,-61,4.31968530717959,4.31968530717959
25.4640719890594,811.629749665082,915.935603730717,107.3,-62,4.06198530717959,4.06198530717959
26.4728741645813,812.583207061238,914.53272749699,107.3,-62,3.70609530717959,3.70609530717959
27.1035711765289,812.866286114009,913.755856037739,107.3,-61,3.52201530717959,3.52201530717959
27.7170190811157,813.157041336519,912.964459229448,107.3,-62,3.36862530717959,3.36862530717959
28.4763782024384,813.517213904125,912.016104284877,107.3,-61,2.99433530717959,2.99433530717959
28.8420519828796,813.683544181008,911.591785232591,107.3,-61,2.85933530717959,2.85933530717959
29.7248511314392,814.367213191665,910.459165144685,107.3,-60,2.63231530717959,2.63231530717959
29.885899066925,814.57499909754,910.209179893688,107.3,-60,2.56481530717959,2.56481530717959
30.9467980861664,815.283035067809,908.874832413383,107.3,-59,2.25188530717959,2.25188530717959
31.3743050098419,815.53260439691,908.308572419726,107.3,-59,2.18438530717959,2.18438530717959
32.0318210124969,815.994691195332,907.271545046789,107.3,-58,1.97576530717959,1.97576530717959
32.876736164093,816.51100475803,906.142156357601,107.3,-58,1.74873530717959,1.74873530717959
33.5600590705872,817.063397298423,905.145632921085,107.3,-58,1.56466530717959,1.56466530717959
33.9274270534515,817.310205154327,904.638245460937,107.3,-58,1.52170530717959,1.52170530717959
34.7577052116394,817.776561883895,903.489669404145,107.3,-57,1.31308530717959,1.31308530717959
35.4627912044525,818.197143657639,902.474594651526,107.3,-57,1.21491530717959,1.21491530717959
36.1832790374756,818.561140847137,901.606544081691,107.3,-57,1.11060530717959,1.11060530717959
36.8202261924744,818.994664373811,900.72831003476,107.3,-57,1.03697530717959,1.03697530717959
37.5113010406494,819.894718441571,899.604285732595,107.3,-57,0.797665307179586,0.797665307179586
37.8636951446533,820.126402787203,899.136828494055,107.3,-57,0.724035307179586,0.724035307179586
38.8498861789703,820.737679408789,897.920986499411,107.3,-56,0.484735307179586,0.484735307179586
39.4303901195526,820.812154795881,897.572335511438,107.3,-56,0.398835307179586,0.398835307179586
40.1276290416718,820.997635220621,897.065454857415,107.3,-56,0.306795307179586,0.306795307179586
40.5168151855469,821.274552813967,896.590882315195,107.3,-56,0.184075307179587,0.184075307179587
40.9148490428925,821.757583733507,896.071670393872,107.3,-56,0.122715307179586,0.122715307179586
41.6655380725861,822.565250346413,895.125759142943,107.3,-57,0.0245453071795865,0.0245453071795865
42.2634510993958,822.964242952763,894.459837100613,107.3,-56,6.13592330717959,-0.147262
43.0558490753174,823.40822824701,893.726926077747,107.3,-56,5.98252530717959,-0.30066
43.9593641757965,823.98621781095,892.796271699894,107.3,-56,5.75549630717959,-0.527689
44.393975019455,824.325403552306,892.27256891524,107.3,-57,5.57755430717959,-0.705631
45.0824341773987,825.339454710284,891.101449412032,107.3,-57,5.44869930717959,-0.834486
45.6364891529083,826.046295734652,890.243949549919,107.3,-57,5.24007530717959,-1.04311
46.3548491001129,826.641408936019,889.387461910625,107.3,-57,5.13576530717959,-1.14742
47.0425801277161,827.157114396059,888.658711579389,107.3,-57,4.92714530717959,-1.35604
47.6664640903473,827.680625137848,887.946344148642,107.3,-58,4.73079530717959,-1.55239
48.2157311439514,828.147778826239,887.3262701953,107.3,-57,4.51603530717959,-1.76715
48.8851161003113,828.487371068618,886.858919188826,107.3,-57,4.31968530717959,-1.9635
49.5726711750031,828.362796775521,886.956315914637,107.3,-57,4.15401530717959,-2.12917
50.2865741252899,828.88202181992,886.289555967512,107.3,-57,3.90244530717959,-2.38074
51.1145281791687,829.610973026943,885.376792105335,107.3,-57,3.66314530717959,-2.62004
51.525454044342,829.938969271613,884.966354459872,107.3,-56,3.52815530717959,-2.75503
52.2309880256653,830.469702201372,884.303589729978,107.3,-56,3.29499530717959,-2.98819
52.7224471569061,830.868695823649,883.81873672063,107.3,-56,3.19067530717959,-3.09251
53.5255520343781,831.542561253199,883.223357215692,107.3,-55,2.98205530717959,-3.30113
53.9932341575623,831.951264275687,882.91292137579,107.3,-55,2.86547530717959,-3.41771
55.1061661243439,833.070388663502,881.650892533537,107.3,-55,2.65685530717959,-3.62633
55.4546761512756,833.439621298941,881.246656192596,107.3,-55,2.58322530717959,-3.69996
55.8624601364136,833.861794377723,880.78772510716,107.3,-55,2.50959530717959,-3.77359
56.6729340553284,834.645319502119,879.954803833616,107.3,-54,2.30097530717959,-3.98221
57.002238035202,834.971177471454,879.61380932197,107.3,-54,2.25188530717959,-4.0313
57.890102148056,835.748200643091,878.662585434257,107.3,-54,2.05553530717959,-4.22765
58.7107300758362,836.232872290491,877.712458786361,107.3,-54,1.93281530717959,-4.35037
59.5053000450134,837.060938957586,876.887824519958,107.3,-54,1.75487530717959,-4.52831
59.8194420337677,837.394230521981,876.56204606725,107.3,-54,1.72419530717959,-4.55899
60.3806841373444,837.991912391167,875.98010860394,107.3,-55,1.61988530717959,-4.6633
61.1563520431519,838.803464682925,875.208727259723,107.3,-55,1.45421530717959,-4.82897
61.9364500045776,839.636931748212,874.4332091462,107.3,-55,1.26399530717959,-5.01919
62.8981599807739,840.867728665518,873.506850474475,107.3,-55,0.963335307179586,-5.31985
63.1594841480255,841.232383049503,873.260181014095,107.3,-56,0.895845307179586,-5.38734
63.9171600341797,842.186926301725,872.412312802833,107.3,-56,0.631995307179587,-5.65119
64.3904421329498,842.673123235746,871.975360844909,107.3,-56,0.441785307179586,-5.8414
64.9118740558624,843.155240495326,871.542050517781,107.3,-56,0.337475307179586,-5.94571
65.3371820449829,843.591620999679,871.160430287573,107.3,-57,0.214755307179586,-6.06843
66.1535711288452,844.483726921847,870.395761610716,107.3,-58,6.20341830717959,-6.36295230717959
66.7052590847015,845.133753897398,869.868932025319,107.3,-58,5.96411730717959,-6.60225330717959
67.1676599979401,845.68273680976,869.537958673347,107.3,-58,5.84753430717959,-6.71883630717959
67.515233039856,846.095390970568,869.289175828321,107.3,-59,5.70027230717959,-6.86609830717959
68.3593711853027,847.250216384463,868.413606260287,107.3,-59,5.41188430717959,-7.15448630717959
69.011137008667,848.067833615147,867.801182543094,107.3,-59,5.09895530717959,-7.46741530717959
69.6030111312866,848.702701460988,867.343547797478,107.3,-60,4.77374530717959,-7.79262530717959
69.7999911308289,848.900860939648,867.203261998333,107.3,-60,4.74306530717959,-7.82330530717959
70.7073180675507,849.96311662252,866.474206339571,107.3,-60,4.31968530717959,-8.24668530717959
71.0560801029205,850.473385733188,866.094110420243,107.3,-60,4.05584530717959,-8.51052530717959
71.923534154892,851.710527578217,865.179348772712,107.3,-60,3.54042530717959,-9.02594530717959
72.6105301380157,852.541984212862,864.63551803961,107.3,-60,3.24590530717959,-9.32046530717959
73.2692680358887,853.485100981183,864.03843650551,107.3,-60,2.90229530717959,-9.66407530717959
73.6540760993958,853.954863513634,863.752291470862,107.3,-59,2.65685530717959,-9.90951530717959
74.4298920631409,854.810208463207,863.232304167533,107.3,-59,2.25801530717959,-10.3083553071796
75.0942611694336,855.699300972761,862.60785305166,107.3,-58,1.98190530717959,-10.5844653071796
75.6271271705627,856.743656992688,861.787634183847,107.3,-58,1.74873530717959,-10.8176353071796
76.3549561500549,857.471651631366,861.382283860688,107.3,-58,1.47262530717959,-11.0937453071796
76.823361158371,858.038848423491,861.080331750478,107.3,-57,1.30081530717959,-11.2655553071796
77.5645751953125,858.918599544269,860.628215085819,107.3,-57,1.01242530717959,-11.5539453071796
78.6964972019196,860.119406546096,860.043135195864,107.3,-57,0.622795307179587,-11.9435753071796
79.2426710128784,860.954008175292,859.738828772379,107.3,-56,0.398835307179586,-12.1675353071796
79.7949440479279,861.676549950509,859.443227676985,107.3,-56,0.233165307179586,-12.3332053071796
80.2373731136322,862.191534501304,859.213156133907,107.3,-56,0.104315307179586,-12.4620553071796
80.95885014534,862.952278362726,858.882074453386,107.3,-56,6.12978730717959,-12.7197686143592
81.4972231388092,863.453527554637,858.674565470265,107.3,-56,5.98866130717959,-12.8608946143592
81.6637392044067,863.606545614491,858.611584123891,107.3,-56,5.95798130717959,-12.8915746143592
82.2917530536652,864.377604643383,858.285841140784,107.3,-56,5.74936030717959,-13.1001956143592
82.9055550098419,865.331650926601,857.989751204904,107.3,-57,5.55914630717959,-13.2904096143592
83.4480650424957,866.180651432208,857.735598861777,107.3,-57,5.39961230717959,-13.4499436143592
84.0548691749573,866.951996431021,857.436412582506,107.3,-56,5.20326530717959,-13.6462906143592
84.5791561603546,867.492782187873,857.229195610254,107.3,-57,5.01304530717959,-13.8365106143592
84.7169241905212,867.635523482551,857.174726665171,107.3,-57,4.96396530717959,-13.8855906143592
85.5449020862579,868.595124000869,856.84050631147,107.3,-57,4.65716530717959,-14.1923906143592
86.6991970539093,869.93785989462,856.436026162746,107.3,-58,4.19697530717959,-14.6525806143592
87.3922080993652,870.727661467252,856.185323348061,107.3,-59,3.78586530717959,-15.0636906143592
87.8893342018127,871.35961008042,855.964815944299,107.3,-59,3.49133530717959,-15.3582206143592
88.5566730499268,872.253608217087,855.658763118044,107.3,-59,3.13545530717959,-15.7141006143592
89.0530982017517,872.92252695745,855.436474170582,107.3,-59,2.85320530717959,-15.9963506143592
89.4225430488586,873.377142256984,855.291188313502,107.3,-59,2.64458530717959,-16.2049706143592
89.8513979911804,873.818130666514,855.097311618351,107.3,-59,2.33778530717959,-16.5117706143592
90.7045950889587,874.05195942978,854.46139902386,107.3,-58,1.95735530717959,-16.8922006143592
91.1904191970825,874.838731227892,854.214322200796,107.3,-58,1.73646530717959,-17.1130906143592
91.6392722129822,875.384407011961,854.043566513264,107.3,-58,1.55238530717959,-17.2971706143592
92.2624452114105,876.165736059447,853.808921017196,107.3,-58,1.30695530717959,-17.5426006143592
92.5830171108246,876.576056308588,853.689072739297,107.3,-58,1.17809530717959,-17.6714606143592
93.1482121944427,877.472811234594,853.45034943021,107.3,-58,0.951065307179586,-17.8984906143592
93.5561501979828,878.081504345538,853.257997099471,107.3,-58,0.773125307179586,-18.0764306143592
94.0616149902344,878.802551016648,853.022728036429,107.3,-57,0.564505307179586,-18.2850506143592
94.3004121780396,879.106743217852,852.953392607328,107.3,-57,0.472465307179586,-18.3770906143592
95.0862321853638,880.119649280331,852.729638151647,107.3,-57,0.153395307179586,-18.6961606143592
95.5550420284271,880.726481451046,852.603941143544,107.3,-57,0.0122753071795865,-18.8372806143592
96.2266221046448,881.590535220468,852.436134719652,107.3,-56,6.06842830717959,-19.0643129215388
96.4866101741791,881.931863296135,852.372321209853,107.3,-56,6.01320430717959,-19.1195369215388
96.9526591300964,882.418285125476,852.204470744458,107.3,-55,5.85980630717959,-19.2729349215388
97.672070980072,882.991668955702,851.884007078396,107.3,-55,5.62050530717959,-19.5122359215388
98.4394390583038,883.939570967121,851.710049123103,107.3,-55,5.39961230717959,-19.7331289215388
98.8577790260315,884.497741265968,851.620132110072,107.3,-55,5.28302530717959,-19.8497159215388
99.4799361228943,886.913926099016,851.799371675359,107.3,-55,5.07440530717959,-20.0583359215388
100.04456114769,887.888013637413,851.700224305839,107.3,-56,4.90260530717959,-20.2301359215388
100.648235082626,887.924163116656,851.242006060651,107.3,-56,4.68784530717959,-20.4448959215388
101.15164399147,888.112632262681,850.930486661029,107.3,-56,4.54671530717959,-20.5860259215388
101.655851125717,888.8705818416,850.84640904656,107.3,-57,4.38718530717959,-20.7455559215388
102.269556045532,889.854285329202,850.746494564901,107.3,-58,4.22151530717959,-20.9112259215388
102.900532007217,890.854711504717,850.660713237671,107.3,-59,4.01289530717959,-21.1198459215388
103.118838071823,891.198343583229,850.634536573426,107.3,-59,3.90244530717959,-21.2302959215388
103.780274152756,892.34573751051,850.627975198071,107.3,-59,3.77972530717959,-21.3530159215388
104.287785053253,893.588991478988,850.842691765091,107.3,-61,3.65087530717959,-21.4818659215388
104.592638015747,894.104323650455,850.826640715473,107.3,-61,3.54042530717959,-21.5923159215388
105.226154088974,895.073060824945,850.747103551894,107.3,-61,3.36862530717959,-21.7641159215388
105.826943159103,895.962062630595,850.681483329346,107.3,-63,3.14159530717959,-21.9911459215388
106.234666109085,896.616145445077,850.642262496375,107.3,-63,3.00046530717959,-22.1322759215388
106.699479103088,897.367049843225,850.604573066519,107.3,-63,2.80411530717959,-22.3286259215388
106.945703983307,897.766124719226,850.586350469442,107.3,-64,2.69980530717959,-22.4329359215388
107.414461135864,898.464643141613,850.190345911923,107.3,-64,2.47891530717959,-22.6538259215388
107.965339183807,899.290774355562,849.839608831931,107.3,-65,2.25188530717959,-22.8808559215388
108.088846206665,899.484699393138,849.838330606637,107.3,-64,2.06780530717959,-23.0649359215388
115.662705183029,910.971237136379,850.184557204705,107.3,-64,4.22765530717959,-27.1882712287183
116.090079069138,911.627191513461,850.24392479195,107.3,-64,4.01289530717959,-27.4030312287183
116.538596153259,912.308974208017,850.307346437955,107.3,-62,3.93926530717959,-27.4766612287183
116.9242811203,912.878808369984,850.361573943035,107.3,-62,3.71223530717959,-27.7036912287183
117.511658191681,913.723848654073,850.41093794539,107.3,-62,3.50361530717959,-27.9123112287183
117.968688011169,914.368923513986,850.429427386239,107.3,-62,3.31953530717959,-28.0963912287183
118.40261721611,915.022168968631,850.495061526706,107.3,-61,3.25203530717959,-28.1638912287183
118.804289102554,915.590651553401,850.552143885401,107.3,-61,3.04955530717959,-28.3663712287183
119.265377044678,916.194016018832,850.612677724899,107.3,-60,2.90229530717959,-28.5136312287183
119.462602138519,916.516346099164,850.644913674056,107.3,-60,2.85933530717959,-28.5565912287183
120.1235871315,917.633395561445,850.75614978823,107.3,-59,2.61390530717959,-28.8020212287183
120.515446186066,918.175451022498,850.809150766644,107.3,-59,2.40528530717959,-29.0106412287183
121.420778036118,916.960806150532,851.513877378971,107.3,-58,2.04939530717959,-29.3665312287183
121.911381006241,917.740133009729,851.573394704247,107.3,-58,1.82850530717959,-29.5874212287183
122.351807117462,918.463794675258,851.621273734685,107.3,-58,1.58306530717959,-29.8328612287183
122.879265069962,919.385663297265,851.675814954551,107.3,-58,1.27013530717959,-30.1457912287183
123.304659128189,920.20422261269,851.718002242346,107.3,-58,1.01242530717959,-30.4035012287183
123.778959035873,920.924981382877,851.74710859159,107.3,-58,0.791535307179586,-30.6243912287183
124.218615055084,921.522436639845,851.779232280081,107.3,-58,0.392695307179586,-31.0232312287183
124.706541061401,922.114285813926,851.829365386591,107.3,-59,0.503145307179587,-30.9127812287183
125.241470098495,923.104902693439,851.860822927697,107.3,-60,0.070565307179586,-31.3453612287183
125.736076116562,924.030740367498,851.879682199345,107.3,-59,6.03161230717959,-31.6674995358979
126.388812065125,925.148034425382,851.892960733119,107.3,-59,5.74936030717959,-31.9497515358979
127.013151168823,926.126936893867,851.896306051335,107.3,-60,5.48551530717959,-32.2135965358979
127.482413053513,926.890568759183,851.891097894561,107.3,-60,5.30757330717959,-32.3915385358979
128.009134054184,927.801522869213,851.817910128456,107.3,-60,5.11122530717959,-32.5878865358979
128.633805990219,928.865087468603,851.779393417826,107.3,-60,4.84124530717959,-32.8578665358979
129.222989082336,929.828525563731,851.748782360828,107.3,-61,4.62648530717959,-33.0726265358979
129.673725128174,930.576587039654,851.719633531289,107.3,-60,4.35036530717959,-33.3487465358979
130.038591146469,931.212790134061,851.690469722208,107.3,-60,4.17856530717959,-33.5205465358979
130.927831172943,932.799171610412,851.600454669355,107.3,-60,3.76132530717959,-33.9377865358979
131.417510986328,933.790711391782,851.507519651087,107.3,-60,3.55269530717959,-34.1464165358979
131.849568128586,934.582658798163,851.441373079242,107.3,-60,3.24590530717959,-34.4532065358979
132.541849136353,935.740538695464,851.349550862401,107.3,-60,3.02500530717959,-34.6741065358979
133.228079080582,936.866422587558,851.248722804904,107.3,-60,2.73662530717959,-34.9624865358979
133.764617204666,937.787259681667,851.15733827142,107.3,-60,2.41755530717959,-35.2815565358979
134.307088136673,938.771210689132,851.052827346158,107.3,-61,2.17211530717959,-35.5269965358979
134.65395116806,939.198846077511,851.041351729918,107.3,-61,2.04326530717959,-35.6558465358979
135.378988027573,940.337903398567,850.942827526522,107.3,-61,1.62601530717959,-36.0730965358979
135.942579984665,941.327009987891,850.817505609258,107.3,-62,1.43580530717959,-36.2633065358979
137.188719034195,943.273264003331,850.547700448561,107.3,-62,0.987885307179586,-36.7112265358979
137.551841020584,943.873233983145,850.459621954115,107.3,-62,0.877435307179586,-36.8216765358979
138.017796039581,944.478754060515,850.3120756987,107.3,-62,0.687225307179586,-37.0118865358979
138.749160051346,945.462067905538,850.067838895298,107.3,-62,0.398835307179586,-37.3002765358979
139.459969043732,946.721111820045,849.855450919565,107.3,-62,0.159535307179587,-37.5395765358979
140.115099191666,947.905801370765,849.644791257265,107.3,-62,0.00613530717958621,-37.6929765358979
141.009198188782,949.438339426794,849.358188982229,107.3,-62,5.78003930717959,-38.2022578430775
141.647670030594,952.329196754547,848.94555742528,107.3,-63,5.47937930717959,-38.5029178430775
142.22466301918,954.61169413521,848.605899201793,107.3,-63,5.12349530717959,-38.8588018430775
142.480690002441,955.014663125166,848.523697911911,107.3,-63,5.06213530717959,-38.9201618430775
143.338792085648,956.351679444585,848.233274502571,107.3,-63,4.60194530717959,-39.3803518430775
143.765967130661,957.00244983703,848.079756744025,107.3,-63,4.44240530717959,-39.5398918430775
144.633560180664,958.305771858625,847.760994806301,107.3,-63,4.05584530717959,-39.9264518430775
145.278041124344,959.62496974312,847.549195634503,107.3,-62,3.71836530717959,-40.2639318430775
146.055451154709,960.870592433819,847.260824326623,107.3,-63,3.41157530717959,-40.5707218430775
146.447993993759,961.490437567701,847.092495357796,107.3,-64,3.19067530717959,-40.7916218430775
146.900638103485,962.217617688632,846.893511699963,107.3,-63,3.09864530717959,-40.8836518430775
147.740116119385,963.414137793098,846.546897549754,107.3,-63,2.72434530717959,-41.2579518430775
148.91544008255,965.241908512633,845.950112562056,107.3,-63,2.23961530717959,-41.7426818430775
149.404875040054,965.959090020935,845.705172874259,107.3,-62,2.01258530717959,-41.9697118430775
150.031359195709,966.845070107502,845.399000468227,107.3,-62,1.76714530717959,-42.2151518430775
150.798994064331,967.946183906169,845.005143818257,107.3,-61,1.59533530717959,-42.3869618430775
151.118482112885,968.436087081984,844.82819765772,107.3,-61,1.49102530717959,-42.4912718430775
151.89727306366,969.427363940357,844.456252788985,107.3,-60,1.20877530717959,-42.7735218430775
152.437861204147,970.215596669027,844.108065247383,107.3,-60,0.932665307179586,-43.0496318430775
153.374145030975,971.474592504478,843.581401710539,107.3,-61,0.539965307179586,-43.4423318430775
154.115302085876,972.57114738182,843.120333870895,107.3,-61,0.380425307179586,-43.6018718430775
154.573281049728,973.247767480435,842.828730806007,107.3,-61,0.312935307179586,-43.6693618430775
155.227275133133,974.182267541247,842.417611811913,107.3,-62,0.0613553071795865,-43.9209418430775
156.786073207855,976.130768645261,841.175177352825,107.3,-62,5.85980630717959,-44.4056761502571
157.02952504158,976.482005706244,841.006855991191,107.3,-62,5.76776730717959,-44.4977151502571
157.866083145142,977.624881550859,840.450539342658,107.3,-64,5.41802030717959,-44.8474621502571
158.179704189301,978.101657202163,840.211949322073,107.3,-63,5.30757330717959,-44.9579091502571
159.268799066544,979.712329938777,839.398446985246,107.3,-63,4.91487530717959,-45.3506071502571
159.896578073502,980.683427456717,838.732742694644,107.3,-63,4.57126530717959,-45.6942171502571
160.237402200699,981.214807820675,838.373836384051,107.3,-63,4.54058530717959,-45.7248971502571
161.019111156464,982.406438799002,837.732517010936,107.3,-63,4.13561530717959,-46.1298671502571
161.60129404068,983.144438327979,837.318846878213,107.3,-62,3.79813530717959,-46.4673471502571
161.986790180206,983.668527202078,837.020563161994,107.3,-62,3.57724530717959,-46.6882371502571
162.797018051147,984.840556596283,836.339457360085,107.3,-61,3.15386530717959,-47.1116171502571
163.067958116531,985.253468691238,836.093177303449,107.3,-61,3.03728530717959,-47.2281971502571
164.3946352005,987.922000051942,835.168511318833,107.3,-59,2.42982530717959,-47.8356571502571
164.944324016571,988.595933556667,834.732735521644,107.3,-58,2.30710530717959,-47.9583771502571
165.312142133713,989.042086285791,834.440967259035,107.3,-58,2.13530530717959,-48.1301771502571
165.996909141541,989.931707955446,833.853913778521,107.3,-58,1.85304530717959,-48.4124371502571
166.526997089386,990.698022286704,833.341753949087,107.3,-58,1.67510530717959,-48.5903771502571
167.018453121185,991.334618787001,832.896761097597,107.3,-58,1.48489530717959,-48.7805871502571
167.492670059204,991.985657186769,832.435264910401,107.3,-57,1.29467530717959,-48.9708071502571
168.401940107346,993.357319200078,831.38564382246,107.3,-57,1.04924530717959,-49.2162371502571
168.979920148849,993.724775397315,830.954341261932,107.3,-57,0.877435307179586,-49.3880471502571
169.451294183731,994.24308777948,830.547293283584,107.3,-57,0.828345307179586,-49.4371371502571
169.862900018692,994.741716459731,830.180213585901,107.3,-57,0.717905307179587,-49.5475771502571
170.504516124725,995.637056475852,829.515352045377,107.3,-57,0.717905307179587,-49.5475771502571
171.071248054504,996.383831942452,828.947156927959,107.3,-57,0.546095307179586,-49.7193871502571
172.002951145172,997.304244365407,828.212031900189,107.3,-57,0.533825307179586,-49.7316571502571
172.601348161697,997.711719746408,827.86721053459,107.3,-57,0.509285307179586,-49.7561971502571
173.372912168503,998.709546765217,827.080939973846,107.3,-58,0.527685307179587,-49.7377971502571
173.984161138535,999.609691469899,826.350243602735,107.3,-58,0.595185307179587,-49.6702971502571
174.462311029434,1000.29453846726,825.787846016398,107.3,-58,0.656545307179586,-49.6089371502571
174.849961996078,1000.79358820913,825.367095458164,107.3,-58,0.699495307179586,-49.5659871502571
176.06355214119,1002.34514095823,824.043506229046,107.3,-59,0.926525307179586,-49.3389571502571
176.592123031616,1002.82467112113,823.552860145069,107.3,-58,1.06151530717959,-49.2039671502571
177.051047086716,1003.20637328402,823.142406390686,107.3,-58,1.07992530717959,-49.1855571502571
177.624939203262,1003.95259412504,822.464944825263,107.3,-58,1.18423530717959,-49.0812471502571
178.244235038757,1004.73034936631,821.757620679774,107.3,-58,1.36217530717959,-48.9033071502571
178.707609176636,1005.25173102645,821.27522082599,107.3,-58,1.47875530717959,-48.7867271502571
179.256170988083,1005.89502928523,820.669411632239,107.3,-58,1.60147530717959,-48.6640071502571
180.020352125168,1006.83108444766,819.77067438943,107.3,-58,1.80396530717959,-48.4615171502571
180.364861011505,1007.26579260903,819.342849107279,107.3,-58,1.86532530717959,-48.4001571502571
180.776612043381,1007.78534824637,818.83151976753,107.3,-57,1.97576530717959,-48.2897171502571
181.203867197037,1008.25800472539,818.398353691629,107.3,-57,2.14757530717959,-48.1179071502571
181.550888061523,1008.62392992316,818.072872857817,107.3,-57,2.16598530717959,-48.0994971502571
182.021866083145,1009.18311508861,817.534211966875,107.3,-57,2.23961530717959,-48.0258671502571
182.217348098755,1009.44070400171,817.271133453987,107.3,-57,2.28869530717959,-47.9767871502571
182.493619203568,1009.80474963214,816.899329474059,107.3,-57,2.36233530717959,-47.9031471502571
183.093384027481,1010.5582050358,816.115290775408,107.3,-57,2.54027530717959,-47.7252071502571
183.720498085022,1011.31970455255,815.309310124016,107.3,-57,2.74889530717959,-47.5165871502571
184.107515096664,1011.77937831279,814.812261020659,107.3,-57,2.85320530717959,-47.4122771502571
184.372646093369,1012.09428375245,814.471751120009,107.3,-57,2.87774530717959,-47.3877371502571
184.811014175415,1012.63331433894,813.870993858827,107.3,-58,2.98819530717959,-47.2772871502571
185.276391029358,1013.21242947328,813.219090858983,107.3,-58,3.13545530717959,-47.1300271502571
185.585162162781,1013.56869600027,812.769112228209,107.3,-58,3.25203530717959,-47.0134471502571
185.985841035843,1014.01689627339,812.176390234371,107.3,-58,3.31953530717959,-46.9459471502571
186.405519008636,1014.46932183578,811.596721055271,107.3,-58,3.44838530717959,-46.8170971502571
186.769581079483,1014.83935193606,811.148111529208,107.3,-59,3.55883530717959,-46.7066471502571
186.95188999176,1015.02464941825,810.923464356973,107.3,-59,3.63860530717959,-46.6268771502571
187.655783176422,1015.76560033413,810.013965042953,107.3,-60,3.82267530717959,-46.4428071502571
188.05562710762,1016.19710704734,809.477774745217,107.3,-61,3.93926530717959,-46.3262171502571
188.522449016571,1016.7192893764,808.815427685728,107.3,-61,4.17856530717959,-46.0869171502571
188.896910190582,1017.12926467213,808.289224309429,107.3,-61,4.27060530717959,-45.9948771502571
189.337378025055,1017.58488396957,807.685528740319,107.3,-62,4.59580530717959,-45.6696771502571
189.693368196487,1017.9320576037,807.233313672797,107.3,-63,4.68170530717959,-45.5837771502571
190.091934204102,1018.1808652164,806.964103835851,107.3,-63,4.82283530717959,-45.4426471502571
190.414703130722,1018.38235597215,806.746090838137,107.3,-64,5.03145530717959,-45.2340271502571
190.888537168503,1018.82088155121,806.147478479487,107.3,-63,5.31370930717959,-44.9517731502571
191.610924005508,1019.42450171908,805.309868773907,107.3,-64,5.70027230717959,-44.5652101502571
191.850795030594,1019.59588798633,805.069347029353,107.3,-64,5.86594230717959,-44.3995401502571
192.380917072296,1020.00901905665,804.506195708947,107.3,-64,6.06842830717959,-44.1970541502571
192.718910217285,1020.29106034979,804.130008237669,107.3,-63,6.08070030717959,-44.1847821502571
193.091128110886,1020.61409943299,803.703141397249,107.3,-63,0.0552253071795858,-43.9270718430775
193.441708087921,1020.93655379805,803.282677876488,107.3,-64,0.233165307179586,-43.7491318430775
193.763851165771,1021.2328526412,802.896319779693,107.3,-63,0.239305307179587,-43.7429918430775
194.105815172195,1021.35001513948,802.615105440992,107.3,-62,0.404975307179586,-43.5773218430775
194.429807186127,1021.45667207756,802.351510436881,107.3,-63,0.429515307179586,-43.5527818430775
194.722917079926,1021.60971046305,802.083321974844,107.3,-63,0.619725307179587,-43.3625718430775
195.048921108246,1021.90002613149,801.721916187589,107.3,-62,0.582915307179587,-43.3993818430775
195.436595201492,1022.24526071065,801.292143397388,107.3,-62,0.668815307179586,-43.3134818430775
195.850881099701,1022.64839491696,800.800534273558,107.3,-62,0.840625307179586,-43.1416718430775
196.203389167786,1022.99648424581,800.377439982175,107.3,-62,0.957205307179586,-43.0250918430775
196.489302158356,1023.25234654233,800.069147119565,107.3,-61,0.994015307179586,-42.9882818430775
196.894801139832,1023.57641750775,799.683039712195,107.3,-61,1.10446530717959,-42.8778318430775
197.056356191635,1023.70553078299,799.529210467119,107.3,-60,1.15355530717959,-42.8287418430775
197.581183195114,1024.16975672617,798.989576211374,107.3,-60,1.22104530717959,-42.7612518430775
197.912566184998,1024.47622023999,798.636953995467,107.3,-60,1.27013530717959,-42.7121618430775
198.293085098267,1024.85737866948,798.242662669532,107.3,-60,1.36217530717959,-42.6201218430775
198.685883998871,1025.28029911819,797.846338249036,107.3,-60,1.44807530717959,-42.5342218430775
198.989368200302,1025.60705582359,797.54013016119,107.3,-60,1.57079530717959,-42.4115018430775
199.357753992081,1025.98392280012,797.132827307259,107.3,-59,1.57693530717959,-42.4053618430775
199.580365180969,1026.2112560687,796.885973029744,107.3,-60,1.61374530717959,-42.3685518430775
199.918845176697,1026.55323850186,796.514952478582,107.3,-59,1.72419530717959,-42.2581018430775
200.255156993866,1026.82202027559,796.229745152017,107.3,-59,1.76100530717959,-42.2212918430775
200.764924049377,1027.2294281821,795.797440095664,107.3,-59,1.90827530717959,-42.0740218430775
200.984458208084,1027.40486872792,795.617586280915,107.3,-59,1.94508530717959,-42.0372118430775
201.217260122299,1027.59090949397,795.428277231136,107.3,-59,1.98190530717959,-42.0003918430775
201.745959997177,1028.01703470241,794.995363982114,107.3,-58,2.08621530717959,-41.8960818430775
202.150802135468,1028.42790177488,794.594112947513,107.3,-58,2.19052530717959,-41.7917718430775
202.449083089828,1028.73062180054,794.298477858625,107.3,-58,2.28869530717959,-41.6936018430775
202.817365169525,1029.10934885543,793.953208010387,107.3,-59,2.35005530717959,-41.6322418430775
203.296946048737,1029.61076498936,793.536344401006,107.3,-59,2.49118530717959,-41.4911118430775
203.651793003082,1029.9827662973,793.224109329518,107.3,-59,2.55867530717959,-41.4236218430775
203.761078119278,1030.10226680718,793.109204993096,107.3,-58,2.61390530717959,-41.3683918430775
204.301072120667,1030.69273658699,792.541445589428,107.3,-59,2.71207530717959,-41.2702218430775
204.750199079514,1031.18035857542,792.079079906673,107.3,-58,2.83479530717959,-41.1475018430775
205.104696989059,1031.56064084912,791.727132390616,107.3,-58,2.90842530717959,-41.0738718430775
205.270688056946,1031.738705258,791.562335525932,107.3,-58,2.98819530717959,-40.9941018430775
205.717991113663,1032.21722525509,791.121621068778,107.3,-59,3.09250530717959,-40.8897918430775
206.143232107162,1032.67036880365,790.707183531661,107.3,-59,3.20908530717959,-40.7732118430775
206.387755155563,1032.93093644306,790.468872711451,107.3,-59,3.20295530717959,-40.7793418430775
207.085087060928,1033.81858527755,789.683731617055,107.3,-58,3.46066530717959,-40.5216318430775
207.432381153107,1034.30370975281,789.251793886036,107.3,-58,3.44838530717959,-40.5339118430775
207.994612216949,1035.24612815213,788.398624381484,107.3,-58,3.65700530717959,-40.3252918430775
208.26246714592,1035.67568916943,788.011194077114,107.3,-58,3.71223530717959,-40.2700618430775
208.633781194687,1036.0301348906,787.710327360307,107.3,-58,3.77972530717959,-40.2025718430775
208.983132123947,1036.363615249,787.427256823524,107.3,-58,3.83495530717959,-40.1473418430775
209.317986011505,1036.7110114533,787.141154695851,107.3,-58,3.92085530717959,-40.0614418430775
209.661447048187,1037.09138952775,786.834891524561,107.3,-58,3.99448530717959,-39.9878118430775
210.186845064163,1037.67721767268,786.366616379097,107.3,-58,4.11106530717959,-39.8712318430775
210.509031057358,1038.0413407312,786.079731545115,107.3,-57,4.20924530717959,-39.7730518430775
211.136262178421,1038.75849802431,785.519361120631,107.3,-57,4.33809530717959,-39.6442018430775
211.394824981689,1039.05935442787,785.287185067784,107.3,-57,4.43627530717959,-39.5460218430775
212.011926174164,1039.51451001379,784.93952234321,107.3,-57,4.56512530717959,-39.4171718430775
212.089644193649,1039.53004066835,784.928559528224,107.3,-57,4.62648530717959,-39.3558118430775
212.659090995789,1039.70879015775,784.80049130754,107.3,-58,4.74306530717959,-39.2392318430775
213.20428609848,1040.32924209684,784.347625356119,107.3,-57,4.88419530717959,-39.0981018430775
213.596366167068,1040.78332814851,784.018040035673,107.3,-57,4.99464530717959,-38.9876518430775
214.061644077301,1041.33662782684,783.61977383157,107.3,-57,5.06213530717959,-38.9201618430775
214.239499092102,1041.54812964181,783.467534406341,107.3,-57,5.13576530717959,-38.8465318430775
215.021762132645,1042.38216707102,782.887630830758,107.3,-57,5.33211730717959,-38.6501798430775
215.474567174912,1042.89194088747,782.538476110439,107.3,-57,5.42415630717959,-38.5581408430775
215.945775985718,1043.43417152417,782.168617739303,107.3,-58,5.52846630717959,-38.4538308430775
216.496706008911,1043.94163661999,781.691135994335,107.3,-58,5.68186530717959,-38.3004318430775
217.049475193024,1044.52265982347,781.233358280354,107.3,-57,5.85367030717959,-38.1286268430775
217.377770185471,1044.91235246282,780.974888672622,107.3,-58,5.97638930717959,-38.0059078430775
217.905441999435,1045.57839566097,780.535339717146,107.3,-58,6.01934030717959,-37.9629568430775
218.292757034302,1046.08763189298,780.200342156675,107.3,-58,6.14205930717959,-37.8402378430775
218.907249212265,1046.8471161604,779.71175395612,107.3,-59,0.0429553071795858,-37.6561565358979
219.522186040878,1047.59477388691,779.239883530445,107.3,-58,0.202485307179586,-37.4966265358979
219.953431129456,1048.11529265571,778.915933003377,107.3,-58,0.368155307179586,-37.3309565358979
220.390964984894,1048.53304823131,778.752782515071,107.3,-59,0.521555307179586,-37.1775565358979
220.709906101227,1048.83757193382,778.633853663684,107.3,-59,0.595185307179587,-37.1039265358979
221.47368311882,1049.85651933528,778.030895241148,107.3,-59,0.852895307179586,-36.8462165358979
221.77728509903,1050.24481262628,777.802982401455,107.3,-59,0.938795307179586,-36.7603165358979
222.207515001297,1050.79267769696,777.481783075703,107.3,-59,1.07992530717959,-36.6191865358979
222.923074007034,1051.8070220419,776.912162693271,107.3,-59,1.27627530717959,-36.4228365358979
223.331111192703,1052.37738520129,776.597119160414,107.3,-59,1.48489530717959,-36.2142165358979
223.813063144684,1053.0421138938,776.231829000418,107.3,-60,1.61988530717959,-36.0792265358979
224.225198030472,1053.38416177197,775.983395679318,107.3,-59,1.75487530717959,-35.9442365358979
224.68488407135,1053.80781489576,775.702656980288,107.3,-59,1.90827530717959,-35.7908365358979
224.941551208496,1054.1362200052,775.535033539013,107.3,-59,1.95122530717959,-35.7478865358979
225.482554197311,1054.84190142423,775.17824872991,107.3,-60,2.12302530717959,-35.5760865358979
225.673043012619,1055.10217534143,775.049585019898,107.3,-60,2.21506530717959,-35.4840465358979
226.33679318428,1055.99483018163,774.612183830887,107.3,-60,2.39914530717959,-35.2999665358979
226.75538611412,1056.54121617026,774.349026497591,107.3,-60,2.55867530717959,-35.1404365358979
227.065919160843,1056.93568429989,774.163208633897,107.3,-60,2.65685530717959,-35.0422565358979
227.566243171692,1057.56308843049,773.870879676344,107.3,-60,2.86547530717959,-34.8336365358979
227.99135017395,1057.89802229764,773.719889966062,107.3,-60,3.02500530717959,-34.6741065358979
228.427852153778,1058.28586700138,773.546462807639,107.3,-61,3.18454530717959,-34.5145665358979
228.789510011673,1058.75312811768,773.340289861479,107.3,-61,3.18454530717959,-34.5145665358979
229.13534116745,1059.19638498564,773.145506669085,107.3,-61,3.33794530717959,-34.3611665358979
229.537597179413,1059.689673773,772.933780470466,107.3,-60,3.52201530717959,-34.1770965358979
230.133321046829,1060.46776663755,772.606807196507,107.3,-61,3.74904530717959,-33.9500665358979
230.235361099243,1060.60776714887,772.54890407241,107.3,-61,3.81040530717959,-33.8887065358979
230.656299114227,1061.17501995236,772.314904889035,107.3,-61,3.97607530717959,-33.7230365358979
231.133479118347,1061.77997205421,772.067663595236,107.3,-60,4.13561530717959,-33.5634965358979
231.430797100067,1062.07564060544,771.936976542269,107.3,-61,4.22151530717959,-33.4775965358979
231.94283914566,1062.44255330795,771.752814589665,107.3,-60,4.43627530717959,-33.2628365358979
232.118568181992,1062.63327026403,771.674708110472,107.3,-61,4.41172530717959,-33.2873865358979
232.733189105988,1063.43733134415,771.370011280112,107.3,-60,4.57126530717959,-33.1278465358979
233.056621074677,1063.88512997044,771.206091608755,107.3,-61,4.65716530717959,-33.0419465358979
233.529677152634,1064.54429347584,770.966728696505,107.3,-61,4.85965530717959,-32.8394565358979
233.880175113678,1065.04455362834,770.790637122826,107.3,-61,4.94555530717959,-32.7535565358979
233.960030078888,1065.15852934721,770.750517669782,107.3,-60,4.93328530717959,-32.7658265358979
234.431869983673,1065.80506544347,770.526781724505,107.3,-60,4.98236530717959,-32.7167465358979
234.943835020065,1066.50364697293,770.292322667683,107.3,-60,5.15417530717959,-32.5449365358979
235.265562057495,1066.99051985003,770.143964234378,107.3,-60,5.25848530717959,-32.4406265358979
235.629873991013,1067.53082504896,769.97687944805,107.3,-60,5.31370930717959,-32.3854025358979
236.111601114273,1068.18099907667,769.761260510289,107.3,-60,5.43642830717959,-32.2626835358979
236.162130117416,1068.24919670122,769.738643951125,107.3,-61,5.46097130717959,-32.2381405358979
236.538129091263,1068.79403977402,769.563375957383,107.3,-61,5.47324330717959,-32.2258685358979
237.093502044678,1069.60280014832,769.307070964406,107.3,-61,5.64504930717959,-32.0540625358979
237.401884078979,1069.99441674009,769.183425725881,107.3,-61,5.76776730717959,-31.9313445358979
237.946194171906,1070.72237975895,768.960384192797,107.3,-60,5.81685530717959,-31.8822565358979
238.332197189331,1071.2678722502,768.798389452971,107.3,-61,5.92116630717959,-31.7779455358979
238.73633813858,1071.88398817635,768.566602806508,107.3,-60,5.98252530717959,-31.7165865358979
239.234925031662,1072.63184186548,768.292382506139,107.3,-61,6.08683530717959,-31.6122765358979
239.579128026962,1073.10055417731,768.157372981536,107.3,-61,6.17887430717959,-31.5202375358979
239.963888168335,1073.63330482496,768.007398376197,107.3,-61,6.26477750717959,-31.4343343358979
240.263319015503,1074.05636913161,767.891589863973,107.3,-61,6.20955420717959,-31.4895576358979
240.646559000015,1074.60885312438,767.742706003769,107.3,-61,0.0613553071795865,-31.3545712287183
241.013980150223,1075.15420823219,767.599025908058,107.3,-61,0.184075307179587,-31.2318512287183
241.545983076096,1075.92631278782,767.400072929287,107.3,-60,0.165665307179586,-31.2502612287183
241.836743116379,1076.34343488318,767.293857302943,107.3,-61,0.300655307179587,-31.1152712287183
242.447016000748,1077.22865141052,767.020991142643,107.3,-61,0.392695307179586,-31.0232312287183
242.833106994629,1077.74080720109,766.899542495773,107.3,-61,0.466325307179586,-30.9496012287183
243.071367025375,1078.04682423308,766.835618937979,107.3,-61,0.503145307179587,-30.9127812287183
243.521249055862,1078.64828722225,766.718071145828,107.3,-61,0.625865307179586,-30.7900612287183
243.752145051956,1078.96461606458,766.658759487891,107.3,-61,0.656545307179586,-30.7593812287183
244.258898019791,1079.25779669904,766.733621867351,107.3,-62,0.711765307179586,-30.7041612287183
244.881770133972,1079.62053184912,766.817464391679,107.3,-61,0.969475307179586,-30.4464512287183
245.278751134872,1080.12481136425,766.725107581603,107.3,-62,1.00015530717959,-30.4157712287183
245.709197998047,1080.72120951653,766.765807424,107.3,-62,1.12287530717959,-30.2930512287183
246.357623100281,1081.6800867228,766.725272086418,107.3,-62,1.26399530717959,-30.1519312287183
246.668132066727,1082.16264016498,766.649442259789,107.3,-62,1.34990530717959,-30.0660212287183
247.1899061203,1082.95882507201,766.531493775781,107.3,-62,1.49102530717959,-29.9249012287183
