141.077897071838,949.54971674306,849.337011605193,107.3,-63,5.06213530717959,5.06213530717959
141.465341091156,951.196690595143,849.099091118765,107.3,-62,4.93328530717959,4.93328530717959
141.960472106934,954.195875678469,848.690721643105,107.3,-62,4.90873530717959,4.90873530717959
142.738401174545,955.418452050478,848.438944451685,107.3,-61,4.56512530717959,4.56512530717959
143.353520154953,956.374318067731,848.228091068553,107.3,-61,4.36264530717959,4.36264530717959
143.823276996613,957.089729292617,848.059145560635,107.3,-61,4.32582530717959,4.32582530717959
144.975948095322,958.970956631182,847.645767115765,107.3,-62,3.58337530717959,3.58337530717959
145.561240196228,960.156285907554,847.451212048332,107.3,-62,3.23976530717959,3.23976530717959
146.130796194077,960.979492190934,847.231798725023,107.3,-62,2.77343530717959,2.77343530717959
146.630585193634,961.786337258374,847.011726819781,107.3,-62,2.51572530717959,2.51572530717959
147.144291162491,962.554070522429,846.797142475113,107.3,-62,2.15984530717959,2.15984530717959
147.349279165268,962.837131998079,846.716065984582,107.3,-61,2.03712530717959,2.03712530717959
148.385465145111,964.461962527281,846.223239714229,107.3,-62,1.57079530717959,1.57079530717959
149.420225143433,965.981554431263,845.697557819911,107.3,-62,0.754715307179586,0.754715307179586
150.154103040695,967.011145852786,845.340138178759,107.3,-62,0.343615307179586,0.343615307179586
150.772495985031,967.905551734604,845.019819589119,107.3,-62,6.25250570717959,-0.0306796
151.164117097855,968.506063796814,844.802923049129,107.3,-61,6.05615630717959,-0.227029
151.649682044983,969.11759929094,844.572926258259,107.3,-60,5.78617530717959,-0.49701
152.12279510498,969.75535462313,844.311700643162,107.3,-60,5.54687430717959,-0.736311
152.669038057327,970.547400558264,843.962866857749,107.3,-59,5.29530130717959,-0.987884
153.495942115784,971.654796558158,843.505654372044,107.3,-58,5.01918530717959,-1.264
153.953735113144,972.33212109347,843.220946399055,107.3,-58,4.85965530717959,-1.42353
154.795172214508,973.575590445341,842.687448893892,107.3,-58,4.53444530717959,-1.74874
154.951483011246,973.796938359375,842.589522257209,107.3,-57,4.50990530717959,-1.77328
155.872978210449,974.987796841132,841.92237276155,107.3,-57,4.11720530717959,-2.16598
156.702063083649,976.009564098688,841.233261526114,107.3,-56,3.72450530717959,-2.55868
157.092525005341,976.572168401496,840.963564052369,107.3,-56,3.54656530717959,-2.73662
157.78057718277,977.503966316399,840.510034093788,107.3,-56,3.17840530717959,-3.10478
158.506452083588,978.598388665222,839.963372932586,107.3,-56,2.92683530717959,-3.35635
159.169085025787,979.567561076773,839.472026755475,107.3,-55,2.68753530717959,-3.59565
159.682148218155,980.348197482326,838.97211617476,107.3,-55,2.52186530717959,-3.76132
160.252504110336,981.238125765457,838.361319718461,107.3,-55,2.28869530717959,-3.99449
160.856383085251,982.170538747003,837.860816711391,107.3,-54,2.06780530717959,-4.21538
161.41980099678,982.91437010622,837.447806786849,107.3,-55,1.88372530717959,-4.39946
162.074725151062,983.792566197096,836.949432835648,107.3,-55,1.61374530717959,-4.66944
162.774047136307,984.805548969941,836.360337543309,107.3,-55,1.34376530717959,-4.93942
163.257411003113,985.542194495533,835.920967750126,107.3,-55,1.23332530717959,-5.04986
164.336920022964,987.851237476045,835.214265995252,107.3,-55,0.944935307179586,-5.33825
164.850593090057,988.481034194134,834.80704304328,107.3,-55,0.773125307179586,-5.51006
165.342195987701,989.078540740732,834.417127321973,107.3,-54,0.631995307179587,-5.65119
165.813536167145,989.666617343943,834.031084890731,107.3,-54,0.503145307179587,-5.78004
166.48295712471,990.634356519134,833.384304436961,107.3,-54,0.374295307179586,-5.90889
167.099852085114,991.438908412286,832.823521786079,107.3,-53,0.251575307179587,-6.03161
167.415396213531,991.852280550341,832.532325662664,107.3,-53,0.159535307179587,-6.12365
168.172651052475,993.159321793831,831.581166526174,107.3,-54,6.22182610717959,-6.34454450717959
168.649339199066,993.514605478004,831.201028690328,107.3,-53,6.11751530717959,-6.44885530717959
169.211698055267,993.952835574137,830.760970707304,107.3,-52,6.09297130717959,-6.47339930717959
169.915358066559,994.805265333325,830.133430273527,107.3,-52,5.89662230717959,-6.66974830717959
170.417678117752,995.514240333992,829.606621896435,107.3,-52,5.84139930717959,-6.72497130717959
170.967477083206,996.256130647738,829.046664430334,107.3,-52,5.75549630717959,-6.81087430717959
172.155731201172,997.394600787338,828.133885805546,107.3,-52,5.60823330717959,-6.95813730717959
172.56533408165,997.665144450241,827.903911068394,107.3,-53,5.57755430717959,-6.98881630717959
173.130802154541,998.396437403811,827.327664775367,107.3,-53,5.46097130717959,-7.10539930717959
173.801520109177,999.337622481512,826.571629098501,107.3,-53,5.44256430717959,-7.12380630717959
174.393203020096,1000.20557097539,825.862854815574,107.3,-53,5.37506830717959,-7.19130230717959
174.74759721756,1000.66180699177,825.478200656942,107.3,-53,5.35052530717959,-7.21584530717959
175.528354167938,1001.66305044523,824.628485550365,107.3,-53,5.31984530717959,-7.24652530717959
176.04878616333,1002.32632225204,824.059645661814,107.3,-53,5.31370930717959,-7.25266130717959
176.379760980606,1002.64804265007,823.742793098369,107.3,-53,5.29530130717959,-7.27106930717959
177.041496992111,1003.19843015765,823.150947830476,107.3,-53,5.36893230717959,-7.19743830717959
177.478820085526,1003.75903294567,822.639610746641,107.3,-53,5.35052530717959,-7.21584530717959
178.067957162857,1004.53200413279,821.941136363123,107.3,-54,5.44256430717959,-7.12380630717959
178.531648159027,1005.05374231715,821.458406641139,107.3,-54,5.44869930717959,-7.11767130717959
178.95511007309,1005.53021533909,821.017557770372,107.3,-54,5.52233130717959,-7.04403930717959
179.961733102798,1006.75711779993,819.843469898571,107.3,-54,5.68186530717959,-6.88450530717959
180.164753198624,1007.01329259274,819.591351206649,107.3,-54,5.73708830717959,-6.82928230717959
180.700944185257,1007.68986903877,818.925487221014,107.3,-53,5.81071930717959,-6.75565130717959
181.06867313385,1008.1154458208,818.525156085709,107.3,-54,5.87821430717959,-6.68815630717959
181.537566184998,1008.60988232315,818.08536782836,107.3,-54,5.98252530717959,-6.58384530717959
181.828203201294,1008.92792326911,817.794842300567,107.3,-54,6.06229230717959,-6.50407830717959
182.114683151245,1009.30542121286,817.40929931867,107.3,-54,6.09910730717959,-6.46726330717959
182.500615119934,1009.81396823206,816.889914412176,107.3,-54,6.17887430717959,-6.38749630717959
183.142706155777,1010.61845399245,816.051888602339,107.3,-54,0.0429553071795858,-6.24023
183.750897169113,1011.35581061733,815.270268332478,107.3,-54,0.220895307179586,-6.06229
184.150544166565,1011.83048545735,814.756998435375,107.3,-53,0.398835307179586,-5.88435
184.539991140366,1012.29605317088,814.250644733336,107.3,-53,0.478605307179587,-5.80458
184.855772018433,1012.68901101584,813.808296773911,107.3,-53,0.533825307179586,-5.74936
185.117979049683,1013.01530154542,813.440995416304,107.3,-53,0.607455307179587,-5.67573
185.461328029633,1013.4301748652,812.952299361944,107.3,-53,0.681085307179586,-5.6021
185.840190172195,1013.85397089535,812.391850734311,107.3,-53,0.816075307179586,-5.46711
186.23502612114,1014.29563526064,811.807772145119,107.3,-53,0.963335307179586,-5.31985
186.652995109558,1014.72085478517,811.291772681802,107.3,-53,1.01242530717959,-5.27076
186.90683221817,1014.97885301754,810.978986060755,107.3,-52,1.14741530717959,-5.13577
187.290939092636,1015.37757242198,810.491944880202,107.3,-53,1.27627530717959,-5.00691
187.635889053345,1015.74444204931,810.040028202898,107.3,-52,1.38058530717959,-4.9026
187.835367202759,1015.95659593443,809.778693189863,107.3,-53,1.44194530717959,-4.84124
188.261610031128,1016.42751749012,809.185517288842,107.3,-53,1.60147530717959,-4.68171
188.859727144241,1017.09080258222,808.340186578556,107.3,-53,1.82236530717959,-4.46082
189.143197059631,1017.38402345691,807.951668919595,107.3,-53,1.89599530717959,-4.38719
189.596919059753,1017.85335284433,807.329807481269,107.3,-53,2.04939530717959,-4.23379
189.945231199265,1018.08928484148,807.063193801521,107.3,-53,2.13530530717959,-4.14788
190.305962085724,1018.31447361567,806.819539547847,107.3,-54,2.26415530717959,-4.01903
190.820279121399,1018.75640559174,806.236256915983,107.3,-54,2.43596530717959,-3.84722
191.183776140213,1019.09976172403,805.763481933833,107.3,-54,2.58322530717959,-3.69996
191.537364006042,1019.37194358404,805.383628326127,107.3,-54,2.66299530717959,-3.62019
191.928542137146,1019.6514377818,804.991389011309,107.3,-54,2.81638530717959,-3.4668
192.181840181351,1019.84289762907,804.727768936999,107.3,-55,2.85933530717959,-3.42385
192.564157009125,1020.16192520136,804.302249062411,107.3,-55,3.03728530717959,-3.2459
192.81819319725,1020.37390788819,804.019505957585,107.3,-55,3.09250530717959,-3.19068
193.26376914978,1020.7728901804,803.496086620033,107.3,-56,3.21522530717959,-3.06796
193.664389133453,1021.14137004499,803.01560827028,107.3,-56,3.42384530717959,-2.85934
193.877962112427,1021.27500677927,802.800483245517,107.3,-55,3.46679530717959,-2.81639
194.373795986176,1021.43823340368,802.39708030233,107.3,-55,3.69382530717959,-2.58936
194.729857206345,1021.61589083895,802.075628199203,107.3,-55,3.80427530717959,-2.47891
194.91113114357,1021.77732032965,801.874669179373,107.3,-56,3.87176530717959,-2.41142
195.516893148422,1022.31859355258,801.20139997954,107.3,-56,4.06198530717959,-2.2212
195.704472064972,1022.50382114049,800.976260256619,107.3,-55,4.13561530717959,-2.14757
196.018920183182,1022.81432760641,800.598847040309,107.3,-55,4.22151530717959,-2.06167
196.432442188263,1023.20690458996,800.123287959958,107.3,-55,4.35650530717959,-1.92668
196.772390127182,1023.47858777979,799.799596845225,107.3,-55,4.47922530717959,-1.80396
197.01513504982,1023.67258723484,799.568460351637,107.3,-55,4.56512530717959,-1.71806
197.411498069763,1024.01283165353,799.170136912238,107.3,-55,4.65716530717959,-1.62602
197.77859210968,1024.35232080298,798.779514829169,107.3,-55,4.71852530717959,-1.56466
198.052431106567,1024.60556754095,798.488124755352,107.3,-55,4.80442530717959,-1.47876
198.464487075806,1025.04192450486,798.069722293896,107.3,-54,4.93328530717959,-1.3499
198.845738172531,1025.45241161328,797.685049323221,107.3,-54,5.06827530717959,-1.21491
199.173960208893,1025.79623034097,797.336636836273,107.3,-54,5.11735530717959,-1.16583
199.617755174637,1026.24943918751,796.844511143128,107.3,-54,5.25848530717959,-1.0247
199.976212024689,1026.59908632037,796.46630284894,107.3,-53,5.30757330717959,-0.975612
200.277104139328,1026.83956052361,796.21113299995,107.3,-54,5.38734030717959,-0.895845
200.562530994415,1027.06767482844,795.969078376492,107.3,-53,5.43029230717959,-0.852893
200.838524103165,1027.28824729564,795.736256468082,107.3,-53,5.52233130717959,-0.760854
201.19624710083,1027.57411719815,795.445364526748,107.3,-53,5.62664130717959,-0.656544
201.629144191742,1027.9200615461,795.093342778092,107.3,-53,5.74936030717959,-0.533825
201.907395124435,1028.18087233653,794.835360845813,107.3,-53,5.81685530717959,-0.46633
202.347249031067,1028.62727222883,794.399408610568,107.3,-52,5.87207830717959,-0.411107
202.758358001709,1029.04765509898,794.004498505946,107.3,-52,5.98866130717959,-0.294524
203.192296028137,1029.501350267,793.627308797628,107.3,-52,6.09297130717959,-0.190214
203.478106021881,1029.80017315239,793.378875653702,107.3,-53,6.11751530717959,-0.16567
203.894106149673,1030.24772959309,792.969336929721,107.3,-52,6.19728240717959,-0.0859028999999998
204.234657049179,1030.62011338648,792.61127558992,107.3,-53,6.25864160717959,-0.0245436999999997
204.615853071213,1031.03624092585,792.212459378428,107.3,-53,0.0429553071795858,0.0429553071795858
205.027311086655,1031.47762629212,791.803961549253,107.3,-52,0.110445307179586,0.110445307179586
205.37771320343,1031.85351486605,791.456080359267,107.3,-52,0.214755307179586,0.214755307179586
205.710694074631,1032.20944941454,791.128732722948,107.3,-52,0.263845307179587,0.263845307179587
206.249316215515,1032.78341371239,790.603794542206,107.3,-52,0.398835307179586,0.398835307179586
206.459737062454,1033.01339905577,790.394516695601,107.3,-52,0.423375307179586,0.423375307179586
206.960381031036,1033.65801667231,789.825474937545,107.3,-52,0.478605307179587,0.478605307179587
207.345504999161,1034.1580869098,789.38362595649,107.3,-52,0.582915307179587,0.582915307179587
207.85512804985,1035.01232313148,788.61028760216,107.3,-52,0.693355307179586,0.693355307179586
208.247577190399,1035.66147564575,788.023259044884,107.3,-53,0.730175307179587,0.730175307179587
208.61142206192,1036.00879150495,787.728444420216,107.3,-53,0.803805307179586,0.803805307179586
208.866195201874,1036.25199062339,787.522007959212,107.3,-53,0.834485307179587,0.834485307179587
209.301885128021,1036.69317996034,787.155511805129,107.3,-53,0.963335307179586,0.963335307179586
209.602802038193,1037.02644103696,786.887185103229,107.3,-53,1.00629530717959,1.00629530717959
209.975339174271,1037.43902046622,786.554994861737,107.3,-53,1.09832530717959,1.09832530717959
210.482353210449,1038.01119038508,786.103486363273,107.3,-53,1.20264530717959,1.20264530717959
211.086232185364,1038.70028453192,785.564285472336,107.3,-53,1.30695530717959,1.30695530717959
211.257640123367,1038.89972998624,785.410369990414,107.3,-54,1.34376530717959,1.34376530717959
211.715165138245,1039.43209322169,784.999536140029,107.3,-54,1.46648530717959,1.46648530717959
212.234966993332,1039.55908101468,784.908060460224,107.3,-54,1.58306530717959,1.58306530717959
212.588242053986,1039.62967716432,784.85822788401,107.3,-55,1.69351530717959,1.69351530717959
213.145513057709,1040.26235622987,784.39644514356,107.3,-55,1.85918530717959,1.85918530717959
213.395656108856,1040.54702815808,784.188663983586,107.3,-55,1.89599530717959,1.89599530717959
213.898020029068,1041.14204920778,783.759831906876,107.3,-55,2.04326530717959,2.04326530717959
214.416958093643,1041.74263384262,783.331040535782,107.3,-55,2.19052530717959,2.19052530717959
214.984078168869,1042.34231921046,782.915258680747,107.3,-56,2.33165530717959,2.33165530717959
215.354503154755,1042.75378050379,782.632716035307,107.3,-56,2.46050530717959,2.46050530717959
215.952720165253,1043.44216234863,782.163167155883,107.3,-56,2.68139530717959,2.68139530717959
216.453878164291,1043.90260528589,781.728402898268,107.3,-56,2.87161530717959,2.87161530717959
216.968502044678,1044.42654309729,781.297109170167,107.3,-56,3.03728530717959,3.03728530717959
217.461704015732,1045.0119835769,780.908806811241,107.3,-57,3.25203530717959,3.25203530717959
217.760579109192,1045.38793201834,780.660634917347,107.3,-57,3.30726530717959,3.30726530717959
218.476338148117,1046.3194583082,780.05001041085,107.3,-57,3.62019530717959,3.62019530717959
218.937946081162,1046.88470499313,779.687657535981,107.3,-57,3.82267530717959,3.82267530717959
219.200189113617,1047.20506164422,779.483353240828,107.3,-57,3.92085530717959,3.92085530717959
219.703018188477,1047.81363467664,779.103151944283,107.3,-57,4.13561530717959,4.13561530717959
220.528484106064,1048.6643509383,778.701503484908,107.3,-56,4.44854530717959,4.44854530717959
220.953189134598,1049.15871061939,778.445554651173,107.3,-56,4.61421530717959,4.61421530717959
221.287789106369,1049.60729750746,778.178990519608,107.3,-57,4.70011530717959,4.70011530717959
221.726612091064,1050.18028440324,777.840813653784,107.3,-57,4.90260530717959,4.90260530717959
222.297496080399,1050.90726176004,777.414605360287,107.3,-56,5.00077530717959,5.00077530717959
222.789801120758,1051.615261666,777.019228903152,107.3,-56,5.16644530717959,5.16644530717959
223.285142183304,1052.31398278246,776.631960863471,107.3,-56,5.30757330717959,5.30757330717959
223.773869991302,1052.98805702465,776.261535018229,107.3,-56,5.41188430717959,5.41188430717959
223.900474071503,1053.12045475018,776.17750133962,107.3,-56,5.49165130717959,5.49165130717959
224.420533180237,1053.54279266191,775.866632942298,107.3,-55,5.63277730717959,5.63277730717959
224.919870138168,1054.10847911732,775.549192950534,107.3,-56,5.76163230717959,5.76163230717959
225.30567407608,1054.60211451552,775.297233216035,107.3,-55,5.82299130717959,5.82299130717959
225.746177196503,1055.20210205098,775.000187288005,107.3,-55,5.97025330717959,5.97025330717959
226.054687023163,1055.62363368238,774.791807500408,107.3,-55,6.06229230717959,6.06229230717959
226.506098985672,1056.2158236841,774.505746143985,107.3,-55,6.15433130717959,6.15433130717959
227.088510036469,1056.96401315954,774.150009253139,107.3,-55,0.0122753071795865,6.29546061435917
227.461113214493,1057.43125592202,773.932304933036,107.3,-55,0.122715307179586,6.40590061435917
227.933874130249,1057.85361574428,773.739872915075,107.3,-55,0.239305307179587,6.52249061435917
228.492408037186,1058.3692730535,773.509660961962,107.3,-55,0.417245307179586,6.70043061435917
228.722926139832,1058.66710190919,773.378247817389,107.3,-55,0.447925307179586,6.73111061435917
229.141649007797,1059.20412032538,773.142186556971,107.3,-55,0.558365307179586,6.84155061435917
229.566209077835,1059.72476070335,772.918720686875,107.3,-55,0.613595307179586,6.89678061435917
230.050940990448,1060.35473994125,772.653554160222,107.3,-55,0.852895307179586,7.13608061435917
230.502462148666,1060.97423387058,772.397336282652,107.3,-54,0.994015307179586,7.27720061435917
230.972397089005,1061.57575789733,772.151125033265,107.3,-54,1.12900530717959,7.41219061435917
231.495922088623,1062.12230705746,771.913553573083,107.3,-54,1.23945530717959,7.52264061435917
231.661528110504,1062.24097495507,771.853991416781,107.3,-54,1.27627530717959,7.55946061435917
232.178560018539,1062.71175294988,771.644967303204,107.3,-54,1.38671530717959,7.66990061435917
232.499603033066,1063.13174872768,771.48581100846,107.3,-54,1.46648530717959,7.74967061435917
232.840564012527,1063.58588961619,771.315607408509,107.3,-55,1.55238530717959,7.83557061435917
233.343232154846,1064.28208807175,771.06081312838,107.3,-54,1.67510530717959,7.95829061435917
233.740806102753,1064.84563446073,770.860656669823,107.3,-54,1.82236530717959,8.10555061435917
234.281047105789,1065.60352791697,770.595761578933,107.3,-53,1.93895530717959,8.22214061435917
234.841084003448,1066.3518789144,770.339624948886,107.3,-54,2.11689530717959,8.40008061435917
235.287468194962,1067.02367063605,770.13386262694,107.3,-54,2.23961530717959,8.52280061435917
235.399998188019,1067.19396344674,770.081971515757,107.3,-54,2.27029530717959,8.55348061435917
235.842360019684,1067.81761167654,769.881771637883,107.3,-55,2.42982530717959,8.71301061435917
236.340842008591,1068.49821295092,769.657195321281,107.3,-54,2.60776530717959,8.89095061435917
236.544774055481,1068.80400372415,769.560215961768,107.3,-54,2.69366530717959,8.97685061435917
236.997662067413,1069.48109226305,769.345497836049,107.3,-54,2.79184530717959,9.07503061435917
237.379954099655,1069.9665676996,769.192218512823,107.3,-54,2.94524530717959,9.22843061435917
237.631263017654,1070.28570672522,769.091456640687,107.3,-54,3.00046530717959,9.28365061435917
238.31064915657,1071.23742095956,768.807432563525,107.3,-54,3.17840530717959,9.46159061435917
238.662232160568,1071.76962747219,768.611019687142,107.3,-54,3.31953530717959,9.60272061435917
239.154954195023,1072.52294299989,768.323750114161,107.3,-54,3.47906530717959,9.76225061435917
239.347328186035,1072.78490486337,768.248293707834,107.3,-54,3.52201530717959,9.80520061435917
239.792355060577,1073.39094657769,768.07374088631,107.3,-54,3.63860530717959,9.92179061435917
240.104773044586,1073.8323603433,767.95290944138,107.3,-54,3.77359530717959,10.0567806143592
240.685466051102,1074.666602002,767.727491395626,107.3,-54,3.89631530717959,10.1795006143592
240.991440057755,1075.12075247018,767.607840214587,107.3,-55,3.98834530717959,10.2715306143592
241.438796043396,1075.77254310327,767.439228714942,107.3,-54,4.14788530717959,10.4310706143592
241.763998031616,1076.23907534961,767.3204313285,107.3,-54,4.20924530717959,10.4924306143592
242.325496196747,1077.05227503852,767.075883789031,107.3,-54,4.44240530717959,10.7255906143592
242.676576137543,1077.53976169567,766.941538668015,107.3,-54,4.53444530717959,10.8176306143592
242.96642613411,1077.91203998085,766.863773870667,107.3,-54,4.65716530717959,10.9403506143592
243.473900079727,1078.58341885268,766.730233965122,107.3,-55,4.74920530717959,11.0323906143592
243.988401174545,1079.23377788277,766.62593750774,107.3,-54,4.90873530717959,11.1919206143592
244.155884027481,1079.24864955297,766.692612162477,107.3,-54,4.93328530717959,11.2164706143592
244.646220207214,1079.32131601111,766.872264595718,107.3,-54,5.09895530717959,11.3821406143592
245.170505046844,1079.98730784478,766.75029081045,107.3,-54,5.24007530717959,11.5232606143592
245.369546175003,1080.24621647755,766.721216240749,107.3,-54,5.24007530717959,11.5232606143592
245.994532108307,1081.12024083908,766.803267507342,107.3,-54,5.43029230717959,11.7134776143592
246.485022068024,1081.87807395363,766.694159807287,107.3,-55,5.54073830717959,11.8239236143592
246.89980006218,1082.51665336585,766.596746299409,107.3,-54,5.70027230717959,11.9834576143592
