1.90153908729553,803.12674044017,948.00562728653,107.3,-60,1.54011530717959,1.54011530717959
2.46496605873108,803.333910204458,947.308305869779,107.3,-60,1.44807530717959,1.44807530717959
3.09514904022217,803.507847332878,946.683607345754,107.3,-61,1.31922530717959,1.31922530717959
3.59864401817322,803.669174104545,946.096868871023,107.3,-61,1.23332530717959,1.23332530717959
4.20222806930542,803.872948837394,945.338624671676,107.3,-62,0.969475307179586,0.969475307179586
4.75671720504761,803.975785004871,944.787195718749,107.3,-62,0.766995307179586,0.766995307179586
5.29880714416504,803.583574889738,944.881573695172,107.3,-63,0.595185307179587,0.595185307179587
5.73399806022644,803.695963150366,944.397978496043,107.3,-63,0.429515307179586,0.429515307179586
6.22867703437805,803.964919551727,943.683617724445,107.3,-63,0.196345307179587,0.196345307179587
6.59680819511414,804.131786515735,943.240836996239,107.3,-64,0.104315307179586,0.104315307179586
6.9288341999054,804.28431004804,942.840667057478,107.3,-63,6.19114650717959,-0.0920388000000001
7.59886908531189,804.603181017348,942.022380926424,107.3,-61,5.80458330717959,-0.478602
8.09112906455994,804.851607156996,941.346583169227,107.3,-63,5.70640830717959,-0.576777
8.64415907859802,805.325625857004,940.457442524097,107.3,-62,5.45483530717959,-0.82835
8.97568511962891,805.68511144504,939.874224458244,107.3,-62,5.38734030717959,-0.895845
9.38550209999084,805.949744069822,939.198391011481,107.3,-62,5.14190530717959,-1.14128
9.64459419250488,806.107064692083,938.773625331377,107.3,-61,5.12349530717959,-1.15969
10.1622002124786,806.389340252367,937.964413847972,107.3,-61,5.03759530717959,-1.24559
10.6976931095123,806.672539356434,937.124121309338,107.3,-61,4.86578530717959,-1.4174
11.2695271968842,806.968738007617,936.228516046651,107.3,-61,4.79215530717959,-1.49103
11.7503130435944,807.213499736431,935.485692660366,107.3,-60,4.68784530717959,-1.59534
12.3176121711731,807.846637524627,934.654389092052,107.3,-60,4.55285530717959,-1.73033
13.0677180290222,808.362951184793,933.363096290922,107.3,-60,4.49149530717959,-1.79169
13.4924411773682,808.604232950901,932.645640042504,107.3,-59,4.55899530717959,-1.72419
13.9793081283569,808.854476617841,931.905920914917,107.3,-59,4.50990530717959,-1.77328
14.6731610298157,809.160242499752,931.009091851584,107.3,-59,4.44854530717959,-1.83464
15.4210500717163,809.017199870922,929.883222354831,107.3,-58,4.44240530717959,-1.84078
16.4637382030487,808.207460134532,928.375387048715,107.3,-58,4.39332530717959,-1.88986
17.1135561466217,808.427390322329,927.448380646224,107.3,-57,4.41786530717959,-1.86532
17.6797041893005,808.609518166009,926.688945152942,107.3,-57,4.45467530717959,-1.82851
18.2556190490723,808.814051806991,925.870989326129,107.3,-57,4.44854530717959,-1.83464
18.9163670539856,809.092970812087,924.858434863692,107.3,-56,4.43013530717959,-1.85305
19.7719399929047,809.442413109505,923.658844063475,107.3,-55,4.44854530717959,-1.83464
20.4353241920471,809.69410431315,922.672759510199,107.3,-55,4.43013530717959,-1.85305
20.8911321163177,809.866023681765,922.015853344898,107.3,-55,4.43627530717959,-1.84691
21.5285081863403,810.07376279804,921.230186200014,107.3,-55,4.46081530717959,-1.82237
22.3376421928406,810.370368363679,920.137680586989,107.3,-55,4.46081530717959,-1.82237
22.7328510284424,810.507977302698,919.516184477158,107.3,-54,4.47308530717959,-1.8101
23.8177320957184,810.951453653747,918.023858218756,107.3,-54,4.57126530717959,-1.71192
24.1376671791077,811.111058840699,917.520888757205,107.3,-54,4.56512530717959,-1.71806
24.7825090885162,811.367661419271,916.72311400001,107.3,-54,4.60807530717959,-1.67511
25.4393701553345,811.619811102139,915.965010985451,107.3,-54,4.62034530717959,-1.66284
26.1589710712433,812.210479628897,914.997292818309,107.3,-55,4.71238530717959,-1.5708
26.8616781234741,812.758625425114,914.053506177626,107.3,-55,4.76147530717959,-1.52171
27.2025949954987,812.910386960201,913.633949679456,107.3,-55,4.79215530717959,-1.49103
27.7023811340332,813.150022781578,912.983509592861,107.3,-55,4.79215530717959,-1.49103
28.22989320755,813.400714963147,912.319748754947,107.3,-55,4.81056530717959,-1.47262
28.6384570598602,813.593508937064,911.817686913933,107.3,-55,4.82897530717959,-1.45421
29.4969341754913,814.073152103498,910.81294724855,107.3,-55,4.86578530717959,-1.4174
30.0441851615906,814.7792216445,909.963481685977,107.3,-55,4.88419530717959,-1.39899
30.8521971702576,815.227809091788,909.000137317411,107.3,-55,4.87805530717959,-1.40513
31.7189290523529,815.767570754605,907.780378180968,107.3,-55,4.81669530717959,-1.46649
32.1641662120819,816.090757262495,907.056321802741,107.3,-55,4.82283530717959,-1.46035
32.845025062561,816.492756879327,906.181693428126,107.3,-55,4.84124530717959,-1.44194
33.4470100402832,816.967174318246,905.314888992631,107.3,-56,4.80442530717959,-1.47876
34.0657691955566,817.380965249955,904.461529492951,107.3,-56,4.77374530717959,-1.50944
35.0105772018433,817.944442552686,903.085292938448,107.3,-56,4.73079530717959,-1.55239
35.3182921409607,818.128401686083,902.641326533755,107.3,-56,4.71238530717959,-1.5708
36.0106220245361,818.460421725976,901.837876127096,107.3,-56,4.71238530717959,-1.5708
36.6596992015839,818.839059591445,900.968219294535,107.3,-56,4.69398530717959,-1.5892
37.2220070362091,819.52722839685,900.070499799268,107.3,-56,4.74306530717959,-1.54012
37.9020020961761,820.151588001416,899.086013620672,107.3,-56,4.64489530717959,-1.63829
38.7616441249847,820.685243600665,898.024151961381,107.3,-56,4.50990530717959,-1.77328
39.2291910648346,820.831604924689,897.637947279285,107.3,-55,4.46081530717959,-1.82237
40.0014410018921,820.90784865233,897.219328215391,107.3,-56,4.39332530717959,-1.88986
40.5850911140442,821.323133181229,896.50762683072,107.3,-56,4.27673530717959,-2.00645
41.0210721492767,821.898609448919,895.931055432971,107.3,-55,4.21537530717959,-2.06781
41.5091772079468,822.456418690519,895.30774985641,107.3,-55,4.11720530717959,-2.16598
42.3270599842072,822.999510244924,894.401534865373,107.3,-56,3.94539530717959,-2.33779
43.1803321838379,823.482373258509,893.605527222442,107.3,-55,3.81654530717959,-2.46664
43.8339331150055,823.888326955339,892.947415180957,107.3,-55,3.76132530717959,-2.52186
44.6169180870056,824.56345864133,891.958031855612,107.3,-55,3.62633530717959,-2.65685
45.1497030258179,825.451589098362,890.977669985831,107.3,-55,3.54042530717959,-2.74276
45.4884040355682,825.920209330974,890.426173996772,107.3,-55,3.50974530717959,-2.77344
46.3982870578766,826.6738630539,889.341542226816,107.3,-55,3.39316530717959,-2.89002
47.1937470436096,827.283960907612,888.486105143033,107.3,-55,3.30112530717959,-2.98206
47.5452129840851,827.578881447701,888.084791911715,107.3,-55,3.23363530717959,-3.04955
48.1487421989441,828.090427701921,887.401467496915,107.3,-55,3.19681530717959,-3.08637
48.8196170330048,828.503688821883,886.844371757849,107.3,-56,3.16000530717959,-3.12318
49.4249820709229,828.352874501464,886.97882414728,107.3,-55,3.18454530717959,-3.09864
50.0255169868469,828.692153709354,886.533374043561,107.3,-55,3.15386530717959,-3.12932
51.1558110713959,829.648329766551,885.330168953695,107.3,-56,3.12932530717959,-3.15386
51.8127591609955,830.152949421587,884.698161753272,107.3,-56,3.12932530717959,-3.15386
52.0915870666504,830.360615883514,884.437882327816,107.3,-56,3.08023530717959,-3.20295
53.0494041442871,831.135065541406,883.504534542117,107.3,-56,3.11704530717959,-3.16614
53.392637014389,831.42881024893,883.301846884007,107.3,-56,3.13545530717959,-3.14773
53.9055111408234,831.867736917641,882.998981789643,107.3,-56,3.09250530717959,-3.19068
54.2905790805817,832.24497924222,882.578284324033,107.3,-56,3.10477530717959,-3.17841
55.1213200092316,833.086443607182,881.633315561557,107.3,-57,3.09864530717959,-3.18454
55.7072150707245,833.707176329137,880.953736618254,107.3,-57,3.09864530717959,-3.18454
56.0917081832886,834.083419775226,880.552127673727,107.3,-57,3.07409530717959,-3.20909
56.4896440505981,834.468124011425,880.143170344376,107.3,-57,3.03728530717959,-3.2459
57.4223999977112,835.38807534627,879.178343355169,107.3,-58,3.04955530717959,-3.23363
57.9051611423492,835.756394165866,878.644963959663,107.3,-59,3.06182530717959,-3.22136
58.9516870975494,836.483987340925,877.462384627328,107.3,-59,3.06796530717959,-3.21522
59.4976441860199,837.052960350432,876.895770055165,107.3,-59,3.08023530717959,-3.20295
60.2022850513458,837.801930387855,876.165086015473,107.3,-60,3.07409530717959,-3.20909
60.5242540836334,838.143995622766,875.83308082147,107.3,-61,3.10477530717959,-3.17841
61.4319779872894,839.092632502442,874.936069972024,107.3,-62,3.09864530717959,-3.18454
62.0375711917877,839.746036285319,874.332410921588,107.3,-62,3.08636530717959,-3.19682
62.9061930179596,840.878938046791,873.499267919181,107.3,-63,3.09250530717959,-3.19068
63.5896761417389,841.776308326881,872.781306489816,107.3,-64,3.01273530717959,-3.27045
64.0910890102386,842.396340590062,872.224123519056,107.3,-64,2.97592530717959,-3.30726
73.3945569992065,853.638050116812,863.945271059799,107.3,-64,1.24559530717959,-5.03759
73.8257241249084,854.164406448936,863.624653214636,107.3,-63,1.22718530717959,-5.056
74.6357581615448,855.011825583737,863.110049709734,107.3,-63,1.20264530717959,-5.08054
75.2308070659637,855.967076935002,862.397507986584,107.3,-63,1.08605530717959,-5.19713
76.0669519901276,857.18358191959,861.542682227044,107.3,-63,1.01242530717959,-5.27076
76.5633080005646,857.713941495438,861.252137546123,107.3,-62,1.04310530717959,-5.24008
77.325275182724,858.648293678355,860.763049261858,107.3,-62,0.944935307179586,-5.33825
77.9173901081085,859.317128317748,860.429420662256,107.3,-61,1.00015530717959,-5.28303
79.2652311325073,860.988657246862,859.72623730578,107.3,-62,0.901985307179586,-5.3812
79.5418331623077,861.381536549138,859.575069949279,107.3,-62,0.932665307179586,-5.35052
80.4567830562592,862.422885964556,859.112470167014,107.3,-62,0.914255307179586,-5.36893
81.0161101818085,863.011414230696,858.856536751423,107.3,-61,1.04924530717959,-5.23394
81.4822580814362,863.439775583999,858.680225701658,107.3,-61,0.987885307179586,-5.2953
82.4282631874084,864.552636797143,858.211656528465,107.3,-60,1.04924530717959,-5.23394
82.8898940086365,865.304949888542,857.996776693383,107.3,-61,1.16582530717959,-5.11736
83.3239300251007,866.018988559946,857.798382220635,107.3,-60,1.17809530717959,-5.10509
83.9637720584869,866.852264319536,857.474771422995,107.3,-59,1.17809530717959,-5.10509
84.5444600582123,867.45699423513,857.242908751025,107.3,-59,1.22718530717959,-5.056
85.1080582141876,868.082688545339,857.018896416018,107.3,-59,1.25172530717959,-5.03146
85.5581381320953,868.612326419715,856.834541103662,107.3,-59,1.26399530717959,-5.01919
86.8295390605927,870.067168930721,856.40675203374,107.3,-58,1.34990530717959,-4.93328
87.2964210510254,870.612187290286,856.225838287865,107.3,-59,1.35603530717959,-4.92715
87.9386551380157,871.425496536348,855.941938702657,107.3,-59,1.40512530717959,-4.87806
88.3603191375732,871.989026917702,855.746686351479,107.3,-58,1.40512530717959,-4.87806
88.9541320800781,872.789172929747,855.480789159338,107.3,-58,1.44194530717959,-4.84124
89.5031471252441,873.476005932029,855.259640803712,107.3,-58,1.45421530717959,-4.82897
89.9954741001129,873.79222603185,854.978890431316,107.3,-58,1.46034530717959,-4.82284
90.7393481731415,874.108931863479,854.443505154792,107.3,-58,1.42966530717959,-4.85352
91.2183320522308,874.872665207567,854.203703404435,107.3,-58,1.41126530717959,-4.87192
91.7687981128693,875.541873141126,853.994291398015,107.3,-57,1.41126530717959,-4.87192
92.1421151161194,876.011717960015,853.853907351701,107.3,-57,1.41126530717959,-4.87192
92.6220481395721,876.634812891806,853.673088766676,107.3,-57,1.41126530717959,-4.87192
93.1174221038818,877.423773211899,853.463383700183,107.3,-58,1.39899530717959,-4.88419
94.1134841442108,878.868624626089,853.007667682992,107.3,-57,1.28240530717959,-5.00078
94.6502730846405,879.55241412492,852.851809517895,107.3,-57,1.26399530717959,-5.01919
95.1093020439148,880.149742971022,852.723201730885,107.3,-57,1.20264530717959,-5.08054
95.6903381347656,880.899493572475,852.569956619692,107.3,-57,1.16582530717959,-5.11736
96.292160987854,881.676578633642,852.420048342406,107.3,-57,1.09219530717959,-5.19099
96.5807201862335,882.055416616766,852.349222110779,107.3,-57,1.11060530717959,-5.17258
97.1412651538849,882.534134474673,852.102020838061,107.3,-57,1.01242530717959,-5.27076
97.7658751010895,883.104517873596,851.862588541192,107.3,-57,0.944935307179586,-5.33825
98.2014310359955,883.632935941857,851.763362189511,107.3,-58,0.963335307179586,-5.31985
99.1285560131073,885.5493201238,851.698141265152,107.3,-58,0.901985307179586,-5.3812
99.4126331806183,886.652551039297,851.779982118964,107.3,-58,0.981745307179586,-5.30144
99.8902721405029,887.670199404394,851.737707552654,107.3,-58,0.932665307179586,-5.35052
100.707937002182,887.89289362046,851.183386405658,107.3,-59,0.944935307179586,-5.33825
101.052674055099,887.96500838367,850.947035766513,107.3,-59,0.914255307179586,-5.36893
101.954330205917,889.349011951396,850.797815037254,107.3,-59,1.00015530717959,-5.28303
102.34116101265,889.967960030141,850.73653807123,107.3,-59,1.01856530717959,-5.26462
102.960584163666,890.949910109577,850.652572942925,107.3,-59,1.01242530717959,-5.27076
103.243376016617,891.393586560155,850.620709167128,107.3,-59,1.03083530717959,-5.25235
103.816392183304,892.434216171301,850.643255932966,107.3,-60,1.06765530717959,-5.21553
104.315473079681,893.656819083681,850.854405952858,107.3,-60,1.08605530717959,-5.19713
104.777311086655,894.393303442088,850.802383287708,107.3,-60,1.16582530717959,-5.11736
105.095627069473,894.883961490954,850.761783377618,107.3,-60,1.15968530717959,-5.1235
105.833160161972,895.972036154858,850.680885285917,107.3,-61,1.20877530717959,-5.07441
106.201587200165,896.563079151292,850.645444515836,107.3,-61,1.26399530717959,-5.01919
106.66294002533,897.307828257199,850.60727724853,107.3,-61,1.29467530717959,-4.98851
107.092754125595,897.99857311367,850.540731550908,107.3,-61,1.32535530717959,-4.95783
107.346728086472,898.366515518604,850.264117036065,107.3,-61,1.31922530717959,-4.96396
107.944370031357,899.257849558389,849.839825850368,107.3,-61,1.35603530717959,-4.92715
108.102641105652,899.506359508024,849.838187837518,107.3,-61,1.36217530717959,-4.92101
108.710157155991,900.434833789929,849.835885241373,107.3,-62,1.41126530717959,-4.87192
109.20228600502,901.171009652952,849.839046623872,107.3,-62,1.46648530717959,-4.8167
110.082339048386,902.479642390912,849.859449247219,107.3,-62,1.44807530717959,-4.83511
110.595765113831,903.183703806647,849.809207495792,107.3,-62,1.41739530717959,-4.86579
110.984722137451,903.682797758284,849.657809907233,107.3,-62,1.49102530717959,-4.79216
111.398696184158,904.181678618405,849.621468773667,107.3,-61,1.47262530717959,-4.81056
111.539637088776,904.346604369148,849.62810602949,107.3,-62,1.50330530717959,-4.77988
111.994178056717,904.955637737879,849.656734496882,107.3,-62,1.46034530717959,-4.82284
112.438434123993,905.665105214429,849.695409667632,107.3,-62,1.50330530717959,-4.77988
113.000660181046,906.445427241461,849.747606645951,107.3,-62,1.51557530717959,-4.76761
113.551880121231,907.193293429238,849.801953056912,107.3,-62,1.55238530717959,-4.7308
113.838271141052,907.582019213776,849.830778960236,107.3,-61,1.54011530717959,-4.74307
114.315769195557,908.699503397863,849.96734521179,107.3,-61,1.55238530717959,-4.7308
114.849076032639,909.707856141613,850.073745726606,107.3,-61,1.42353530717959,-4.85965
115.231297016144,910.303503280134,850.125564845799,107.3,-61,1.55852530717959,-4.72466
115.541967153549,910.784390875489,850.168043483534,107.3,-61,1.59533530717959,-4.68785
116.080769062042,911.613039540329,850.242608329333,107.3,-61,1.52170530717959,-4.76148
116.295214176178,911.939013673591,850.27293150452,107.3,-60,1.49102530717959,-4.79216
116.897375106812,912.83906971729,850.357791205554,107.3,-60,1.47262530717959,-4.81056
117.533051013947,913.753801568235,850.411518073187,107.3,-61,1.58306530717959,-4.70012
117.773953199387,914.091097993751,850.418050827606,107.3,-60,1.55852530717959,-4.72466
118.19836306572,914.714680802783,850.464166981133,107.3,-60,1.51557530717959,-4.76761
118.605967998505,915.328297186748,850.525819432981,107.3,-60,1.47262530717959,-4.81056
119.085829019547,915.959065398125,850.589105797849,107.3,-60,1.50330530717959,-4.77988
119.363651037216,916.341917851072,850.627485494775,107.3,-60,1.39899530717959,-4.88419
119.788667201996,917.091124520395,850.702343256026,107.3,-59,1.46648530717959,-4.8167
120.353720188141,917.951736757514,850.787276482957,107.3,-59,1.38058530717959,-4.9026
121.364533185959,916.87146074276,851.507054054928,107.3,-58,1.34376530717959,-4.93942
121.946226119995,917.795484759951,851.577621926861,107.3,-59,1.29467530717959,-4.98851
122.337105035782,918.439439026224,851.619721350509,107.3,-58,1.25786530717959,-5.02532
122.821338176727,919.274198181208,851.670070213954,107.3,-59,1.23332530717959,-5.04986
123.201395988464,920.005519778631,851.707761403976,107.3,-58,1.14741530717959,-5.13577
123.672787189484,920.771147675162,851.741294651666,107.3,-59,1.01856530717959,-5.26462
124.226214170456,921.531654287804,851.780013069085,107.3,-58,1.06151530717959,-5.22167
124.632352113724,922.024295391525,851.821742668459,107.3,-58,1.03083530717959,-5.25235
125.961526155472,924.447484007375,851.886021774332,107.3,-60,0.994015307179586,-5.28917
126.403608083725,925.170762601411,851.893114005983,107.3,-60,0.987885307179586,-5.2953
126.933020114899,925.99706045936,851.896543268567,107.3,-60,1.07378530717959,-5.2094
127.387403011322,926.733524384369,851.895198128978,107.3,-61,1.06765530717959,-5.21553
128.116533994675,927.987269055681,851.802986930569,107.3,-62,1.19650530717959,-5.08668
128.5869140625,928.785554439067,851.7814077915,107.3,-62,1.23332530717959,-5.04986
129.194791078568,929.783124337238,851.750352084085,107.3,-62,1.41739530717959,-4.86579
129.862346172333,930.905478429773,851.704557015953,107.3,-63,1.54625530717959,-4.73693
130.256197214127,931.594673755759,851.671596656303,107.3,-63,1.70578530717959,-4.5774
130.905431985855,932.75381608531,851.604705750989,107.3,-63,1.92667530717959,-4.35651
131.473870038986,933.904831355937,851.496823417661,107.3,-63,2.09234530717959,-4.19084
132.007766008377,934.853674313077,851.420777772409,107.3,-62,2.30097530717959,-3.98221
132.535241127014,935.729875881143,851.350450843059,107.3,-63,2.47277530717959,-3.81041
133.249655008316,936.902605186014,851.245241866482,107.3,-63,2.72434530717959,-3.55884
133.377520084381,937.117033541574,851.224612836689,107.3,-63,2.79798530717959,-3.4852
134.132125139236,938.453857246875,851.086535225548,107.3,-63,2.93297530717959,-3.35021
134.812879085541,939.393625329786,851.036411676419,107.3,-63,3.09864530717959,-3.18454
135.433022022247,940.438650321229,850.930673929503,107.3,-62,3.19681530717959,-3.08637
136.050336122513,941.50415597557,850.79382463521,107.3,-62,3.37475530717959,-2.90843
136.495158195496,942.215237071142,850.697522912581,107.3,-62,3.36862530717959,-2.91456
137.224173069,943.331843096153,850.539100754451,107.3,-61,3.39930530717959,-2.88388
137.782549142838,944.229212076703,850.398365917402,107.3,-61,3.51588530717959,-2.7673
138.129087209702,944.596807984954,850.271253313614,107.3,-61,3.56497530717959,-2.71821
138.924840211868,945.768681452644,850.017325955083,107.3,-62,3.70609530717959,-2.57709
139.286320209503,946.407967500866,849.909749103175,107.3,-62,3.72450530717959,-2.55868
139.815322160721,947.361927005371,849.744335697406,107.3,-62,3.76745530717959,-2.51573
140.586651086807,948.753289537769,849.488444947044,107.3,-63,3.81040530717959,-2.47278
141.654699087143,952.372856580909,848.93963846904,107.3,-64,3.88403530717959,-2.39915
142.195607185364,954.565962236735,848.615228011546,107.3,-64,4.03130530717959,-2.25188
142.487269163132,955.025018274863,848.521585574031,107.3,-64,4.04970530717959,-2.23348
